3.000000000000000000e+01 -1.200000000000000000e+02 6.720000000000000000e+02 -7.120000000000000000e+02
7.000000000000000000e+01 -6.000000000000000000e+02 5.600000000000000000e+02 -2.800000000000000000e+02
1.100000000000000000e+02 -6.800000000000000000e+02 5.360000000000000000e+02 -3.600000000000000000e+02
1.500000000000000000e+02 -7.280000000000000000e+02 4.720000000000000000e+02 -3.920000000000000000e+02
1.900000000000000000e+02 -7.280000000000000000e+02 4.080000000000000000e+02 -5.120000000000000000e+02
2.300000000000000000e+02 -7.280000000000000000e+02 3.680000000000000000e+02 -5.120000000000000000e+02
2.700000000000000000e+02 -7.280000000000000000e+02 4.240000000000000000e+02 -4.960000000000000000e+02
3.100000000000000000e+02 -7.120000000000000000e+02 4.880000000000000000e+02 -4.480000000000000000e+02
3.500000000000000000e+02 -7.600000000000000000e+02 5.280000000000000000e+02 -4.320000000000000000e+02
3.900000000000000000e+02 -7.920000000000000000e+02 4.880000000000000000e+02 -4.320000000000000000e+02
4.300000000000000000e+02 -8.080000000000000000e+02 4.800000000000000000e+02 -3.360000000000000000e+02
4.700000000000000000e+02 -8.160000000000000000e+02 4.320000000000000000e+02 -3.760000000000000000e+02
5.100000000000000000e+02 -8.320000000000000000e+02 4.400000000000000000e+02 -3.760000000000000000e+02
5.500000000000000000e+02 -8.560000000000000000e+02 4.480000000000000000e+02 -4.160000000000000000e+02
5.900000000000000000e+02 -8.400000000000000000e+02 4.400000000000000000e+02 -4.160000000000000000e+02
6.300000000000000000e+02 -8.320000000000000000e+02 4.320000000000000000e+02 -4.080000000000000000e+02
6.700000000000000000e+02 -8.160000000000000000e+02 4.000000000000000000e+02 -4.160000000000000000e+02
7.100000000000000000e+02 -8.000000000000000000e+02 3.840000000000000000e+02 -3.760000000000000000e+02
7.500000000000000000e+02 -8.080000000000000000e+02 4.400000000000000000e+02 -3.840000000000000000e+02
7.900000000000000000e+02 -8.160000000000000000e+02 4.560000000000000000e+02 -3.600000000000000000e+02
8.300000000000000000e+02 -8.640000000000000000e+02 4.480000000000000000e+02 -3.520000000000000000e+02
8.700000000000000000e+02 -8.720000000000000000e+02 4.400000000000000000e+02 -3.760000000000000000e+02
9.100000000000000000e+02 -8.800000000000000000e+02 4.320000000000000000e+02 -3.120000000000000000e+02
9.500000000000000000e+02 -8.960000000000000000e+02 3.920000000000000000e+02 -2.720000000000000000e+02
9.900000000000000000e+02 -8.720000000000000000e+02 3.920000000000000000e+02 -2.960000000000000000e+02
1.023000000000000000e+03 -8.880000000000000000e+02 3.760000000000000000e+02 -2.480000000000000000e+02
1.063000000000000000e+03 -9.040000000000000000e+02 3.920000000000000000e+02 -2.320000000000000000e+02
1.103000000000000000e+03 -8.960000000000000000e+02 4.240000000000000000e+02 -1.520000000000000000e+02
1.143000000000000000e+03 -9.040000000000000000e+02 4.240000000000000000e+02 -1.600000000000000000e+02
1.183000000000000000e+03 -9.120000000000000000e+02 4.240000000000000000e+02 -2.880000000000000000e+02
1.223000000000000000e+03 -9.200000000000000000e+02 3.920000000000000000e+02 -2.960000000000000000e+02
1.263000000000000000e+03 -9.360000000000000000e+02 3.760000000000000000e+02 -2.000000000000000000e+02
1.303000000000000000e+03 -9.280000000000000000e+02 3.680000000000000000e+02 -1.680000000000000000e+02
1.343000000000000000e+03 -9.200000000000000000e+02 3.840000000000000000e+02 -1.840000000000000000e+02
1.383000000000000000e+03 -9.200000000000000000e+02 3.920000000000000000e+02 -1.680000000000000000e+02
1.423000000000000000e+03 -9.280000000000000000e+02 4.000000000000000000e+02 -1.760000000000000000e+02
1.463000000000000000e+03 -9.120000000000000000e+02 4.000000000000000000e+02 -1.840000000000000000e+02
1.503000000000000000e+03 -9.200000000000000000e+02 4.000000000000000000e+02 -1.680000000000000000e+02
1.543000000000000000e+03 -9.520000000000000000e+02 4.080000000000000000e+02 -1.520000000000000000e+02
1.583000000000000000e+03 -9.360000000000000000e+02 4.080000000000000000e+02 -1.280000000000000000e+02
1.623000000000000000e+03 -9.520000000000000000e+02 4.080000000000000000e+02 -9.600000000000000000e+01
1.663000000000000000e+03 -9.520000000000000000e+02 4.240000000000000000e+02 -9.600000000000000000e+01
1.703000000000000000e+03 -9.440000000000000000e+02 4.240000000000000000e+02 -1.360000000000000000e+02
1.743000000000000000e+03 -9.520000000000000000e+02 4.240000000000000000e+02 -1.200000000000000000e+02
1.783000000000000000e+03 -9.440000000000000000e+02 4.240000000000000000e+02 -1.760000000000000000e+02
1.823000000000000000e+03 -9.200000000000000000e+02 4.240000000000000000e+02 -8.800000000000000000e+01
1.863000000000000000e+03 -9.200000000000000000e+02 4.240000000000000000e+02 -1.200000000000000000e+02
1.903000000000000000e+03 -9.360000000000000000e+02 3.920000000000000000e+02 -1.120000000000000000e+02
1.943000000000000000e+03 -9.360000000000000000e+02 4.000000000000000000e+02 -1.440000000000000000e+02
1.983000000000000000e+03 -9.280000000000000000e+02 4.080000000000000000e+02 -1.280000000000000000e+02
2.015000000000000000e+03 -9.440000000000000000e+02 4.240000000000000000e+02 -1.120000000000000000e+02
2.055000000000000000e+03 -9.360000000000000000e+02 4.560000000000000000e+02 -1.440000000000000000e+02
2.095000000000000000e+03 -9.360000000000000000e+02 4.640000000000000000e+02 -1.120000000000000000e+02
2.135000000000000000e+03 -9.200000000000000000e+02 4.320000000000000000e+02 -1.360000000000000000e+02
2.175000000000000000e+03 -9.040000000000000000e+02 4.400000000000000000e+02 -1.920000000000000000e+02
2.215000000000000000e+03 -8.880000000000000000e+02 4.320000000000000000e+02 -1.200000000000000000e+02
2.255000000000000000e+03 -9.120000000000000000e+02 4.560000000000000000e+02 -1.200000000000000000e+02
2.295000000000000000e+03 -9.120000000000000000e+02 4.640000000000000000e+02 -1.440000000000000000e+02
2.335000000000000000e+03 -9.280000000000000000e+02 4.160000000000000000e+02 -8.800000000000000000e+01
2.375000000000000000e+03 -9.360000000000000000e+02 3.680000000000000000e+02 -4.800000000000000000e+01
2.415000000000000000e+03 -9.440000000000000000e+02 3.600000000000000000e+02 -4.800000000000000000e+01
2.455000000000000000e+03 -9.440000000000000000e+02 3.360000000000000000e+02 -1.200000000000000000e+02
2.495000000000000000e+03 -9.440000000000000000e+02 3.520000000000000000e+02 -1.760000000000000000e+02
2.535000000000000000e+03 -9.280000000000000000e+02 3.600000000000000000e+02 -2.640000000000000000e+02
2.575000000000000000e+03 -9.360000000000000000e+02 3.600000000000000000e+02 -2.240000000000000000e+02
2.615000000000000000e+03 -9.600000000000000000e+02 3.680000000000000000e+02 -1.360000000000000000e+02
2.655000000000000000e+03 -9.600000000000000000e+02 3.840000000000000000e+02 -1.440000000000000000e+02
2.695000000000000000e+03 -9.440000000000000000e+02 3.760000000000000000e+02 -1.520000000000000000e+02
2.735000000000000000e+03 -9.360000000000000000e+02 3.680000000000000000e+02 -1.520000000000000000e+02
2.775000000000000000e+03 -9.440000000000000000e+02 3.680000000000000000e+02 -1.360000000000000000e+02
2.815000000000000000e+03 -9.520000000000000000e+02 3.680000000000000000e+02 -1.200000000000000000e+02
2.855000000000000000e+03 -9.440000000000000000e+02 3.600000000000000000e+02 -5.600000000000000000e+01
2.895000000000000000e+03 -9.360000000000000000e+02 3.680000000000000000e+02 -1.200000000000000000e+02
2.935000000000000000e+03 -9.440000000000000000e+02 3.520000000000000000e+02 -1.600000000000000000e+02
2.975000000000000000e+03 -9.440000000000000000e+02 3.520000000000000000e+02 -1.120000000000000000e+02
3.006000000000000000e+03 -9.680000000000000000e+02 3.600000000000000000e+02 -1.040000000000000000e+02
3.046000000000000000e+03 -9.680000000000000000e+02 3.520000000000000000e+02 -8.000000000000000000e+01
3.086000000000000000e+03 -9.520000000000000000e+02 3.600000000000000000e+02 -8.000000000000000000e+01
3.126000000000000000e+03 -9.600000000000000000e+02 3.520000000000000000e+02 -9.600000000000000000e+01
3.166000000000000000e+03 -9.600000000000000000e+02 3.360000000000000000e+02 -4.800000000000000000e+01
3.206000000000000000e+03 -9.520000000000000000e+02 3.440000000000000000e+02 -8.800000000000000000e+01
3.246000000000000000e+03 -9.520000000000000000e+02 3.360000000000000000e+02 -1.040000000000000000e+02
3.286000000000000000e+03 -9.680000000000000000e+02 3.280000000000000000e+02 -8.000000000000000000e+01
3.326000000000000000e+03 -9.520000000000000000e+02 3.360000000000000000e+02 -9.600000000000000000e+01
3.366000000000000000e+03 -9.520000000000000000e+02 3.200000000000000000e+02 -1.120000000000000000e+02
3.406000000000000000e+03 -9.600000000000000000e+02 3.200000000000000000e+02 -7.200000000000000000e+01
3.446000000000000000e+03 -9.680000000000000000e+02 3.280000000000000000e+02 -6.400000000000000000e+01
3.486000000000000000e+03 -9.680000000000000000e+02 3.280000000000000000e+02 -5.600000000000000000e+01
3.526000000000000000e+03 -9.600000000000000000e+02 3.360000000000000000e+02 -5.600000000000000000e+01
3.566000000000000000e+03 -9.680000000000000000e+02 3.200000000000000000e+02 -5.600000000000000000e+01
3.606000000000000000e+03 -9.600000000000000000e+02 3.200000000000000000e+02 -8.800000000000000000e+01
3.646000000000000000e+03 -9.680000000000000000e+02 3.200000000000000000e+02 -4.000000000000000000e+01
3.686000000000000000e+03 -9.760000000000000000e+02 3.200000000000000000e+02 -7.200000000000000000e+01
3.726000000000000000e+03 -9.760000000000000000e+02 3.120000000000000000e+02 -8.000000000000000000e+01
3.766000000000000000e+03 -9.680000000000000000e+02 3.120000000000000000e+02 -2.400000000000000000e+01
3.806000000000000000e+03 -9.760000000000000000e+02 3.120000000000000000e+02 -8.000000000000000000e+01
3.846000000000000000e+03 -9.680000000000000000e+02 3.120000000000000000e+02 -6.400000000000000000e+01
3.886000000000000000e+03 -9.760000000000000000e+02 3.120000000000000000e+02 -5.600000000000000000e+01
3.926000000000000000e+03 -1.000000000000000000e+03 3.120000000000000000e+02 -4.000000000000000000e+01
3.966000000000000000e+03 -9.840000000000000000e+02 3.200000000000000000e+02 -9.600000000000000000e+01
3.998000000000000000e+03 -9.840000000000000000e+02 3.120000000000000000e+02 -6.400000000000000000e+01
4.038000000000000000e+03 -9.760000000000000000e+02 3.120000000000000000e+02 -7.200000000000000000e+01
4.078000000000000000e+03 -9.600000000000000000e+02 3.040000000000000000e+02 -4.800000000000000000e+01
4.118000000000000000e+03 -9.680000000000000000e+02 3.440000000000000000e+02 -1.200000000000000000e+02
4.158000000000000000e+03 -9.680000000000000000e+02 3.280000000000000000e+02 -1.040000000000000000e+02
4.198000000000000000e+03 -9.760000000000000000e+02 3.040000000000000000e+02 -8.800000000000000000e+01
4.238000000000000000e+03 -1.000000000000000000e+03 3.040000000000000000e+02 -1.040000000000000000e+02
4.278000000000000000e+03 -9.920000000000000000e+02 2.800000000000000000e+02 -1.120000000000000000e+02
4.318000000000000000e+03 -9.840000000000000000e+02 2.800000000000000000e+02 -1.040000000000000000e+02
4.358000000000000000e+03 -9.840000000000000000e+02 2.880000000000000000e+02 -5.600000000000000000e+01
4.398000000000000000e+03 -9.840000000000000000e+02 2.960000000000000000e+02 -1.040000000000000000e+02
4.438000000000000000e+03 -9.600000000000000000e+02 2.960000000000000000e+02 -1.040000000000000000e+02
4.478000000000000000e+03 -9.760000000000000000e+02 3.040000000000000000e+02 -7.200000000000000000e+01
4.518000000000000000e+03 -9.600000000000000000e+02 2.960000000000000000e+02 -5.600000000000000000e+01
4.558000000000000000e+03 -9.600000000000000000e+02 3.120000000000000000e+02 -8.800000000000000000e+01
4.598000000000000000e+03 -9.680000000000000000e+02 3.040000000000000000e+02 -5.600000000000000000e+01
4.638000000000000000e+03 -9.840000000000000000e+02 3.120000000000000000e+02 -6.400000000000000000e+01
4.678000000000000000e+03 -9.760000000000000000e+02 3.200000000000000000e+02 -7.200000000000000000e+01
4.718000000000000000e+03 -9.680000000000000000e+02 3.040000000000000000e+02 -8.800000000000000000e+01
4.758000000000000000e+03 -9.760000000000000000e+02 2.960000000000000000e+02 -8.000000000000000000e+01
4.798000000000000000e+03 -9.760000000000000000e+02 3.120000000000000000e+02 -8.800000000000000000e+01
4.838000000000000000e+03 -9.680000000000000000e+02 2.960000000000000000e+02 -7.200000000000000000e+01
4.878000000000000000e+03 -9.760000000000000000e+02 3.200000000000000000e+02 -8.800000000000000000e+01
4.918000000000000000e+03 -9.760000000000000000e+02 3.120000000000000000e+02 -1.200000000000000000e+02
4.958000000000000000e+03 -9.840000000000000000e+02 3.200000000000000000e+02 -7.200000000000000000e+01
4.990000000000000000e+03 -9.600000000000000000e+02 3.200000000000000000e+02 -6.400000000000000000e+01
5.030000000000000000e+03 -9.520000000000000000e+02 3.280000000000000000e+02 -6.400000000000000000e+01
5.070000000000000000e+03 -9.920000000000000000e+02 3.120000000000000000e+02 -6.400000000000000000e+01
5.110000000000000000e+03 -1.000000000000000000e+03 2.960000000000000000e+02 -4.000000000000000000e+01
5.150000000000000000e+03 -9.680000000000000000e+02 3.360000000000000000e+02 -4.000000000000000000e+01
5.190000000000000000e+03 -9.680000000000000000e+02 3.200000000000000000e+02 -4.000000000000000000e+01
5.230000000000000000e+03 -9.760000000000000000e+02 3.120000000000000000e+02 -8.800000000000000000e+01
5.270000000000000000e+03 -9.840000000000000000e+02 2.800000000000000000e+02 -6.400000000000000000e+01
5.310000000000000000e+03 -9.760000000000000000e+02 3.040000000000000000e+02 -8.800000000000000000e+01
5.350000000000000000e+03 -9.760000000000000000e+02 3.040000000000000000e+02 -5.600000000000000000e+01
5.390000000000000000e+03 -9.680000000000000000e+02 3.040000000000000000e+02 -8.000000000000000000e+01
5.430000000000000000e+03 -9.680000000000000000e+02 3.200000000000000000e+02 -8.000000000000000000e+01
5.470000000000000000e+03 -9.680000000000000000e+02 3.040000000000000000e+02 -8.800000000000000000e+01
5.510000000000000000e+03 -9.760000000000000000e+02 2.800000000000000000e+02 -7.200000000000000000e+01
5.550000000000000000e+03 -9.840000000000000000e+02 2.800000000000000000e+02 -6.400000000000000000e+01
5.590000000000000000e+03 -9.760000000000000000e+02 2.880000000000000000e+02 -5.600000000000000000e+01
5.630000000000000000e+03 -9.760000000000000000e+02 2.800000000000000000e+02 -8.000000000000000000e+01
5.670000000000000000e+03 -9.680000000000000000e+02 2.880000000000000000e+02 -7.200000000000000000e+01
5.710000000000000000e+03 -9.760000000000000000e+02 2.880000000000000000e+02 -5.600000000000000000e+01
5.750000000000000000e+03 -9.760000000000000000e+02 2.880000000000000000e+02 -8.000000000000000000e+01
5.790000000000000000e+03 -9.760000000000000000e+02 2.960000000000000000e+02 -4.800000000000000000e+01
5.830000000000000000e+03 -9.840000000000000000e+02 2.880000000000000000e+02 -6.400000000000000000e+01
5.870000000000000000e+03 -9.840000000000000000e+02 2.960000000000000000e+02 -7.200000000000000000e+01
5.910000000000000000e+03 -9.840000000000000000e+02 2.880000000000000000e+02 -6.400000000000000000e+01
5.950000000000000000e+03 -9.840000000000000000e+02 2.880000000000000000e+02 -6.400000000000000000e+01
5.981000000000000000e+03 -9.760000000000000000e+02 2.880000000000000000e+02 -6.400000000000000000e+01
6.021000000000000000e+03 -9.760000000000000000e+02 2.880000000000000000e+02 -6.400000000000000000e+01
6.061000000000000000e+03 -9.680000000000000000e+02 2.880000000000000000e+02 -8.000000000000000000e+01
6.101000000000000000e+03 -9.760000000000000000e+02 2.960000000000000000e+02 -6.400000000000000000e+01
6.141000000000000000e+03 -9.760000000000000000e+02 2.960000000000000000e+02 -5.600000000000000000e+01
6.181000000000000000e+03 -9.680000000000000000e+02 2.880000000000000000e+02 -5.600000000000000000e+01
6.221000000000000000e+03 -9.760000000000000000e+02 2.960000000000000000e+02 -6.400000000000000000e+01
6.261000000000000000e+03 -9.920000000000000000e+02 2.880000000000000000e+02 -6.400000000000000000e+01
6.301000000000000000e+03 -9.920000000000000000e+02 2.880000000000000000e+02 -5.600000000000000000e+01
6.341000000000000000e+03 -9.840000000000000000e+02 2.880000000000000000e+02 -7.200000000000000000e+01
6.381000000000000000e+03 -9.840000000000000000e+02 2.880000000000000000e+02 -5.600000000000000000e+01
6.421000000000000000e+03 -9.840000000000000000e+02 2.880000000000000000e+02 -6.400000000000000000e+01
6.461000000000000000e+03 -1.000000000000000000e+03 2.800000000000000000e+02 -6.400000000000000000e+01
6.501000000000000000e+03 -9.840000000000000000e+02 2.800000000000000000e+02 -4.800000000000000000e+01
6.541000000000000000e+03 -9.840000000000000000e+02 2.720000000000000000e+02 -8.000000000000000000e+01
6.581000000000000000e+03 -9.600000000000000000e+02 2.880000000000000000e+02 -8.800000000000000000e+01
6.621000000000000000e+03 -9.760000000000000000e+02 2.880000000000000000e+02 -4.800000000000000000e+01
6.661000000000000000e+03 -9.760000000000000000e+02 2.880000000000000000e+02 -7.200000000000000000e+01
6.701000000000000000e+03 -9.840000000000000000e+02 2.880000000000000000e+02 -7.200000000000000000e+01
6.741000000000000000e+03 -9.600000000000000000e+02 3.040000000000000000e+02 -7.200000000000000000e+01
6.781000000000000000e+03 -9.760000000000000000e+02 2.960000000000000000e+02 -6.400000000000000000e+01
6.821000000000000000e+03 -9.840000000000000000e+02 2.960000000000000000e+02 -6.400000000000000000e+01
6.861000000000000000e+03 -9.840000000000000000e+02 2.880000000000000000e+02 -7.200000000000000000e+01
6.901000000000000000e+03 -9.680000000000000000e+02 2.880000000000000000e+02 -7.200000000000000000e+01
6.941000000000000000e+03 -9.680000000000000000e+02 2.960000000000000000e+02 -8.800000000000000000e+01
6.973000000000000000e+03 -9.760000000000000000e+02 2.960000000000000000e+02 -7.200000000000000000e+01
7.013000000000000000e+03 -9.760000000000000000e+02 2.960000000000000000e+02 -7.200000000000000000e+01
7.053000000000000000e+03 -9.920000000000000000e+02 2.960000000000000000e+02 -6.400000000000000000e+01
7.093000000000000000e+03 -9.840000000000000000e+02 2.880000000000000000e+02 -5.600000000000000000e+01
7.133000000000000000e+03 -9.760000000000000000e+02 2.800000000000000000e+02 -4.800000000000000000e+01
7.173000000000000000e+03 -9.760000000000000000e+02 2.880000000000000000e+02 -4.000000000000000000e+01
7.213000000000000000e+03 -9.840000000000000000e+02 2.880000000000000000e+02 -8.000000000000000000e+01
7.253000000000000000e+03 -9.760000000000000000e+02 2.880000000000000000e+02 -1.040000000000000000e+02
7.293000000000000000e+03 -9.760000000000000000e+02 2.800000000000000000e+02 -5.600000000000000000e+01
7.333000000000000000e+03 -9.600000000000000000e+02 2.880000000000000000e+02 -5.600000000000000000e+01
7.373000000000000000e+03 -9.600000000000000000e+02 2.880000000000000000e+02 -5.600000000000000000e+01
7.413000000000000000e+03 -9.760000000000000000e+02 2.640000000000000000e+02 -1.280000000000000000e+02
7.453000000000000000e+03 -9.760000000000000000e+02 2.720000000000000000e+02 -8.000000000000000000e+01
7.493000000000000000e+03 -9.760000000000000000e+02 2.720000000000000000e+02 -5.600000000000000000e+01
7.533000000000000000e+03 -9.760000000000000000e+02 2.640000000000000000e+02 -7.200000000000000000e+01
7.573000000000000000e+03 -9.840000000000000000e+02 2.800000000000000000e+02 -5.600000000000000000e+01
7.613000000000000000e+03 -9.920000000000000000e+02 3.120000000000000000e+02 -6.400000000000000000e+01
7.653000000000000000e+03 -9.840000000000000000e+02 3.120000000000000000e+02 -8.800000000000000000e+01
7.693000000000000000e+03 -9.840000000000000000e+02 3.120000000000000000e+02 -4.800000000000000000e+01
7.733000000000000000e+03 -9.760000000000000000e+02 3.040000000000000000e+02 -8.000000000000000000e+01
7.773000000000000000e+03 -9.760000000000000000e+02 3.040000000000000000e+02 -8.800000000000000000e+01
7.813000000000000000e+03 -9.520000000000000000e+02 3.200000000000000000e+02 -6.400000000000000000e+01
7.853000000000000000e+03 -9.600000000000000000e+02 3.120000000000000000e+02 -1.120000000000000000e+02
7.893000000000000000e+03 -9.760000000000000000e+02 3.040000000000000000e+02 -7.200000000000000000e+01
7.933000000000000000e+03 -9.760000000000000000e+02 2.960000000000000000e+02 -1.120000000000000000e+02
7.964000000000000000e+03 -9.760000000000000000e+02 3.040000000000000000e+02 -6.400000000000000000e+01
8.004000000000000000e+03 -9.840000000000000000e+02 3.040000000000000000e+02 -4.800000000000000000e+01
8.044000000000000000e+03 -9.600000000000000000e+02 2.960000000000000000e+02 -7.200000000000000000e+01
8.084000000000000000e+03 -9.680000000000000000e+02 2.960000000000000000e+02 -5.600000000000000000e+01
8.124000000000000000e+03 -9.680000000000000000e+02 2.880000000000000000e+02 -4.800000000000000000e+01
8.164000000000000000e+03 -9.600000000000000000e+02 2.800000000000000000e+02 -9.600000000000000000e+01
8.204000000000000000e+03 -9.680000000000000000e+02 3.040000000000000000e+02 -8.000000000000000000e+01
8.244000000000000000e+03 -9.840000000000000000e+02 2.960000000000000000e+02 -8.000000000000000000e+01
8.284000000000000000e+03 -9.840000000000000000e+02 2.960000000000000000e+02 -7.200000000000000000e+01
8.324000000000000000e+03 -9.840000000000000000e+02 2.960000000000000000e+02 -8.000000000000000000e+01
8.364000000000000000e+03 -9.920000000000000000e+02 2.960000000000000000e+02 -4.000000000000000000e+01
8.404000000000000000e+03 -9.920000000000000000e+02 2.640000000000000000e+02 -4.800000000000000000e+01
8.444000000000000000e+03 -9.840000000000000000e+02 2.800000000000000000e+02 -7.200000000000000000e+01
8.484000000000000000e+03 -9.840000000000000000e+02 2.800000000000000000e+02 -6.400000000000000000e+01
8.524000000000000000e+03 -9.840000000000000000e+02 2.960000000000000000e+02 -9.600000000000000000e+01
8.564000000000000000e+03 -9.920000000000000000e+02 2.960000000000000000e+02 -5.600000000000000000e+01
8.604000000000000000e+03 -9.840000000000000000e+02 2.960000000000000000e+02 -7.200000000000000000e+01
8.644000000000000000e+03 -9.840000000000000000e+02 3.040000000000000000e+02 -8.000000000000000000e+01
8.684000000000000000e+03 -9.680000000000000000e+02 2.960000000000000000e+02 -6.400000000000000000e+01
8.724000000000000000e+03 -9.760000000000000000e+02 2.880000000000000000e+02 -8.000000000000000000e+01
8.764000000000000000e+03 -9.840000000000000000e+02 2.880000000000000000e+02 -7.200000000000000000e+01
8.804000000000000000e+03 -9.760000000000000000e+02 2.880000000000000000e+02 -7.200000000000000000e+01
8.844000000000000000e+03 -1.000000000000000000e+03 2.960000000000000000e+02 -1.600000000000000000e+01
8.884000000000000000e+03 -9.840000000000000000e+02 2.880000000000000000e+02 -5.600000000000000000e+01
8.924000000000000000e+03 -9.840000000000000000e+02 2.800000000000000000e+02 -7.200000000000000000e+01
8.956000000000000000e+03 -9.760000000000000000e+02 2.800000000000000000e+02 -7.200000000000000000e+01
8.996000000000000000e+03 -9.840000000000000000e+02 2.880000000000000000e+02 -5.600000000000000000e+01
9.036000000000000000e+03 -9.840000000000000000e+02 2.880000000000000000e+02 -5.600000000000000000e+01
9.076000000000000000e+03 -9.840000000000000000e+02 3.040000000000000000e+02 -8.000000000000000000e+01
9.116000000000000000e+03 -9.760000000000000000e+02 2.960000000000000000e+02 -4.800000000000000000e+01
9.156000000000000000e+03 -9.840000000000000000e+02 3.120000000000000000e+02 -2.400000000000000000e+01
9.196000000000000000e+03 -9.760000000000000000e+02 2.960000000000000000e+02 -3.200000000000000000e+01
9.236000000000000000e+03 -9.840000000000000000e+02 2.960000000000000000e+02 -1.600000000000000000e+01
9.276000000000000000e+03 -9.760000000000000000e+02 3.040000000000000000e+02 -9.600000000000000000e+01
9.316000000000000000e+03 -9.840000000000000000e+02 2.960000000000000000e+02 -6.400000000000000000e+01
9.356000000000000000e+03 -9.840000000000000000e+02 2.960000000000000000e+02 -8.800000000000000000e+01
9.396000000000000000e+03 -9.840000000000000000e+02 2.960000000000000000e+02 -4.800000000000000000e+01
9.436000000000000000e+03 -1.000000000000000000e+03 2.880000000000000000e+02 -4.000000000000000000e+01
9.476000000000000000e+03 -9.920000000000000000e+02 2.800000000000000000e+02 -5.600000000000000000e+01
9.516000000000000000e+03 -9.840000000000000000e+02 2.880000000000000000e+02 -4.000000000000000000e+01
9.556000000000000000e+03 -9.840000000000000000e+02 2.720000000000000000e+02 -9.600000000000000000e+01
9.596000000000000000e+03 -1.008000000000000000e+03 2.800000000000000000e+02 -5.600000000000000000e+01
9.636000000000000000e+03 -9.920000000000000000e+02 2.960000000000000000e+02 -7.200000000000000000e+01
9.676000000000000000e+03 -9.680000000000000000e+02 2.960000000000000000e+02 -6.400000000000000000e+01
9.716000000000000000e+03 -9.760000000000000000e+02 2.800000000000000000e+02 -7.200000000000000000e+01
9.756000000000000000e+03 -9.840000000000000000e+02 2.800000000000000000e+02 -7.200000000000000000e+01
9.796000000000000000e+03 -1.000000000000000000e+03 2.720000000000000000e+02 -8.000000000000000000e+01
9.836000000000000000e+03 -1.000000000000000000e+03 2.880000000000000000e+02 8.000000000000000000e+00
9.876000000000000000e+03 -9.760000000000000000e+02 2.720000000000000000e+02 -4.800000000000000000e+01
9.916000000000000000e+03 -9.760000000000000000e+02 2.960000000000000000e+02 -1.280000000000000000e+02
9.948000000000000000e+03 -9.840000000000000000e+02 3.120000000000000000e+02 -7.200000000000000000e+01
9.988000000000000000e+03 -1.008000000000000000e+03 3.040000000000000000e+02 -8.800000000000000000e+01
1.002800000000000000e+04 -1.024000000000000000e+03 2.880000000000000000e+02 -9.600000000000000000e+01
1.006800000000000000e+04 -1.008000000000000000e+03 2.800000000000000000e+02 -2.400000000000000000e+01
1.010800000000000000e+04 -9.840000000000000000e+02 3.040000000000000000e+02 -1.360000000000000000e+02
1.014800000000000000e+04 -9.920000000000000000e+02 2.960000000000000000e+02 -1.600000000000000000e+02
1.018800000000000000e+04 -9.920000000000000000e+02 2.720000000000000000e+02 -8.000000000000000000e+01
1.022800000000000000e+04 -9.840000000000000000e+02 2.640000000000000000e+02 -1.200000000000000000e+02
1.026800000000000000e+04 -9.840000000000000000e+02 2.640000000000000000e+02 -1.920000000000000000e+02
1.030800000000000000e+04 -9.920000000000000000e+02 2.560000000000000000e+02 -1.360000000000000000e+02
1.034800000000000000e+04 -9.840000000000000000e+02 2.400000000000000000e+02 -1.200000000000000000e+02
1.038800000000000000e+04 -1.000000000000000000e+03 2.240000000000000000e+02 -1.600000000000000000e+02
1.042800000000000000e+04 -1.000000000000000000e+03 2.240000000000000000e+02 -2.240000000000000000e+02
1.046800000000000000e+04 -9.760000000000000000e+02 2.240000000000000000e+02 -2.480000000000000000e+02
1.050800000000000000e+04 -9.760000000000000000e+02 2.480000000000000000e+02 -2.480000000000000000e+02
1.054800000000000000e+04 -9.680000000000000000e+02 2.800000000000000000e+02 -2.080000000000000000e+02
1.058800000000000000e+04 -9.760000000000000000e+02 2.720000000000000000e+02 -1.280000000000000000e+02
1.062800000000000000e+04 -9.840000000000000000e+02 2.560000000000000000e+02 -1.440000000000000000e+02
1.066800000000000000e+04 -9.760000000000000000e+02 2.720000000000000000e+02 -9.600000000000000000e+01
1.070800000000000000e+04 -9.760000000000000000e+02 2.560000000000000000e+02 -1.120000000000000000e+02
1.074800000000000000e+04 -9.760000000000000000e+02 2.320000000000000000e+02 -7.200000000000000000e+01
1.078800000000000000e+04 -9.920000000000000000e+02 2.400000000000000000e+02 1.600000000000000000e+01
1.082800000000000000e+04 -9.760000000000000000e+02 2.240000000000000000e+02 -1.600000000000000000e+01
1.086800000000000000e+04 -9.520000000000000000e+02 2.160000000000000000e+02 -4.000000000000000000e+01
1.090800000000000000e+04 -9.600000000000000000e+02 3.680000000000000000e+02 1.280000000000000000e+02
1.094000000000000000e+04 -9.360000000000000000e+02 3.520000000000000000e+02 1.040000000000000000e+02
1.098000000000000000e+04 -9.040000000000000000e+02 3.840000000000000000e+02 9.600000000000000000e+01
1.102000000000000000e+04 -8.640000000000000000e+02 4.800000000000000000e+02 1.920000000000000000e+02
1.106000000000000000e+04 -8.400000000000000000e+02 4.240000000000000000e+02 1.600000000000000000e+02
1.110000000000000000e+04 -8.160000000000000000e+02 5.200000000000000000e+02 2.000000000000000000e+02
1.114000000000000000e+04 -7.760000000000000000e+02 5.600000000000000000e+02 2.560000000000000000e+02
1.118000000000000000e+04 -7.280000000000000000e+02 6.880000000000000000e+02 2.960000000000000000e+02
1.122000000000000000e+04 -6.080000000000000000e+02 7.600000000000000000e+02 2.480000000000000000e+02
1.126000000000000000e+04 -6.240000000000000000e+02 7.840000000000000000e+02 3.120000000000000000e+02
1.130000000000000000e+04 -5.840000000000000000e+02 8.720000000000000000e+02 3.120000000000000000e+02
1.134000000000000000e+04 -5.600000000000000000e+02 9.120000000000000000e+02 3.760000000000000000e+02
1.138000000000000000e+04 -4.560000000000000000e+02 9.200000000000000000e+02 3.120000000000000000e+02
1.142000000000000000e+04 -3.600000000000000000e+02 1.048000000000000000e+03 2.400000000000000000e+02
1.146000000000000000e+04 -3.120000000000000000e+02 1.088000000000000000e+03 1.840000000000000000e+02
1.150000000000000000e+04 -2.800000000000000000e+02 1.008000000000000000e+03 -1.600000000000000000e+01
1.154000000000000000e+04 -2.560000000000000000e+02 1.072000000000000000e+03 -4.000000000000000000e+01
1.158000000000000000e+04 -2.880000000000000000e+02 1.080000000000000000e+03 -1.040000000000000000e+02
1.162000000000000000e+04 -2.640000000000000000e+02 1.016000000000000000e+03 -7.200000000000000000e+01
1.166000000000000000e+04 -2.800000000000000000e+02 9.600000000000000000e+02 -2.080000000000000000e+02
1.170000000000000000e+04 -2.720000000000000000e+02 1.040000000000000000e+03 -3.200000000000000000e+02
1.174000000000000000e+04 -2.880000000000000000e+02 9.280000000000000000e+02 -2.960000000000000000e+02
1.178000000000000000e+04 -3.360000000000000000e+02 9.120000000000000000e+02 -3.280000000000000000e+02
1.182000000000000000e+04 -3.680000000000000000e+02 9.600000000000000000e+02 -2.640000000000000000e+02
1.186000000000000000e+04 -4.080000000000000000e+02 9.040000000000000000e+02 -2.480000000000000000e+02
1.190000000000000000e+04 -4.080000000000000000e+02 8.480000000000000000e+02 -4.400000000000000000e+02
1.193100000000000000e+04 -4.080000000000000000e+02 8.560000000000000000e+02 -4.000000000000000000e+02
1.197100000000000000e+04 -3.600000000000000000e+02 8.480000000000000000e+02 -5.280000000000000000e+02
1.201100000000000000e+04 -3.280000000000000000e+02 8.400000000000000000e+02 -5.920000000000000000e+02
1.205100000000000000e+04 -3.120000000000000000e+02 8.080000000000000000e+02 -5.760000000000000000e+02
1.209100000000000000e+04 -2.880000000000000000e+02 7.120000000000000000e+02 -6.320000000000000000e+02
1.213100000000000000e+04 -3.280000000000000000e+02 7.120000000000000000e+02 -6.080000000000000000e+02
1.217100000000000000e+04 -3.680000000000000000e+02 7.040000000000000000e+02 -5.600000000000000000e+02
1.221100000000000000e+04 -4.000000000000000000e+02 6.800000000000000000e+02 -5.200000000000000000e+02
1.225100000000000000e+04 -3.760000000000000000e+02 6.960000000000000000e+02 -5.120000000000000000e+02
1.229100000000000000e+04 -3.760000000000000000e+02 7.040000000000000000e+02 -5.680000000000000000e+02
1.233100000000000000e+04 -3.840000000000000000e+02 6.960000000000000000e+02 -4.400000000000000000e+02
1.237100000000000000e+04 -4.080000000000000000e+02 7.280000000000000000e+02 -4.960000000000000000e+02
1.241100000000000000e+04 -4.480000000000000000e+02 7.600000000000000000e+02 -5.760000000000000000e+02
1.245100000000000000e+04 -4.880000000000000000e+02 7.440000000000000000e+02 -5.600000000000000000e+02
1.249100000000000000e+04 -5.200000000000000000e+02 7.360000000000000000e+02 -5.520000000000000000e+02
1.253100000000000000e+04 -5.040000000000000000e+02 7.200000000000000000e+02 -6.320000000000000000e+02
1.257100000000000000e+04 -4.720000000000000000e+02 6.640000000000000000e+02 -5.680000000000000000e+02
1.261100000000000000e+04 -4.800000000000000000e+02 7.360000000000000000e+02 -4.880000000000000000e+02
1.265100000000000000e+04 -4.560000000000000000e+02 7.680000000000000000e+02 -2.960000000000000000e+02
1.269100000000000000e+04 -4.640000000000000000e+02 7.840000000000000000e+02 -2.160000000000000000e+02
1.273100000000000000e+04 -4.720000000000000000e+02 8.640000000000000000e+02 -2.320000000000000000e+02
1.277100000000000000e+04 -4.480000000000000000e+02 8.240000000000000000e+02 -2.800000000000000000e+02
1.281100000000000000e+04 -4.240000000000000000e+02 8.720000000000000000e+02 -2.880000000000000000e+02
1.285100000000000000e+04 -4.240000000000000000e+02 8.960000000000000000e+02 -3.520000000000000000e+02
1.289100000000000000e+04 -4.720000000000000000e+02 8.960000000000000000e+02 -4.160000000000000000e+02
1.292200000000000000e+04 -4.720000000000000000e+02 8.160000000000000000e+02 -5.360000000000000000e+02
1.296200000000000000e+04 -4.720000000000000000e+02 7.840000000000000000e+02 -5.040000000000000000e+02
1.300200000000000000e+04 -4.800000000000000000e+02 8.640000000000000000e+02 -6.160000000000000000e+02
1.304200000000000000e+04 -4.480000000000000000e+02 7.200000000000000000e+02 -6.480000000000000000e+02
1.308200000000000000e+04 -4.240000000000000000e+02 6.880000000000000000e+02 -6.080000000000000000e+02
1.312200000000000000e+04 -3.760000000000000000e+02 7.360000000000000000e+02 -5.760000000000000000e+02
1.316200000000000000e+04 -3.840000000000000000e+02 6.960000000000000000e+02 -5.600000000000000000e+02
1.320200000000000000e+04 -4.000000000000000000e+02 7.200000000000000000e+02 -4.720000000000000000e+02
1.324200000000000000e+04 -4.160000000000000000e+02 7.360000000000000000e+02 -5.760000000000000000e+02
1.328200000000000000e+04 -4.480000000000000000e+02 7.280000000000000000e+02 -5.760000000000000000e+02
1.332200000000000000e+04 -4.800000000000000000e+02 6.560000000000000000e+02 -4.880000000000000000e+02
1.336200000000000000e+04 -4.800000000000000000e+02 7.200000000000000000e+02 -5.360000000000000000e+02
1.340200000000000000e+04 -5.040000000000000000e+02 6.960000000000000000e+02 -5.360000000000000000e+02
1.344200000000000000e+04 -5.040000000000000000e+02 7.360000000000000000e+02 -5.360000000000000000e+02
1.348200000000000000e+04 -5.600000000000000000e+02 7.360000000000000000e+02 -3.360000000000000000e+02
1.352200000000000000e+04 -5.280000000000000000e+02 7.600000000000000000e+02 -4.080000000000000000e+02
1.356200000000000000e+04 -4.960000000000000000e+02 7.760000000000000000e+02 -6.080000000000000000e+02
1.360200000000000000e+04 -4.880000000000000000e+02 7.680000000000000000e+02 -5.360000000000000000e+02
1.364200000000000000e+04 -4.720000000000000000e+02 7.520000000000000000e+02 -6.160000000000000000e+02
1.368200000000000000e+04 -4.560000000000000000e+02 7.360000000000000000e+02 -6.160000000000000000e+02
1.372200000000000000e+04 -4.400000000000000000e+02 6.880000000000000000e+02 -6.160000000000000000e+02
1.376200000000000000e+04 -4.080000000000000000e+02 7.440000000000000000e+02 -5.760000000000000000e+02
1.380200000000000000e+04 -4.240000000000000000e+02 7.360000000000000000e+02 -6.560000000000000000e+02
1.384200000000000000e+04 -4.880000000000000000e+02 7.840000000000000000e+02 -3.680000000000000000e+02
1.388200000000000000e+04 -5.360000000000000000e+02 7.680000000000000000e+02 -3.840000000000000000e+02
1.391300000000000000e+04 -5.520000000000000000e+02 6.240000000000000000e+02 -3.600000000000000000e+02
1.395300000000000000e+04 -5.600000000000000000e+02 6.240000000000000000e+02 -5.520000000000000000e+02
1.399300000000000000e+04 -5.600000000000000000e+02 5.920000000000000000e+02 -5.360000000000000000e+02
1.403300000000000000e+04 -5.440000000000000000e+02 6.800000000000000000e+02 -6.160000000000000000e+02
1.407300000000000000e+04 -5.680000000000000000e+02 7.840000000000000000e+02 -4.800000000000000000e+02
1.411300000000000000e+04 -5.440000000000000000e+02 7.760000000000000000e+02 -5.040000000000000000e+02
1.415300000000000000e+04 -5.120000000000000000e+02 7.200000000000000000e+02 -6.160000000000000000e+02
1.419300000000000000e+04 -5.200000000000000000e+02 7.120000000000000000e+02 -5.200000000000000000e+02
1.423300000000000000e+04 -5.520000000000000000e+02 7.280000000000000000e+02 -5.280000000000000000e+02
1.427300000000000000e+04 -6.000000000000000000e+02 8.080000000000000000e+02 -4.720000000000000000e+02
1.431300000000000000e+04 -6.560000000000000000e+02 8.080000000000000000e+02 -3.440000000000000000e+02
1.435300000000000000e+04 -6.560000000000000000e+02 7.600000000000000000e+02 -4.160000000000000000e+02
1.439300000000000000e+04 -6.640000000000000000e+02 6.640000000000000000e+02 -3.200000000000000000e+02
1.443300000000000000e+04 -7.200000000000000000e+02 5.760000000000000000e+02 -3.040000000000000000e+02
1.447300000000000000e+04 -7.360000000000000000e+02 5.120000000000000000e+02 -3.360000000000000000e+02
1.451300000000000000e+04 -7.760000000000000000e+02 5.120000000000000000e+02 -2.960000000000000000e+02
1.455300000000000000e+04 -8.400000000000000000e+02 5.040000000000000000e+02 -2.240000000000000000e+02
1.459300000000000000e+04 -8.640000000000000000e+02 5.440000000000000000e+02 -2.000000000000000000e+02
1.463300000000000000e+04 -8.800000000000000000e+02 4.800000000000000000e+02 -2.160000000000000000e+02
1.467300000000000000e+04 -8.720000000000000000e+02 4.480000000000000000e+02 -2.000000000000000000e+02
1.471300000000000000e+04 -8.720000000000000000e+02 4.160000000000000000e+02 -1.840000000000000000e+02
1.475300000000000000e+04 -8.560000000000000000e+02 3.760000000000000000e+02 -2.080000000000000000e+02
1.479300000000000000e+04 -8.720000000000000000e+02 4.160000000000000000e+02 -1.360000000000000000e+02
1.483300000000000000e+04 -8.720000000000000000e+02 4.560000000000000000e+02 -1.200000000000000000e+02
1.487300000000000000e+04 -8.960000000000000000e+02 4.320000000000000000e+02 -1.040000000000000000e+02
1.490600000000000000e+04 -9.120000000000000000e+02 3.360000000000000000e+02 -9.600000000000000000e+01
1.494600000000000000e+04 -9.200000000000000000e+02 3.360000000000000000e+02 -1.680000000000000000e+02
1.498600000000000000e+04 -9.600000000000000000e+02 3.200000000000000000e+02 -5.600000000000000000e+01
1.502600000000000000e+04 -9.840000000000000000e+02 3.120000000000000000e+02 -2.400000000000000000e+01
1.506600000000000000e+04 -9.600000000000000000e+02 3.840000000000000000e+02 -3.280000000000000000e+02
1.510600000000000000e+04 -9.360000000000000000e+02 4.240000000000000000e+02 -2.000000000000000000e+02
1.514600000000000000e+04 -9.520000000000000000e+02 3.920000000000000000e+02 -1.680000000000000000e+02
1.518600000000000000e+04 -9.360000000000000000e+02 4.000000000000000000e+02 -2.640000000000000000e+02
1.522600000000000000e+04 -9.280000000000000000e+02 3.440000000000000000e+02 -2.080000000000000000e+02
1.526600000000000000e+04 -9.120000000000000000e+02 4.160000000000000000e+02 -3.200000000000000000e+02
1.530600000000000000e+04 -9.120000000000000000e+02 4.320000000000000000e+02 -3.200000000000000000e+02
1.534600000000000000e+04 -8.960000000000000000e+02 3.600000000000000000e+02 -3.040000000000000000e+02
1.538600000000000000e+04 -8.720000000000000000e+02 3.360000000000000000e+02 -2.560000000000000000e+02
1.542600000000000000e+04 -8.480000000000000000e+02 2.960000000000000000e+02 -2.240000000000000000e+02
1.546600000000000000e+04 -8.480000000000000000e+02 2.560000000000000000e+02 -1.920000000000000000e+02
1.550600000000000000e+04 -7.600000000000000000e+02 2.080000000000000000e+02 -2.800000000000000000e+02
1.554600000000000000e+04 -7.200000000000000000e+02 2.240000000000000000e+02 -3.600000000000000000e+02
1.558600000000000000e+04 -6.160000000000000000e+02 2.240000000000000000e+02 -5.200000000000000000e+02
1.562600000000000000e+04 -5.360000000000000000e+02 4.160000000000000000e+02 -6.560000000000000000e+02
1.566600000000000000e+04 -5.680000000000000000e+02 5.840000000000000000e+02 -6.480000000000000000e+02
1.570600000000000000e+04 -5.120000000000000000e+02 7.680000000000000000e+02 -8.560000000000000000e+02
1.574600000000000000e+04 -4.880000000000000000e+02 7.040000000000000000e+02 -6.560000000000000000e+02
1.578600000000000000e+04 -3.360000000000000000e+02 8.240000000000000000e+02 -6.880000000000000000e+02
1.582600000000000000e+04 -2.240000000000000000e+02 8.000000000000000000e+02 -4.480000000000000000e+02
1.586600000000000000e+04 -1.360000000000000000e+02 8.640000000000000000e+02 -7.600000000000000000e+02
1.589700000000000000e+04 -1.120000000000000000e+02 9.360000000000000000e+02 -8.560000000000000000e+02
1.593700000000000000e+04 -1.040000000000000000e+02 7.760000000000000000e+02 -6.320000000000000000e+02
1.597700000000000000e+04 -6.400000000000000000e+01 8.160000000000000000e+02 -8.320000000000000000e+02
1.601700000000000000e+04 -1.600000000000000000e+01 7.920000000000000000e+02 -7.600000000000000000e+02
1.605700000000000000e+04 -8.000000000000000000e+00 8.000000000000000000e+02 -8.160000000000000000e+02
1.609700000000000000e+04 -3.200000000000000000e+01 7.280000000000000000e+02 -7.680000000000000000e+02
1.613700000000000000e+04 -2.400000000000000000e+01 6.480000000000000000e+02 -8.160000000000000000e+02
1.617700000000000000e+04 1.600000000000000000e+01 6.480000000000000000e+02 -8.080000000000000000e+02
1.621700000000000000e+04 5.600000000000000000e+01 6.080000000000000000e+02 -8.720000000000000000e+02
1.625700000000000000e+04 4.800000000000000000e+01 5.520000000000000000e+02 -8.960000000000000000e+02
1.629700000000000000e+04 2.400000000000000000e+01 5.360000000000000000e+02 -8.960000000000000000e+02
1.633700000000000000e+04 -8.000000000000000000e+00 5.120000000000000000e+02 -8.640000000000000000e+02
1.637700000000000000e+04 -3.200000000000000000e+01 4.720000000000000000e+02 -9.440000000000000000e+02
1.641700000000000000e+04 -1.600000000000000000e+01 4.320000000000000000e+02 -9.280000000000000000e+02
1.645700000000000000e+04 -1.600000000000000000e+01 4.400000000000000000e+02 -9.200000000000000000e+02
1.649700000000000000e+04 -3.200000000000000000e+01 4.560000000000000000e+02 -8.720000000000000000e+02
1.653700000000000000e+04 -2.400000000000000000e+01 4.720000000000000000e+02 -8.960000000000000000e+02
1.657700000000000000e+04 -2.400000000000000000e+01 5.040000000000000000e+02 -9.040000000000000000e+02
1.661700000000000000e+04 -2.400000000000000000e+01 5.040000000000000000e+02 -9.440000000000000000e+02
1.665700000000000000e+04 -1.600000000000000000e+01 5.360000000000000000e+02 -8.800000000000000000e+02
1.669700000000000000e+04 -2.400000000000000000e+01 5.360000000000000000e+02 -9.040000000000000000e+02
1.673700000000000000e+04 -4.000000000000000000e+01 5.600000000000000000e+02 -8.800000000000000000e+02
1.677700000000000000e+04 -3.200000000000000000e+01 5.840000000000000000e+02 -7.920000000000000000e+02
1.681700000000000000e+04 -4.000000000000000000e+01 6.000000000000000000e+02 -7.920000000000000000e+02
1.685700000000000000e+04 -6.400000000000000000e+01 6.640000000000000000e+02 -8.000000000000000000e+02
1.688900000000000000e+04 -9.600000000000000000e+01 6.640000000000000000e+02 -6.960000000000000000e+02
1.692900000000000000e+04 -8.800000000000000000e+01 6.560000000000000000e+02 -7.920000000000000000e+02
1.696900000000000000e+04 -8.000000000000000000e+01 6.320000000000000000e+02 -8.320000000000000000e+02
1.700900000000000000e+04 -6.400000000000000000e+01 6.240000000000000000e+02 -7.920000000000000000e+02
1.704900000000000000e+04 -4.000000000000000000e+01 6.480000000000000000e+02 -7.840000000000000000e+02
1.708900000000000000e+04 -4.800000000000000000e+01 6.480000000000000000e+02 -7.840000000000000000e+02
1.712900000000000000e+04 -4.000000000000000000e+01 6.560000000000000000e+02 -7.760000000000000000e+02
1.716900000000000000e+04 -4.000000000000000000e+01 6.320000000000000000e+02 -7.840000000000000000e+02
1.720900000000000000e+04 -4.800000000000000000e+01 6.240000000000000000e+02 -8.160000000000000000e+02
1.724900000000000000e+04 -4.000000000000000000e+01 6.240000000000000000e+02 -7.840000000000000000e+02
1.728900000000000000e+04 -4.000000000000000000e+01 6.160000000000000000e+02 -7.920000000000000000e+02
1.732900000000000000e+04 -4.800000000000000000e+01 6.560000000000000000e+02 -7.680000000000000000e+02
1.736900000000000000e+04 -4.800000000000000000e+01 6.560000000000000000e+02 -7.840000000000000000e+02
1.740900000000000000e+04 -5.600000000000000000e+01 6.480000000000000000e+02 -7.760000000000000000e+02
1.744900000000000000e+04 -6.400000000000000000e+01 6.640000000000000000e+02 -8.000000000000000000e+02
1.748900000000000000e+04 -6.400000000000000000e+01 6.960000000000000000e+02 -7.600000000000000000e+02
1.752900000000000000e+04 -4.000000000000000000e+01 6.080000000000000000e+02 -7.440000000000000000e+02
1.756900000000000000e+04 -4.000000000000000000e+01 6.240000000000000000e+02 -7.920000000000000000e+02
1.760900000000000000e+04 -6.400000000000000000e+01 6.480000000000000000e+02 -7.360000000000000000e+02
1.764900000000000000e+04 -7.200000000000000000e+01 6.320000000000000000e+02 -8.320000000000000000e+02
1.768900000000000000e+04 -5.600000000000000000e+01 6.160000000000000000e+02 -7.680000000000000000e+02
1.772900000000000000e+04 -4.800000000000000000e+01 6.240000000000000000e+02 -8.160000000000000000e+02
1.776900000000000000e+04 -5.600000000000000000e+01 6.320000000000000000e+02 -7.840000000000000000e+02
1.780900000000000000e+04 -5.600000000000000000e+01 6.480000000000000000e+02 -7.840000000000000000e+02
1.784900000000000000e+04 -5.600000000000000000e+01 6.240000000000000000e+02 -8.080000000000000000e+02
1.788000000000000000e+04 -4.800000000000000000e+01 6.080000000000000000e+02 -8.320000000000000000e+02
1.792000000000000000e+04 -6.400000000000000000e+01 6.000000000000000000e+02 -8.320000000000000000e+02
1.796000000000000000e+04 -7.200000000000000000e+01 6.000000000000000000e+02 -8.240000000000000000e+02
1.800000000000000000e+04 -4.800000000000000000e+01 5.840000000000000000e+02 -8.320000000000000000e+02
1.804000000000000000e+04 -5.600000000000000000e+01 5.760000000000000000e+02 -8.560000000000000000e+02
1.808000000000000000e+04 -7.200000000000000000e+01 5.520000000000000000e+02 -8.480000000000000000e+02
1.812000000000000000e+04 -8.000000000000000000e+01 5.520000000000000000e+02 -8.560000000000000000e+02
1.816000000000000000e+04 -9.600000000000000000e+01 5.600000000000000000e+02 -8.640000000000000000e+02
1.820000000000000000e+04 -1.040000000000000000e+02 5.600000000000000000e+02 -8.320000000000000000e+02
1.824000000000000000e+04 -1.120000000000000000e+02 5.440000000000000000e+02 -8.560000000000000000e+02
1.828000000000000000e+04 -1.040000000000000000e+02 5.280000000000000000e+02 -8.960000000000000000e+02
1.832000000000000000e+04 -1.040000000000000000e+02 5.280000000000000000e+02 -8.640000000000000000e+02
1.836000000000000000e+04 -1.200000000000000000e+02 5.520000000000000000e+02 -9.200000000000000000e+02
1.840000000000000000e+04 -1.680000000000000000e+02 6.160000000000000000e+02 -8.240000000000000000e+02
1.844000000000000000e+04 -1.840000000000000000e+02 6.000000000000000000e+02 -8.160000000000000000e+02
1.848000000000000000e+04 -1.440000000000000000e+02 5.600000000000000000e+02 -8.080000000000000000e+02
1.852000000000000000e+04 -1.040000000000000000e+02 5.200000000000000000e+02 -7.680000000000000000e+02
1.856000000000000000e+04 3.200000000000000000e+01 5.520000000000000000e+02 -8.800000000000000000e+02
1.860000000000000000e+04 8.800000000000000000e+01 5.680000000000000000e+02 -8.080000000000000000e+02
1.864000000000000000e+04 2.400000000000000000e+01 5.120000000000000000e+02 -8.240000000000000000e+02
1.868000000000000000e+04 8.000000000000000000e+00 5.200000000000000000e+02 -9.040000000000000000e+02
1.872000000000000000e+04 -8.000000000000000000e+00 5.520000000000000000e+02 -8.240000000000000000e+02
1.876000000000000000e+04 -8.000000000000000000e+00 5.520000000000000000e+02 -8.880000000000000000e+02
1.880000000000000000e+04 -4.000000000000000000e+01 6.000000000000000000e+02 -8.560000000000000000e+02
1.884000000000000000e+04 -5.600000000000000000e+01 6.080000000000000000e+02 -7.520000000000000000e+02
1.887200000000000000e+04 -4.800000000000000000e+01 6.000000000000000000e+02 -7.440000000000000000e+02
1.891200000000000000e+04 -7.200000000000000000e+01 6.000000000000000000e+02 -7.840000000000000000e+02
1.895200000000000000e+04 -9.600000000000000000e+01 5.920000000000000000e+02 -8.160000000000000000e+02
1.899200000000000000e+04 -9.600000000000000000e+01 5.840000000000000000e+02 -8.640000000000000000e+02
1.903200000000000000e+04 -8.000000000000000000e+01 5.360000000000000000e+02 -8.640000000000000000e+02
1.907200000000000000e+04 -8.000000000000000000e+01 5.120000000000000000e+02 -9.040000000000000000e+02
1.911200000000000000e+04 -1.280000000000000000e+02 5.280000000000000000e+02 -8.480000000000000000e+02
1.915200000000000000e+04 -1.120000000000000000e+02 5.200000000000000000e+02 -8.480000000000000000e+02
1.919200000000000000e+04 -1.120000000000000000e+02 5.200000000000000000e+02 -8.800000000000000000e+02
1.923200000000000000e+04 -1.280000000000000000e+02 5.360000000000000000e+02 -8.240000000000000000e+02
1.927200000000000000e+04 -1.040000000000000000e+02 5.360000000000000000e+02 -8.720000000000000000e+02
1.931200000000000000e+04 -1.040000000000000000e+02 5.120000000000000000e+02 -8.720000000000000000e+02
1.935200000000000000e+04 -1.120000000000000000e+02 5.120000000000000000e+02 -8.640000000000000000e+02
1.939200000000000000e+04 -1.120000000000000000e+02 5.120000000000000000e+02 -8.640000000000000000e+02
1.943200000000000000e+04 -1.120000000000000000e+02 5.120000000000000000e+02 -8.800000000000000000e+02
1.947200000000000000e+04 -9.600000000000000000e+01 5.200000000000000000e+02 -8.560000000000000000e+02
1.951200000000000000e+04 -1.200000000000000000e+02 4.640000000000000000e+02 -8.720000000000000000e+02
1.955200000000000000e+04 -1.440000000000000000e+02 4.880000000000000000e+02 -8.560000000000000000e+02
1.959200000000000000e+04 -1.200000000000000000e+02 5.040000000000000000e+02 -8.640000000000000000e+02
1.963200000000000000e+04 -1.120000000000000000e+02 5.280000000000000000e+02 -8.160000000000000000e+02
1.967200000000000000e+04 -7.200000000000000000e+01 6.160000000000000000e+02 -8.400000000000000000e+02
1.971200000000000000e+04 -7.200000000000000000e+01 5.680000000000000000e+02 -8.320000000000000000e+02
1.975200000000000000e+04 -8.000000000000000000e+01 5.360000000000000000e+02 -8.560000000000000000e+02
1.979200000000000000e+04 -8.000000000000000000e+01 5.440000000000000000e+02 -8.960000000000000000e+02
1.983200000000000000e+04 -8.000000000000000000e+01 5.440000000000000000e+02 -9.040000000000000000e+02
