1.798919000000000000e+06 1.600000000000000000e+01 -2.400000000000000000e+01 -1.016000000000000000e+03
1.798959000000000000e+06 1.600000000000000000e+01 -2.400000000000000000e+01 -1.040000000000000000e+03
1.798999000000000000e+06 2.400000000000000000e+01 -2.400000000000000000e+01 -1.016000000000000000e+03
1.799039000000000000e+06 2.400000000000000000e+01 -2.400000000000000000e+01 -1.048000000000000000e+03
1.799079000000000000e+06 1.600000000000000000e+01 -3.200000000000000000e+01 -1.048000000000000000e+03
1.799119000000000000e+06 1.600000000000000000e+01 -2.400000000000000000e+01 -1.024000000000000000e+03
1.799159000000000000e+06 1.600000000000000000e+01 -2.400000000000000000e+01 -1.032000000000000000e+03
1.799199000000000000e+06 2.400000000000000000e+01 -2.400000000000000000e+01 -1.040000000000000000e+03
1.799239000000000000e+06 1.600000000000000000e+01 -2.400000000000000000e+01 -1.024000000000000000e+03
1.799279000000000000e+06 2.400000000000000000e+01 -4.000000000000000000e+01 -1.024000000000000000e+03
1.799319000000000000e+06 1.600000000000000000e+01 -3.200000000000000000e+01 -1.016000000000000000e+03
1.799359000000000000e+06 2.400000000000000000e+01 -3.200000000000000000e+01 -1.032000000000000000e+03
1.799399000000000000e+06 2.400000000000000000e+01 -2.400000000000000000e+01 -1.040000000000000000e+03
1.799439000000000000e+06 2.400000000000000000e+01 -2.400000000000000000e+01 -1.024000000000000000e+03
1.799479000000000000e+06 1.600000000000000000e+01 -3.200000000000000000e+01 -1.032000000000000000e+03
1.799519000000000000e+06 2.400000000000000000e+01 -2.400000000000000000e+01 -1.024000000000000000e+03
1.799559000000000000e+06 2.400000000000000000e+01 -2.400000000000000000e+01 -1.032000000000000000e+03
1.799599000000000000e+06 2.400000000000000000e+01 -8.000000000000000000e+00 -1.056000000000000000e+03
1.799639000000000000e+06 1.600000000000000000e+01 -1.600000000000000000e+01 -1.024000000000000000e+03
1.799679000000000000e+06 2.400000000000000000e+01 -1.600000000000000000e+01 -1.024000000000000000e+03
1.799719000000000000e+06 3.200000000000000000e+01 -1.600000000000000000e+01 -1.024000000000000000e+03
1.799759000000000000e+06 1.600000000000000000e+01 -1.600000000000000000e+01 -1.040000000000000000e+03
1.799799000000000000e+06 8.000000000000000000e+00 -2.400000000000000000e+01 -1.032000000000000000e+03
1.799839000000000000e+06 8.000000000000000000e+00 -2.400000000000000000e+01 -1.032000000000000000e+03
1.799879000000000000e+06 8.000000000000000000e+00 -2.400000000000000000e+01 -1.024000000000000000e+03
1.802887000000000000e+06 1.600000000000000000e+01 -2.400000000000000000e+01 -1.024000000000000000e+03
1.802927000000000000e+06 1.600000000000000000e+01 -2.400000000000000000e+01 -1.024000000000000000e+03
1.802967000000000000e+06 1.600000000000000000e+01 -3.200000000000000000e+01 -1.024000000000000000e+03
1.803007000000000000e+06 1.600000000000000000e+01 -2.400000000000000000e+01 -1.032000000000000000e+03
1.803047000000000000e+06 8.000000000000000000e+00 -2.400000000000000000e+01 -1.024000000000000000e+03
1.803087000000000000e+06 1.600000000000000000e+01 -2.400000000000000000e+01 -1.024000000000000000e+03
1.803127000000000000e+06 2.400000000000000000e+01 -4.000000000000000000e+01 -1.032000000000000000e+03
1.803167000000000000e+06 1.600000000000000000e+01 -3.200000000000000000e+01 -1.032000000000000000e+03
1.803207000000000000e+06 1.600000000000000000e+01 -3.200000000000000000e+01 -1.032000000000000000e+03
1.803247000000000000e+06 1.600000000000000000e+01 -3.200000000000000000e+01 -1.040000000000000000e+03
1.803287000000000000e+06 1.600000000000000000e+01 -3.200000000000000000e+01 -1.040000000000000000e+03
1.803327000000000000e+06 1.600000000000000000e+01 -3.200000000000000000e+01 -1.040000000000000000e+03
1.803367000000000000e+06 2.400000000000000000e+01 -2.400000000000000000e+01 -1.016000000000000000e+03
1.803407000000000000e+06 1.600000000000000000e+01 -2.400000000000000000e+01 -1.040000000000000000e+03
1.803447000000000000e+06 1.600000000000000000e+01 -2.400000000000000000e+01 -1.032000000000000000e+03
1.803487000000000000e+06 8.000000000000000000e+00 -2.400000000000000000e+01 -1.024000000000000000e+03
1.803527000000000000e+06 1.600000000000000000e+01 -2.400000000000000000e+01 -1.032000000000000000e+03
1.803567000000000000e+06 8.000000000000000000e+00 -2.400000000000000000e+01 -1.024000000000000000e+03
1.803607000000000000e+06 1.600000000000000000e+01 -2.400000000000000000e+01 -1.032000000000000000e+03
1.803647000000000000e+06 1.600000000000000000e+01 -2.400000000000000000e+01 -1.024000000000000000e+03
1.803687000000000000e+06 2.400000000000000000e+01 -2.400000000000000000e+01 -1.032000000000000000e+03
1.803727000000000000e+06 1.600000000000000000e+01 -2.400000000000000000e+01 -1.008000000000000000e+03
1.803767000000000000e+06 1.600000000000000000e+01 -2.400000000000000000e+01 -1.024000000000000000e+03
1.803807000000000000e+06 2.400000000000000000e+01 -2.400000000000000000e+01 -1.024000000000000000e+03
1.803847000000000000e+06 1.600000000000000000e+01 -2.400000000000000000e+01 -1.032000000000000000e+03
1.806855000000000000e+06 8.000000000000000000e+00 -2.400000000000000000e+01 -1.016000000000000000e+03
1.806895000000000000e+06 1.600000000000000000e+01 -2.400000000000000000e+01 -1.040000000000000000e+03
1.806935000000000000e+06 1.600000000000000000e+01 -2.400000000000000000e+01 -1.016000000000000000e+03
1.806975000000000000e+06 1.600000000000000000e+01 -2.400000000000000000e+01 -1.040000000000000000e+03
1.807015000000000000e+06 1.600000000000000000e+01 -2.400000000000000000e+01 -1.040000000000000000e+03
1.807055000000000000e+06 1.600000000000000000e+01 -2.400000000000000000e+01 -1.024000000000000000e+03
1.807095000000000000e+06 1.600000000000000000e+01 -3.200000000000000000e+01 -1.040000000000000000e+03
1.807135000000000000e+06 2.400000000000000000e+01 -2.400000000000000000e+01 -1.024000000000000000e+03
1.807175000000000000e+06 1.600000000000000000e+01 -2.400000000000000000e+01 -1.056000000000000000e+03
1.807215000000000000e+06 1.600000000000000000e+01 -2.400000000000000000e+01 -1.032000000000000000e+03
1.807255000000000000e+06 2.400000000000000000e+01 -2.400000000000000000e+01 -1.032000000000000000e+03
1.807295000000000000e+06 1.600000000000000000e+01 -2.400000000000000000e+01 -1.040000000000000000e+03
1.807335000000000000e+06 8.000000000000000000e+00 -2.400000000000000000e+01 -1.032000000000000000e+03
1.807375000000000000e+06 1.600000000000000000e+01 -1.600000000000000000e+01 -1.040000000000000000e+03
1.807415000000000000e+06 8.000000000000000000e+00 -2.400000000000000000e+01 -1.032000000000000000e+03
1.807455000000000000e+06 0.000000000000000000e+00 -2.400000000000000000e+01 -1.032000000000000000e+03
1.807495000000000000e+06 8.000000000000000000e+00 -2.400000000000000000e+01 -1.040000000000000000e+03
1.807535000000000000e+06 8.000000000000000000e+00 -2.400000000000000000e+01 -1.032000000000000000e+03
1.807575000000000000e+06 1.600000000000000000e+01 -2.400000000000000000e+01 -1.032000000000000000e+03
1.807615000000000000e+06 1.600000000000000000e+01 -2.400000000000000000e+01 -1.032000000000000000e+03
1.807655000000000000e+06 1.600000000000000000e+01 -2.400000000000000000e+01 -1.032000000000000000e+03
1.807695000000000000e+06 8.000000000000000000e+00 -2.400000000000000000e+01 -1.016000000000000000e+03
1.807735000000000000e+06 1.600000000000000000e+01 -2.400000000000000000e+01 -1.024000000000000000e+03
1.807775000000000000e+06 1.600000000000000000e+01 -2.400000000000000000e+01 -1.032000000000000000e+03
1.807815000000000000e+06 2.400000000000000000e+01 -2.400000000000000000e+01 -1.024000000000000000e+03
1.810823000000000000e+06 1.600000000000000000e+01 -1.600000000000000000e+01 -1.008000000000000000e+03
1.810863000000000000e+06 8.000000000000000000e+00 -2.400000000000000000e+01 -1.032000000000000000e+03
1.810903000000000000e+06 8.000000000000000000e+00 -2.400000000000000000e+01 -1.016000000000000000e+03
1.810943000000000000e+06 8.000000000000000000e+00 -1.600000000000000000e+01 -1.016000000000000000e+03
1.810983000000000000e+06 8.000000000000000000e+00 -2.400000000000000000e+01 -1.032000000000000000e+03
1.811023000000000000e+06 8.000000000000000000e+00 -1.600000000000000000e+01 -1.048000000000000000e+03
1.811063000000000000e+06 1.600000000000000000e+01 -2.400000000000000000e+01 -1.056000000000000000e+03
1.811103000000000000e+06 1.600000000000000000e+01 -1.600000000000000000e+01 -1.032000000000000000e+03
1.811143000000000000e+06 8.000000000000000000e+00 -2.400000000000000000e+01 -1.032000000000000000e+03
1.811183000000000000e+06 8.000000000000000000e+00 -2.400000000000000000e+01 -1.024000000000000000e+03
1.811223000000000000e+06 8.000000000000000000e+00 -2.400000000000000000e+01 -1.024000000000000000e+03
1.811263000000000000e+06 1.600000000000000000e+01 -2.400000000000000000e+01 -1.032000000000000000e+03
1.811303000000000000e+06 -8.000000000000000000e+00 -2.400000000000000000e+01 -1.032000000000000000e+03
1.811343000000000000e+06 8.000000000000000000e+00 -2.400000000000000000e+01 -1.032000000000000000e+03
1.811383000000000000e+06 8.000000000000000000e+00 -3.200000000000000000e+01 -1.016000000000000000e+03
1.811423000000000000e+06 1.600000000000000000e+01 -3.200000000000000000e+01 -1.032000000000000000e+03
1.811463000000000000e+06 8.000000000000000000e+00 -3.200000000000000000e+01 -1.064000000000000000e+03
1.811503000000000000e+06 1.600000000000000000e+01 -2.400000000000000000e+01 -1.024000000000000000e+03
1.811543000000000000e+06 2.400000000000000000e+01 -2.400000000000000000e+01 -1.016000000000000000e+03
1.811583000000000000e+06 1.600000000000000000e+01 -2.400000000000000000e+01 -1.048000000000000000e+03
1.811623000000000000e+06 1.600000000000000000e+01 -1.600000000000000000e+01 -1.016000000000000000e+03
1.811663000000000000e+06 8.000000000000000000e+00 -1.600000000000000000e+01 -1.024000000000000000e+03
1.811703000000000000e+06 8.000000000000000000e+00 -2.400000000000000000e+01 -1.040000000000000000e+03
1.811743000000000000e+06 1.600000000000000000e+01 -3.200000000000000000e+01 -1.032000000000000000e+03
1.811783000000000000e+06 1.600000000000000000e+01 -4.000000000000000000e+01 -1.032000000000000000e+03
1.814792000000000000e+06 8.000000000000000000e+00 -2.400000000000000000e+01 -1.040000000000000000e+03
1.814832000000000000e+06 1.600000000000000000e+01 -3.200000000000000000e+01 -1.024000000000000000e+03
1.814872000000000000e+06 1.600000000000000000e+01 -2.400000000000000000e+01 -1.032000000000000000e+03
1.814912000000000000e+06 1.600000000000000000e+01 -2.400000000000000000e+01 -1.040000000000000000e+03
1.814952000000000000e+06 2.400000000000000000e+01 -2.400000000000000000e+01 -1.024000000000000000e+03
1.814992000000000000e+06 1.600000000000000000e+01 -2.400000000000000000e+01 -1.008000000000000000e+03
1.815032000000000000e+06 2.400000000000000000e+01 -2.400000000000000000e+01 -1.032000000000000000e+03
1.815072000000000000e+06 2.400000000000000000e+01 -2.400000000000000000e+01 -1.016000000000000000e+03
1.815112000000000000e+06 1.600000000000000000e+01 -2.400000000000000000e+01 -1.024000000000000000e+03
1.815152000000000000e+06 1.600000000000000000e+01 -2.400000000000000000e+01 -1.040000000000000000e+03
1.815192000000000000e+06 1.600000000000000000e+01 -2.400000000000000000e+01 -1.024000000000000000e+03
1.815232000000000000e+06 1.600000000000000000e+01 -2.400000000000000000e+01 -1.032000000000000000e+03
1.815272000000000000e+06 1.600000000000000000e+01 -2.400000000000000000e+01 -1.040000000000000000e+03
1.815312000000000000e+06 2.400000000000000000e+01 -2.400000000000000000e+01 -1.024000000000000000e+03
1.815352000000000000e+06 1.600000000000000000e+01 -2.400000000000000000e+01 -1.024000000000000000e+03
1.815392000000000000e+06 2.400000000000000000e+01 -1.600000000000000000e+01 -1.040000000000000000e+03
1.815432000000000000e+06 1.600000000000000000e+01 -2.400000000000000000e+01 -1.040000000000000000e+03
1.815472000000000000e+06 1.600000000000000000e+01 -2.400000000000000000e+01 -1.032000000000000000e+03
1.815512000000000000e+06 2.400000000000000000e+01 -3.200000000000000000e+01 -1.032000000000000000e+03
1.815552000000000000e+06 2.400000000000000000e+01 -3.200000000000000000e+01 -1.032000000000000000e+03
1.815592000000000000e+06 1.600000000000000000e+01 -2.400000000000000000e+01 -1.032000000000000000e+03
1.815632000000000000e+06 1.600000000000000000e+01 -2.400000000000000000e+01 -1.032000000000000000e+03
1.815672000000000000e+06 2.400000000000000000e+01 -2.400000000000000000e+01 -1.032000000000000000e+03
1.815712000000000000e+06 1.600000000000000000e+01 -1.600000000000000000e+01 -1.016000000000000000e+03
1.815752000000000000e+06 1.600000000000000000e+01 -1.600000000000000000e+01 -1.016000000000000000e+03
1.818759000000000000e+06 2.400000000000000000e+01 -2.400000000000000000e+01 -1.032000000000000000e+03
1.818799000000000000e+06 2.400000000000000000e+01 -4.000000000000000000e+01 -1.032000000000000000e+03
1.818839000000000000e+06 1.600000000000000000e+01 -3.200000000000000000e+01 -1.032000000000000000e+03
1.818879000000000000e+06 1.600000000000000000e+01 -2.400000000000000000e+01 -1.040000000000000000e+03
1.818919000000000000e+06 2.400000000000000000e+01 -3.200000000000000000e+01 -1.048000000000000000e+03
1.818959000000000000e+06 2.400000000000000000e+01 -3.200000000000000000e+01 -1.024000000000000000e+03
1.818999000000000000e+06 2.400000000000000000e+01 -3.200000000000000000e+01 -1.016000000000000000e+03
1.819039000000000000e+06 1.600000000000000000e+01 -3.200000000000000000e+01 -1.024000000000000000e+03
1.819079000000000000e+06 2.400000000000000000e+01 -2.400000000000000000e+01 -1.024000000000000000e+03
1.819119000000000000e+06 1.600000000000000000e+01 -2.400000000000000000e+01 -1.000000000000000000e+03
1.819159000000000000e+06 1.600000000000000000e+01 -2.400000000000000000e+01 -1.024000000000000000e+03
1.819199000000000000e+06 1.600000000000000000e+01 -2.400000000000000000e+01 -1.008000000000000000e+03
1.819239000000000000e+06 2.400000000000000000e+01 -2.400000000000000000e+01 -1.032000000000000000e+03
1.819279000000000000e+06 2.400000000000000000e+01 -2.400000000000000000e+01 -1.048000000000000000e+03
1.819319000000000000e+06 1.600000000000000000e+01 -2.400000000000000000e+01 -1.032000000000000000e+03
1.819359000000000000e+06 1.600000000000000000e+01 -2.400000000000000000e+01 -1.032000000000000000e+03
1.819399000000000000e+06 1.600000000000000000e+01 -2.400000000000000000e+01 -1.024000000000000000e+03
1.819439000000000000e+06 1.600000000000000000e+01 -2.400000000000000000e+01 -1.032000000000000000e+03
1.819479000000000000e+06 1.600000000000000000e+01 -2.400000000000000000e+01 -1.032000000000000000e+03
1.819519000000000000e+06 1.600000000000000000e+01 -2.400000000000000000e+01 -1.032000000000000000e+03
1.819559000000000000e+06 2.400000000000000000e+01 -3.200000000000000000e+01 -1.040000000000000000e+03
1.819599000000000000e+06 1.600000000000000000e+01 -2.400000000000000000e+01 -1.032000000000000000e+03
1.819639000000000000e+06 1.600000000000000000e+01 -2.400000000000000000e+01 -1.032000000000000000e+03
1.819679000000000000e+06 1.600000000000000000e+01 -2.400000000000000000e+01 -1.016000000000000000e+03
1.819719000000000000e+06 1.600000000000000000e+01 -2.400000000000000000e+01 -1.040000000000000000e+03
