7.200000000000000000e+01 -1.600000000000000000e+01 -8.000000000000000000e+00 -1.032000000000000000e+03
1.120000000000000000e+02 -8.000000000000000000e+00 -1.600000000000000000e+01 -1.032000000000000000e+03
1.520000000000000000e+02 0.000000000000000000e+00 -8.000000000000000000e+00 -1.040000000000000000e+03
1.920000000000000000e+02 0.000000000000000000e+00 -1.600000000000000000e+01 -1.040000000000000000e+03
2.320000000000000000e+02 0.000000000000000000e+00 -1.600000000000000000e+01 -1.048000000000000000e+03
2.720000000000000000e+02 8.000000000000000000e+00 -8.000000000000000000e+00 -1.040000000000000000e+03
3.120000000000000000e+02 8.000000000000000000e+00 -1.600000000000000000e+01 -1.048000000000000000e+03
3.520000000000000000e+02 1.600000000000000000e+01 -1.600000000000000000e+01 -1.040000000000000000e+03
3.920000000000000000e+02 1.600000000000000000e+01 -8.000000000000000000e+00 -1.032000000000000000e+03
4.320000000000000000e+02 2.400000000000000000e+01 -8.000000000000000000e+00 -1.040000000000000000e+03
4.720000000000000000e+02 1.600000000000000000e+01 -1.600000000000000000e+01 -1.024000000000000000e+03
5.120000000000000000e+02 1.600000000000000000e+01 -1.600000000000000000e+01 -1.032000000000000000e+03
5.520000000000000000e+02 1.600000000000000000e+01 -8.000000000000000000e+00 -1.032000000000000000e+03
5.920000000000000000e+02 8.000000000000000000e+00 -1.600000000000000000e+01 -1.032000000000000000e+03
6.320000000000000000e+02 8.000000000000000000e+00 -8.000000000000000000e+00 -1.040000000000000000e+03
6.720000000000000000e+02 8.000000000000000000e+00 -8.000000000000000000e+00 -1.048000000000000000e+03
7.120000000000000000e+02 2.400000000000000000e+01 -8.000000000000000000e+00 -1.032000000000000000e+03
7.520000000000000000e+02 1.600000000000000000e+01 -1.600000000000000000e+01 -1.032000000000000000e+03
7.920000000000000000e+02 8.000000000000000000e+00 -8.000000000000000000e+00 -1.016000000000000000e+03
8.320000000000000000e+02 1.600000000000000000e+01 -1.600000000000000000e+01 -1.024000000000000000e+03
8.720000000000000000e+02 1.600000000000000000e+01 -1.600000000000000000e+01 -1.048000000000000000e+03
9.120000000000000000e+02 1.600000000000000000e+01 -1.600000000000000000e+01 -1.040000000000000000e+03
9.520000000000000000e+02 8.000000000000000000e+00 -8.000000000000000000e+00 -1.040000000000000000e+03
9.920000000000000000e+02 8.000000000000000000e+00 -8.000000000000000000e+00 -1.032000000000000000e+03
1.032000000000000000e+03 8.000000000000000000e+00 -8.000000000000000000e+00 -1.040000000000000000e+03
1.065000000000000000e+03 8.000000000000000000e+00 -8.000000000000000000e+00 -1.016000000000000000e+03
1.105000000000000000e+03 8.000000000000000000e+00 -1.600000000000000000e+01 -1.056000000000000000e+03
1.145000000000000000e+03 1.600000000000000000e+01 0.000000000000000000e+00 -1.056000000000000000e+03
1.185000000000000000e+03 1.600000000000000000e+01 -2.400000000000000000e+01 -1.056000000000000000e+03
1.225000000000000000e+03 1.600000000000000000e+01 -3.200000000000000000e+01 -1.016000000000000000e+03
1.265000000000000000e+03 8.000000000000000000e+00 -3.200000000000000000e+01 -1.040000000000000000e+03
1.305000000000000000e+03 8.000000000000000000e+00 -1.600000000000000000e+01 -1.040000000000000000e+03
1.345000000000000000e+03 1.600000000000000000e+01 -2.400000000000000000e+01 -1.032000000000000000e+03
1.385000000000000000e+03 1.600000000000000000e+01 -1.600000000000000000e+01 -1.032000000000000000e+03
1.425000000000000000e+03 8.000000000000000000e+00 -1.600000000000000000e+01 -1.040000000000000000e+03
1.465000000000000000e+03 1.600000000000000000e+01 0.000000000000000000e+00 -1.024000000000000000e+03
1.505000000000000000e+03 1.600000000000000000e+01 -8.000000000000000000e+00 -1.016000000000000000e+03
1.545000000000000000e+03 8.000000000000000000e+00 -8.000000000000000000e+00 -1.072000000000000000e+03
1.585000000000000000e+03 1.600000000000000000e+01 -8.000000000000000000e+00 -1.048000000000000000e+03
1.625000000000000000e+03 1.600000000000000000e+01 -8.000000000000000000e+00 -1.032000000000000000e+03
1.665000000000000000e+03 1.600000000000000000e+01 -8.000000000000000000e+00 -1.032000000000000000e+03
1.705000000000000000e+03 1.600000000000000000e+01 -1.600000000000000000e+01 -1.040000000000000000e+03
1.745000000000000000e+03 1.600000000000000000e+01 0.000000000000000000e+00 -1.040000000000000000e+03
1.785000000000000000e+03 8.000000000000000000e+00 -8.000000000000000000e+00 -1.008000000000000000e+03
1.825000000000000000e+03 8.000000000000000000e+00 -1.600000000000000000e+01 -9.760000000000000000e+02
1.865000000000000000e+03 1.600000000000000000e+01 -1.600000000000000000e+01 -1.040000000000000000e+03
1.905000000000000000e+03 2.400000000000000000e+01 -4.000000000000000000e+01 -1.032000000000000000e+03
1.945000000000000000e+03 2.400000000000000000e+01 -1.600000000000000000e+01 -1.008000000000000000e+03
1.985000000000000000e+03 1.600000000000000000e+01 -8.000000000000000000e+00 -1.008000000000000000e+03
2.025000000000000000e+03 1.600000000000000000e+01 -8.000000000000000000e+00 -1.040000000000000000e+03
2.057000000000000000e+03 3.200000000000000000e+01 -8.000000000000000000e+00 -1.024000000000000000e+03
2.097000000000000000e+03 1.600000000000000000e+01 -1.600000000000000000e+01 -1.040000000000000000e+03
2.137000000000000000e+03 8.000000000000000000e+00 -1.600000000000000000e+01 -1.040000000000000000e+03
2.177000000000000000e+03 1.600000000000000000e+01 -1.600000000000000000e+01 -1.064000000000000000e+03
2.217000000000000000e+03 -8.000000000000000000e+00 -8.000000000000000000e+00 -1.048000000000000000e+03
2.257000000000000000e+03 0.000000000000000000e+00 -8.000000000000000000e+00 -1.040000000000000000e+03
2.297000000000000000e+03 3.200000000000000000e+01 -8.000000000000000000e+00 -1.040000000000000000e+03
2.337000000000000000e+03 8.000000000000000000e+00 -2.400000000000000000e+01 -1.040000000000000000e+03
2.377000000000000000e+03 3.200000000000000000e+01 -1.600000000000000000e+01 -1.048000000000000000e+03
2.417000000000000000e+03 2.400000000000000000e+01 -8.000000000000000000e+00 -1.080000000000000000e+03
2.457000000000000000e+03 1.600000000000000000e+01 -8.000000000000000000e+00 -1.040000000000000000e+03
2.497000000000000000e+03 -8.000000000000000000e+00 -8.000000000000000000e+00 -1.072000000000000000e+03
2.537000000000000000e+03 3.200000000000000000e+01 -1.600000000000000000e+01 -1.064000000000000000e+03
2.577000000000000000e+03 2.400000000000000000e+01 -3.200000000000000000e+01 -1.024000000000000000e+03
2.617000000000000000e+03 1.600000000000000000e+01 -8.000000000000000000e+00 -1.016000000000000000e+03
2.657000000000000000e+03 8.000000000000000000e+00 -3.200000000000000000e+01 -1.064000000000000000e+03
2.697000000000000000e+03 0.000000000000000000e+00 -2.400000000000000000e+01 -1.032000000000000000e+03
2.737000000000000000e+03 8.000000000000000000e+00 -1.600000000000000000e+01 -1.048000000000000000e+03
2.777000000000000000e+03 8.000000000000000000e+00 -1.600000000000000000e+01 -1.016000000000000000e+03
2.817000000000000000e+03 1.600000000000000000e+01 -1.600000000000000000e+01 -1.032000000000000000e+03
2.857000000000000000e+03 1.600000000000000000e+01 -1.600000000000000000e+01 -1.032000000000000000e+03
2.897000000000000000e+03 -8.000000000000000000e+00 -1.600000000000000000e+01 -1.080000000000000000e+03
2.937000000000000000e+03 0.000000000000000000e+00 -1.600000000000000000e+01 -1.032000000000000000e+03
2.977000000000000000e+03 0.000000000000000000e+00 -8.000000000000000000e+00 -1.032000000000000000e+03
3.017000000000000000e+03 0.000000000000000000e+00 -8.000000000000000000e+00 -1.080000000000000000e+03
3.049000000000000000e+03 -8.000000000000000000e+00 0.000000000000000000e+00 -1.032000000000000000e+03
3.089000000000000000e+03 8.000000000000000000e+00 -8.000000000000000000e+00 -1.040000000000000000e+03
3.129000000000000000e+03 8.000000000000000000e+00 -8.000000000000000000e+00 -9.600000000000000000e+02
3.169000000000000000e+03 3.200000000000000000e+01 -8.000000000000000000e+00 -1.064000000000000000e+03
3.209000000000000000e+03 3.200000000000000000e+01 -8.000000000000000000e+00 -1.048000000000000000e+03
3.249000000000000000e+03 2.400000000000000000e+01 0.000000000000000000e+00 -1.008000000000000000e+03
3.289000000000000000e+03 4.000000000000000000e+01 0.000000000000000000e+00 -1.032000000000000000e+03
3.329000000000000000e+03 8.000000000000000000e+00 -8.000000000000000000e+00 -1.048000000000000000e+03
3.369000000000000000e+03 1.600000000000000000e+01 -8.000000000000000000e+00 -1.048000000000000000e+03
3.409000000000000000e+03 -8.000000000000000000e+00 -2.400000000000000000e+01 -1.032000000000000000e+03
3.449000000000000000e+03 0.000000000000000000e+00 -1.600000000000000000e+01 -1.024000000000000000e+03
3.489000000000000000e+03 1.600000000000000000e+01 8.000000000000000000e+00 -1.048000000000000000e+03
3.529000000000000000e+03 1.600000000000000000e+01 0.000000000000000000e+00 -1.056000000000000000e+03
3.569000000000000000e+03 8.000000000000000000e+00 0.000000000000000000e+00 -1.048000000000000000e+03
3.609000000000000000e+03 8.000000000000000000e+00 -8.000000000000000000e+00 -1.040000000000000000e+03
3.649000000000000000e+03 8.000000000000000000e+00 -1.600000000000000000e+01 -1.048000000000000000e+03
3.689000000000000000e+03 1.600000000000000000e+01 -8.000000000000000000e+00 -1.048000000000000000e+03
3.729000000000000000e+03 2.400000000000000000e+01 -8.000000000000000000e+00 -1.032000000000000000e+03
3.769000000000000000e+03 2.400000000000000000e+01 -8.000000000000000000e+00 -1.024000000000000000e+03
3.809000000000000000e+03 2.400000000000000000e+01 -8.000000000000000000e+00 -1.024000000000000000e+03
3.849000000000000000e+03 1.600000000000000000e+01 -8.000000000000000000e+00 -1.056000000000000000e+03
3.889000000000000000e+03 1.600000000000000000e+01 -8.000000000000000000e+00 -1.032000000000000000e+03
3.929000000000000000e+03 8.000000000000000000e+00 -8.000000000000000000e+00 -1.040000000000000000e+03
3.969000000000000000e+03 2.400000000000000000e+01 -8.000000000000000000e+00 -1.032000000000000000e+03
4.009000000000000000e+03 2.400000000000000000e+01 -8.000000000000000000e+00 -1.024000000000000000e+03
4.041000000000000000e+03 1.600000000000000000e+01 -8.000000000000000000e+00 -1.048000000000000000e+03
4.081000000000000000e+03 1.600000000000000000e+01 -8.000000000000000000e+00 -1.072000000000000000e+03
4.121000000000000000e+03 1.600000000000000000e+01 -1.600000000000000000e+01 -1.024000000000000000e+03
4.161000000000000000e+03 8.000000000000000000e+00 -8.000000000000000000e+00 -1.016000000000000000e+03
4.201000000000000000e+03 -8.000000000000000000e+00 -2.400000000000000000e+01 -1.048000000000000000e+03
4.241000000000000000e+03 8.000000000000000000e+00 -1.600000000000000000e+01 -1.056000000000000000e+03
4.281000000000000000e+03 8.000000000000000000e+00 0.000000000000000000e+00 -1.032000000000000000e+03
4.321000000000000000e+03 8.000000000000000000e+00 -8.000000000000000000e+00 -1.040000000000000000e+03
4.361000000000000000e+03 8.000000000000000000e+00 -8.000000000000000000e+00 -1.040000000000000000e+03
4.401000000000000000e+03 8.000000000000000000e+00 -1.600000000000000000e+01 -1.040000000000000000e+03
4.441000000000000000e+03 8.000000000000000000e+00 -1.600000000000000000e+01 -1.040000000000000000e+03
4.481000000000000000e+03 0.000000000000000000e+00 -3.200000000000000000e+01 -1.040000000000000000e+03
4.521000000000000000e+03 1.600000000000000000e+01 -4.000000000000000000e+01 -1.032000000000000000e+03
4.561000000000000000e+03 1.600000000000000000e+01 -3.200000000000000000e+01 -1.008000000000000000e+03
4.601000000000000000e+03 1.600000000000000000e+01 -2.400000000000000000e+01 -1.032000000000000000e+03
4.641000000000000000e+03 2.400000000000000000e+01 -1.600000000000000000e+01 -1.040000000000000000e+03
4.681000000000000000e+03 1.600000000000000000e+01 -1.600000000000000000e+01 -1.040000000000000000e+03
4.721000000000000000e+03 8.000000000000000000e+00 -8.000000000000000000e+00 -1.040000000000000000e+03
4.761000000000000000e+03 8.000000000000000000e+00 -1.600000000000000000e+01 -1.032000000000000000e+03
4.801000000000000000e+03 1.600000000000000000e+01 -8.000000000000000000e+00 -1.032000000000000000e+03
4.841000000000000000e+03 1.600000000000000000e+01 -1.600000000000000000e+01 -1.056000000000000000e+03
4.881000000000000000e+03 1.600000000000000000e+01 -1.600000000000000000e+01 -1.048000000000000000e+03
4.921000000000000000e+03 8.000000000000000000e+00 -1.600000000000000000e+01 -1.040000000000000000e+03
4.961000000000000000e+03 8.000000000000000000e+00 -1.600000000000000000e+01 -1.032000000000000000e+03
5.001000000000000000e+03 8.000000000000000000e+00 -8.000000000000000000e+00 -1.032000000000000000e+03
5.033000000000000000e+03 8.000000000000000000e+00 -1.600000000000000000e+01 -1.040000000000000000e+03
5.073000000000000000e+03 1.600000000000000000e+01 0.000000000000000000e+00 -1.040000000000000000e+03
5.113000000000000000e+03 2.400000000000000000e+01 0.000000000000000000e+00 -1.056000000000000000e+03
5.153000000000000000e+03 2.400000000000000000e+01 -8.000000000000000000e+00 -9.920000000000000000e+02
5.193000000000000000e+03 1.600000000000000000e+01 -8.000000000000000000e+00 -1.040000000000000000e+03
5.233000000000000000e+03 1.600000000000000000e+01 0.000000000000000000e+00 -1.016000000000000000e+03
5.273000000000000000e+03 1.600000000000000000e+01 -8.000000000000000000e+00 -1.016000000000000000e+03
5.313000000000000000e+03 1.600000000000000000e+01 -8.000000000000000000e+00 -1.064000000000000000e+03
5.353000000000000000e+03 1.600000000000000000e+01 0.000000000000000000e+00 -1.040000000000000000e+03
5.393000000000000000e+03 1.600000000000000000e+01 -8.000000000000000000e+00 -1.040000000000000000e+03
5.433000000000000000e+03 4.000000000000000000e+01 -8.000000000000000000e+00 -1.056000000000000000e+03
5.473000000000000000e+03 2.400000000000000000e+01 -8.000000000000000000e+00 -1.056000000000000000e+03
5.513000000000000000e+03 1.600000000000000000e+01 -8.000000000000000000e+00 -1.032000000000000000e+03
5.553000000000000000e+03 1.600000000000000000e+01 -8.000000000000000000e+00 -1.048000000000000000e+03
5.593000000000000000e+03 1.600000000000000000e+01 -1.600000000000000000e+01 -1.064000000000000000e+03
5.633000000000000000e+03 3.200000000000000000e+01 -8.000000000000000000e+00 -1.032000000000000000e+03
5.673000000000000000e+03 3.200000000000000000e+01 -8.000000000000000000e+00 -1.040000000000000000e+03
5.713000000000000000e+03 1.600000000000000000e+01 -1.600000000000000000e+01 -1.040000000000000000e+03
5.753000000000000000e+03 1.600000000000000000e+01 -1.600000000000000000e+01 -1.040000000000000000e+03
5.793000000000000000e+03 8.000000000000000000e+00 -1.600000000000000000e+01 -1.016000000000000000e+03
5.833000000000000000e+03 1.600000000000000000e+01 -8.000000000000000000e+00 -1.008000000000000000e+03
5.873000000000000000e+03 -2.400000000000000000e+01 0.000000000000000000e+00 -1.072000000000000000e+03
5.913000000000000000e+03 8.000000000000000000e+00 -8.000000000000000000e+00 -1.056000000000000000e+03
5.953000000000000000e+03 1.600000000000000000e+01 -8.000000000000000000e+00 -1.048000000000000000e+03
5.993000000000000000e+03 8.000000000000000000e+00 -8.000000000000000000e+00 -1.016000000000000000e+03
6.026000000000000000e+03 0.000000000000000000e+00 8.000000000000000000e+00 -1.032000000000000000e+03
6.066000000000000000e+03 8.000000000000000000e+00 0.000000000000000000e+00 -1.032000000000000000e+03
6.106000000000000000e+03 -4.000000000000000000e+01 -8.000000000000000000e+00 -1.048000000000000000e+03
6.146000000000000000e+03 -1.600000000000000000e+01 8.000000000000000000e+00 -1.008000000000000000e+03
6.186000000000000000e+03 -2.400000000000000000e+01 -8.000000000000000000e+00 -1.024000000000000000e+03
6.226000000000000000e+03 -8.000000000000000000e+00 -1.600000000000000000e+01 -1.048000000000000000e+03
6.266000000000000000e+03 0.000000000000000000e+00 -1.600000000000000000e+01 -1.032000000000000000e+03
6.306000000000000000e+03 8.000000000000000000e+00 -1.600000000000000000e+01 -1.040000000000000000e+03
6.346000000000000000e+03 8.000000000000000000e+00 -8.000000000000000000e+00 -1.064000000000000000e+03
6.386000000000000000e+03 8.000000000000000000e+00 -8.000000000000000000e+00 -1.024000000000000000e+03
6.426000000000000000e+03 8.000000000000000000e+00 -8.000000000000000000e+00 -1.008000000000000000e+03
6.466000000000000000e+03 8.000000000000000000e+00 -8.000000000000000000e+00 -1.008000000000000000e+03
6.506000000000000000e+03 8.000000000000000000e+00 -8.000000000000000000e+00 -1.032000000000000000e+03
6.546000000000000000e+03 1.600000000000000000e+01 -1.600000000000000000e+01 -1.064000000000000000e+03
6.586000000000000000e+03 8.000000000000000000e+00 -1.600000000000000000e+01 -1.048000000000000000e+03
6.626000000000000000e+03 8.000000000000000000e+00 -1.600000000000000000e+01 -1.040000000000000000e+03
6.666000000000000000e+03 8.000000000000000000e+00 -1.600000000000000000e+01 -1.032000000000000000e+03
6.706000000000000000e+03 1.600000000000000000e+01 -1.600000000000000000e+01 -1.040000000000000000e+03
6.746000000000000000e+03 1.600000000000000000e+01 -8.000000000000000000e+00 -1.056000000000000000e+03
6.786000000000000000e+03 1.600000000000000000e+01 -1.600000000000000000e+01 -1.032000000000000000e+03
6.826000000000000000e+03 8.000000000000000000e+00 -1.600000000000000000e+01 -1.040000000000000000e+03
6.866000000000000000e+03 1.600000000000000000e+01 -1.600000000000000000e+01 -1.040000000000000000e+03
6.906000000000000000e+03 1.600000000000000000e+01 -1.600000000000000000e+01 -1.016000000000000000e+03
6.946000000000000000e+03 8.000000000000000000e+00 -1.600000000000000000e+01 -1.032000000000000000e+03
6.986000000000000000e+03 1.600000000000000000e+01 -1.600000000000000000e+01 -1.024000000000000000e+03
7.018000000000000000e+03 1.600000000000000000e+01 -8.000000000000000000e+00 -1.040000000000000000e+03
7.058000000000000000e+03 0.000000000000000000e+00 -1.600000000000000000e+01 -1.032000000000000000e+03
7.098000000000000000e+03 8.000000000000000000e+00 0.000000000000000000e+00 -1.056000000000000000e+03
7.138000000000000000e+03 2.400000000000000000e+01 8.000000000000000000e+00 -1.040000000000000000e+03
7.178000000000000000e+03 1.600000000000000000e+01 8.000000000000000000e+00 -1.024000000000000000e+03
7.218000000000000000e+03 1.600000000000000000e+01 -2.400000000000000000e+01 -1.024000000000000000e+03
7.258000000000000000e+03 1.600000000000000000e+01 -2.400000000000000000e+01 -1.016000000000000000e+03
7.298000000000000000e+03 8.000000000000000000e+00 -1.600000000000000000e+01 -1.032000000000000000e+03
7.338000000000000000e+03 1.600000000000000000e+01 -1.600000000000000000e+01 -1.048000000000000000e+03
7.378000000000000000e+03 1.600000000000000000e+01 -1.600000000000000000e+01 -1.040000000000000000e+03
7.418000000000000000e+03 8.000000000000000000e+00 8.000000000000000000e+00 -1.032000000000000000e+03
7.458000000000000000e+03 8.000000000000000000e+00 0.000000000000000000e+00 -1.016000000000000000e+03
7.498000000000000000e+03 2.400000000000000000e+01 0.000000000000000000e+00 -1.032000000000000000e+03
7.538000000000000000e+03 3.200000000000000000e+01 -8.000000000000000000e+00 -1.048000000000000000e+03
7.578000000000000000e+03 2.400000000000000000e+01 -1.600000000000000000e+01 -1.040000000000000000e+03
7.618000000000000000e+03 1.600000000000000000e+01 0.000000000000000000e+00 -1.048000000000000000e+03
7.658000000000000000e+03 1.600000000000000000e+01 0.000000000000000000e+00 -1.024000000000000000e+03
7.698000000000000000e+03 1.600000000000000000e+01 0.000000000000000000e+00 -1.008000000000000000e+03
7.738000000000000000e+03 1.600000000000000000e+01 0.000000000000000000e+00 -1.040000000000000000e+03
7.778000000000000000e+03 3.200000000000000000e+01 -2.400000000000000000e+01 -1.048000000000000000e+03
7.818000000000000000e+03 3.200000000000000000e+01 -1.600000000000000000e+01 -1.040000000000000000e+03
7.858000000000000000e+03 2.400000000000000000e+01 -1.600000000000000000e+01 -9.680000000000000000e+02
7.898000000000000000e+03 1.600000000000000000e+01 -1.600000000000000000e+01 -1.024000000000000000e+03
7.938000000000000000e+03 2.400000000000000000e+01 -1.600000000000000000e+01 -1.024000000000000000e+03
7.978000000000000000e+03 1.600000000000000000e+01 -1.600000000000000000e+01 -1.024000000000000000e+03
8.011000000000000000e+03 1.600000000000000000e+01 -1.600000000000000000e+01 -1.040000000000000000e+03
8.051000000000000000e+03 1.600000000000000000e+01 0.000000000000000000e+00 -1.056000000000000000e+03
8.091000000000000000e+03 8.000000000000000000e+00 -1.600000000000000000e+01 -1.040000000000000000e+03
8.131000000000000000e+03 2.400000000000000000e+01 -8.000000000000000000e+00 -1.040000000000000000e+03
8.171000000000000000e+03 8.000000000000000000e+00 -1.600000000000000000e+01 -1.024000000000000000e+03
8.211000000000000000e+03 8.000000000000000000e+00 -1.600000000000000000e+01 -1.032000000000000000e+03
8.251000000000000000e+03 2.400000000000000000e+01 -8.000000000000000000e+00 -1.040000000000000000e+03
8.291000000000000000e+03 1.600000000000000000e+01 -8.000000000000000000e+00 -1.032000000000000000e+03
8.331000000000000000e+03 8.000000000000000000e+00 -8.000000000000000000e+00 -1.032000000000000000e+03
8.371000000000000000e+03 8.000000000000000000e+00 -1.600000000000000000e+01 -1.040000000000000000e+03
8.411000000000000000e+03 8.000000000000000000e+00 -8.000000000000000000e+00 -1.040000000000000000e+03
8.451000000000000000e+03 1.600000000000000000e+01 0.000000000000000000e+00 -1.040000000000000000e+03
8.491000000000000000e+03 1.600000000000000000e+01 -8.000000000000000000e+00 -1.080000000000000000e+03
8.531000000000000000e+03 8.000000000000000000e+00 -1.600000000000000000e+01 -1.048000000000000000e+03
8.571000000000000000e+03 8.000000000000000000e+00 -8.000000000000000000e+00 -1.048000000000000000e+03
8.611000000000000000e+03 1.600000000000000000e+01 -1.600000000000000000e+01 -1.048000000000000000e+03
8.651000000000000000e+03 0.000000000000000000e+00 -1.600000000000000000e+01 -1.032000000000000000e+03
8.691000000000000000e+03 1.600000000000000000e+01 -8.000000000000000000e+00 -1.024000000000000000e+03
8.731000000000000000e+03 8.000000000000000000e+00 -1.600000000000000000e+01 -1.056000000000000000e+03
8.771000000000000000e+03 1.600000000000000000e+01 -1.600000000000000000e+01 -1.048000000000000000e+03
8.811000000000000000e+03 0.000000000000000000e+00 -1.600000000000000000e+01 -1.040000000000000000e+03
8.851000000000000000e+03 8.000000000000000000e+00 -1.600000000000000000e+01 -1.040000000000000000e+03
8.891000000000000000e+03 8.000000000000000000e+00 -8.000000000000000000e+00 -1.032000000000000000e+03
8.931000000000000000e+03 8.000000000000000000e+00 -1.600000000000000000e+01 -1.040000000000000000e+03
8.971000000000000000e+03 8.000000000000000000e+00 -1.600000000000000000e+01 -1.024000000000000000e+03
9.003000000000000000e+03 8.000000000000000000e+00 -1.600000000000000000e+01 -1.048000000000000000e+03
9.043000000000000000e+03 3.200000000000000000e+01 -8.000000000000000000e+00 -1.040000000000000000e+03
9.083000000000000000e+03 8.000000000000000000e+00 -1.600000000000000000e+01 -1.024000000000000000e+03
9.123000000000000000e+03 1.600000000000000000e+01 -1.600000000000000000e+01 -1.056000000000000000e+03
9.163000000000000000e+03 0.000000000000000000e+00 -8.000000000000000000e+00 -1.040000000000000000e+03
9.203000000000000000e+03 0.000000000000000000e+00 -8.000000000000000000e+00 -1.056000000000000000e+03
9.243000000000000000e+03 8.000000000000000000e+00 -8.000000000000000000e+00 -1.032000000000000000e+03
9.283000000000000000e+03 8.000000000000000000e+00 -1.600000000000000000e+01 -1.040000000000000000e+03
9.323000000000000000e+03 8.000000000000000000e+00 -8.000000000000000000e+00 -1.056000000000000000e+03
9.363000000000000000e+03 1.600000000000000000e+01 -1.600000000000000000e+01 -1.064000000000000000e+03
9.403000000000000000e+03 1.600000000000000000e+01 -1.600000000000000000e+01 -1.032000000000000000e+03
9.443000000000000000e+03 1.600000000000000000e+01 -2.400000000000000000e+01 -1.040000000000000000e+03
9.483000000000000000e+03 0.000000000000000000e+00 -1.600000000000000000e+01 -1.048000000000000000e+03
9.523000000000000000e+03 8.000000000000000000e+00 -1.600000000000000000e+01 -1.032000000000000000e+03
9.563000000000000000e+03 1.600000000000000000e+01 -1.600000000000000000e+01 -1.040000000000000000e+03
9.603000000000000000e+03 1.600000000000000000e+01 -2.400000000000000000e+01 -1.040000000000000000e+03
9.643000000000000000e+03 8.000000000000000000e+00 -1.600000000000000000e+01 -1.032000000000000000e+03
9.683000000000000000e+03 2.400000000000000000e+01 -2.400000000000000000e+01 -1.064000000000000000e+03
9.723000000000000000e+03 1.600000000000000000e+01 -2.400000000000000000e+01 -1.024000000000000000e+03
9.763000000000000000e+03 8.000000000000000000e+00 -8.000000000000000000e+00 -1.024000000000000000e+03
9.803000000000000000e+03 1.600000000000000000e+01 -8.000000000000000000e+00 -1.040000000000000000e+03
9.843000000000000000e+03 8.000000000000000000e+00 -1.600000000000000000e+01 -1.048000000000000000e+03
9.883000000000000000e+03 1.600000000000000000e+01 -1.600000000000000000e+01 -1.032000000000000000e+03
9.923000000000000000e+03 1.600000000000000000e+01 -1.600000000000000000e+01 -1.048000000000000000e+03
9.963000000000000000e+03 1.600000000000000000e+01 -1.600000000000000000e+01 -1.008000000000000000e+03
9.995000000000000000e+03 8.000000000000000000e+00 -8.000000000000000000e+00 -1.032000000000000000e+03
1.003500000000000000e+04 0.000000000000000000e+00 -8.000000000000000000e+00 -1.032000000000000000e+03
1.007500000000000000e+04 0.000000000000000000e+00 -1.600000000000000000e+01 -1.032000000000000000e+03
1.011500000000000000e+04 8.000000000000000000e+00 -8.000000000000000000e+00 -1.000000000000000000e+03
1.015500000000000000e+04 8.000000000000000000e+00 -8.000000000000000000e+00 -1.112000000000000000e+03
1.019500000000000000e+04 8.000000000000000000e+00 -1.600000000000000000e+01 -9.920000000000000000e+02
1.023500000000000000e+04 -1.600000000000000000e+01 -1.600000000000000000e+01 -1.080000000000000000e+03
1.027500000000000000e+04 0.000000000000000000e+00 -2.400000000000000000e+01 -1.048000000000000000e+03
1.031500000000000000e+04 8.000000000000000000e+00 -2.400000000000000000e+01 -1.024000000000000000e+03
1.035500000000000000e+04 -8.000000000000000000e+00 -1.600000000000000000e+01 -1.000000000000000000e+03
1.039500000000000000e+04 0.000000000000000000e+00 -1.600000000000000000e+01 -1.080000000000000000e+03
1.043500000000000000e+04 -3.200000000000000000e+01 -1.600000000000000000e+01 -1.032000000000000000e+03
1.047500000000000000e+04 -8.000000000000000000e+00 -2.400000000000000000e+01 -9.920000000000000000e+02
1.051500000000000000e+04 0.000000000000000000e+00 -1.600000000000000000e+01 -1.024000000000000000e+03
1.055500000000000000e+04 -1.600000000000000000e+01 -1.600000000000000000e+01 -1.056000000000000000e+03
1.059500000000000000e+04 0.000000000000000000e+00 -1.600000000000000000e+01 -1.032000000000000000e+03
1.063500000000000000e+04 0.000000000000000000e+00 -1.600000000000000000e+01 -1.040000000000000000e+03
1.067500000000000000e+04 2.400000000000000000e+01 -1.600000000000000000e+01 -1.048000000000000000e+03
1.071500000000000000e+04 8.000000000000000000e+00 -1.600000000000000000e+01 -1.016000000000000000e+03
1.075500000000000000e+04 8.000000000000000000e+00 -1.600000000000000000e+01 -1.024000000000000000e+03
1.079500000000000000e+04 8.000000000000000000e+00 -1.600000000000000000e+01 -1.024000000000000000e+03
1.083500000000000000e+04 8.000000000000000000e+00 -3.200000000000000000e+01 -1.064000000000000000e+03
1.087500000000000000e+04 8.000000000000000000e+00 -2.400000000000000000e+01 -1.048000000000000000e+03
1.091500000000000000e+04 8.000000000000000000e+00 -1.600000000000000000e+01 -1.040000000000000000e+03
1.095500000000000000e+04 0.000000000000000000e+00 -8.000000000000000000e+00 -1.032000000000000000e+03
1.098700000000000000e+04 -8.000000000000000000e+00 -8.000000000000000000e+00 -1.000000000000000000e+03
1.102700000000000000e+04 0.000000000000000000e+00 -8.000000000000000000e+00 -1.048000000000000000e+03
1.106700000000000000e+04 1.600000000000000000e+01 -1.600000000000000000e+01 -1.040000000000000000e+03
1.110700000000000000e+04 1.600000000000000000e+01 -1.600000000000000000e+01 -1.040000000000000000e+03
1.114700000000000000e+04 2.400000000000000000e+01 -8.000000000000000000e+00 -1.016000000000000000e+03
1.118700000000000000e+04 1.600000000000000000e+01 -1.600000000000000000e+01 -1.032000000000000000e+03
1.122700000000000000e+04 1.600000000000000000e+01 -8.000000000000000000e+00 -1.032000000000000000e+03
1.126700000000000000e+04 8.000000000000000000e+00 -1.600000000000000000e+01 -1.024000000000000000e+03
1.130700000000000000e+04 8.000000000000000000e+00 -1.600000000000000000e+01 -1.032000000000000000e+03
1.134700000000000000e+04 0.000000000000000000e+00 -1.600000000000000000e+01 -1.048000000000000000e+03
1.138700000000000000e+04 8.000000000000000000e+00 -2.400000000000000000e+01 -1.024000000000000000e+03
1.142700000000000000e+04 8.000000000000000000e+00 -8.000000000000000000e+00 -1.024000000000000000e+03
1.146700000000000000e+04 8.000000000000000000e+00 0.000000000000000000e+00 -1.024000000000000000e+03
1.150700000000000000e+04 8.000000000000000000e+00 -8.000000000000000000e+00 -1.032000000000000000e+03
1.154700000000000000e+04 0.000000000000000000e+00 -8.000000000000000000e+00 -1.064000000000000000e+03
1.158700000000000000e+04 8.000000000000000000e+00 -1.600000000000000000e+01 -1.048000000000000000e+03
1.162700000000000000e+04 8.000000000000000000e+00 -8.000000000000000000e+00 -1.000000000000000000e+03
1.166700000000000000e+04 1.600000000000000000e+01 -1.600000000000000000e+01 -1.040000000000000000e+03
1.170700000000000000e+04 8.000000000000000000e+00 -1.600000000000000000e+01 -1.040000000000000000e+03
1.174700000000000000e+04 0.000000000000000000e+00 -2.400000000000000000e+01 -1.048000000000000000e+03
1.178700000000000000e+04 1.600000000000000000e+01 -1.600000000000000000e+01 -1.024000000000000000e+03
1.182700000000000000e+04 1.600000000000000000e+01 -1.600000000000000000e+01 -1.048000000000000000e+03
1.186700000000000000e+04 8.000000000000000000e+00 -1.600000000000000000e+01 -1.032000000000000000e+03
1.190700000000000000e+04 1.600000000000000000e+01 -1.600000000000000000e+01 -1.048000000000000000e+03
1.194700000000000000e+04 8.000000000000000000e+00 -1.600000000000000000e+01 -1.032000000000000000e+03
1.198000000000000000e+04 8.000000000000000000e+00 -1.600000000000000000e+01 -1.040000000000000000e+03
1.202000000000000000e+04 8.000000000000000000e+00 -8.000000000000000000e+00 -1.040000000000000000e+03
1.206000000000000000e+04 4.000000000000000000e+01 -2.400000000000000000e+01 -1.040000000000000000e+03
1.210000000000000000e+04 1.600000000000000000e+01 -4.000000000000000000e+01 -1.024000000000000000e+03
1.214000000000000000e+04 1.600000000000000000e+01 -3.200000000000000000e+01 -1.024000000000000000e+03
1.218000000000000000e+04 1.600000000000000000e+01 -2.400000000000000000e+01 -1.048000000000000000e+03
1.222000000000000000e+04 2.400000000000000000e+01 -2.400000000000000000e+01 -1.040000000000000000e+03
1.226000000000000000e+04 2.400000000000000000e+01 -1.600000000000000000e+01 -1.024000000000000000e+03
1.230000000000000000e+04 1.600000000000000000e+01 -1.600000000000000000e+01 -1.016000000000000000e+03
1.234000000000000000e+04 1.600000000000000000e+01 0.000000000000000000e+00 -1.056000000000000000e+03
1.238000000000000000e+04 1.600000000000000000e+01 -1.600000000000000000e+01 -1.016000000000000000e+03
1.242000000000000000e+04 1.600000000000000000e+01 -1.600000000000000000e+01 -1.040000000000000000e+03
1.246000000000000000e+04 1.600000000000000000e+01 -1.600000000000000000e+01 -1.000000000000000000e+03
1.250000000000000000e+04 1.600000000000000000e+01 -1.600000000000000000e+01 -1.040000000000000000e+03
1.254000000000000000e+04 1.600000000000000000e+01 -8.000000000000000000e+00 -1.032000000000000000e+03
1.258000000000000000e+04 1.600000000000000000e+01 -1.600000000000000000e+01 -1.016000000000000000e+03
1.262000000000000000e+04 8.000000000000000000e+00 -8.000000000000000000e+00 -1.040000000000000000e+03
1.266000000000000000e+04 8.000000000000000000e+00 -1.600000000000000000e+01 -1.032000000000000000e+03
1.270000000000000000e+04 1.600000000000000000e+01 -1.600000000000000000e+01 -1.040000000000000000e+03
1.274000000000000000e+04 1.600000000000000000e+01 -1.600000000000000000e+01 -1.000000000000000000e+03
1.278000000000000000e+04 1.600000000000000000e+01 -1.600000000000000000e+01 -1.032000000000000000e+03
1.282000000000000000e+04 1.600000000000000000e+01 -1.600000000000000000e+01 -1.032000000000000000e+03
1.286000000000000000e+04 1.600000000000000000e+01 -8.000000000000000000e+00 -1.024000000000000000e+03
1.290000000000000000e+04 1.600000000000000000e+01 -1.600000000000000000e+01 -1.040000000000000000e+03
1.294000000000000000e+04 1.600000000000000000e+01 -1.600000000000000000e+01 -1.032000000000000000e+03
1.297200000000000000e+04 8.000000000000000000e+00 -8.000000000000000000e+00 -1.040000000000000000e+03
1.301200000000000000e+04 0.000000000000000000e+00 -8.000000000000000000e+00 -1.064000000000000000e+03
1.305200000000000000e+04 8.000000000000000000e+00 -1.600000000000000000e+01 -1.008000000000000000e+03
1.309200000000000000e+04 8.000000000000000000e+00 -2.400000000000000000e+01 -1.040000000000000000e+03
1.313200000000000000e+04 8.000000000000000000e+00 -1.600000000000000000e+01 -1.040000000000000000e+03
1.317200000000000000e+04 1.600000000000000000e+01 -1.600000000000000000e+01 -1.048000000000000000e+03
1.321200000000000000e+04 1.600000000000000000e+01 -1.600000000000000000e+01 -1.048000000000000000e+03
1.325200000000000000e+04 1.600000000000000000e+01 -1.600000000000000000e+01 -1.032000000000000000e+03
1.329200000000000000e+04 1.600000000000000000e+01 -8.000000000000000000e+00 -1.024000000000000000e+03
1.333200000000000000e+04 8.000000000000000000e+00 -8.000000000000000000e+00 -1.040000000000000000e+03
1.337200000000000000e+04 8.000000000000000000e+00 -1.600000000000000000e+01 -1.048000000000000000e+03
1.341200000000000000e+04 1.600000000000000000e+01 -1.600000000000000000e+01 -1.024000000000000000e+03
1.345200000000000000e+04 8.000000000000000000e+00 -1.600000000000000000e+01 -1.040000000000000000e+03
1.349200000000000000e+04 8.000000000000000000e+00 -1.600000000000000000e+01 -1.040000000000000000e+03
1.353200000000000000e+04 1.600000000000000000e+01 -8.000000000000000000e+00 -1.040000000000000000e+03
1.357200000000000000e+04 8.000000000000000000e+00 -8.000000000000000000e+00 -1.024000000000000000e+03
1.361200000000000000e+04 1.600000000000000000e+01 -8.000000000000000000e+00 -1.048000000000000000e+03
1.365200000000000000e+04 8.000000000000000000e+00 -8.000000000000000000e+00 -1.016000000000000000e+03
1.369200000000000000e+04 3.200000000000000000e+01 -4.000000000000000000e+01 -9.920000000000000000e+02
1.373200000000000000e+04 2.400000000000000000e+01 -2.400000000000000000e+01 -1.064000000000000000e+03
1.377200000000000000e+04 1.600000000000000000e+01 -2.400000000000000000e+01 -1.056000000000000000e+03
1.381200000000000000e+04 8.000000000000000000e+00 -8.000000000000000000e+00 -1.040000000000000000e+03
1.385200000000000000e+04 1.600000000000000000e+01 -3.200000000000000000e+01 -1.056000000000000000e+03
1.389200000000000000e+04 1.600000000000000000e+01 -1.600000000000000000e+01 -1.072000000000000000e+03
1.393200000000000000e+04 8.000000000000000000e+00 -2.400000000000000000e+01 -1.016000000000000000e+03
1.396400000000000000e+04 2.400000000000000000e+01 -1.600000000000000000e+01 -1.024000000000000000e+03
1.400400000000000000e+04 2.400000000000000000e+01 -3.200000000000000000e+01 -1.008000000000000000e+03
1.404400000000000000e+04 0.000000000000000000e+00 -2.400000000000000000e+01 -1.024000000000000000e+03
1.408400000000000000e+04 -8.000000000000000000e+00 -8.000000000000000000e+00 -1.024000000000000000e+03
1.412400000000000000e+04 0.000000000000000000e+00 -8.000000000000000000e+00 -1.024000000000000000e+03
1.416400000000000000e+04 8.000000000000000000e+00 -1.600000000000000000e+01 -1.032000000000000000e+03
1.420400000000000000e+04 1.600000000000000000e+01 -3.200000000000000000e+01 -1.016000000000000000e+03
1.424400000000000000e+04 8.000000000000000000e+00 -2.400000000000000000e+01 -1.024000000000000000e+03
1.428400000000000000e+04 1.600000000000000000e+01 -2.400000000000000000e+01 -9.600000000000000000e+02
1.432400000000000000e+04 1.600000000000000000e+01 -8.000000000000000000e+00 -1.056000000000000000e+03
1.436400000000000000e+04 8.000000000000000000e+00 -8.000000000000000000e+00 -1.032000000000000000e+03
1.440400000000000000e+04 1.600000000000000000e+01 0.000000000000000000e+00 -1.032000000000000000e+03
1.444400000000000000e+04 8.000000000000000000e+00 0.000000000000000000e+00 -1.048000000000000000e+03
1.448400000000000000e+04 0.000000000000000000e+00 -8.000000000000000000e+00 -1.032000000000000000e+03
1.452400000000000000e+04 0.000000000000000000e+00 -2.400000000000000000e+01 -1.032000000000000000e+03
1.456400000000000000e+04 8.000000000000000000e+00 -4.000000000000000000e+01 -1.040000000000000000e+03
1.460400000000000000e+04 8.000000000000000000e+00 -2.400000000000000000e+01 -1.024000000000000000e+03
1.464400000000000000e+04 1.600000000000000000e+01 -1.600000000000000000e+01 -1.040000000000000000e+03
1.468400000000000000e+04 1.600000000000000000e+01 -1.600000000000000000e+01 -1.040000000000000000e+03
1.472400000000000000e+04 1.600000000000000000e+01 -1.600000000000000000e+01 -1.032000000000000000e+03
1.476400000000000000e+04 0.000000000000000000e+00 -1.600000000000000000e+01 -1.048000000000000000e+03
1.480400000000000000e+04 0.000000000000000000e+00 -1.600000000000000000e+01 -1.048000000000000000e+03
1.484400000000000000e+04 8.000000000000000000e+00 -1.600000000000000000e+01 -1.032000000000000000e+03
1.488400000000000000e+04 8.000000000000000000e+00 -1.600000000000000000e+01 -1.040000000000000000e+03
1.492400000000000000e+04 8.000000000000000000e+00 -1.600000000000000000e+01 -1.024000000000000000e+03
1.495600000000000000e+04 8.000000000000000000e+00 -1.600000000000000000e+01 -1.040000000000000000e+03
1.499600000000000000e+04 1.600000000000000000e+01 -8.000000000000000000e+00 -1.048000000000000000e+03
1.503600000000000000e+04 4.800000000000000000e+01 0.000000000000000000e+00 -1.048000000000000000e+03
1.507600000000000000e+04 4.800000000000000000e+01 -8.000000000000000000e+00 -1.048000000000000000e+03
1.511600000000000000e+04 3.200000000000000000e+01 -8.000000000000000000e+00 -1.040000000000000000e+03
1.515600000000000000e+04 1.600000000000000000e+01 -1.600000000000000000e+01 -1.040000000000000000e+03
1.519600000000000000e+04 1.600000000000000000e+01 -1.600000000000000000e+01 -1.040000000000000000e+03
1.523600000000000000e+04 1.600000000000000000e+01 -1.600000000000000000e+01 -1.048000000000000000e+03
1.527600000000000000e+04 1.600000000000000000e+01 -1.600000000000000000e+01 -1.040000000000000000e+03
1.531600000000000000e+04 1.600000000000000000e+01 -8.000000000000000000e+00 -1.040000000000000000e+03
1.535600000000000000e+04 2.400000000000000000e+01 -4.000000000000000000e+01 -1.048000000000000000e+03
1.539600000000000000e+04 1.600000000000000000e+01 -2.400000000000000000e+01 -1.032000000000000000e+03
1.543600000000000000e+04 1.600000000000000000e+01 -1.600000000000000000e+01 -1.040000000000000000e+03
1.547600000000000000e+04 1.600000000000000000e+01 -1.600000000000000000e+01 -9.920000000000000000e+02
1.551600000000000000e+04 8.000000000000000000e+00 -1.600000000000000000e+01 -1.016000000000000000e+03
1.555600000000000000e+04 8.000000000000000000e+00 -8.000000000000000000e+00 -1.032000000000000000e+03
1.559600000000000000e+04 1.600000000000000000e+01 -8.000000000000000000e+00 -1.000000000000000000e+03
1.563600000000000000e+04 1.600000000000000000e+01 0.000000000000000000e+00 -1.032000000000000000e+03
1.567600000000000000e+04 8.000000000000000000e+00 0.000000000000000000e+00 -1.016000000000000000e+03
1.571600000000000000e+04 8.000000000000000000e+00 -8.000000000000000000e+00 -1.048000000000000000e+03
1.575600000000000000e+04 1.600000000000000000e+01 -1.600000000000000000e+01 -1.040000000000000000e+03
1.579600000000000000e+04 8.000000000000000000e+00 -8.000000000000000000e+00 -1.040000000000000000e+03
1.583600000000000000e+04 1.600000000000000000e+01 -8.000000000000000000e+00 -1.008000000000000000e+03
1.587600000000000000e+04 1.600000000000000000e+01 0.000000000000000000e+00 -1.032000000000000000e+03
1.591600000000000000e+04 1.600000000000000000e+01 -8.000000000000000000e+00 -1.032000000000000000e+03
1.594800000000000000e+04 1.600000000000000000e+01 -8.000000000000000000e+00 -1.056000000000000000e+03
1.598800000000000000e+04 1.600000000000000000e+01 -8.000000000000000000e+00 -1.048000000000000000e+03
1.602800000000000000e+04 2.400000000000000000e+01 -8.000000000000000000e+00 -1.056000000000000000e+03
1.606800000000000000e+04 1.600000000000000000e+01 0.000000000000000000e+00 -1.056000000000000000e+03
1.610800000000000000e+04 1.600000000000000000e+01 -1.600000000000000000e+01 -1.040000000000000000e+03
1.614800000000000000e+04 1.600000000000000000e+01 -4.000000000000000000e+01 -1.064000000000000000e+03
1.618800000000000000e+04 8.000000000000000000e+00 -1.600000000000000000e+01 -1.048000000000000000e+03
1.622800000000000000e+04 1.600000000000000000e+01 -1.600000000000000000e+01 -1.048000000000000000e+03
1.626800000000000000e+04 1.600000000000000000e+01 -8.000000000000000000e+00 -1.032000000000000000e+03
1.630800000000000000e+04 2.400000000000000000e+01 -1.600000000000000000e+01 -1.048000000000000000e+03
1.634800000000000000e+04 1.600000000000000000e+01 -2.400000000000000000e+01 -1.032000000000000000e+03
1.638800000000000000e+04 1.600000000000000000e+01 -1.600000000000000000e+01 -1.056000000000000000e+03
1.642800000000000000e+04 8.000000000000000000e+00 -1.600000000000000000e+01 -1.032000000000000000e+03
1.646800000000000000e+04 2.400000000000000000e+01 -1.600000000000000000e+01 -1.040000000000000000e+03
1.650800000000000000e+04 1.600000000000000000e+01 -1.600000000000000000e+01 -1.032000000000000000e+03
1.654800000000000000e+04 3.200000000000000000e+01 -1.600000000000000000e+01 -1.040000000000000000e+03
1.658800000000000000e+04 2.400000000000000000e+01 -1.600000000000000000e+01 -1.056000000000000000e+03
1.662800000000000000e+04 2.400000000000000000e+01 -8.000000000000000000e+00 -1.032000000000000000e+03
1.666800000000000000e+04 1.600000000000000000e+01 -1.600000000000000000e+01 -1.040000000000000000e+03
1.670800000000000000e+04 1.600000000000000000e+01 -8.000000000000000000e+00 -1.040000000000000000e+03
1.674800000000000000e+04 8.000000000000000000e+00 -1.600000000000000000e+01 -1.056000000000000000e+03
1.678800000000000000e+04 8.000000000000000000e+00 -2.400000000000000000e+01 -1.048000000000000000e+03
1.682800000000000000e+04 8.000000000000000000e+00 -1.600000000000000000e+01 -1.056000000000000000e+03
1.686800000000000000e+04 8.000000000000000000e+00 -1.600000000000000000e+01 -1.032000000000000000e+03
1.690800000000000000e+04 8.000000000000000000e+00 -1.600000000000000000e+01 -1.024000000000000000e+03
1.694100000000000000e+04 8.000000000000000000e+00 -1.600000000000000000e+01 -1.048000000000000000e+03
1.698100000000000000e+04 0.000000000000000000e+00 -3.200000000000000000e+01 -1.016000000000000000e+03
1.702100000000000000e+04 1.600000000000000000e+01 -2.400000000000000000e+01 -1.048000000000000000e+03
1.706100000000000000e+04 8.000000000000000000e+00 -1.600000000000000000e+01 -1.024000000000000000e+03
1.710100000000000000e+04 8.000000000000000000e+00 -1.600000000000000000e+01 -1.024000000000000000e+03
1.714100000000000000e+04 8.000000000000000000e+00 0.000000000000000000e+00 -1.024000000000000000e+03
1.718100000000000000e+04 8.000000000000000000e+00 1.600000000000000000e+01 -1.024000000000000000e+03
1.722100000000000000e+04 0.000000000000000000e+00 0.000000000000000000e+00 -1.048000000000000000e+03
1.726100000000000000e+04 0.000000000000000000e+00 -8.000000000000000000e+00 -1.032000000000000000e+03
1.730100000000000000e+04 1.600000000000000000e+01 -8.000000000000000000e+00 -1.040000000000000000e+03
1.734100000000000000e+04 1.600000000000000000e+01 -8.000000000000000000e+00 -1.048000000000000000e+03
1.738100000000000000e+04 8.000000000000000000e+00 -1.600000000000000000e+01 -1.008000000000000000e+03
1.742100000000000000e+04 8.000000000000000000e+00 -1.600000000000000000e+01 -1.040000000000000000e+03
1.746100000000000000e+04 1.600000000000000000e+01 -1.600000000000000000e+01 -1.056000000000000000e+03
1.750100000000000000e+04 1.600000000000000000e+01 -8.000000000000000000e+00 -1.024000000000000000e+03
1.754100000000000000e+04 1.600000000000000000e+01 -1.600000000000000000e+01 -1.032000000000000000e+03
1.758100000000000000e+04 1.600000000000000000e+01 -8.000000000000000000e+00 -9.920000000000000000e+02
1.762100000000000000e+04 1.600000000000000000e+01 -2.400000000000000000e+01 -1.032000000000000000e+03
1.766100000000000000e+04 8.000000000000000000e+00 -1.600000000000000000e+01 -1.040000000000000000e+03
1.770100000000000000e+04 0.000000000000000000e+00 -8.000000000000000000e+00 -1.040000000000000000e+03
1.774100000000000000e+04 8.000000000000000000e+00 -1.600000000000000000e+01 -1.080000000000000000e+03
1.778100000000000000e+04 8.000000000000000000e+00 -1.600000000000000000e+01 -1.000000000000000000e+03
1.782100000000000000e+04 8.000000000000000000e+00 -1.600000000000000000e+01 -1.040000000000000000e+03
1.786100000000000000e+04 8.000000000000000000e+00 -1.600000000000000000e+01 -1.040000000000000000e+03
1.790100000000000000e+04 8.000000000000000000e+00 -2.400000000000000000e+01 -1.032000000000000000e+03
1.793300000000000000e+04 1.600000000000000000e+01 -1.600000000000000000e+01 -1.016000000000000000e+03
1.797300000000000000e+04 1.600000000000000000e+01 -1.600000000000000000e+01 -1.016000000000000000e+03
1.801300000000000000e+04 1.600000000000000000e+01 -1.600000000000000000e+01 -1.032000000000000000e+03
1.805300000000000000e+04 8.000000000000000000e+00 -8.000000000000000000e+00 -1.024000000000000000e+03
1.809300000000000000e+04 8.000000000000000000e+00 -1.600000000000000000e+01 -1.032000000000000000e+03
1.813300000000000000e+04 8.000000000000000000e+00 -8.000000000000000000e+00 -1.000000000000000000e+03
1.817300000000000000e+04 8.000000000000000000e+00 -1.600000000000000000e+01 -1.032000000000000000e+03
1.821300000000000000e+04 8.000000000000000000e+00 -1.600000000000000000e+01 -1.016000000000000000e+03
1.825300000000000000e+04 2.400000000000000000e+01 -1.600000000000000000e+01 -1.024000000000000000e+03
1.829300000000000000e+04 1.600000000000000000e+01 -8.000000000000000000e+00 -1.048000000000000000e+03
1.833300000000000000e+04 1.600000000000000000e+01 -1.600000000000000000e+01 -1.016000000000000000e+03
1.837300000000000000e+04 1.600000000000000000e+01 -2.400000000000000000e+01 -1.048000000000000000e+03
1.841300000000000000e+04 1.600000000000000000e+01 -2.400000000000000000e+01 -1.008000000000000000e+03
1.845300000000000000e+04 1.600000000000000000e+01 -1.600000000000000000e+01 -1.032000000000000000e+03
1.849300000000000000e+04 8.000000000000000000e+00 -1.600000000000000000e+01 -1.016000000000000000e+03
1.853300000000000000e+04 2.400000000000000000e+01 -1.600000000000000000e+01 -1.016000000000000000e+03
1.857300000000000000e+04 1.600000000000000000e+01 -1.600000000000000000e+01 -1.016000000000000000e+03
1.861300000000000000e+04 1.600000000000000000e+01 -1.600000000000000000e+01 -1.024000000000000000e+03
1.865300000000000000e+04 8.000000000000000000e+00 -1.600000000000000000e+01 -1.096000000000000000e+03
1.869300000000000000e+04 4.000000000000000000e+01 -4.000000000000000000e+01 -1.024000000000000000e+03
1.873300000000000000e+04 1.600000000000000000e+01 -1.600000000000000000e+01 -1.096000000000000000e+03
1.877300000000000000e+04 8.000000000000000000e+00 8.000000000000000000e+00 -1.024000000000000000e+03
1.881300000000000000e+04 0.000000000000000000e+00 -8.000000000000000000e+00 -1.008000000000000000e+03
1.885300000000000000e+04 8.000000000000000000e+00 -8.000000000000000000e+00 -1.032000000000000000e+03
1.889300000000000000e+04 8.000000000000000000e+00 -8.000000000000000000e+00 -1.032000000000000000e+03
1.892500000000000000e+04 1.600000000000000000e+01 -1.600000000000000000e+01 -1.032000000000000000e+03
1.896500000000000000e+04 0.000000000000000000e+00 -1.600000000000000000e+01 -1.048000000000000000e+03
1.900500000000000000e+04 8.000000000000000000e+00 -1.600000000000000000e+01 -1.016000000000000000e+03
1.904500000000000000e+04 8.000000000000000000e+00 -8.000000000000000000e+00 -1.008000000000000000e+03
1.908500000000000000e+04 1.600000000000000000e+01 -1.600000000000000000e+01 -1.032000000000000000e+03
1.912500000000000000e+04 1.600000000000000000e+01 -1.600000000000000000e+01 -1.032000000000000000e+03
1.916500000000000000e+04 8.000000000000000000e+00 -1.600000000000000000e+01 -1.040000000000000000e+03
1.920500000000000000e+04 8.000000000000000000e+00 -1.600000000000000000e+01 -1.016000000000000000e+03
1.924500000000000000e+04 0.000000000000000000e+00 -1.600000000000000000e+01 -1.048000000000000000e+03
1.928500000000000000e+04 8.000000000000000000e+00 -8.000000000000000000e+00 -1.032000000000000000e+03
1.932500000000000000e+04 1.600000000000000000e+01 -1.600000000000000000e+01 -1.040000000000000000e+03
1.936500000000000000e+04 8.000000000000000000e+00 -1.600000000000000000e+01 -1.032000000000000000e+03
1.940500000000000000e+04 8.000000000000000000e+00 -8.000000000000000000e+00 -1.040000000000000000e+03
1.944500000000000000e+04 1.600000000000000000e+01 -8.000000000000000000e+00 -1.000000000000000000e+03
1.948500000000000000e+04 1.600000000000000000e+01 -8.000000000000000000e+00 -1.024000000000000000e+03
1.952500000000000000e+04 1.600000000000000000e+01 -1.600000000000000000e+01 -1.056000000000000000e+03
1.956500000000000000e+04 1.600000000000000000e+01 -2.400000000000000000e+01 -1.048000000000000000e+03
1.960500000000000000e+04 1.600000000000000000e+01 -1.600000000000000000e+01 -1.040000000000000000e+03
1.964500000000000000e+04 8.000000000000000000e+00 -1.600000000000000000e+01 -1.040000000000000000e+03
1.968500000000000000e+04 8.000000000000000000e+00 -1.600000000000000000e+01 -1.032000000000000000e+03
1.972500000000000000e+04 1.600000000000000000e+01 -1.600000000000000000e+01 -1.048000000000000000e+03
1.976500000000000000e+04 0.000000000000000000e+00 -1.600000000000000000e+01 -1.032000000000000000e+03
1.980500000000000000e+04 8.000000000000000000e+00 -8.000000000000000000e+00 -1.040000000000000000e+03
1.984500000000000000e+04 8.000000000000000000e+00 0.000000000000000000e+00 -1.032000000000000000e+03
1.988500000000000000e+04 8.000000000000000000e+00 -8.000000000000000000e+00 -1.032000000000000000e+03
