4.200000000000000000e+01 -7.200000000000000000e+01 5.760000000000000000e+02 -8.400000000000000000e+02
8.200000000000000000e+01 -9.440000000000000000e+02 4.080000000000000000e+02 8.000000000000000000e+01
1.220000000000000000e+02 -9.440000000000000000e+02 4.000000000000000000e+02 9.600000000000000000e+01
1.620000000000000000e+02 -9.360000000000000000e+02 4.000000000000000000e+02 1.120000000000000000e+02
2.020000000000000000e+02 -9.440000000000000000e+02 4.080000000000000000e+02 9.600000000000000000e+01
2.420000000000000000e+02 -9.440000000000000000e+02 4.000000000000000000e+02 8.800000000000000000e+01
2.820000000000000000e+02 -9.440000000000000000e+02 4.000000000000000000e+02 7.200000000000000000e+01
3.220000000000000000e+02 -9.280000000000000000e+02 4.080000000000000000e+02 1.280000000000000000e+02
3.620000000000000000e+02 -9.360000000000000000e+02 3.840000000000000000e+02 8.800000000000000000e+01
4.020000000000000000e+02 -9.440000000000000000e+02 3.840000000000000000e+02 1.040000000000000000e+02
4.420000000000000000e+02 -9.520000000000000000e+02 3.920000000000000000e+02 1.280000000000000000e+02
4.820000000000000000e+02 -9.520000000000000000e+02 4.000000000000000000e+02 8.000000000000000000e+01
5.220000000000000000e+02 -9.440000000000000000e+02 4.000000000000000000e+02 8.800000000000000000e+01
5.620000000000000000e+02 -9.440000000000000000e+02 4.000000000000000000e+02 8.000000000000000000e+01
6.020000000000000000e+02 -9.440000000000000000e+02 4.000000000000000000e+02 8.000000000000000000e+01
6.420000000000000000e+02 -9.440000000000000000e+02 3.760000000000000000e+02 8.000000000000000000e+01
6.820000000000000000e+02 -9.440000000000000000e+02 3.920000000000000000e+02 8.800000000000000000e+01
7.220000000000000000e+02 -9.360000000000000000e+02 3.920000000000000000e+02 8.800000000000000000e+01
7.620000000000000000e+02 -9.360000000000000000e+02 3.920000000000000000e+02 1.040000000000000000e+02
8.020000000000000000e+02 -9.440000000000000000e+02 4.000000000000000000e+02 9.600000000000000000e+01
8.420000000000000000e+02 -9.360000000000000000e+02 4.000000000000000000e+02 1.120000000000000000e+02
8.820000000000000000e+02 -9.440000000000000000e+02 4.000000000000000000e+02 1.120000000000000000e+02
9.220000000000000000e+02 -9.440000000000000000e+02 3.920000000000000000e+02 9.600000000000000000e+01
9.620000000000000000e+02 -9.440000000000000000e+02 4.000000000000000000e+02 8.000000000000000000e+01
1.002000000000000000e+03 -9.520000000000000000e+02 4.080000000000000000e+02 8.000000000000000000e+01
1.035000000000000000e+03 -9.440000000000000000e+02 4.000000000000000000e+02 1.120000000000000000e+02
1.075000000000000000e+03 -9.440000000000000000e+02 3.920000000000000000e+02 8.000000000000000000e+01
1.115000000000000000e+03 -9.440000000000000000e+02 4.000000000000000000e+02 9.600000000000000000e+01
1.155000000000000000e+03 -9.520000000000000000e+02 3.920000000000000000e+02 1.040000000000000000e+02
1.195000000000000000e+03 -9.440000000000000000e+02 3.920000000000000000e+02 4.800000000000000000e+01
1.235000000000000000e+03 -9.520000000000000000e+02 3.840000000000000000e+02 7.200000000000000000e+01
1.275000000000000000e+03 -9.520000000000000000e+02 3.840000000000000000e+02 1.120000000000000000e+02
1.315000000000000000e+03 -9.520000000000000000e+02 3.920000000000000000e+02 9.600000000000000000e+01
1.355000000000000000e+03 -9.520000000000000000e+02 4.000000000000000000e+02 9.600000000000000000e+01
1.395000000000000000e+03 -9.440000000000000000e+02 3.920000000000000000e+02 9.600000000000000000e+01
1.435000000000000000e+03 -9.360000000000000000e+02 3.920000000000000000e+02 1.280000000000000000e+02
1.475000000000000000e+03 -9.440000000000000000e+02 4.080000000000000000e+02 9.600000000000000000e+01
1.515000000000000000e+03 -9.360000000000000000e+02 4.000000000000000000e+02 7.200000000000000000e+01
1.555000000000000000e+03 -9.440000000000000000e+02 3.920000000000000000e+02 1.120000000000000000e+02
1.595000000000000000e+03 -9.440000000000000000e+02 4.000000000000000000e+02 1.200000000000000000e+02
1.635000000000000000e+03 -9.440000000000000000e+02 3.920000000000000000e+02 1.120000000000000000e+02
1.675000000000000000e+03 -9.520000000000000000e+02 4.000000000000000000e+02 1.120000000000000000e+02
1.715000000000000000e+03 -9.360000000000000000e+02 4.000000000000000000e+02 9.600000000000000000e+01
1.755000000000000000e+03 -9.200000000000000000e+02 4.080000000000000000e+02 1.200000000000000000e+02
1.795000000000000000e+03 -9.360000000000000000e+02 4.160000000000000000e+02 1.200000000000000000e+02
1.835000000000000000e+03 -9.360000000000000000e+02 4.000000000000000000e+02 1.120000000000000000e+02
1.875000000000000000e+03 -9.360000000000000000e+02 3.920000000000000000e+02 1.040000000000000000e+02
1.915000000000000000e+03 -9.280000000000000000e+02 4.080000000000000000e+02 8.800000000000000000e+01
1.955000000000000000e+03 -9.040000000000000000e+02 3.920000000000000000e+02 8.000000000000000000e+01
1.995000000000000000e+03 -9.360000000000000000e+02 3.920000000000000000e+02 1.040000000000000000e+02
2.026000000000000000e+03 -9.280000000000000000e+02 3.920000000000000000e+02 9.600000000000000000e+01
2.066000000000000000e+03 -9.360000000000000000e+02 4.000000000000000000e+02 1.040000000000000000e+02
2.106000000000000000e+03 -9.360000000000000000e+02 4.000000000000000000e+02 9.600000000000000000e+01
2.146000000000000000e+03 -9.520000000000000000e+02 3.920000000000000000e+02 1.440000000000000000e+02
2.186000000000000000e+03 -9.280000000000000000e+02 4.240000000000000000e+02 1.040000000000000000e+02
2.226000000000000000e+03 -9.280000000000000000e+02 3.920000000000000000e+02 8.000000000000000000e+01
2.266000000000000000e+03 -9.360000000000000000e+02 3.840000000000000000e+02 1.200000000000000000e+02
2.306000000000000000e+03 -9.360000000000000000e+02 4.000000000000000000e+02 7.200000000000000000e+01
2.346000000000000000e+03 -9.440000000000000000e+02 3.760000000000000000e+02 9.600000000000000000e+01
2.386000000000000000e+03 -9.520000000000000000e+02 3.920000000000000000e+02 6.400000000000000000e+01
2.426000000000000000e+03 -9.440000000000000000e+02 3.920000000000000000e+02 7.200000000000000000e+01
2.466000000000000000e+03 -9.440000000000000000e+02 3.840000000000000000e+02 1.120000000000000000e+02
2.506000000000000000e+03 -9.680000000000000000e+02 3.920000000000000000e+02 1.040000000000000000e+02
2.546000000000000000e+03 -9.520000000000000000e+02 3.920000000000000000e+02 7.200000000000000000e+01
2.586000000000000000e+03 -9.280000000000000000e+02 3.840000000000000000e+02 8.800000000000000000e+01
2.626000000000000000e+03 -9.280000000000000000e+02 3.680000000000000000e+02 3.200000000000000000e+01
2.666000000000000000e+03 -9.440000000000000000e+02 3.920000000000000000e+02 9.600000000000000000e+01
2.706000000000000000e+03 -9.520000000000000000e+02 3.840000000000000000e+02 1.360000000000000000e+02
2.746000000000000000e+03 -9.520000000000000000e+02 3.840000000000000000e+02 1.360000000000000000e+02
2.786000000000000000e+03 -9.440000000000000000e+02 3.600000000000000000e+02 1.120000000000000000e+02
2.826000000000000000e+03 -9.360000000000000000e+02 3.680000000000000000e+02 1.520000000000000000e+02
2.866000000000000000e+03 -9.280000000000000000e+02 3.760000000000000000e+02 9.600000000000000000e+01
2.906000000000000000e+03 -9.440000000000000000e+02 3.600000000000000000e+02 1.040000000000000000e+02
2.946000000000000000e+03 -9.440000000000000000e+02 3.840000000000000000e+02 9.600000000000000000e+01
2.986000000000000000e+03 -9.360000000000000000e+02 3.760000000000000000e+02 1.280000000000000000e+02
3.018000000000000000e+03 -9.440000000000000000e+02 3.840000000000000000e+02 1.200000000000000000e+02
3.058000000000000000e+03 -9.280000000000000000e+02 4.080000000000000000e+02 9.600000000000000000e+01
3.098000000000000000e+03 -9.440000000000000000e+02 4.080000000000000000e+02 8.800000000000000000e+01
3.138000000000000000e+03 -9.600000000000000000e+02 4.240000000000000000e+02 8.800000000000000000e+01
3.178000000000000000e+03 -9.760000000000000000e+02 4.000000000000000000e+02 8.800000000000000000e+01
3.218000000000000000e+03 -9.600000000000000000e+02 4.000000000000000000e+02 1.280000000000000000e+02
3.258000000000000000e+03 -9.600000000000000000e+02 3.920000000000000000e+02 1.120000000000000000e+02
3.298000000000000000e+03 -9.520000000000000000e+02 3.920000000000000000e+02 9.600000000000000000e+01
3.338000000000000000e+03 -9.520000000000000000e+02 3.840000000000000000e+02 1.040000000000000000e+02
3.378000000000000000e+03 -9.440000000000000000e+02 4.000000000000000000e+02 1.120000000000000000e+02
3.418000000000000000e+03 -9.360000000000000000e+02 3.840000000000000000e+02 9.600000000000000000e+01
3.458000000000000000e+03 -9.440000000000000000e+02 3.840000000000000000e+02 1.040000000000000000e+02
3.498000000000000000e+03 -9.440000000000000000e+02 3.760000000000000000e+02 1.120000000000000000e+02
3.538000000000000000e+03 -9.360000000000000000e+02 3.760000000000000000e+02 1.040000000000000000e+02
3.578000000000000000e+03 -9.440000000000000000e+02 3.840000000000000000e+02 8.800000000000000000e+01
3.618000000000000000e+03 -9.680000000000000000e+02 3.760000000000000000e+02 1.520000000000000000e+02
3.658000000000000000e+03 -9.680000000000000000e+02 3.840000000000000000e+02 9.600000000000000000e+01
3.698000000000000000e+03 -9.600000000000000000e+02 3.760000000000000000e+02 1.040000000000000000e+02
3.738000000000000000e+03 -9.600000000000000000e+02 3.840000000000000000e+02 1.200000000000000000e+02
3.778000000000000000e+03 -9.520000000000000000e+02 3.760000000000000000e+02 8.800000000000000000e+01
3.818000000000000000e+03 -9.520000000000000000e+02 3.840000000000000000e+02 1.120000000000000000e+02
3.858000000000000000e+03 -9.520000000000000000e+02 3.760000000000000000e+02 9.600000000000000000e+01
3.898000000000000000e+03 -9.600000000000000000e+02 3.760000000000000000e+02 1.200000000000000000e+02
3.938000000000000000e+03 -9.520000000000000000e+02 3.760000000000000000e+02 1.600000000000000000e+02
3.978000000000000000e+03 -9.520000000000000000e+02 3.760000000000000000e+02 1.040000000000000000e+02
4.009000000000000000e+03 -9.520000000000000000e+02 3.680000000000000000e+02 1.200000000000000000e+02
4.049000000000000000e+03 -9.520000000000000000e+02 3.680000000000000000e+02 9.600000000000000000e+01
4.089000000000000000e+03 -9.520000000000000000e+02 3.600000000000000000e+02 1.280000000000000000e+02
4.129000000000000000e+03 -9.520000000000000000e+02 3.920000000000000000e+02 1.360000000000000000e+02
4.169000000000000000e+03 -9.680000000000000000e+02 3.840000000000000000e+02 7.200000000000000000e+01
4.209000000000000000e+03 -9.680000000000000000e+02 3.760000000000000000e+02 1.120000000000000000e+02
4.249000000000000000e+03 -9.600000000000000000e+02 3.760000000000000000e+02 1.040000000000000000e+02
4.289000000000000000e+03 -9.520000000000000000e+02 3.760000000000000000e+02 1.040000000000000000e+02
4.329000000000000000e+03 -9.440000000000000000e+02 3.760000000000000000e+02 1.200000000000000000e+02
4.369000000000000000e+03 -9.360000000000000000e+02 3.600000000000000000e+02 1.280000000000000000e+02
4.409000000000000000e+03 -9.280000000000000000e+02 3.680000000000000000e+02 1.280000000000000000e+02
4.449000000000000000e+03 -9.360000000000000000e+02 3.680000000000000000e+02 1.200000000000000000e+02
4.489000000000000000e+03 -9.360000000000000000e+02 3.680000000000000000e+02 1.760000000000000000e+02
4.529000000000000000e+03 -9.520000000000000000e+02 3.760000000000000000e+02 1.040000000000000000e+02
4.569000000000000000e+03 -9.440000000000000000e+02 3.680000000000000000e+02 1.040000000000000000e+02
4.609000000000000000e+03 -9.520000000000000000e+02 3.600000000000000000e+02 1.040000000000000000e+02
4.649000000000000000e+03 -9.520000000000000000e+02 3.840000000000000000e+02 1.120000000000000000e+02
4.689000000000000000e+03 -9.600000000000000000e+02 3.680000000000000000e+02 6.400000000000000000e+01
4.729000000000000000e+03 -9.680000000000000000e+02 3.680000000000000000e+02 8.800000000000000000e+01
4.769000000000000000e+03 -9.520000000000000000e+02 3.840000000000000000e+02 8.000000000000000000e+01
4.809000000000000000e+03 -9.600000000000000000e+02 4.080000000000000000e+02 9.600000000000000000e+01
4.849000000000000000e+03 -9.600000000000000000e+02 3.920000000000000000e+02 8.000000000000000000e+01
4.889000000000000000e+03 -9.520000000000000000e+02 3.760000000000000000e+02 1.040000000000000000e+02
4.929000000000000000e+03 -9.520000000000000000e+02 3.600000000000000000e+02 9.600000000000000000e+01
4.969000000000000000e+03 -9.600000000000000000e+02 3.680000000000000000e+02 5.600000000000000000e+01
5.000000000000000000e+03 -9.520000000000000000e+02 3.760000000000000000e+02 8.000000000000000000e+01
5.040000000000000000e+03 -9.440000000000000000e+02 3.680000000000000000e+02 1.040000000000000000e+02
5.080000000000000000e+03 -9.360000000000000000e+02 3.600000000000000000e+02 7.200000000000000000e+01
5.120000000000000000e+03 -9.280000000000000000e+02 3.840000000000000000e+02 1.040000000000000000e+02
5.160000000000000000e+03 -9.440000000000000000e+02 3.840000000000000000e+02 9.600000000000000000e+01
5.200000000000000000e+03 -9.600000000000000000e+02 3.600000000000000000e+02 1.440000000000000000e+02
5.240000000000000000e+03 -9.760000000000000000e+02 3.520000000000000000e+02 1.040000000000000000e+02
5.280000000000000000e+03 -9.680000000000000000e+02 3.680000000000000000e+02 9.600000000000000000e+01
5.320000000000000000e+03 -9.840000000000000000e+02 3.600000000000000000e+02 1.280000000000000000e+02
5.360000000000000000e+03 -9.760000000000000000e+02 3.600000000000000000e+02 1.360000000000000000e+02
5.400000000000000000e+03 -9.680000000000000000e+02 3.680000000000000000e+02 8.000000000000000000e+01
5.440000000000000000e+03 -9.600000000000000000e+02 3.760000000000000000e+02 1.040000000000000000e+02
5.480000000000000000e+03 -9.520000000000000000e+02 3.680000000000000000e+02 1.280000000000000000e+02
5.520000000000000000e+03 -9.520000000000000000e+02 3.520000000000000000e+02 8.800000000000000000e+01
5.560000000000000000e+03 -9.600000000000000000e+02 3.600000000000000000e+02 9.600000000000000000e+01
5.600000000000000000e+03 -9.760000000000000000e+02 3.600000000000000000e+02 8.000000000000000000e+01
5.640000000000000000e+03 -9.600000000000000000e+02 3.520000000000000000e+02 6.400000000000000000e+01
5.680000000000000000e+03 -9.600000000000000000e+02 3.520000000000000000e+02 9.600000000000000000e+01
5.720000000000000000e+03 -9.680000000000000000e+02 3.680000000000000000e+02 7.200000000000000000e+01
5.760000000000000000e+03 -9.520000000000000000e+02 3.760000000000000000e+02 4.800000000000000000e+01
5.800000000000000000e+03 -9.520000000000000000e+02 3.760000000000000000e+02 5.600000000000000000e+01
5.840000000000000000e+03 -9.600000000000000000e+02 3.760000000000000000e+02 6.400000000000000000e+01
5.880000000000000000e+03 -9.520000000000000000e+02 3.760000000000000000e+02 3.200000000000000000e+01
5.920000000000000000e+03 -9.520000000000000000e+02 3.760000000000000000e+02 4.000000000000000000e+01
5.960000000000000000e+03 -9.520000000000000000e+02 3.840000000000000000e+02 4.800000000000000000e+01
5.992000000000000000e+03 -9.520000000000000000e+02 3.680000000000000000e+02 4.000000000000000000e+01
6.032000000000000000e+03 -9.600000000000000000e+02 3.760000000000000000e+02 4.000000000000000000e+01
6.072000000000000000e+03 -9.440000000000000000e+02 3.680000000000000000e+02 3.200000000000000000e+01
6.112000000000000000e+03 -9.440000000000000000e+02 3.680000000000000000e+02 3.200000000000000000e+01
6.152000000000000000e+03 -9.520000000000000000e+02 3.680000000000000000e+02 2.400000000000000000e+01
6.192000000000000000e+03 -9.520000000000000000e+02 3.840000000000000000e+02 1.600000000000000000e+01
6.232000000000000000e+03 -9.600000000000000000e+02 3.760000000000000000e+02 3.200000000000000000e+01
6.272000000000000000e+03 -9.440000000000000000e+02 3.680000000000000000e+02 8.000000000000000000e+00
6.312000000000000000e+03 -9.520000000000000000e+02 3.600000000000000000e+02 8.000000000000000000e+00
6.352000000000000000e+03 -9.680000000000000000e+02 3.680000000000000000e+02 0.000000000000000000e+00
6.392000000000000000e+03 -9.680000000000000000e+02 3.680000000000000000e+02 4.800000000000000000e+01
6.432000000000000000e+03 -9.680000000000000000e+02 3.600000000000000000e+02 4.000000000000000000e+01
6.472000000000000000e+03 -9.680000000000000000e+02 3.520000000000000000e+02 0.000000000000000000e+00
6.512000000000000000e+03 -9.760000000000000000e+02 3.840000000000000000e+02 4.800000000000000000e+01
6.552000000000000000e+03 -9.600000000000000000e+02 3.520000000000000000e+02 3.200000000000000000e+01
6.592000000000000000e+03 -9.760000000000000000e+02 3.280000000000000000e+02 0.000000000000000000e+00
6.632000000000000000e+03 -9.520000000000000000e+02 3.200000000000000000e+02 3.200000000000000000e+01
6.672000000000000000e+03 -9.600000000000000000e+02 3.200000000000000000e+02 -1.600000000000000000e+01
6.712000000000000000e+03 -9.760000000000000000e+02 3.120000000000000000e+02 2.400000000000000000e+01
6.752000000000000000e+03 -9.760000000000000000e+02 3.040000000000000000e+02 1.600000000000000000e+01
6.792000000000000000e+03 -9.760000000000000000e+02 2.960000000000000000e+02 -1.600000000000000000e+01
6.832000000000000000e+03 -9.760000000000000000e+02 2.800000000000000000e+02 -8.000000000000000000e+00
6.872000000000000000e+03 -9.680000000000000000e+02 2.880000000000000000e+02 -4.800000000000000000e+01
6.912000000000000000e+03 -9.760000000000000000e+02 2.960000000000000000e+02 -2.400000000000000000e+01
6.952000000000000000e+03 -9.680000000000000000e+02 2.960000000000000000e+02 -8.000000000000000000e+00
6.983000000000000000e+03 -9.760000000000000000e+02 2.960000000000000000e+02 -3.200000000000000000e+01
7.023000000000000000e+03 -9.760000000000000000e+02 3.200000000000000000e+02 -2.400000000000000000e+01
7.063000000000000000e+03 -9.760000000000000000e+02 3.280000000000000000e+02 -8.000000000000000000e+00
7.103000000000000000e+03 -9.840000000000000000e+02 3.200000000000000000e+02 2.400000000000000000e+01
7.143000000000000000e+03 -9.600000000000000000e+02 3.120000000000000000e+02 -1.600000000000000000e+01
7.183000000000000000e+03 -9.520000000000000000e+02 2.960000000000000000e+02 -8.000000000000000000e+00
7.223000000000000000e+03 -9.600000000000000000e+02 2.960000000000000000e+02 8.000000000000000000e+00
7.263000000000000000e+03 -9.680000000000000000e+02 3.200000000000000000e+02 -2.400000000000000000e+01
7.303000000000000000e+03 -9.760000000000000000e+02 3.120000000000000000e+02 -8.000000000000000000e+00
7.343000000000000000e+03 -9.840000000000000000e+02 3.120000000000000000e+02 -2.400000000000000000e+01
7.383000000000000000e+03 -9.840000000000000000e+02 3.200000000000000000e+02 -3.200000000000000000e+01
7.423000000000000000e+03 -9.840000000000000000e+02 3.200000000000000000e+02 0.000000000000000000e+00
7.463000000000000000e+03 -9.680000000000000000e+02 2.960000000000000000e+02 -2.400000000000000000e+01
7.503000000000000000e+03 -9.680000000000000000e+02 3.040000000000000000e+02 -2.400000000000000000e+01
7.543000000000000000e+03 -9.680000000000000000e+02 2.880000000000000000e+02 -4.000000000000000000e+01
7.583000000000000000e+03 -9.680000000000000000e+02 2.960000000000000000e+02 -2.400000000000000000e+01
7.623000000000000000e+03 -9.760000000000000000e+02 3.040000000000000000e+02 0.000000000000000000e+00
7.663000000000000000e+03 -9.760000000000000000e+02 3.040000000000000000e+02 0.000000000000000000e+00
7.703000000000000000e+03 -9.760000000000000000e+02 3.120000000000000000e+02 8.000000000000000000e+00
7.743000000000000000e+03 -1.000000000000000000e+03 3.280000000000000000e+02 0.000000000000000000e+00
7.783000000000000000e+03 -9.840000000000000000e+02 3.280000000000000000e+02 -3.200000000000000000e+01
7.823000000000000000e+03 -9.840000000000000000e+02 3.200000000000000000e+02 0.000000000000000000e+00
7.863000000000000000e+03 -9.840000000000000000e+02 3.200000000000000000e+02 3.200000000000000000e+01
7.903000000000000000e+03 -9.760000000000000000e+02 3.200000000000000000e+02 -1.600000000000000000e+01
7.943000000000000000e+03 -9.840000000000000000e+02 3.120000000000000000e+02 0.000000000000000000e+00
7.974000000000000000e+03 -9.760000000000000000e+02 3.120000000000000000e+02 -4.800000000000000000e+01
8.014000000000000000e+03 -1.000000000000000000e+03 3.200000000000000000e+02 1.600000000000000000e+01
8.054000000000000000e+03 -9.920000000000000000e+02 3.120000000000000000e+02 -1.600000000000000000e+01
8.094000000000000000e+03 -9.760000000000000000e+02 3.120000000000000000e+02 8.000000000000000000e+00
8.134000000000000000e+03 -9.680000000000000000e+02 3.040000000000000000e+02 0.000000000000000000e+00
8.174000000000000000e+03 -9.760000000000000000e+02 3.120000000000000000e+02 -1.600000000000000000e+01
8.214000000000000000e+03 -9.760000000000000000e+02 3.040000000000000000e+02 0.000000000000000000e+00
8.254000000000000000e+03 -9.840000000000000000e+02 3.120000000000000000e+02 4.800000000000000000e+01
8.294000000000000000e+03 -9.760000000000000000e+02 3.200000000000000000e+02 3.200000000000000000e+01
8.334000000000000000e+03 -9.680000000000000000e+02 3.040000000000000000e+02 4.800000000000000000e+01
8.374000000000000000e+03 -9.600000000000000000e+02 3.280000000000000000e+02 3.200000000000000000e+01
8.414000000000000000e+03 -9.680000000000000000e+02 3.280000000000000000e+02 3.200000000000000000e+01
8.454000000000000000e+03 -9.760000000000000000e+02 3.360000000000000000e+02 4.000000000000000000e+01
8.494000000000000000e+03 -9.520000000000000000e+02 3.360000000000000000e+02 4.800000000000000000e+01
8.534000000000000000e+03 -9.600000000000000000e+02 3.440000000000000000e+02 4.800000000000000000e+01
8.574000000000000000e+03 -9.440000000000000000e+02 3.360000000000000000e+02 2.400000000000000000e+01
8.614000000000000000e+03 -9.600000000000000000e+02 3.280000000000000000e+02 4.800000000000000000e+01
8.654000000000000000e+03 -9.600000000000000000e+02 3.360000000000000000e+02 2.400000000000000000e+01
8.694000000000000000e+03 -9.680000000000000000e+02 3.440000000000000000e+02 3.200000000000000000e+01
8.734000000000000000e+03 -9.680000000000000000e+02 3.520000000000000000e+02 3.200000000000000000e+01
8.774000000000000000e+03 -9.680000000000000000e+02 3.440000000000000000e+02 5.600000000000000000e+01
8.814000000000000000e+03 -9.680000000000000000e+02 3.520000000000000000e+02 8.800000000000000000e+01
8.854000000000000000e+03 -9.680000000000000000e+02 3.520000000000000000e+02 4.000000000000000000e+01
8.894000000000000000e+03 -9.680000000000000000e+02 3.360000000000000000e+02 4.000000000000000000e+01
8.934000000000000000e+03 -9.680000000000000000e+02 3.360000000000000000e+02 4.800000000000000000e+01
8.966000000000000000e+03 -9.520000000000000000e+02 3.360000000000000000e+02 4.000000000000000000e+01
9.006000000000000000e+03 -9.600000000000000000e+02 3.440000000000000000e+02 4.000000000000000000e+01
9.046000000000000000e+03 -9.680000000000000000e+02 3.280000000000000000e+02 4.000000000000000000e+01
9.086000000000000000e+03 -9.760000000000000000e+02 3.360000000000000000e+02 4.000000000000000000e+01
9.126000000000000000e+03 -9.600000000000000000e+02 3.520000000000000000e+02 5.600000000000000000e+01
9.166000000000000000e+03 -9.760000000000000000e+02 3.440000000000000000e+02 8.000000000000000000e+01
9.206000000000000000e+03 -9.920000000000000000e+02 3.360000000000000000e+02 4.800000000000000000e+01
9.246000000000000000e+03 -9.840000000000000000e+02 3.360000000000000000e+02 6.400000000000000000e+01
9.286000000000000000e+03 -9.600000000000000000e+02 3.680000000000000000e+02 5.600000000000000000e+01
9.326000000000000000e+03 -9.680000000000000000e+02 3.600000000000000000e+02 3.200000000000000000e+01
9.366000000000000000e+03 -9.680000000000000000e+02 3.520000000000000000e+02 1.600000000000000000e+01
9.406000000000000000e+03 -9.680000000000000000e+02 3.200000000000000000e+02 5.600000000000000000e+01
9.446000000000000000e+03 -9.680000000000000000e+02 3.280000000000000000e+02 4.000000000000000000e+01
9.486000000000000000e+03 -9.760000000000000000e+02 3.360000000000000000e+02 5.600000000000000000e+01
9.526000000000000000e+03 -9.760000000000000000e+02 3.440000000000000000e+02 2.400000000000000000e+01
9.566000000000000000e+03 -9.680000000000000000e+02 3.440000000000000000e+02 4.800000000000000000e+01
9.606000000000000000e+03 -9.600000000000000000e+02 3.440000000000000000e+02 4.800000000000000000e+01
9.646000000000000000e+03 -9.520000000000000000e+02 3.360000000000000000e+02 4.800000000000000000e+01
9.686000000000000000e+03 -9.680000000000000000e+02 3.440000000000000000e+02 4.000000000000000000e+01
9.726000000000000000e+03 -9.760000000000000000e+02 3.520000000000000000e+02 4.800000000000000000e+01
9.766000000000000000e+03 -9.760000000000000000e+02 3.440000000000000000e+02 4.000000000000000000e+01
9.806000000000000000e+03 -9.840000000000000000e+02 3.440000000000000000e+02 4.000000000000000000e+01
9.846000000000000000e+03 -9.600000000000000000e+02 3.520000000000000000e+02 6.400000000000000000e+01
9.886000000000000000e+03 -9.600000000000000000e+02 3.520000000000000000e+02 4.000000000000000000e+01
9.926000000000000000e+03 -9.600000000000000000e+02 3.440000000000000000e+02 4.800000000000000000e+01
9.957000000000000000e+03 -9.520000000000000000e+02 3.280000000000000000e+02 6.400000000000000000e+01
9.997000000000000000e+03 -9.520000000000000000e+02 3.360000000000000000e+02 3.200000000000000000e+01
1.003700000000000000e+04 -9.840000000000000000e+02 3.520000000000000000e+02 2.400000000000000000e+01
1.007700000000000000e+04 -9.760000000000000000e+02 3.440000000000000000e+02 5.600000000000000000e+01
1.011700000000000000e+04 -9.840000000000000000e+02 3.360000000000000000e+02 8.800000000000000000e+01
1.015700000000000000e+04 -9.600000000000000000e+02 3.760000000000000000e+02 8.800000000000000000e+01
1.019700000000000000e+04 -9.680000000000000000e+02 3.760000000000000000e+02 4.800000000000000000e+01
1.023700000000000000e+04 -9.680000000000000000e+02 3.520000000000000000e+02 6.400000000000000000e+01
1.027700000000000000e+04 -9.680000000000000000e+02 3.280000000000000000e+02 4.000000000000000000e+01
1.031700000000000000e+04 -9.920000000000000000e+02 3.280000000000000000e+02 4.000000000000000000e+01
1.035700000000000000e+04 -9.680000000000000000e+02 3.360000000000000000e+02 4.800000000000000000e+01
1.039700000000000000e+04 -9.600000000000000000e+02 3.360000000000000000e+02 4.800000000000000000e+01
1.043700000000000000e+04 -9.840000000000000000e+02 3.200000000000000000e+02 0.000000000000000000e+00
1.047700000000000000e+04 -9.760000000000000000e+02 3.200000000000000000e+02 4.800000000000000000e+01
1.051700000000000000e+04 -9.760000000000000000e+02 3.280000000000000000e+02 4.800000000000000000e+01
1.055700000000000000e+04 -9.760000000000000000e+02 3.360000000000000000e+02 7.200000000000000000e+01
1.059700000000000000e+04 -9.680000000000000000e+02 3.280000000000000000e+02 5.600000000000000000e+01
1.063700000000000000e+04 -9.680000000000000000e+02 3.360000000000000000e+02 4.800000000000000000e+01
1.067700000000000000e+04 -9.600000000000000000e+02 3.520000000000000000e+02 4.000000000000000000e+01
1.071700000000000000e+04 -9.600000000000000000e+02 3.440000000000000000e+02 8.000000000000000000e+01
1.075700000000000000e+04 -9.840000000000000000e+02 3.440000000000000000e+02 6.400000000000000000e+01
1.079700000000000000e+04 -9.760000000000000000e+02 3.360000000000000000e+02 7.200000000000000000e+01
1.083700000000000000e+04 -9.760000000000000000e+02 3.360000000000000000e+02 6.400000000000000000e+01
1.087700000000000000e+04 -9.760000000000000000e+02 3.360000000000000000e+02 5.600000000000000000e+01
1.091700000000000000e+04 -9.760000000000000000e+02 3.360000000000000000e+02 4.800000000000000000e+01
1.095000000000000000e+04 -9.680000000000000000e+02 3.600000000000000000e+02 4.800000000000000000e+01
1.099000000000000000e+04 -9.680000000000000000e+02 3.440000000000000000e+02 6.400000000000000000e+01
1.103000000000000000e+04 -9.840000000000000000e+02 3.440000000000000000e+02 3.200000000000000000e+01
1.107000000000000000e+04 -9.760000000000000000e+02 3.440000000000000000e+02 5.600000000000000000e+01
1.111000000000000000e+04 -9.760000000000000000e+02 3.360000000000000000e+02 6.400000000000000000e+01
1.115000000000000000e+04 -9.680000000000000000e+02 3.360000000000000000e+02 4.800000000000000000e+01
1.119000000000000000e+04 -9.760000000000000000e+02 3.440000000000000000e+02 5.600000000000000000e+01
1.123000000000000000e+04 -9.760000000000000000e+02 3.360000000000000000e+02 4.800000000000000000e+01
1.127000000000000000e+04 -9.680000000000000000e+02 3.440000000000000000e+02 6.400000000000000000e+01
1.131000000000000000e+04 -9.680000000000000000e+02 3.440000000000000000e+02 3.200000000000000000e+01
1.135000000000000000e+04 -9.440000000000000000e+02 3.520000000000000000e+02 3.200000000000000000e+01
1.139000000000000000e+04 -9.520000000000000000e+02 3.520000000000000000e+02 4.000000000000000000e+01
1.143000000000000000e+04 -9.600000000000000000e+02 3.440000000000000000e+02 4.800000000000000000e+01
1.147000000000000000e+04 -9.600000000000000000e+02 3.360000000000000000e+02 2.400000000000000000e+01
1.151000000000000000e+04 -9.600000000000000000e+02 3.520000000000000000e+02 4.800000000000000000e+01
1.155000000000000000e+04 -9.600000000000000000e+02 3.440000000000000000e+02 4.000000000000000000e+01
1.159000000000000000e+04 -9.440000000000000000e+02 3.440000000000000000e+02 4.800000000000000000e+01
1.163000000000000000e+04 -9.440000000000000000e+02 3.520000000000000000e+02 5.600000000000000000e+01
1.167000000000000000e+04 -9.520000000000000000e+02 3.440000000000000000e+02 5.600000000000000000e+01
1.171000000000000000e+04 -9.680000000000000000e+02 3.360000000000000000e+02 5.600000000000000000e+01
1.175000000000000000e+04 -9.680000000000000000e+02 3.200000000000000000e+02 3.200000000000000000e+01
1.179000000000000000e+04 -9.600000000000000000e+02 3.280000000000000000e+02 4.800000000000000000e+01
1.183000000000000000e+04 -9.680000000000000000e+02 3.280000000000000000e+02 4.800000000000000000e+01
1.187000000000000000e+04 -9.680000000000000000e+02 3.360000000000000000e+02 4.000000000000000000e+01
1.191000000000000000e+04 -9.600000000000000000e+02 3.680000000000000000e+02 6.400000000000000000e+01
1.194100000000000000e+04 -9.600000000000000000e+02 3.600000000000000000e+02 8.000000000000000000e+01
1.198100000000000000e+04 -9.680000000000000000e+02 3.520000000000000000e+02 3.200000000000000000e+01
1.202100000000000000e+04 -9.680000000000000000e+02 3.360000000000000000e+02 5.600000000000000000e+01
1.206100000000000000e+04 -9.760000000000000000e+02 3.440000000000000000e+02 8.000000000000000000e+01
1.210100000000000000e+04 -9.680000000000000000e+02 3.440000000000000000e+02 4.800000000000000000e+01
1.214100000000000000e+04 -9.680000000000000000e+02 3.440000000000000000e+02 1.600000000000000000e+01
1.218100000000000000e+04 -9.680000000000000000e+02 3.360000000000000000e+02 4.800000000000000000e+01
1.222100000000000000e+04 -9.680000000000000000e+02 3.280000000000000000e+02 8.000000000000000000e+01
1.226100000000000000e+04 -9.680000000000000000e+02 3.280000000000000000e+02 4.800000000000000000e+01
1.230100000000000000e+04 -9.760000000000000000e+02 3.360000000000000000e+02 6.400000000000000000e+01
1.234100000000000000e+04 -9.680000000000000000e+02 3.360000000000000000e+02 2.400000000000000000e+01
1.238100000000000000e+04 -9.760000000000000000e+02 3.360000000000000000e+02 3.200000000000000000e+01
1.242100000000000000e+04 -9.760000000000000000e+02 3.280000000000000000e+02 4.800000000000000000e+01
1.246100000000000000e+04 -9.760000000000000000e+02 3.280000000000000000e+02 8.000000000000000000e+01
1.250100000000000000e+04 -9.680000000000000000e+02 3.280000000000000000e+02 9.600000000000000000e+01
1.254100000000000000e+04 -9.600000000000000000e+02 3.360000000000000000e+02 4.800000000000000000e+01
1.258100000000000000e+04 -9.600000000000000000e+02 3.360000000000000000e+02 4.000000000000000000e+01
1.262100000000000000e+04 -9.600000000000000000e+02 3.360000000000000000e+02 4.000000000000000000e+01
1.266100000000000000e+04 -9.600000000000000000e+02 3.200000000000000000e+02 2.400000000000000000e+01
1.270100000000000000e+04 -9.600000000000000000e+02 3.360000000000000000e+02 7.200000000000000000e+01
1.274100000000000000e+04 -9.680000000000000000e+02 3.360000000000000000e+02 5.600000000000000000e+01
1.278100000000000000e+04 -9.680000000000000000e+02 3.360000000000000000e+02 3.200000000000000000e+01
1.282100000000000000e+04 -9.680000000000000000e+02 3.360000000000000000e+02 4.000000000000000000e+01
1.286100000000000000e+04 -9.680000000000000000e+02 3.360000000000000000e+02 4.800000000000000000e+01
1.290100000000000000e+04 -9.680000000000000000e+02 3.440000000000000000e+02 5.600000000000000000e+01
1.293200000000000000e+04 -9.600000000000000000e+02 3.440000000000000000e+02 4.800000000000000000e+01
1.297200000000000000e+04 -9.600000000000000000e+02 3.440000000000000000e+02 3.200000000000000000e+01
1.301200000000000000e+04 -9.680000000000000000e+02 3.280000000000000000e+02 4.800000000000000000e+01
1.305200000000000000e+04 -9.680000000000000000e+02 3.280000000000000000e+02 0.000000000000000000e+00
1.309200000000000000e+04 -9.680000000000000000e+02 3.120000000000000000e+02 2.400000000000000000e+01
1.313200000000000000e+04 -9.680000000000000000e+02 3.280000000000000000e+02 5.600000000000000000e+01
1.317200000000000000e+04 -9.680000000000000000e+02 3.280000000000000000e+02 5.600000000000000000e+01
1.321200000000000000e+04 -9.760000000000000000e+02 3.360000000000000000e+02 5.600000000000000000e+01
1.325200000000000000e+04 -9.680000000000000000e+02 3.520000000000000000e+02 4.800000000000000000e+01
1.329200000000000000e+04 -9.680000000000000000e+02 3.440000000000000000e+02 4.800000000000000000e+01
1.333200000000000000e+04 -9.680000000000000000e+02 3.440000000000000000e+02 4.000000000000000000e+01
1.337200000000000000e+04 -9.760000000000000000e+02 3.440000000000000000e+02 4.800000000000000000e+01
1.341200000000000000e+04 -9.680000000000000000e+02 3.200000000000000000e+02 4.800000000000000000e+01
1.345200000000000000e+04 -9.520000000000000000e+02 3.440000000000000000e+02 5.600000000000000000e+01
1.349200000000000000e+04 -9.680000000000000000e+02 3.360000000000000000e+02 3.200000000000000000e+01
1.353200000000000000e+04 -9.840000000000000000e+02 3.440000000000000000e+02 -1.600000000000000000e+01
1.357200000000000000e+04 -1.000000000000000000e+03 3.440000000000000000e+02 7.200000000000000000e+01
1.361200000000000000e+04 -1.008000000000000000e+03 3.440000000000000000e+02 4.000000000000000000e+01
1.365200000000000000e+04 -9.680000000000000000e+02 3.360000000000000000e+02 4.000000000000000000e+01
1.369200000000000000e+04 -9.600000000000000000e+02 3.440000000000000000e+02 5.600000000000000000e+01
1.373200000000000000e+04 -9.680000000000000000e+02 3.440000000000000000e+02 4.800000000000000000e+01
1.377200000000000000e+04 -9.680000000000000000e+02 3.440000000000000000e+02 8.000000000000000000e+01
1.381200000000000000e+04 -9.600000000000000000e+02 3.360000000000000000e+02 4.800000000000000000e+01
1.385200000000000000e+04 -9.840000000000000000e+02 3.280000000000000000e+02 4.800000000000000000e+01
1.389200000000000000e+04 -9.760000000000000000e+02 3.440000000000000000e+02 3.200000000000000000e+01
1.392300000000000000e+04 -9.760000000000000000e+02 3.360000000000000000e+02 4.000000000000000000e+01
1.396300000000000000e+04 -9.760000000000000000e+02 3.360000000000000000e+02 6.400000000000000000e+01
1.400300000000000000e+04 -9.760000000000000000e+02 3.280000000000000000e+02 6.400000000000000000e+01
1.404300000000000000e+04 -9.760000000000000000e+02 3.280000000000000000e+02 8.000000000000000000e+01
1.408300000000000000e+04 -9.760000000000000000e+02 3.440000000000000000e+02 5.600000000000000000e+01
1.412300000000000000e+04 -9.840000000000000000e+02 3.520000000000000000e+02 -8.000000000000000000e+00
1.416300000000000000e+04 -9.840000000000000000e+02 3.360000000000000000e+02 2.400000000000000000e+01
1.420300000000000000e+04 -9.760000000000000000e+02 3.360000000000000000e+02 0.000000000000000000e+00
1.424300000000000000e+04 -9.760000000000000000e+02 3.440000000000000000e+02 4.800000000000000000e+01
1.428300000000000000e+04 -9.680000000000000000e+02 3.520000000000000000e+02 4.800000000000000000e+01
1.432300000000000000e+04 -9.760000000000000000e+02 3.360000000000000000e+02 5.600000000000000000e+01
1.436300000000000000e+04 -9.760000000000000000e+02 3.440000000000000000e+02 4.000000000000000000e+01
1.440300000000000000e+04 -9.760000000000000000e+02 3.520000000000000000e+02 1.600000000000000000e+01
1.444300000000000000e+04 -9.840000000000000000e+02 3.760000000000000000e+02 6.400000000000000000e+01
1.448300000000000000e+04 -9.680000000000000000e+02 3.760000000000000000e+02 4.000000000000000000e+01
1.452300000000000000e+04 -9.600000000000000000e+02 3.680000000000000000e+02 2.400000000000000000e+01
1.456300000000000000e+04 -9.680000000000000000e+02 3.600000000000000000e+02 4.800000000000000000e+01
1.460300000000000000e+04 -9.600000000000000000e+02 3.680000000000000000e+02 4.800000000000000000e+01
1.464300000000000000e+04 -9.680000000000000000e+02 3.680000000000000000e+02 8.000000000000000000e+00
1.468300000000000000e+04 -9.760000000000000000e+02 3.600000000000000000e+02 3.200000000000000000e+01
1.472300000000000000e+04 -9.680000000000000000e+02 3.680000000000000000e+02 3.200000000000000000e+01
1.476300000000000000e+04 -9.760000000000000000e+02 3.520000000000000000e+02 2.400000000000000000e+01
1.480300000000000000e+04 -9.520000000000000000e+02 3.520000000000000000e+02 2.400000000000000000e+01
1.484300000000000000e+04 -9.600000000000000000e+02 3.440000000000000000e+02 4.000000000000000000e+01
1.488300000000000000e+04 -9.600000000000000000e+02 3.440000000000000000e+02 6.400000000000000000e+01
1.491500000000000000e+04 -9.600000000000000000e+02 3.520000000000000000e+02 -8.000000000000000000e+00
1.495500000000000000e+04 -9.600000000000000000e+02 3.440000000000000000e+02 6.400000000000000000e+01
1.499500000000000000e+04 -9.680000000000000000e+02 3.440000000000000000e+02 4.000000000000000000e+01
1.503500000000000000e+04 -9.440000000000000000e+02 3.520000000000000000e+02 8.000000000000000000e+00
1.507500000000000000e+04 -9.600000000000000000e+02 3.680000000000000000e+02 -8.000000000000000000e+00
1.511500000000000000e+04 -9.600000000000000000e+02 3.680000000000000000e+02 3.200000000000000000e+01
1.515500000000000000e+04 -9.520000000000000000e+02 3.600000000000000000e+02 4.000000000000000000e+01
1.519500000000000000e+04 -9.520000000000000000e+02 3.520000000000000000e+02 3.200000000000000000e+01
1.523500000000000000e+04 -9.600000000000000000e+02 3.520000000000000000e+02 8.000000000000000000e+00
1.527500000000000000e+04 -9.520000000000000000e+02 3.440000000000000000e+02 2.400000000000000000e+01
1.531500000000000000e+04 -9.600000000000000000e+02 3.360000000000000000e+02 2.400000000000000000e+01
1.535500000000000000e+04 -9.600000000000000000e+02 3.360000000000000000e+02 2.400000000000000000e+01
1.539500000000000000e+04 -9.680000000000000000e+02 3.440000000000000000e+02 4.000000000000000000e+01
1.543500000000000000e+04 -9.760000000000000000e+02 3.520000000000000000e+02 4.000000000000000000e+01
1.547500000000000000e+04 -9.680000000000000000e+02 3.440000000000000000e+02 2.400000000000000000e+01
1.551500000000000000e+04 -9.600000000000000000e+02 3.440000000000000000e+02 4.000000000000000000e+01
1.555500000000000000e+04 -9.680000000000000000e+02 3.440000000000000000e+02 3.200000000000000000e+01
1.559500000000000000e+04 -9.520000000000000000e+02 3.600000000000000000e+02 3.200000000000000000e+01
1.563500000000000000e+04 -9.600000000000000000e+02 3.360000000000000000e+02 5.600000000000000000e+01
1.567500000000000000e+04 -9.680000000000000000e+02 3.440000000000000000e+02 3.200000000000000000e+01
1.571500000000000000e+04 -9.840000000000000000e+02 3.520000000000000000e+02 3.200000000000000000e+01
1.575500000000000000e+04 -9.760000000000000000e+02 3.520000000000000000e+02 5.600000000000000000e+01
1.579500000000000000e+04 -9.760000000000000000e+02 3.600000000000000000e+02 -1.600000000000000000e+01
1.583500000000000000e+04 -9.760000000000000000e+02 3.600000000000000000e+02 3.200000000000000000e+01
1.587500000000000000e+04 -9.680000000000000000e+02 3.520000000000000000e+02 1.600000000000000000e+01
1.590700000000000000e+04 -9.680000000000000000e+02 3.360000000000000000e+02 2.400000000000000000e+01
1.594700000000000000e+04 -9.680000000000000000e+02 3.440000000000000000e+02 3.200000000000000000e+01
1.598700000000000000e+04 -9.680000000000000000e+02 3.440000000000000000e+02 -2.400000000000000000e+01
1.602700000000000000e+04 -9.840000000000000000e+02 3.440000000000000000e+02 2.400000000000000000e+01
1.606700000000000000e+04 -9.760000000000000000e+02 3.440000000000000000e+02 2.400000000000000000e+01
1.610700000000000000e+04 -9.600000000000000000e+02 3.520000000000000000e+02 2.400000000000000000e+01
1.614700000000000000e+04 -9.600000000000000000e+02 3.520000000000000000e+02 -3.200000000000000000e+01
1.618700000000000000e+04 -9.680000000000000000e+02 3.440000000000000000e+02 5.600000000000000000e+01
1.622700000000000000e+04 -9.440000000000000000e+02 3.520000000000000000e+02 5.600000000000000000e+01
1.626700000000000000e+04 -9.600000000000000000e+02 3.440000000000000000e+02 -1.600000000000000000e+01
1.630700000000000000e+04 -9.440000000000000000e+02 3.520000000000000000e+02 8.000000000000000000e+00
1.634700000000000000e+04 -9.520000000000000000e+02 3.520000000000000000e+02 -1.600000000000000000e+01
1.638700000000000000e+04 -9.360000000000000000e+02 3.600000000000000000e+02 7.200000000000000000e+01
1.642700000000000000e+04 -9.520000000000000000e+02 3.600000000000000000e+02 1.600000000000000000e+01
1.646700000000000000e+04 -9.600000000000000000e+02 3.600000000000000000e+02 1.600000000000000000e+01
1.650700000000000000e+04 -9.680000000000000000e+02 3.440000000000000000e+02 1.040000000000000000e+02
1.654700000000000000e+04 -9.680000000000000000e+02 3.280000000000000000e+02 2.400000000000000000e+01
1.658700000000000000e+04 -9.680000000000000000e+02 3.360000000000000000e+02 4.000000000000000000e+01
1.662700000000000000e+04 -9.920000000000000000e+02 3.440000000000000000e+02 4.000000000000000000e+01
1.666700000000000000e+04 -9.760000000000000000e+02 3.680000000000000000e+02 2.400000000000000000e+01
1.670700000000000000e+04 -9.760000000000000000e+02 3.520000000000000000e+02 3.200000000000000000e+01
1.674700000000000000e+04 -9.680000000000000000e+02 3.600000000000000000e+02 5.600000000000000000e+01
1.678700000000000000e+04 -9.680000000000000000e+02 3.520000000000000000e+02 0.000000000000000000e+00
1.682700000000000000e+04 -9.680000000000000000e+02 3.440000000000000000e+02 4.000000000000000000e+01
1.686700000000000000e+04 -9.680000000000000000e+02 3.440000000000000000e+02 2.400000000000000000e+01
1.689800000000000000e+04 -9.680000000000000000e+02 3.520000000000000000e+02 2.400000000000000000e+01
1.693800000000000000e+04 -9.680000000000000000e+02 3.520000000000000000e+02 3.200000000000000000e+01
1.697800000000000000e+04 -9.440000000000000000e+02 3.360000000000000000e+02 2.400000000000000000e+01
1.701800000000000000e+04 -9.600000000000000000e+02 3.520000000000000000e+02 3.200000000000000000e+01
1.705800000000000000e+04 -9.840000000000000000e+02 3.360000000000000000e+02 8.000000000000000000e+00
1.709800000000000000e+04 -1.000000000000000000e+03 3.200000000000000000e+02 1.600000000000000000e+01
1.713800000000000000e+04 -9.920000000000000000e+02 3.280000000000000000e+02 1.600000000000000000e+01
1.717800000000000000e+04 -9.680000000000000000e+02 3.280000000000000000e+02 1.600000000000000000e+01
1.721800000000000000e+04 -9.760000000000000000e+02 3.440000000000000000e+02 8.000000000000000000e+00
1.725800000000000000e+04 -9.760000000000000000e+02 3.440000000000000000e+02 8.000000000000000000e+00
1.729800000000000000e+04 -9.680000000000000000e+02 3.440000000000000000e+02 2.400000000000000000e+01
1.733800000000000000e+04 -9.760000000000000000e+02 3.440000000000000000e+02 3.200000000000000000e+01
1.737800000000000000e+04 -9.760000000000000000e+02 3.520000000000000000e+02 2.400000000000000000e+01
1.741800000000000000e+04 -9.760000000000000000e+02 3.440000000000000000e+02 2.400000000000000000e+01
1.745800000000000000e+04 -9.680000000000000000e+02 3.360000000000000000e+02 2.400000000000000000e+01
1.749800000000000000e+04 -9.680000000000000000e+02 3.440000000000000000e+02 3.200000000000000000e+01
1.753800000000000000e+04 -9.680000000000000000e+02 3.520000000000000000e+02 1.600000000000000000e+01
1.757800000000000000e+04 -9.680000000000000000e+02 3.360000000000000000e+02 1.600000000000000000e+01
1.761800000000000000e+04 -9.680000000000000000e+02 3.440000000000000000e+02 3.200000000000000000e+01
1.765800000000000000e+04 -9.680000000000000000e+02 3.440000000000000000e+02 2.400000000000000000e+01
1.769800000000000000e+04 -9.760000000000000000e+02 3.440000000000000000e+02 2.400000000000000000e+01
1.773800000000000000e+04 -9.760000000000000000e+02 3.360000000000000000e+02 3.200000000000000000e+01
1.777800000000000000e+04 -9.520000000000000000e+02 3.440000000000000000e+02 2.400000000000000000e+01
1.781800000000000000e+04 -9.600000000000000000e+02 3.280000000000000000e+02 1.600000000000000000e+01
1.785800000000000000e+04 -9.600000000000000000e+02 3.360000000000000000e+02 1.600000000000000000e+01
1.788900000000000000e+04 -9.600000000000000000e+02 3.360000000000000000e+02 2.400000000000000000e+01
1.792900000000000000e+04 -9.680000000000000000e+02 3.280000000000000000e+02 4.000000000000000000e+01
1.796900000000000000e+04 -9.760000000000000000e+02 3.760000000000000000e+02 1.600000000000000000e+01
1.800900000000000000e+04 -9.760000000000000000e+02 3.600000000000000000e+02 1.600000000000000000e+01
1.804900000000000000e+04 -9.920000000000000000e+02 3.440000000000000000e+02 4.000000000000000000e+01
1.808900000000000000e+04 -1.016000000000000000e+03 3.600000000000000000e+02 0.000000000000000000e+00
1.812900000000000000e+04 -9.920000000000000000e+02 3.520000000000000000e+02 2.400000000000000000e+01
1.816900000000000000e+04 -9.920000000000000000e+02 3.520000000000000000e+02 2.400000000000000000e+01
1.820900000000000000e+04 -9.680000000000000000e+02 3.520000000000000000e+02 8.000000000000000000e+00
1.824900000000000000e+04 -9.680000000000000000e+02 3.440000000000000000e+02 7.200000000000000000e+01
1.828900000000000000e+04 -9.680000000000000000e+02 3.440000000000000000e+02 4.800000000000000000e+01
1.832900000000000000e+04 -9.600000000000000000e+02 3.280000000000000000e+02 -2.400000000000000000e+01
1.836900000000000000e+04 -9.600000000000000000e+02 3.280000000000000000e+02 2.400000000000000000e+01
1.840900000000000000e+04 -9.600000000000000000e+02 3.360000000000000000e+02 3.200000000000000000e+01
1.844900000000000000e+04 -9.680000000000000000e+02 3.440000000000000000e+02 4.800000000000000000e+01
1.848900000000000000e+04 -9.680000000000000000e+02 3.360000000000000000e+02 3.200000000000000000e+01
1.852900000000000000e+04 -9.600000000000000000e+02 3.280000000000000000e+02 1.600000000000000000e+01
1.856900000000000000e+04 -9.600000000000000000e+02 3.280000000000000000e+02 2.400000000000000000e+01
1.860900000000000000e+04 -9.600000000000000000e+02 3.360000000000000000e+02 6.400000000000000000e+01
1.864900000000000000e+04 -9.680000000000000000e+02 3.440000000000000000e+02 4.000000000000000000e+01
1.868900000000000000e+04 -9.840000000000000000e+02 3.280000000000000000e+02 -8.000000000000000000e+00
1.872900000000000000e+04 -9.840000000000000000e+02 3.360000000000000000e+02 1.600000000000000000e+01
1.876900000000000000e+04 -9.760000000000000000e+02 3.440000000000000000e+02 2.400000000000000000e+01
1.880900000000000000e+04 -9.760000000000000000e+02 3.440000000000000000e+02 4.800000000000000000e+01
1.884900000000000000e+04 -9.680000000000000000e+02 3.360000000000000000e+02 1.600000000000000000e+01
1.888000000000000000e+04 -9.680000000000000000e+02 3.520000000000000000e+02 2.400000000000000000e+01
1.892000000000000000e+04 -9.680000000000000000e+02 3.440000000000000000e+02 2.400000000000000000e+01
1.896000000000000000e+04 -9.680000000000000000e+02 3.440000000000000000e+02 4.000000000000000000e+01
1.900000000000000000e+04 -9.520000000000000000e+02 3.440000000000000000e+02 2.400000000000000000e+01
1.904000000000000000e+04 -9.600000000000000000e+02 3.440000000000000000e+02 3.200000000000000000e+01
1.908000000000000000e+04 -9.680000000000000000e+02 3.360000000000000000e+02 2.400000000000000000e+01
1.912000000000000000e+04 -9.680000000000000000e+02 3.360000000000000000e+02 1.600000000000000000e+01
1.916000000000000000e+04 -9.840000000000000000e+02 3.440000000000000000e+02 2.400000000000000000e+01
1.920000000000000000e+04 -9.680000000000000000e+02 3.360000000000000000e+02 2.400000000000000000e+01
1.924000000000000000e+04 -9.600000000000000000e+02 3.360000000000000000e+02 8.000000000000000000e+00
1.928000000000000000e+04 -9.600000000000000000e+02 3.440000000000000000e+02 1.600000000000000000e+01
1.932000000000000000e+04 -9.600000000000000000e+02 3.440000000000000000e+02 0.000000000000000000e+00
1.936000000000000000e+04 -9.600000000000000000e+02 3.440000000000000000e+02 2.400000000000000000e+01
1.940000000000000000e+04 -9.680000000000000000e+02 3.360000000000000000e+02 4.000000000000000000e+01
1.944000000000000000e+04 -9.680000000000000000e+02 3.680000000000000000e+02 0.000000000000000000e+00
1.948000000000000000e+04 -9.680000000000000000e+02 3.440000000000000000e+02 3.200000000000000000e+01
1.952000000000000000e+04 -9.360000000000000000e+02 3.360000000000000000e+02 8.000000000000000000e+00
1.956000000000000000e+04 -9.440000000000000000e+02 3.360000000000000000e+02 2.400000000000000000e+01
1.960000000000000000e+04 -9.680000000000000000e+02 3.360000000000000000e+02 6.400000000000000000e+01
1.964000000000000000e+04 -9.680000000000000000e+02 3.360000000000000000e+02 0.000000000000000000e+00
1.968000000000000000e+04 -9.680000000000000000e+02 3.440000000000000000e+02 3.200000000000000000e+01
1.972000000000000000e+04 -9.600000000000000000e+02 3.520000000000000000e+02 -2.400000000000000000e+01
1.976000000000000000e+04 -9.600000000000000000e+02 3.440000000000000000e+02 8.000000000000000000e+00
1.980000000000000000e+04 -9.680000000000000000e+02 3.360000000000000000e+02 3.200000000000000000e+01
1.984000000000000000e+04 -9.680000000000000000e+02 3.360000000000000000e+02 8.000000000000000000e+00
