2.500000000000000000e+01 8.000000000000000000e+00 -1.600000000000000000e+01 -1.032000000000000000e+03
6.500000000000000000e+01 8.000000000000000000e+00 0.000000000000000000e+00 -1.040000000000000000e+03
1.050000000000000000e+02 8.000000000000000000e+00 8.000000000000000000e+00 -1.048000000000000000e+03
1.450000000000000000e+02 1.600000000000000000e+01 -8.000000000000000000e+00 -1.048000000000000000e+03
1.850000000000000000e+02 8.000000000000000000e+00 -8.000000000000000000e+00 -1.016000000000000000e+03
2.250000000000000000e+02 8.000000000000000000e+00 -8.000000000000000000e+00 -1.032000000000000000e+03
2.650000000000000000e+02 1.600000000000000000e+01 -1.600000000000000000e+01 -1.040000000000000000e+03
3.050000000000000000e+02 8.000000000000000000e+00 -8.000000000000000000e+00 -1.024000000000000000e+03
3.450000000000000000e+02 8.000000000000000000e+00 -1.600000000000000000e+01 -1.040000000000000000e+03
3.850000000000000000e+02 8.000000000000000000e+00 -8.000000000000000000e+00 -1.040000000000000000e+03
4.250000000000000000e+02 8.000000000000000000e+00 -1.600000000000000000e+01 -1.024000000000000000e+03
4.650000000000000000e+02 8.000000000000000000e+00 -1.600000000000000000e+01 -1.032000000000000000e+03
5.050000000000000000e+02 8.000000000000000000e+00 0.000000000000000000e+00 -1.024000000000000000e+03
5.450000000000000000e+02 8.000000000000000000e+00 0.000000000000000000e+00 -1.048000000000000000e+03
5.850000000000000000e+02 1.600000000000000000e+01 -8.000000000000000000e+00 -1.016000000000000000e+03
6.250000000000000000e+02 8.000000000000000000e+00 -8.000000000000000000e+00 -1.048000000000000000e+03
6.650000000000000000e+02 8.000000000000000000e+00 -8.000000000000000000e+00 -1.040000000000000000e+03
7.050000000000000000e+02 8.000000000000000000e+00 -8.000000000000000000e+00 -1.040000000000000000e+03
7.450000000000000000e+02 8.000000000000000000e+00 -8.000000000000000000e+00 -1.032000000000000000e+03
7.850000000000000000e+02 1.600000000000000000e+01 -1.600000000000000000e+01 -1.032000000000000000e+03
8.250000000000000000e+02 1.600000000000000000e+01 -8.000000000000000000e+00 -1.040000000000000000e+03
8.650000000000000000e+02 8.000000000000000000e+00 -8.000000000000000000e+00 -1.024000000000000000e+03
9.050000000000000000e+02 1.600000000000000000e+01 -1.600000000000000000e+01 -1.040000000000000000e+03
9.450000000000000000e+02 1.600000000000000000e+01 -8.000000000000000000e+00 -1.032000000000000000e+03
9.850000000000000000e+02 8.000000000000000000e+00 -8.000000000000000000e+00 -1.040000000000000000e+03
1.017000000000000000e+03 8.000000000000000000e+00 -8.000000000000000000e+00 -1.048000000000000000e+03
1.057000000000000000e+03 2.400000000000000000e+01 2.400000000000000000e+01 -1.024000000000000000e+03
1.097000000000000000e+03 3.200000000000000000e+01 8.000000000000000000e+00 -1.032000000000000000e+03
1.137000000000000000e+03 1.600000000000000000e+01 -8.000000000000000000e+00 -1.040000000000000000e+03
1.177000000000000000e+03 2.400000000000000000e+01 -2.400000000000000000e+01 -1.040000000000000000e+03
1.217000000000000000e+03 2.400000000000000000e+01 -1.600000000000000000e+01 -1.024000000000000000e+03
1.257000000000000000e+03 1.600000000000000000e+01 -1.600000000000000000e+01 -1.048000000000000000e+03
1.297000000000000000e+03 1.600000000000000000e+01 -2.400000000000000000e+01 -1.048000000000000000e+03
1.337000000000000000e+03 8.000000000000000000e+00 -8.000000000000000000e+00 -1.032000000000000000e+03
1.377000000000000000e+03 1.600000000000000000e+01 -8.000000000000000000e+00 -1.040000000000000000e+03
1.417000000000000000e+03 1.600000000000000000e+01 -8.000000000000000000e+00 -1.024000000000000000e+03
1.457000000000000000e+03 8.000000000000000000e+00 -2.400000000000000000e+01 -1.040000000000000000e+03
1.497000000000000000e+03 2.400000000000000000e+01 -2.400000000000000000e+01 -1.016000000000000000e+03
1.537000000000000000e+03 3.200000000000000000e+01 -1.600000000000000000e+01 -1.040000000000000000e+03
1.577000000000000000e+03 2.400000000000000000e+01 -1.600000000000000000e+01 -1.040000000000000000e+03
1.617000000000000000e+03 2.400000000000000000e+01 -3.200000000000000000e+01 -1.032000000000000000e+03
1.657000000000000000e+03 1.600000000000000000e+01 -1.600000000000000000e+01 -1.032000000000000000e+03
1.697000000000000000e+03 2.400000000000000000e+01 -1.600000000000000000e+01 -1.040000000000000000e+03
1.737000000000000000e+03 8.000000000000000000e+00 -2.400000000000000000e+01 -1.040000000000000000e+03
1.777000000000000000e+03 8.000000000000000000e+00 -1.600000000000000000e+01 -1.048000000000000000e+03
1.817000000000000000e+03 1.600000000000000000e+01 -1.600000000000000000e+01 -1.032000000000000000e+03
1.857000000000000000e+03 1.600000000000000000e+01 -1.600000000000000000e+01 -1.024000000000000000e+03
1.897000000000000000e+03 1.600000000000000000e+01 -1.600000000000000000e+01 -1.048000000000000000e+03
1.937000000000000000e+03 1.600000000000000000e+01 -1.600000000000000000e+01 -1.040000000000000000e+03
1.977000000000000000e+03 0.000000000000000000e+00 -8.000000000000000000e+00 -1.048000000000000000e+03
2.010000000000000000e+03 0.000000000000000000e+00 -8.000000000000000000e+00 -1.040000000000000000e+03
2.050000000000000000e+03 8.000000000000000000e+00 -8.000000000000000000e+00 -1.024000000000000000e+03
2.090000000000000000e+03 8.000000000000000000e+00 -8.000000000000000000e+00 -1.016000000000000000e+03
2.130000000000000000e+03 8.000000000000000000e+00 -3.200000000000000000e+01 -1.056000000000000000e+03
2.170000000000000000e+03 1.600000000000000000e+01 -1.600000000000000000e+01 -1.064000000000000000e+03
2.210000000000000000e+03 8.000000000000000000e+00 -1.600000000000000000e+01 -1.040000000000000000e+03
2.250000000000000000e+03 8.000000000000000000e+00 -1.600000000000000000e+01 -1.048000000000000000e+03
2.290000000000000000e+03 8.000000000000000000e+00 -1.600000000000000000e+01 -1.032000000000000000e+03
2.330000000000000000e+03 1.600000000000000000e+01 -8.000000000000000000e+00 -1.032000000000000000e+03
2.370000000000000000e+03 1.600000000000000000e+01 0.000000000000000000e+00 -1.048000000000000000e+03
2.410000000000000000e+03 1.600000000000000000e+01 -3.200000000000000000e+01 -1.048000000000000000e+03
2.450000000000000000e+03 1.600000000000000000e+01 -1.600000000000000000e+01 -1.032000000000000000e+03
2.490000000000000000e+03 2.400000000000000000e+01 -8.000000000000000000e+00 -1.032000000000000000e+03
2.530000000000000000e+03 1.600000000000000000e+01 -8.000000000000000000e+00 -1.048000000000000000e+03
2.570000000000000000e+03 1.600000000000000000e+01 -8.000000000000000000e+00 -1.016000000000000000e+03
2.610000000000000000e+03 2.400000000000000000e+01 8.000000000000000000e+00 -1.032000000000000000e+03
2.650000000000000000e+03 1.600000000000000000e+01 -8.000000000000000000e+00 -1.024000000000000000e+03
2.690000000000000000e+03 1.600000000000000000e+01 -8.000000000000000000e+00 -1.048000000000000000e+03
2.730000000000000000e+03 1.600000000000000000e+01 -8.000000000000000000e+00 -1.048000000000000000e+03
2.770000000000000000e+03 1.600000000000000000e+01 -8.000000000000000000e+00 -1.048000000000000000e+03
2.810000000000000000e+03 3.200000000000000000e+01 -8.000000000000000000e+00 -1.040000000000000000e+03
2.850000000000000000e+03 1.600000000000000000e+01 -8.000000000000000000e+00 -1.048000000000000000e+03
2.890000000000000000e+03 1.600000000000000000e+01 -1.600000000000000000e+01 -1.024000000000000000e+03
2.930000000000000000e+03 8.000000000000000000e+00 -8.000000000000000000e+00 -1.032000000000000000e+03
2.970000000000000000e+03 1.600000000000000000e+01 -1.600000000000000000e+01 -1.032000000000000000e+03
3.002000000000000000e+03 1.600000000000000000e+01 -1.600000000000000000e+01 -1.064000000000000000e+03
3.042000000000000000e+03 4.000000000000000000e+01 -8.000000000000000000e+00 -1.024000000000000000e+03
3.082000000000000000e+03 8.000000000000000000e+00 8.000000000000000000e+00 -1.032000000000000000e+03
3.122000000000000000e+03 0.000000000000000000e+00 8.000000000000000000e+00 -1.032000000000000000e+03
3.162000000000000000e+03 0.000000000000000000e+00 -1.600000000000000000e+01 -1.024000000000000000e+03
3.202000000000000000e+03 8.000000000000000000e+00 -1.600000000000000000e+01 -1.032000000000000000e+03
3.242000000000000000e+03 1.600000000000000000e+01 -1.600000000000000000e+01 -1.016000000000000000e+03
3.282000000000000000e+03 8.000000000000000000e+00 -1.600000000000000000e+01 -1.024000000000000000e+03
3.322000000000000000e+03 1.600000000000000000e+01 -1.600000000000000000e+01 -1.040000000000000000e+03
3.362000000000000000e+03 8.000000000000000000e+00 -1.600000000000000000e+01 -1.032000000000000000e+03
3.402000000000000000e+03 1.600000000000000000e+01 -8.000000000000000000e+00 -1.056000000000000000e+03
3.442000000000000000e+03 1.600000000000000000e+01 8.000000000000000000e+00 -1.032000000000000000e+03
3.482000000000000000e+03 1.600000000000000000e+01 0.000000000000000000e+00 -1.016000000000000000e+03
3.522000000000000000e+03 1.600000000000000000e+01 8.000000000000000000e+00 -1.032000000000000000e+03
3.562000000000000000e+03 1.600000000000000000e+01 -8.000000000000000000e+00 -9.840000000000000000e+02
3.602000000000000000e+03 0.000000000000000000e+00 -8.000000000000000000e+00 -1.040000000000000000e+03
3.642000000000000000e+03 8.000000000000000000e+00 -8.000000000000000000e+00 -1.048000000000000000e+03
3.682000000000000000e+03 8.000000000000000000e+00 -8.000000000000000000e+00 -1.048000000000000000e+03
3.722000000000000000e+03 8.000000000000000000e+00 -8.000000000000000000e+00 -1.040000000000000000e+03
3.762000000000000000e+03 8.000000000000000000e+00 0.000000000000000000e+00 -1.048000000000000000e+03
3.802000000000000000e+03 8.000000000000000000e+00 -8.000000000000000000e+00 -1.040000000000000000e+03
3.842000000000000000e+03 3.200000000000000000e+01 -8.000000000000000000e+00 -1.024000000000000000e+03
3.882000000000000000e+03 1.600000000000000000e+01 -1.600000000000000000e+01 -1.040000000000000000e+03
3.922000000000000000e+03 1.600000000000000000e+01 -1.600000000000000000e+01 -1.040000000000000000e+03
3.962000000000000000e+03 1.600000000000000000e+01 -1.600000000000000000e+01 -1.024000000000000000e+03
3.996000000000000000e+03 1.600000000000000000e+01 -8.000000000000000000e+00 -1.032000000000000000e+03
4.036000000000000000e+03 8.000000000000000000e+00 -8.000000000000000000e+00 -1.080000000000000000e+03
4.076000000000000000e+03 8.000000000000000000e+00 0.000000000000000000e+00 -1.040000000000000000e+03
4.116000000000000000e+03 -8.000000000000000000e+00 0.000000000000000000e+00 -1.040000000000000000e+03
4.156000000000000000e+03 -1.600000000000000000e+01 -1.600000000000000000e+01 -9.920000000000000000e+02
4.196000000000000000e+03 -1.600000000000000000e+01 -1.600000000000000000e+01 -1.040000000000000000e+03
4.236000000000000000e+03 0.000000000000000000e+00 -8.000000000000000000e+00 -1.024000000000000000e+03
4.276000000000000000e+03 0.000000000000000000e+00 -1.600000000000000000e+01 -1.032000000000000000e+03
4.316000000000000000e+03 8.000000000000000000e+00 0.000000000000000000e+00 -1.056000000000000000e+03
4.356000000000000000e+03 8.000000000000000000e+00 -1.600000000000000000e+01 -1.056000000000000000e+03
4.396000000000000000e+03 8.000000000000000000e+00 -8.000000000000000000e+00 -1.040000000000000000e+03
4.436000000000000000e+03 1.600000000000000000e+01 -1.600000000000000000e+01 -1.040000000000000000e+03
4.476000000000000000e+03 8.000000000000000000e+00 -8.000000000000000000e+00 -1.032000000000000000e+03
4.516000000000000000e+03 8.000000000000000000e+00 -1.600000000000000000e+01 -1.048000000000000000e+03
4.556000000000000000e+03 1.600000000000000000e+01 -1.600000000000000000e+01 -1.040000000000000000e+03
4.596000000000000000e+03 8.000000000000000000e+00 -3.200000000000000000e+01 -1.048000000000000000e+03
4.636000000000000000e+03 0.000000000000000000e+00 -2.400000000000000000e+01 -1.064000000000000000e+03
4.676000000000000000e+03 0.000000000000000000e+00 -1.600000000000000000e+01 -1.032000000000000000e+03
4.716000000000000000e+03 8.000000000000000000e+00 -1.600000000000000000e+01 -1.032000000000000000e+03
4.756000000000000000e+03 3.200000000000000000e+01 -2.400000000000000000e+01 -1.040000000000000000e+03
4.796000000000000000e+03 3.200000000000000000e+01 -4.000000000000000000e+01 -1.032000000000000000e+03
4.836000000000000000e+03 2.400000000000000000e+01 -2.400000000000000000e+01 -1.032000000000000000e+03
4.876000000000000000e+03 1.600000000000000000e+01 -8.000000000000000000e+00 -1.064000000000000000e+03
4.916000000000000000e+03 1.600000000000000000e+01 -8.000000000000000000e+00 -1.032000000000000000e+03
4.956000000000000000e+03 0.000000000000000000e+00 -8.000000000000000000e+00 -1.040000000000000000e+03
4.988000000000000000e+03 1.600000000000000000e+01 8.000000000000000000e+00 -1.064000000000000000e+03
5.028000000000000000e+03 2.400000000000000000e+01 -8.000000000000000000e+00 -1.008000000000000000e+03
5.068000000000000000e+03 1.600000000000000000e+01 -8.000000000000000000e+00 -1.016000000000000000e+03
5.108000000000000000e+03 8.000000000000000000e+00 8.000000000000000000e+00 -1.024000000000000000e+03
5.148000000000000000e+03 8.000000000000000000e+00 -8.000000000000000000e+00 -1.040000000000000000e+03
5.188000000000000000e+03 8.000000000000000000e+00 -8.000000000000000000e+00 -1.040000000000000000e+03
5.228000000000000000e+03 8.000000000000000000e+00 -8.000000000000000000e+00 -1.016000000000000000e+03
5.268000000000000000e+03 1.600000000000000000e+01 -8.000000000000000000e+00 -1.072000000000000000e+03
5.308000000000000000e+03 2.400000000000000000e+01 -1.600000000000000000e+01 -1.016000000000000000e+03
5.348000000000000000e+03 0.000000000000000000e+00 -1.600000000000000000e+01 -1.040000000000000000e+03
5.388000000000000000e+03 8.000000000000000000e+00 -2.400000000000000000e+01 -1.032000000000000000e+03
5.428000000000000000e+03 1.600000000000000000e+01 -2.400000000000000000e+01 -1.048000000000000000e+03
5.468000000000000000e+03 2.400000000000000000e+01 -2.400000000000000000e+01 -1.040000000000000000e+03
5.508000000000000000e+03 2.400000000000000000e+01 -1.600000000000000000e+01 -1.040000000000000000e+03
5.548000000000000000e+03 2.400000000000000000e+01 -8.000000000000000000e+00 -1.032000000000000000e+03
5.588000000000000000e+03 2.400000000000000000e+01 -8.000000000000000000e+00 -1.056000000000000000e+03
5.628000000000000000e+03 8.000000000000000000e+00 -8.000000000000000000e+00 -1.032000000000000000e+03
5.668000000000000000e+03 1.600000000000000000e+01 -8.000000000000000000e+00 -1.040000000000000000e+03
5.708000000000000000e+03 8.000000000000000000e+00 -8.000000000000000000e+00 -1.032000000000000000e+03
5.748000000000000000e+03 1.600000000000000000e+01 -8.000000000000000000e+00 -1.024000000000000000e+03
5.788000000000000000e+03 8.000000000000000000e+00 -8.000000000000000000e+00 -1.024000000000000000e+03
5.828000000000000000e+03 8.000000000000000000e+00 -1.600000000000000000e+01 -1.040000000000000000e+03
5.868000000000000000e+03 8.000000000000000000e+00 -8.000000000000000000e+00 -1.040000000000000000e+03
5.908000000000000000e+03 1.600000000000000000e+01 -1.600000000000000000e+01 -1.048000000000000000e+03
5.948000000000000000e+03 2.400000000000000000e+01 -1.600000000000000000e+01 -1.000000000000000000e+03
5.980000000000000000e+03 1.600000000000000000e+01 -1.600000000000000000e+01 -1.024000000000000000e+03
6.020000000000000000e+03 0.000000000000000000e+00 -1.600000000000000000e+01 -1.024000000000000000e+03
6.060000000000000000e+03 8.000000000000000000e+00 -1.600000000000000000e+01 -1.048000000000000000e+03
6.100000000000000000e+03 8.000000000000000000e+00 -8.000000000000000000e+00 -1.048000000000000000e+03
6.140000000000000000e+03 8.000000000000000000e+00 -8.000000000000000000e+00 -1.032000000000000000e+03
6.180000000000000000e+03 1.600000000000000000e+01 -1.600000000000000000e+01 -1.032000000000000000e+03
6.220000000000000000e+03 1.600000000000000000e+01 -1.600000000000000000e+01 -1.040000000000000000e+03
6.260000000000000000e+03 1.600000000000000000e+01 -8.000000000000000000e+00 -1.048000000000000000e+03
6.300000000000000000e+03 1.600000000000000000e+01 -2.400000000000000000e+01 -1.032000000000000000e+03
6.340000000000000000e+03 1.600000000000000000e+01 -1.600000000000000000e+01 -1.032000000000000000e+03
6.380000000000000000e+03 1.600000000000000000e+01 -1.600000000000000000e+01 -1.032000000000000000e+03
6.420000000000000000e+03 1.600000000000000000e+01 -2.400000000000000000e+01 -1.024000000000000000e+03
6.460000000000000000e+03 1.600000000000000000e+01 -1.600000000000000000e+01 -1.040000000000000000e+03
6.500000000000000000e+03 8.000000000000000000e+00 0.000000000000000000e+00 -1.016000000000000000e+03
6.540000000000000000e+03 1.600000000000000000e+01 -8.000000000000000000e+00 -1.032000000000000000e+03
6.580000000000000000e+03 0.000000000000000000e+00 -1.600000000000000000e+01 -1.024000000000000000e+03
6.620000000000000000e+03 8.000000000000000000e+00 -8.000000000000000000e+00 -1.032000000000000000e+03
6.660000000000000000e+03 8.000000000000000000e+00 -1.600000000000000000e+01 -1.040000000000000000e+03
6.700000000000000000e+03 1.600000000000000000e+01 -1.600000000000000000e+01 -1.056000000000000000e+03
6.740000000000000000e+03 8.000000000000000000e+00 -1.600000000000000000e+01 -1.024000000000000000e+03
6.780000000000000000e+03 8.000000000000000000e+00 -1.600000000000000000e+01 -1.040000000000000000e+03
6.820000000000000000e+03 1.600000000000000000e+01 -8.000000000000000000e+00 -1.032000000000000000e+03
6.860000000000000000e+03 8.000000000000000000e+00 -1.600000000000000000e+01 -1.024000000000000000e+03
6.900000000000000000e+03 8.000000000000000000e+00 -1.600000000000000000e+01 -1.040000000000000000e+03
6.940000000000000000e+03 8.000000000000000000e+00 -8.000000000000000000e+00 -1.040000000000000000e+03
6.973000000000000000e+03 8.000000000000000000e+00 -8.000000000000000000e+00 -1.040000000000000000e+03
7.013000000000000000e+03 1.600000000000000000e+01 -8.000000000000000000e+00 -9.920000000000000000e+02
7.053000000000000000e+03 1.600000000000000000e+01 -8.000000000000000000e+00 -1.048000000000000000e+03
7.093000000000000000e+03 1.600000000000000000e+01 -8.000000000000000000e+00 -1.040000000000000000e+03
7.133000000000000000e+03 1.600000000000000000e+01 -1.600000000000000000e+01 -1.040000000000000000e+03
7.173000000000000000e+03 1.600000000000000000e+01 -1.600000000000000000e+01 -1.040000000000000000e+03
7.213000000000000000e+03 1.600000000000000000e+01 -1.600000000000000000e+01 -1.016000000000000000e+03
7.253000000000000000e+03 1.600000000000000000e+01 -1.600000000000000000e+01 -1.064000000000000000e+03
7.293000000000000000e+03 1.600000000000000000e+01 -1.600000000000000000e+01 -1.032000000000000000e+03
7.333000000000000000e+03 1.600000000000000000e+01 -1.600000000000000000e+01 -1.040000000000000000e+03
7.373000000000000000e+03 2.400000000000000000e+01 -1.600000000000000000e+01 -1.024000000000000000e+03
7.413000000000000000e+03 1.600000000000000000e+01 -1.600000000000000000e+01 -1.040000000000000000e+03
7.453000000000000000e+03 2.400000000000000000e+01 -8.000000000000000000e+00 -1.024000000000000000e+03
7.493000000000000000e+03 1.600000000000000000e+01 -1.600000000000000000e+01 -1.072000000000000000e+03
7.533000000000000000e+03 1.600000000000000000e+01 0.000000000000000000e+00 -1.040000000000000000e+03
7.573000000000000000e+03 1.600000000000000000e+01 0.000000000000000000e+00 -1.032000000000000000e+03
7.613000000000000000e+03 1.600000000000000000e+01 -8.000000000000000000e+00 -1.032000000000000000e+03
7.653000000000000000e+03 1.600000000000000000e+01 -1.600000000000000000e+01 -1.032000000000000000e+03
7.693000000000000000e+03 1.600000000000000000e+01 -1.600000000000000000e+01 -1.048000000000000000e+03
7.733000000000000000e+03 1.600000000000000000e+01 -1.600000000000000000e+01 -1.032000000000000000e+03
7.773000000000000000e+03 8.000000000000000000e+00 -8.000000000000000000e+00 -1.032000000000000000e+03
7.813000000000000000e+03 0.000000000000000000e+00 0.000000000000000000e+00 -1.024000000000000000e+03
7.853000000000000000e+03 0.000000000000000000e+00 -8.000000000000000000e+00 -1.048000000000000000e+03
7.893000000000000000e+03 8.000000000000000000e+00 -8.000000000000000000e+00 -1.032000000000000000e+03
7.933000000000000000e+03 0.000000000000000000e+00 -1.600000000000000000e+01 -1.016000000000000000e+03
7.965000000000000000e+03 8.000000000000000000e+00 -1.600000000000000000e+01 -1.040000000000000000e+03
8.005000000000000000e+03 8.000000000000000000e+00 -1.600000000000000000e+01 -1.040000000000000000e+03
8.045000000000000000e+03 1.600000000000000000e+01 -1.600000000000000000e+01 -1.016000000000000000e+03
8.085000000000000000e+03 1.600000000000000000e+01 -1.600000000000000000e+01 -1.072000000000000000e+03
8.125000000000000000e+03 8.000000000000000000e+00 -1.600000000000000000e+01 -1.048000000000000000e+03
8.165000000000000000e+03 8.000000000000000000e+00 0.000000000000000000e+00 -1.064000000000000000e+03
8.205000000000000000e+03 8.000000000000000000e+00 -8.000000000000000000e+00 -1.032000000000000000e+03
8.245000000000000000e+03 0.000000000000000000e+00 -8.000000000000000000e+00 -1.040000000000000000e+03
8.285000000000000000e+03 8.000000000000000000e+00 -1.600000000000000000e+01 -1.032000000000000000e+03
8.325000000000000000e+03 8.000000000000000000e+00 -1.600000000000000000e+01 -1.048000000000000000e+03
8.365000000000000000e+03 2.400000000000000000e+01 -1.600000000000000000e+01 -1.024000000000000000e+03
8.405000000000000000e+03 1.600000000000000000e+01 -4.800000000000000000e+01 -1.048000000000000000e+03
8.445000000000000000e+03 -8.000000000000000000e+00 -3.200000000000000000e+01 -9.920000000000000000e+02
8.485000000000000000e+03 8.000000000000000000e+00 -2.400000000000000000e+01 -1.016000000000000000e+03
8.525000000000000000e+03 1.600000000000000000e+01 -2.400000000000000000e+01 -1.024000000000000000e+03
8.565000000000000000e+03 1.600000000000000000e+01 -1.600000000000000000e+01 -1.040000000000000000e+03
8.605000000000000000e+03 2.400000000000000000e+01 -1.600000000000000000e+01 -1.056000000000000000e+03
8.645000000000000000e+03 8.000000000000000000e+00 -1.600000000000000000e+01 -1.032000000000000000e+03
8.685000000000000000e+03 8.000000000000000000e+00 8.000000000000000000e+00 -1.040000000000000000e+03
8.725000000000000000e+03 1.600000000000000000e+01 0.000000000000000000e+00 -1.032000000000000000e+03
8.765000000000000000e+03 1.600000000000000000e+01 -8.000000000000000000e+00 -1.048000000000000000e+03
8.805000000000000000e+03 1.600000000000000000e+01 -1.600000000000000000e+01 -1.032000000000000000e+03
8.845000000000000000e+03 1.600000000000000000e+01 -2.400000000000000000e+01 -1.048000000000000000e+03
8.885000000000000000e+03 1.600000000000000000e+01 -8.000000000000000000e+00 -1.032000000000000000e+03
8.925000000000000000e+03 8.000000000000000000e+00 -8.000000000000000000e+00 -1.048000000000000000e+03
8.957000000000000000e+03 1.600000000000000000e+01 -2.400000000000000000e+01 -1.048000000000000000e+03
8.997000000000000000e+03 2.400000000000000000e+01 -8.000000000000000000e+00 -1.032000000000000000e+03
9.037000000000000000e+03 1.600000000000000000e+01 -4.000000000000000000e+01 -1.024000000000000000e+03
9.077000000000000000e+03 2.400000000000000000e+01 -2.400000000000000000e+01 -1.016000000000000000e+03
9.117000000000000000e+03 -1.600000000000000000e+01 -8.000000000000000000e+00 -1.040000000000000000e+03
9.157000000000000000e+03 1.600000000000000000e+01 -8.000000000000000000e+00 -1.016000000000000000e+03
9.197000000000000000e+03 -8.000000000000000000e+00 0.000000000000000000e+00 -1.080000000000000000e+03
9.237000000000000000e+03 1.600000000000000000e+01 -2.400000000000000000e+01 -1.024000000000000000e+03
9.277000000000000000e+03 8.000000000000000000e+00 -1.600000000000000000e+01 -1.040000000000000000e+03
9.317000000000000000e+03 2.400000000000000000e+01 -3.200000000000000000e+01 -1.032000000000000000e+03
9.357000000000000000e+03 2.400000000000000000e+01 -2.400000000000000000e+01 -1.032000000000000000e+03
9.397000000000000000e+03 1.600000000000000000e+01 -1.600000000000000000e+01 -1.040000000000000000e+03
9.437000000000000000e+03 4.000000000000000000e+01 -1.600000000000000000e+01 -1.024000000000000000e+03
9.477000000000000000e+03 2.400000000000000000e+01 -1.600000000000000000e+01 -9.920000000000000000e+02
9.517000000000000000e+03 2.400000000000000000e+01 -8.000000000000000000e+00 -1.032000000000000000e+03
9.557000000000000000e+03 1.600000000000000000e+01 -8.000000000000000000e+00 -1.032000000000000000e+03
9.597000000000000000e+03 1.600000000000000000e+01 -1.600000000000000000e+01 -1.040000000000000000e+03
9.637000000000000000e+03 1.600000000000000000e+01 -4.800000000000000000e+01 -1.048000000000000000e+03
9.677000000000000000e+03 2.400000000000000000e+01 -3.200000000000000000e+01 -1.072000000000000000e+03
9.717000000000000000e+03 1.600000000000000000e+01 -2.400000000000000000e+01 -1.040000000000000000e+03
9.757000000000000000e+03 -8.000000000000000000e+00 -2.400000000000000000e+01 -1.032000000000000000e+03
9.797000000000000000e+03 0.000000000000000000e+00 -2.400000000000000000e+01 -1.040000000000000000e+03
9.837000000000000000e+03 0.000000000000000000e+00 -1.600000000000000000e+01 -1.016000000000000000e+03
9.877000000000000000e+03 0.000000000000000000e+00 -3.200000000000000000e+01 -1.040000000000000000e+03
9.917000000000000000e+03 -8.000000000000000000e+00 -8.000000000000000000e+00 -1.032000000000000000e+03
9.950000000000000000e+03 1.600000000000000000e+01 -8.000000000000000000e+00 -1.048000000000000000e+03
9.990000000000000000e+03 8.000000000000000000e+00 -8.000000000000000000e+00 -1.024000000000000000e+03
1.003000000000000000e+04 8.000000000000000000e+00 -3.200000000000000000e+01 -1.040000000000000000e+03
1.007000000000000000e+04 1.600000000000000000e+01 -2.400000000000000000e+01 -1.056000000000000000e+03
1.011000000000000000e+04 8.000000000000000000e+00 -2.400000000000000000e+01 -1.024000000000000000e+03
1.015000000000000000e+04 8.000000000000000000e+00 -3.200000000000000000e+01 -1.040000000000000000e+03
1.019000000000000000e+04 0.000000000000000000e+00 -8.000000000000000000e+00 -1.032000000000000000e+03
1.023000000000000000e+04 8.000000000000000000e+00 -1.600000000000000000e+01 -1.024000000000000000e+03
1.027000000000000000e+04 1.600000000000000000e+01 -1.600000000000000000e+01 -1.040000000000000000e+03
1.031000000000000000e+04 8.000000000000000000e+00 -1.600000000000000000e+01 -1.024000000000000000e+03
1.035000000000000000e+04 1.600000000000000000e+01 -8.000000000000000000e+00 -1.064000000000000000e+03
1.039000000000000000e+04 1.600000000000000000e+01 -1.600000000000000000e+01 -1.040000000000000000e+03
1.043000000000000000e+04 2.400000000000000000e+01 -2.400000000000000000e+01 -1.040000000000000000e+03
1.047000000000000000e+04 1.600000000000000000e+01 -8.000000000000000000e+00 -1.056000000000000000e+03
1.051000000000000000e+04 2.400000000000000000e+01 -3.200000000000000000e+01 -1.016000000000000000e+03
1.055000000000000000e+04 2.400000000000000000e+01 -1.600000000000000000e+01 -1.024000000000000000e+03
1.059000000000000000e+04 8.000000000000000000e+00 -1.600000000000000000e+01 -1.016000000000000000e+03
1.063000000000000000e+04 2.400000000000000000e+01 -1.600000000000000000e+01 -1.024000000000000000e+03
1.067000000000000000e+04 2.400000000000000000e+01 -1.600000000000000000e+01 -1.048000000000000000e+03
1.071000000000000000e+04 1.600000000000000000e+01 -1.600000000000000000e+01 -1.056000000000000000e+03
1.075000000000000000e+04 8.000000000000000000e+00 -8.000000000000000000e+00 -1.040000000000000000e+03
1.079000000000000000e+04 1.600000000000000000e+01 -8.000000000000000000e+00 -1.032000000000000000e+03
1.083000000000000000e+04 1.600000000000000000e+01 -1.600000000000000000e+01 -1.040000000000000000e+03
1.087000000000000000e+04 1.600000000000000000e+01 -1.600000000000000000e+01 -1.064000000000000000e+03
1.091000000000000000e+04 2.400000000000000000e+01 -8.000000000000000000e+00 -1.040000000000000000e+03
1.094200000000000000e+04 8.000000000000000000e+00 -8.000000000000000000e+00 -1.040000000000000000e+03
1.098200000000000000e+04 8.000000000000000000e+00 -8.000000000000000000e+00 -1.080000000000000000e+03
1.102200000000000000e+04 1.600000000000000000e+01 -8.000000000000000000e+00 -1.040000000000000000e+03
1.106200000000000000e+04 -8.000000000000000000e+00 -1.600000000000000000e+01 -1.048000000000000000e+03
1.110200000000000000e+04 -2.400000000000000000e+01 -3.200000000000000000e+01 -1.072000000000000000e+03
1.114200000000000000e+04 0.000000000000000000e+00 -2.400000000000000000e+01 -1.032000000000000000e+03
1.118200000000000000e+04 8.000000000000000000e+00 -2.400000000000000000e+01 -1.040000000000000000e+03
1.122200000000000000e+04 8.000000000000000000e+00 -1.600000000000000000e+01 -1.032000000000000000e+03
1.126200000000000000e+04 8.000000000000000000e+00 -8.000000000000000000e+00 -1.024000000000000000e+03
1.130200000000000000e+04 1.600000000000000000e+01 -1.600000000000000000e+01 -1.040000000000000000e+03
1.134200000000000000e+04 1.600000000000000000e+01 -8.000000000000000000e+00 -1.032000000000000000e+03
1.138200000000000000e+04 1.600000000000000000e+01 -1.600000000000000000e+01 -1.016000000000000000e+03
1.142200000000000000e+04 8.000000000000000000e+00 -8.000000000000000000e+00 -1.040000000000000000e+03
1.146200000000000000e+04 8.000000000000000000e+00 -8.000000000000000000e+00 -1.016000000000000000e+03
1.150200000000000000e+04 8.000000000000000000e+00 -8.000000000000000000e+00 -1.016000000000000000e+03
1.154200000000000000e+04 3.200000000000000000e+01 -1.600000000000000000e+01 -1.048000000000000000e+03
1.158200000000000000e+04 1.600000000000000000e+01 -1.600000000000000000e+01 -1.040000000000000000e+03
1.162200000000000000e+04 8.000000000000000000e+00 -8.000000000000000000e+00 -1.024000000000000000e+03
1.166200000000000000e+04 1.600000000000000000e+01 -8.000000000000000000e+00 -1.040000000000000000e+03
1.170200000000000000e+04 0.000000000000000000e+00 -8.000000000000000000e+00 -1.056000000000000000e+03
1.174200000000000000e+04 0.000000000000000000e+00 -1.600000000000000000e+01 -1.024000000000000000e+03
1.178200000000000000e+04 8.000000000000000000e+00 -1.600000000000000000e+01 -1.032000000000000000e+03
1.182200000000000000e+04 8.000000000000000000e+00 -1.600000000000000000e+01 -1.032000000000000000e+03
1.186200000000000000e+04 8.000000000000000000e+00 -8.000000000000000000e+00 -1.048000000000000000e+03
1.190200000000000000e+04 1.600000000000000000e+01 0.000000000000000000e+00 -1.040000000000000000e+03
1.193400000000000000e+04 1.600000000000000000e+01 -8.000000000000000000e+00 -1.048000000000000000e+03
1.197400000000000000e+04 1.600000000000000000e+01 -1.600000000000000000e+01 -1.008000000000000000e+03
1.201400000000000000e+04 2.400000000000000000e+01 -3.200000000000000000e+01 -1.032000000000000000e+03
1.205400000000000000e+04 2.400000000000000000e+01 -1.600000000000000000e+01 -1.048000000000000000e+03
1.209400000000000000e+04 1.600000000000000000e+01 -1.600000000000000000e+01 -1.048000000000000000e+03
1.213400000000000000e+04 8.000000000000000000e+00 -1.600000000000000000e+01 -1.048000000000000000e+03
1.217400000000000000e+04 1.600000000000000000e+01 -1.600000000000000000e+01 -1.040000000000000000e+03
1.221400000000000000e+04 8.000000000000000000e+00 -8.000000000000000000e+00 -1.056000000000000000e+03
1.225400000000000000e+04 1.600000000000000000e+01 -1.600000000000000000e+01 -1.040000000000000000e+03
1.229400000000000000e+04 8.000000000000000000e+00 -3.200000000000000000e+01 -1.032000000000000000e+03
1.233400000000000000e+04 8.000000000000000000e+00 -2.400000000000000000e+01 -1.048000000000000000e+03
1.237400000000000000e+04 8.000000000000000000e+00 -4.000000000000000000e+01 -1.024000000000000000e+03
1.241400000000000000e+04 8.000000000000000000e+00 -3.200000000000000000e+01 -1.032000000000000000e+03
1.245400000000000000e+04 8.000000000000000000e+00 -2.400000000000000000e+01 -1.032000000000000000e+03
1.249400000000000000e+04 -1.600000000000000000e+01 -1.600000000000000000e+01 -1.040000000000000000e+03
1.253400000000000000e+04 8.000000000000000000e+00 -1.600000000000000000e+01 -1.024000000000000000e+03
1.257400000000000000e+04 4.000000000000000000e+01 -1.600000000000000000e+01 -1.032000000000000000e+03
1.261400000000000000e+04 2.400000000000000000e+01 0.000000000000000000e+00 -1.024000000000000000e+03
1.265400000000000000e+04 1.600000000000000000e+01 -8.000000000000000000e+00 -1.032000000000000000e+03
1.269400000000000000e+04 1.600000000000000000e+01 -8.000000000000000000e+00 -1.024000000000000000e+03
1.273400000000000000e+04 1.600000000000000000e+01 -8.000000000000000000e+00 -1.040000000000000000e+03
1.277400000000000000e+04 1.600000000000000000e+01 -1.600000000000000000e+01 -1.048000000000000000e+03
1.281400000000000000e+04 1.600000000000000000e+01 -1.600000000000000000e+01 -1.032000000000000000e+03
1.285400000000000000e+04 1.600000000000000000e+01 -2.400000000000000000e+01 -1.056000000000000000e+03
1.289400000000000000e+04 1.600000000000000000e+01 -1.600000000000000000e+01 -1.032000000000000000e+03
1.391900000000000000e+04 8.000000000000000000e+00 -8.000000000000000000e+00 -1.032000000000000000e+03
1.395900000000000000e+04 8.000000000000000000e+00 -1.600000000000000000e+01 -1.040000000000000000e+03
1.399900000000000000e+04 1.600000000000000000e+01 -2.400000000000000000e+01 -1.040000000000000000e+03
1.403900000000000000e+04 8.000000000000000000e+00 -8.000000000000000000e+00 -1.008000000000000000e+03
1.407900000000000000e+04 1.600000000000000000e+01 -8.000000000000000000e+00 -1.024000000000000000e+03
1.411900000000000000e+04 1.600000000000000000e+01 -8.000000000000000000e+00 -1.072000000000000000e+03
1.415900000000000000e+04 1.600000000000000000e+01 -1.600000000000000000e+01 -1.040000000000000000e+03
1.419900000000000000e+04 8.000000000000000000e+00 -1.600000000000000000e+01 -1.032000000000000000e+03
1.423900000000000000e+04 8.000000000000000000e+00 -1.600000000000000000e+01 -9.840000000000000000e+02
1.427900000000000000e+04 8.000000000000000000e+00 -2.400000000000000000e+01 -1.040000000000000000e+03
1.431900000000000000e+04 0.000000000000000000e+00 -1.600000000000000000e+01 -1.048000000000000000e+03
1.435900000000000000e+04 0.000000000000000000e+00 -1.600000000000000000e+01 -1.032000000000000000e+03
1.439900000000000000e+04 8.000000000000000000e+00 -2.400000000000000000e+01 -1.048000000000000000e+03
1.443900000000000000e+04 -8.000000000000000000e+00 -1.600000000000000000e+01 -1.040000000000000000e+03
1.447900000000000000e+04 0.000000000000000000e+00 -2.400000000000000000e+01 -1.072000000000000000e+03
1.451900000000000000e+04 0.000000000000000000e+00 -2.400000000000000000e+01 -1.016000000000000000e+03
1.455900000000000000e+04 8.000000000000000000e+00 -1.600000000000000000e+01 -1.040000000000000000e+03
1.459900000000000000e+04 1.600000000000000000e+01 -1.600000000000000000e+01 -1.024000000000000000e+03
1.463900000000000000e+04 2.400000000000000000e+01 -1.600000000000000000e+01 -1.040000000000000000e+03
1.467900000000000000e+04 1.600000000000000000e+01 -2.400000000000000000e+01 -1.072000000000000000e+03
1.471900000000000000e+04 -8.000000000000000000e+00 -1.600000000000000000e+01 -1.008000000000000000e+03
1.475900000000000000e+04 -1.600000000000000000e+01 -8.000000000000000000e+00 -1.032000000000000000e+03
1.479900000000000000e+04 0.000000000000000000e+00 -8.000000000000000000e+00 -1.032000000000000000e+03
1.483900000000000000e+04 0.000000000000000000e+00 -8.000000000000000000e+00 -1.032000000000000000e+03
1.487900000000000000e+04 8.000000000000000000e+00 8.000000000000000000e+00 -1.040000000000000000e+03
1.491200000000000000e+04 8.000000000000000000e+00 0.000000000000000000e+00 -1.072000000000000000e+03
1.495200000000000000e+04 8.000000000000000000e+00 -8.000000000000000000e+00 -1.032000000000000000e+03
1.499200000000000000e+04 -8.000000000000000000e+00 -8.000000000000000000e+00 -1.072000000000000000e+03
1.503200000000000000e+04 -8.000000000000000000e+00 1.600000000000000000e+01 -1.032000000000000000e+03
1.507200000000000000e+04 -8.000000000000000000e+00 -1.600000000000000000e+01 -1.048000000000000000e+03
1.511200000000000000e+04 -8.000000000000000000e+00 -8.000000000000000000e+00 -1.048000000000000000e+03
1.515200000000000000e+04 0.000000000000000000e+00 -8.000000000000000000e+00 -1.064000000000000000e+03
1.519200000000000000e+04 0.000000000000000000e+00 -1.600000000000000000e+01 -1.032000000000000000e+03
1.523200000000000000e+04 8.000000000000000000e+00 1.600000000000000000e+01 -1.048000000000000000e+03
1.527200000000000000e+04 1.600000000000000000e+01 8.000000000000000000e+00 -9.920000000000000000e+02
1.531200000000000000e+04 1.600000000000000000e+01 -1.600000000000000000e+01 -1.072000000000000000e+03
1.535200000000000000e+04 2.400000000000000000e+01 -1.600000000000000000e+01 -1.040000000000000000e+03
1.539200000000000000e+04 3.200000000000000000e+01 -1.600000000000000000e+01 -1.056000000000000000e+03
1.543200000000000000e+04 2.400000000000000000e+01 -1.600000000000000000e+01 -1.008000000000000000e+03
1.547200000000000000e+04 1.600000000000000000e+01 -8.000000000000000000e+00 -1.016000000000000000e+03
1.551200000000000000e+04 1.600000000000000000e+01 -1.600000000000000000e+01 -1.040000000000000000e+03
1.555200000000000000e+04 2.400000000000000000e+01 0.000000000000000000e+00 -1.040000000000000000e+03
1.559200000000000000e+04 1.600000000000000000e+01 -8.000000000000000000e+00 -1.032000000000000000e+03
1.563200000000000000e+04 8.000000000000000000e+00 -8.000000000000000000e+00 -1.032000000000000000e+03
1.567200000000000000e+04 8.000000000000000000e+00 -8.000000000000000000e+00 -1.048000000000000000e+03
1.571200000000000000e+04 8.000000000000000000e+00 -3.200000000000000000e+01 -1.032000000000000000e+03
1.575200000000000000e+04 8.000000000000000000e+00 -1.600000000000000000e+01 -1.032000000000000000e+03
1.579200000000000000e+04 1.600000000000000000e+01 -1.600000000000000000e+01 -1.032000000000000000e+03
1.583200000000000000e+04 8.000000000000000000e+00 -1.600000000000000000e+01 -1.016000000000000000e+03
1.587200000000000000e+04 -8.000000000000000000e+00 -1.600000000000000000e+01 -9.920000000000000000e+02
1.689700000000000000e+04 -8.000000000000000000e+00 -1.600000000000000000e+01 -1.032000000000000000e+03
1.693700000000000000e+04 0.000000000000000000e+00 -2.400000000000000000e+01 -1.032000000000000000e+03
1.697700000000000000e+04 8.000000000000000000e+00 -2.400000000000000000e+01 -1.024000000000000000e+03
1.701700000000000000e+04 8.000000000000000000e+00 -1.600000000000000000e+01 -1.064000000000000000e+03
1.705700000000000000e+04 8.000000000000000000e+00 -8.000000000000000000e+00 -1.032000000000000000e+03
1.709700000000000000e+04 8.000000000000000000e+00 -8.000000000000000000e+00 -1.032000000000000000e+03
1.713700000000000000e+04 8.000000000000000000e+00 -1.600000000000000000e+01 -1.016000000000000000e+03
1.717700000000000000e+04 8.000000000000000000e+00 -3.200000000000000000e+01 -1.024000000000000000e+03
1.721700000000000000e+04 1.600000000000000000e+01 -2.400000000000000000e+01 -1.032000000000000000e+03
1.725700000000000000e+04 0.000000000000000000e+00 -1.600000000000000000e+01 -1.032000000000000000e+03
1.729700000000000000e+04 8.000000000000000000e+00 -1.600000000000000000e+01 -1.024000000000000000e+03
1.733700000000000000e+04 -8.000000000000000000e+00 -8.000000000000000000e+00 -1.048000000000000000e+03
1.737700000000000000e+04 8.000000000000000000e+00 -1.600000000000000000e+01 -1.024000000000000000e+03
1.741700000000000000e+04 8.000000000000000000e+00 -4.800000000000000000e+01 -1.064000000000000000e+03
1.745700000000000000e+04 8.000000000000000000e+00 -3.200000000000000000e+01 -1.032000000000000000e+03
1.749700000000000000e+04 8.000000000000000000e+00 -2.400000000000000000e+01 -1.040000000000000000e+03
1.753700000000000000e+04 1.600000000000000000e+01 -1.600000000000000000e+01 -1.032000000000000000e+03
1.757700000000000000e+04 3.200000000000000000e+01 -1.600000000000000000e+01 -1.040000000000000000e+03
1.761700000000000000e+04 2.400000000000000000e+01 -1.600000000000000000e+01 -1.032000000000000000e+03
1.765700000000000000e+04 1.600000000000000000e+01 0.000000000000000000e+00 -1.008000000000000000e+03
1.769700000000000000e+04 8.000000000000000000e+00 -8.000000000000000000e+00 -1.056000000000000000e+03
1.773700000000000000e+04 8.000000000000000000e+00 -8.000000000000000000e+00 -1.032000000000000000e+03
1.777700000000000000e+04 8.000000000000000000e+00 -1.600000000000000000e+01 -1.040000000000000000e+03
1.781700000000000000e+04 0.000000000000000000e+00 -1.600000000000000000e+01 -1.016000000000000000e+03
1.785700000000000000e+04 0.000000000000000000e+00 -1.600000000000000000e+01 -1.104000000000000000e+03
1.788900000000000000e+04 0.000000000000000000e+00 -1.600000000000000000e+01 -1.032000000000000000e+03
1.792900000000000000e+04 8.000000000000000000e+00 -8.000000000000000000e+00 -1.032000000000000000e+03
1.796900000000000000e+04 0.000000000000000000e+00 -8.000000000000000000e+00 -1.000000000000000000e+03
1.800900000000000000e+04 1.600000000000000000e+01 -1.600000000000000000e+01 -1.048000000000000000e+03
1.804900000000000000e+04 -8.000000000000000000e+00 -8.000000000000000000e+00 -1.040000000000000000e+03
1.808900000000000000e+04 -8.000000000000000000e+00 -2.400000000000000000e+01 -1.032000000000000000e+03
1.812900000000000000e+04 8.000000000000000000e+00 -8.000000000000000000e+00 -1.040000000000000000e+03
1.816900000000000000e+04 8.000000000000000000e+00 -1.600000000000000000e+01 -1.064000000000000000e+03
1.820900000000000000e+04 8.000000000000000000e+00 -8.000000000000000000e+00 -1.040000000000000000e+03
1.824900000000000000e+04 1.600000000000000000e+01 -8.000000000000000000e+00 -1.048000000000000000e+03
1.828900000000000000e+04 -2.400000000000000000e+01 -1.600000000000000000e+01 -1.016000000000000000e+03
1.832900000000000000e+04 0.000000000000000000e+00 -1.600000000000000000e+01 -1.056000000000000000e+03
1.836900000000000000e+04 8.000000000000000000e+00 -1.600000000000000000e+01 -1.040000000000000000e+03
1.840900000000000000e+04 0.000000000000000000e+00 -2.400000000000000000e+01 -1.040000000000000000e+03
1.844900000000000000e+04 4.800000000000000000e+01 -1.600000000000000000e+01 -1.040000000000000000e+03
1.848900000000000000e+04 2.400000000000000000e+01 -8.000000000000000000e+00 -1.032000000000000000e+03
1.852900000000000000e+04 1.600000000000000000e+01 -1.600000000000000000e+01 -1.024000000000000000e+03
1.856900000000000000e+04 2.400000000000000000e+01 -1.600000000000000000e+01 -1.040000000000000000e+03
1.860900000000000000e+04 2.400000000000000000e+01 1.600000000000000000e+01 -1.056000000000000000e+03
1.864900000000000000e+04 2.400000000000000000e+01 0.000000000000000000e+00 -1.040000000000000000e+03
1.868900000000000000e+04 1.600000000000000000e+01 -8.000000000000000000e+00 -1.056000000000000000e+03
1.872900000000000000e+04 8.000000000000000000e+00 -1.600000000000000000e+01 -1.016000000000000000e+03
1.876900000000000000e+04 1.600000000000000000e+01 -8.000000000000000000e+00 -1.048000000000000000e+03
1.880900000000000000e+04 8.000000000000000000e+00 -8.000000000000000000e+00 -1.040000000000000000e+03
1.884900000000000000e+04 1.600000000000000000e+01 -1.600000000000000000e+01 -1.024000000000000000e+03
1.888100000000000000e+04 8.000000000000000000e+00 -8.000000000000000000e+00 -1.032000000000000000e+03
1.892100000000000000e+04 8.000000000000000000e+00 -1.600000000000000000e+01 -1.064000000000000000e+03
1.896100000000000000e+04 3.200000000000000000e+01 -2.400000000000000000e+01 -1.048000000000000000e+03
1.900100000000000000e+04 2.400000000000000000e+01 -2.400000000000000000e+01 -1.016000000000000000e+03
1.904100000000000000e+04 1.600000000000000000e+01 -8.000000000000000000e+00 -1.048000000000000000e+03
1.908100000000000000e+04 8.000000000000000000e+00 8.000000000000000000e+00 -1.040000000000000000e+03
1.912100000000000000e+04 1.600000000000000000e+01 -8.000000000000000000e+00 -1.040000000000000000e+03
1.916100000000000000e+04 1.600000000000000000e+01 -8.000000000000000000e+00 -1.032000000000000000e+03
1.920100000000000000e+04 2.400000000000000000e+01 -2.400000000000000000e+01 -1.040000000000000000e+03
1.924100000000000000e+04 3.200000000000000000e+01 -1.600000000000000000e+01 -1.064000000000000000e+03
1.928100000000000000e+04 2.400000000000000000e+01 -1.600000000000000000e+01 -1.064000000000000000e+03
1.932100000000000000e+04 1.600000000000000000e+01 -1.600000000000000000e+01 -1.048000000000000000e+03
1.936100000000000000e+04 1.600000000000000000e+01 -8.000000000000000000e+00 -1.040000000000000000e+03
1.940100000000000000e+04 1.600000000000000000e+01 -1.600000000000000000e+01 -1.048000000000000000e+03
1.944100000000000000e+04 8.000000000000000000e+00 -1.600000000000000000e+01 -1.032000000000000000e+03
1.948100000000000000e+04 1.600000000000000000e+01 -8.000000000000000000e+00 -1.040000000000000000e+03
1.952100000000000000e+04 8.000000000000000000e+00 -1.600000000000000000e+01 -1.032000000000000000e+03
1.956100000000000000e+04 8.000000000000000000e+00 -8.000000000000000000e+00 -1.008000000000000000e+03
1.960100000000000000e+04 1.600000000000000000e+01 -8.000000000000000000e+00 -1.040000000000000000e+03
1.964100000000000000e+04 1.600000000000000000e+01 -1.600000000000000000e+01 -1.024000000000000000e+03
1.968100000000000000e+04 1.600000000000000000e+01 -1.600000000000000000e+01 -1.040000000000000000e+03
1.972100000000000000e+04 1.600000000000000000e+01 -1.600000000000000000e+01 -1.048000000000000000e+03
1.976100000000000000e+04 8.000000000000000000e+00 -1.600000000000000000e+01 -1.040000000000000000e+03
1.980100000000000000e+04 8.000000000000000000e+00 -8.000000000000000000e+00 -1.040000000000000000e+03
1.984100000000000000e+04 8.000000000000000000e+00 -1.600000000000000000e+01 -1.040000000000000000e+03
1.987400000000000000e+04 1.600000000000000000e+01 -1.600000000000000000e+01 -1.040000000000000000e+03
1.991400000000000000e+04 1.600000000000000000e+01 -1.600000000000000000e+01 -1.040000000000000000e+03
1.995400000000000000e+04 1.600000000000000000e+01 -8.000000000000000000e+00 -1.048000000000000000e+03
1.999400000000000000e+04 1.600000000000000000e+01 -2.400000000000000000e+01 -1.032000000000000000e+03
2.003400000000000000e+04 1.600000000000000000e+01 -2.400000000000000000e+01 -1.032000000000000000e+03
2.007400000000000000e+04 8.000000000000000000e+00 -1.600000000000000000e+01 -1.016000000000000000e+03
2.011400000000000000e+04 8.000000000000000000e+00 -1.600000000000000000e+01 -1.040000000000000000e+03
2.015400000000000000e+04 8.000000000000000000e+00 -8.000000000000000000e+00 -1.016000000000000000e+03
2.019400000000000000e+04 2.400000000000000000e+01 -4.000000000000000000e+01 -1.048000000000000000e+03
2.023400000000000000e+04 8.000000000000000000e+00 -3.200000000000000000e+01 -1.040000000000000000e+03
2.027400000000000000e+04 2.400000000000000000e+01 -2.400000000000000000e+01 -1.040000000000000000e+03
2.031400000000000000e+04 1.600000000000000000e+01 -8.000000000000000000e+00 -1.048000000000000000e+03
2.035400000000000000e+04 1.600000000000000000e+01 8.000000000000000000e+00 -1.032000000000000000e+03
2.039400000000000000e+04 8.000000000000000000e+00 0.000000000000000000e+00 -1.024000000000000000e+03
2.043400000000000000e+04 8.000000000000000000e+00 -8.000000000000000000e+00 -1.040000000000000000e+03
2.047400000000000000e+04 8.000000000000000000e+00 -8.000000000000000000e+00 -1.048000000000000000e+03
2.051400000000000000e+04 8.000000000000000000e+00 -1.600000000000000000e+01 -1.032000000000000000e+03
2.055400000000000000e+04 8.000000000000000000e+00 -1.600000000000000000e+01 -1.024000000000000000e+03
2.059400000000000000e+04 8.000000000000000000e+00 -1.600000000000000000e+01 -1.064000000000000000e+03
2.063400000000000000e+04 8.000000000000000000e+00 -1.600000000000000000e+01 -1.024000000000000000e+03
2.067400000000000000e+04 8.000000000000000000e+00 -1.600000000000000000e+01 -1.040000000000000000e+03
2.071400000000000000e+04 0.000000000000000000e+00 -2.400000000000000000e+01 -1.000000000000000000e+03
2.075400000000000000e+04 8.000000000000000000e+00 -8.000000000000000000e+00 -1.048000000000000000e+03
2.079400000000000000e+04 8.000000000000000000e+00 -1.600000000000000000e+01 -1.040000000000000000e+03
2.083400000000000000e+04 3.200000000000000000e+01 -1.600000000000000000e+01 -1.040000000000000000e+03
2.086600000000000000e+04 2.400000000000000000e+01 -1.600000000000000000e+01 -1.040000000000000000e+03
2.090600000000000000e+04 3.200000000000000000e+01 -1.600000000000000000e+01 -1.000000000000000000e+03
2.094600000000000000e+04 2.400000000000000000e+01 -1.600000000000000000e+01 -1.096000000000000000e+03
2.098600000000000000e+04 1.600000000000000000e+01 0.000000000000000000e+00 -1.040000000000000000e+03
2.102600000000000000e+04 1.600000000000000000e+01 -1.600000000000000000e+01 -1.064000000000000000e+03
2.106600000000000000e+04 8.000000000000000000e+00 -1.600000000000000000e+01 -1.024000000000000000e+03
2.110600000000000000e+04 8.000000000000000000e+00 -8.000000000000000000e+00 -1.024000000000000000e+03
2.114600000000000000e+04 1.600000000000000000e+01 -1.600000000000000000e+01 -1.048000000000000000e+03
2.118600000000000000e+04 1.600000000000000000e+01 -8.000000000000000000e+00 -1.040000000000000000e+03
2.122600000000000000e+04 8.000000000000000000e+00 0.000000000000000000e+00 -1.032000000000000000e+03
2.126600000000000000e+04 8.000000000000000000e+00 -8.000000000000000000e+00 -1.016000000000000000e+03
2.130600000000000000e+04 1.600000000000000000e+01 1.600000000000000000e+01 -1.040000000000000000e+03
2.134600000000000000e+04 1.600000000000000000e+01 8.000000000000000000e+00 -1.032000000000000000e+03
2.138600000000000000e+04 1.600000000000000000e+01 -8.000000000000000000e+00 -1.048000000000000000e+03
2.142600000000000000e+04 0.000000000000000000e+00 0.000000000000000000e+00 -1.104000000000000000e+03
2.146600000000000000e+04 0.000000000000000000e+00 -8.000000000000000000e+00 -1.040000000000000000e+03
2.150600000000000000e+04 8.000000000000000000e+00 -8.000000000000000000e+00 -1.032000000000000000e+03
2.154600000000000000e+04 1.600000000000000000e+01 -8.000000000000000000e+00 -1.024000000000000000e+03
2.158600000000000000e+04 1.600000000000000000e+01 -2.400000000000000000e+01 -1.072000000000000000e+03
2.162600000000000000e+04 1.600000000000000000e+01 -1.600000000000000000e+01 -1.024000000000000000e+03
2.166600000000000000e+04 2.400000000000000000e+01 -1.600000000000000000e+01 -1.032000000000000000e+03
2.170600000000000000e+04 0.000000000000000000e+00 -1.600000000000000000e+01 -1.032000000000000000e+03
2.174600000000000000e+04 8.000000000000000000e+00 -8.000000000000000000e+00 -1.040000000000000000e+03
2.178600000000000000e+04 1.600000000000000000e+01 -8.000000000000000000e+00 -1.032000000000000000e+03
2.182600000000000000e+04 1.600000000000000000e+01 -1.600000000000000000e+01 -1.056000000000000000e+03
