4.500000000000000000e+01 -3.600000000000000000e+02 9.760000000000000000e+02 -2.400000000000000000e+02
8.500000000000000000e+01 0.000000000000000000e+00 6.560000000000000000e+02 -7.840000000000000000e+02
1.250000000000000000e+02 8.000000000000000000e+00 6.480000000000000000e+02 -7.920000000000000000e+02
1.650000000000000000e+02 8.000000000000000000e+00 6.560000000000000000e+02 -7.760000000000000000e+02
2.050000000000000000e+02 1.600000000000000000e+01 6.560000000000000000e+02 -7.840000000000000000e+02
2.450000000000000000e+02 8.000000000000000000e+00 6.560000000000000000e+02 -7.760000000000000000e+02
2.850000000000000000e+02 8.000000000000000000e+00 6.560000000000000000e+02 -8.000000000000000000e+02
3.250000000000000000e+02 1.600000000000000000e+01 6.480000000000000000e+02 -7.840000000000000000e+02
3.650000000000000000e+02 1.600000000000000000e+01 6.320000000000000000e+02 -7.840000000000000000e+02
4.050000000000000000e+02 2.400000000000000000e+01 6.400000000000000000e+02 -7.920000000000000000e+02
4.450000000000000000e+02 8.000000000000000000e+00 6.480000000000000000e+02 -7.680000000000000000e+02
4.850000000000000000e+02 8.000000000000000000e+00 6.560000000000000000e+02 -7.680000000000000000e+02
5.250000000000000000e+02 8.000000000000000000e+00 6.480000000000000000e+02 -7.840000000000000000e+02
5.650000000000000000e+02 0.000000000000000000e+00 6.480000000000000000e+02 -7.680000000000000000e+02
6.050000000000000000e+02 8.000000000000000000e+00 6.480000000000000000e+02 -7.920000000000000000e+02
6.450000000000000000e+02 0.000000000000000000e+00 6.400000000000000000e+02 -8.000000000000000000e+02
6.850000000000000000e+02 8.000000000000000000e+00 6.480000000000000000e+02 -7.760000000000000000e+02
7.250000000000000000e+02 8.000000000000000000e+00 6.560000000000000000e+02 -7.840000000000000000e+02
7.650000000000000000e+02 8.000000000000000000e+00 6.560000000000000000e+02 -7.840000000000000000e+02
8.050000000000000000e+02 8.000000000000000000e+00 6.560000000000000000e+02 -7.840000000000000000e+02
8.450000000000000000e+02 0.000000000000000000e+00 6.560000000000000000e+02 -7.760000000000000000e+02
8.850000000000000000e+02 -1.600000000000000000e+01 6.640000000000000000e+02 -7.520000000000000000e+02
9.250000000000000000e+02 0.000000000000000000e+00 6.480000000000000000e+02 -7.920000000000000000e+02
9.650000000000000000e+02 0.000000000000000000e+00 6.320000000000000000e+02 -8.160000000000000000e+02
1.005000000000000000e+03 0.000000000000000000e+00 6.480000000000000000e+02 -7.440000000000000000e+02
1.076000000000000000e+03 1.600000000000000000e+01 6.880000000000000000e+02 -7.600000000000000000e+02
1.116000000000000000e+03 3.200000000000000000e+01 7.040000000000000000e+02 -7.040000000000000000e+02
1.156000000000000000e+03 3.200000000000000000e+01 7.120000000000000000e+02 -7.360000000000000000e+02
1.196000000000000000e+03 2.400000000000000000e+01 7.360000000000000000e+02 -6.960000000000000000e+02
1.236000000000000000e+03 2.400000000000000000e+01 7.520000000000000000e+02 -7.040000000000000000e+02
1.276000000000000000e+03 4.000000000000000000e+01 7.280000000000000000e+02 -7.360000000000000000e+02
1.316000000000000000e+03 3.200000000000000000e+01 7.280000000000000000e+02 -6.960000000000000000e+02
1.356000000000000000e+03 1.600000000000000000e+01 7.440000000000000000e+02 -6.560000000000000000e+02
1.396000000000000000e+03 2.400000000000000000e+01 7.280000000000000000e+02 -7.280000000000000000e+02
1.436000000000000000e+03 2.400000000000000000e+01 7.280000000000000000e+02 -8.160000000000000000e+02
1.476000000000000000e+03 3.200000000000000000e+01 7.360000000000000000e+02 -7.040000000000000000e+02
1.516000000000000000e+03 2.400000000000000000e+01 7.360000000000000000e+02 -7.120000000000000000e+02
1.556000000000000000e+03 1.600000000000000000e+01 6.560000000000000000e+02 -8.240000000000000000e+02
1.596000000000000000e+03 8.000000000000000000e+00 6.640000000000000000e+02 -7.840000000000000000e+02
1.636000000000000000e+03 2.400000000000000000e+01 6.640000000000000000e+02 -8.240000000000000000e+02
1.676000000000000000e+03 3.200000000000000000e+01 5.600000000000000000e+02 -9.520000000000000000e+02
1.716000000000000000e+03 3.200000000000000000e+01 4.560000000000000000e+02 -9.520000000000000000e+02
1.756000000000000000e+03 2.400000000000000000e+01 4.560000000000000000e+02 -9.200000000000000000e+02
1.796000000000000000e+03 2.400000000000000000e+01 4.800000000000000000e+02 -8.800000000000000000e+02
1.836000000000000000e+03 2.400000000000000000e+01 4.960000000000000000e+02 -8.800000000000000000e+02
1.876000000000000000e+03 2.400000000000000000e+01 5.280000000000000000e+02 -8.720000000000000000e+02
1.916000000000000000e+03 0.000000000000000000e+00 5.040000000000000000e+02 -8.960000000000000000e+02
1.956000000000000000e+03 8.000000000000000000e+00 5.040000000000000000e+02 -8.880000000000000000e+02
1.996000000000000000e+03 8.000000000000000000e+00 5.120000000000000000e+02 -9.120000000000000000e+02
2.036000000000000000e+03 1.600000000000000000e+01 4.960000000000000000e+02 -9.200000000000000000e+02
2.069000000000000000e+03 1.600000000000000000e+01 4.880000000000000000e+02 -8.960000000000000000e+02
2.109000000000000000e+03 0.000000000000000000e+00 4.640000000000000000e+02 -9.200000000000000000e+02
2.149000000000000000e+03 1.600000000000000000e+01 4.880000000000000000e+02 -9.120000000000000000e+02
2.189000000000000000e+03 1.600000000000000000e+01 4.720000000000000000e+02 -9.040000000000000000e+02
2.229000000000000000e+03 1.600000000000000000e+01 5.120000000000000000e+02 -8.880000000000000000e+02
2.269000000000000000e+03 8.000000000000000000e+00 4.960000000000000000e+02 -9.040000000000000000e+02
2.309000000000000000e+03 8.000000000000000000e+00 5.120000000000000000e+02 -9.360000000000000000e+02
2.349000000000000000e+03 0.000000000000000000e+00 4.960000000000000000e+02 -8.720000000000000000e+02
2.389000000000000000e+03 8.000000000000000000e+00 4.960000000000000000e+02 -8.720000000000000000e+02
2.429000000000000000e+03 8.000000000000000000e+00 4.960000000000000000e+02 -8.880000000000000000e+02
2.469000000000000000e+03 -8.000000000000000000e+00 4.960000000000000000e+02 -9.040000000000000000e+02
2.509000000000000000e+03 0.000000000000000000e+00 4.960000000000000000e+02 -8.960000000000000000e+02
2.549000000000000000e+03 0.000000000000000000e+00 4.960000000000000000e+02 -8.960000000000000000e+02
2.589000000000000000e+03 1.600000000000000000e+01 4.880000000000000000e+02 -9.280000000000000000e+02
2.629000000000000000e+03 1.600000000000000000e+01 4.880000000000000000e+02 -9.040000000000000000e+02
2.669000000000000000e+03 1.600000000000000000e+01 4.960000000000000000e+02 -8.880000000000000000e+02
2.709000000000000000e+03 1.600000000000000000e+01 4.880000000000000000e+02 -8.880000000000000000e+02
2.749000000000000000e+03 1.600000000000000000e+01 4.960000000000000000e+02 -8.880000000000000000e+02
2.789000000000000000e+03 8.000000000000000000e+00 4.960000000000000000e+02 -9.120000000000000000e+02
2.829000000000000000e+03 8.000000000000000000e+00 4.960000000000000000e+02 -8.880000000000000000e+02
2.869000000000000000e+03 8.000000000000000000e+00 4.960000000000000000e+02 -9.040000000000000000e+02
2.909000000000000000e+03 1.600000000000000000e+01 4.800000000000000000e+02 -8.720000000000000000e+02
2.949000000000000000e+03 1.600000000000000000e+01 4.800000000000000000e+02 -9.360000000000000000e+02
2.989000000000000000e+03 1.600000000000000000e+01 4.880000000000000000e+02 -8.800000000000000000e+02
3.029000000000000000e+03 1.600000000000000000e+01 4.960000000000000000e+02 -9.200000000000000000e+02
3.061000000000000000e+03 8.000000000000000000e+00 4.880000000000000000e+02 -9.120000000000000000e+02
3.101000000000000000e+03 3.200000000000000000e+01 4.960000000000000000e+02 -8.800000000000000000e+02
3.141000000000000000e+03 1.600000000000000000e+01 5.040000000000000000e+02 -8.960000000000000000e+02
3.181000000000000000e+03 -8.000000000000000000e+00 4.960000000000000000e+02 -8.960000000000000000e+02
3.221000000000000000e+03 -1.600000000000000000e+01 4.960000000000000000e+02 -8.880000000000000000e+02
3.261000000000000000e+03 0.000000000000000000e+00 5.040000000000000000e+02 -9.200000000000000000e+02
3.301000000000000000e+03 8.000000000000000000e+00 4.960000000000000000e+02 -9.120000000000000000e+02
3.341000000000000000e+03 8.000000000000000000e+00 4.960000000000000000e+02 -8.960000000000000000e+02
3.381000000000000000e+03 1.600000000000000000e+01 5.040000000000000000e+02 -9.040000000000000000e+02
3.421000000000000000e+03 1.600000000000000000e+01 4.960000000000000000e+02 -8.960000000000000000e+02
3.461000000000000000e+03 1.600000000000000000e+01 4.880000000000000000e+02 -9.040000000000000000e+02
3.501000000000000000e+03 0.000000000000000000e+00 4.720000000000000000e+02 -9.280000000000000000e+02
3.541000000000000000e+03 2.400000000000000000e+01 4.800000000000000000e+02 -9.280000000000000000e+02
3.581000000000000000e+03 2.400000000000000000e+01 4.960000000000000000e+02 -8.880000000000000000e+02
3.621000000000000000e+03 2.400000000000000000e+01 4.960000000000000000e+02 -9.040000000000000000e+02
3.661000000000000000e+03 2.400000000000000000e+01 4.960000000000000000e+02 -8.800000000000000000e+02
3.701000000000000000e+03 8.000000000000000000e+00 4.880000000000000000e+02 -8.960000000000000000e+02
3.741000000000000000e+03 8.000000000000000000e+00 4.880000000000000000e+02 -9.200000000000000000e+02
3.781000000000000000e+03 1.600000000000000000e+01 4.880000000000000000e+02 -8.960000000000000000e+02
3.821000000000000000e+03 1.600000000000000000e+01 4.960000000000000000e+02 -8.960000000000000000e+02
3.861000000000000000e+03 8.000000000000000000e+00 4.960000000000000000e+02 -9.040000000000000000e+02
3.901000000000000000e+03 8.000000000000000000e+00 4.560000000000000000e+02 -9.120000000000000000e+02
3.941000000000000000e+03 1.600000000000000000e+01 4.720000000000000000e+02 -8.960000000000000000e+02
3.981000000000000000e+03 1.600000000000000000e+01 4.880000000000000000e+02 -8.960000000000000000e+02
4.021000000000000000e+03 1.600000000000000000e+01 4.880000000000000000e+02 -8.720000000000000000e+02
4.052000000000000000e+03 0.000000000000000000e+00 4.960000000000000000e+02 -8.800000000000000000e+02
4.092000000000000000e+03 -8.000000000000000000e+00 4.480000000000000000e+02 -8.960000000000000000e+02
4.132000000000000000e+03 -2.400000000000000000e+01 4.800000000000000000e+02 -8.800000000000000000e+02
4.172000000000000000e+03 -3.200000000000000000e+01 4.800000000000000000e+02 -9.120000000000000000e+02
4.212000000000000000e+03 -1.600000000000000000e+01 4.880000000000000000e+02 -8.880000000000000000e+02
4.252000000000000000e+03 8.000000000000000000e+00 4.880000000000000000e+02 -9.040000000000000000e+02
4.292000000000000000e+03 1.600000000000000000e+01 4.880000000000000000e+02 -8.880000000000000000e+02
4.332000000000000000e+03 2.400000000000000000e+01 4.880000000000000000e+02 -9.040000000000000000e+02
4.372000000000000000e+03 1.600000000000000000e+01 4.880000000000000000e+02 -8.960000000000000000e+02
4.412000000000000000e+03 0.000000000000000000e+00 4.960000000000000000e+02 -8.880000000000000000e+02
4.452000000000000000e+03 0.000000000000000000e+00 4.960000000000000000e+02 -9.040000000000000000e+02
4.492000000000000000e+03 -8.000000000000000000e+00 4.880000000000000000e+02 -8.720000000000000000e+02
4.532000000000000000e+03 0.000000000000000000e+00 4.880000000000000000e+02 -9.120000000000000000e+02
4.572000000000000000e+03 8.000000000000000000e+00 4.400000000000000000e+02 -9.520000000000000000e+02
4.612000000000000000e+03 8.000000000000000000e+00 4.480000000000000000e+02 -8.960000000000000000e+02
4.652000000000000000e+03 8.000000000000000000e+00 4.960000000000000000e+02 -8.240000000000000000e+02
4.692000000000000000e+03 1.600000000000000000e+01 5.600000000000000000e+02 -8.320000000000000000e+02
4.732000000000000000e+03 2.400000000000000000e+01 6.240000000000000000e+02 -7.680000000000000000e+02
4.772000000000000000e+03 3.200000000000000000e+01 6.480000000000000000e+02 -8.480000000000000000e+02
4.812000000000000000e+03 3.200000000000000000e+01 6.560000000000000000e+02 -7.840000000000000000e+02
4.852000000000000000e+03 2.400000000000000000e+01 6.400000000000000000e+02 -8.160000000000000000e+02
4.892000000000000000e+03 2.400000000000000000e+01 6.240000000000000000e+02 -8.000000000000000000e+02
4.932000000000000000e+03 2.400000000000000000e+01 6.320000000000000000e+02 -8.000000000000000000e+02
4.972000000000000000e+03 2.400000000000000000e+01 6.320000000000000000e+02 -7.520000000000000000e+02
5.012000000000000000e+03 2.400000000000000000e+01 6.880000000000000000e+02 -7.120000000000000000e+02
5.045000000000000000e+03 4.000000000000000000e+01 6.560000000000000000e+02 -8.320000000000000000e+02
5.085000000000000000e+03 4.800000000000000000e+01 6.320000000000000000e+02 -7.840000000000000000e+02
5.125000000000000000e+03 0.000000000000000000e+00 6.560000000000000000e+02 -7.920000000000000000e+02
5.165000000000000000e+03 2.400000000000000000e+01 6.560000000000000000e+02 -7.760000000000000000e+02
5.205000000000000000e+03 2.400000000000000000e+01 6.240000000000000000e+02 -8.560000000000000000e+02
5.245000000000000000e+03 2.400000000000000000e+01 6.000000000000000000e+02 -8.560000000000000000e+02
5.285000000000000000e+03 4.000000000000000000e+01 5.440000000000000000e+02 -8.800000000000000000e+02
5.325000000000000000e+03 5.600000000000000000e+01 4.160000000000000000e+02 -1.008000000000000000e+03
5.365000000000000000e+03 4.800000000000000000e+01 3.760000000000000000e+02 -9.680000000000000000e+02
5.405000000000000000e+03 4.000000000000000000e+01 3.440000000000000000e+02 -9.680000000000000000e+02
5.445000000000000000e+03 3.200000000000000000e+01 3.840000000000000000e+02 -9.440000000000000000e+02
5.485000000000000000e+03 1.600000000000000000e+01 4.240000000000000000e+02 -9.360000000000000000e+02
5.525000000000000000e+03 1.600000000000000000e+01 4.240000000000000000e+02 -9.360000000000000000e+02
5.565000000000000000e+03 1.600000000000000000e+01 4.240000000000000000e+02 -9.440000000000000000e+02
5.605000000000000000e+03 1.600000000000000000e+01 4.240000000000000000e+02 -9.440000000000000000e+02
5.645000000000000000e+03 1.600000000000000000e+01 4.160000000000000000e+02 -9.440000000000000000e+02
5.685000000000000000e+03 2.400000000000000000e+01 4.080000000000000000e+02 -9.360000000000000000e+02
5.725000000000000000e+03 1.600000000000000000e+01 4.240000000000000000e+02 -9.360000000000000000e+02
5.765000000000000000e+03 1.600000000000000000e+01 4.240000000000000000e+02 -9.360000000000000000e+02
5.805000000000000000e+03 2.400000000000000000e+01 4.320000000000000000e+02 -9.040000000000000000e+02
5.845000000000000000e+03 8.000000000000000000e+00 4.400000000000000000e+02 -9.200000000000000000e+02
5.885000000000000000e+03 0.000000000000000000e+00 4.400000000000000000e+02 -9.280000000000000000e+02
5.925000000000000000e+03 8.000000000000000000e+00 4.400000000000000000e+02 -9.280000000000000000e+02
5.965000000000000000e+03 1.600000000000000000e+01 4.400000000000000000e+02 -9.520000000000000000e+02
6.005000000000000000e+03 8.000000000000000000e+00 4.480000000000000000e+02 -8.960000000000000000e+02
6.037000000000000000e+03 1.600000000000000000e+01 4.480000000000000000e+02 -9.360000000000000000e+02
6.077000000000000000e+03 8.000000000000000000e+00 4.480000000000000000e+02 -9.760000000000000000e+02
6.117000000000000000e+03 -8.000000000000000000e+00 4.240000000000000000e+02 -9.440000000000000000e+02
6.157000000000000000e+03 -8.000000000000000000e+00 4.320000000000000000e+02 -9.520000000000000000e+02
6.197000000000000000e+03 8.000000000000000000e+00 4.320000000000000000e+02 -9.520000000000000000e+02
6.237000000000000000e+03 1.600000000000000000e+01 4.080000000000000000e+02 -9.440000000000000000e+02
6.277000000000000000e+03 1.600000000000000000e+01 4.320000000000000000e+02 -8.960000000000000000e+02
6.317000000000000000e+03 2.400000000000000000e+01 4.320000000000000000e+02 -9.520000000000000000e+02
6.357000000000000000e+03 4.000000000000000000e+01 4.320000000000000000e+02 -8.960000000000000000e+02
6.397000000000000000e+03 3.200000000000000000e+01 4.480000000000000000e+02 -9.200000000000000000e+02
6.437000000000000000e+03 1.600000000000000000e+01 4.400000000000000000e+02 -9.200000000000000000e+02
6.477000000000000000e+03 -8.000000000000000000e+00 4.480000000000000000e+02 -9.040000000000000000e+02
6.517000000000000000e+03 0.000000000000000000e+00 4.480000000000000000e+02 -9.600000000000000000e+02
6.557000000000000000e+03 8.000000000000000000e+00 4.560000000000000000e+02 -8.960000000000000000e+02
6.597000000000000000e+03 8.000000000000000000e+00 4.480000000000000000e+02 -9.280000000000000000e+02
6.637000000000000000e+03 8.000000000000000000e+00 4.560000000000000000e+02 -9.280000000000000000e+02
6.677000000000000000e+03 8.000000000000000000e+00 4.480000000000000000e+02 -9.280000000000000000e+02
6.717000000000000000e+03 1.600000000000000000e+01 4.400000000000000000e+02 -9.520000000000000000e+02
6.757000000000000000e+03 1.600000000000000000e+01 4.320000000000000000e+02 -9.440000000000000000e+02
6.797000000000000000e+03 8.000000000000000000e+00 4.560000000000000000e+02 -9.040000000000000000e+02
6.837000000000000000e+03 8.000000000000000000e+00 4.640000000000000000e+02 -9.200000000000000000e+02
6.877000000000000000e+03 1.600000000000000000e+01 4.480000000000000000e+02 -9.200000000000000000e+02
6.917000000000000000e+03 8.000000000000000000e+00 4.480000000000000000e+02 -9.120000000000000000e+02
6.957000000000000000e+03 8.000000000000000000e+00 4.480000000000000000e+02 -8.800000000000000000e+02
6.997000000000000000e+03 8.000000000000000000e+00 4.400000000000000000e+02 -9.200000000000000000e+02
7.029000000000000000e+03 8.000000000000000000e+00 4.480000000000000000e+02 -9.200000000000000000e+02
7.069000000000000000e+03 1.600000000000000000e+01 4.560000000000000000e+02 -9.280000000000000000e+02
7.109000000000000000e+03 1.600000000000000000e+01 4.560000000000000000e+02 -9.280000000000000000e+02
7.149000000000000000e+03 8.000000000000000000e+00 4.400000000000000000e+02 -9.200000000000000000e+02
7.189000000000000000e+03 8.000000000000000000e+00 4.400000000000000000e+02 -9.840000000000000000e+02
7.229000000000000000e+03 3.200000000000000000e+01 4.320000000000000000e+02 -9.440000000000000000e+02
7.269000000000000000e+03 2.400000000000000000e+01 4.320000000000000000e+02 -9.600000000000000000e+02
7.309000000000000000e+03 1.600000000000000000e+01 4.240000000000000000e+02 -9.440000000000000000e+02
7.349000000000000000e+03 1.600000000000000000e+01 4.000000000000000000e+02 -9.280000000000000000e+02
7.389000000000000000e+03 2.400000000000000000e+01 4.560000000000000000e+02 -9.040000000000000000e+02
7.429000000000000000e+03 3.200000000000000000e+01 5.360000000000000000e+02 -8.080000000000000000e+02
7.469000000000000000e+03 0.000000000000000000e+00 6.160000000000000000e+02 -7.840000000000000000e+02
7.509000000000000000e+03 8.000000000000000000e+00 6.240000000000000000e+02 -8.000000000000000000e+02
7.549000000000000000e+03 1.600000000000000000e+01 6.320000000000000000e+02 -8.080000000000000000e+02
7.589000000000000000e+03 2.400000000000000000e+01 6.000000000000000000e+02 -8.160000000000000000e+02
7.629000000000000000e+03 2.400000000000000000e+01 6.160000000000000000e+02 -8.160000000000000000e+02
7.669000000000000000e+03 2.400000000000000000e+01 6.160000000000000000e+02 -8.000000000000000000e+02
7.709000000000000000e+03 2.400000000000000000e+01 6.320000000000000000e+02 -7.200000000000000000e+02
7.749000000000000000e+03 1.600000000000000000e+01 6.400000000000000000e+02 -8.000000000000000000e+02
7.789000000000000000e+03 8.000000000000000000e+00 6.400000000000000000e+02 -7.840000000000000000e+02
7.829000000000000000e+03 8.000000000000000000e+00 6.240000000000000000e+02 -8.080000000000000000e+02
7.869000000000000000e+03 -8.000000000000000000e+00 6.400000000000000000e+02 -7.840000000000000000e+02
7.909000000000000000e+03 8.000000000000000000e+00 6.240000000000000000e+02 -8.240000000000000000e+02
7.949000000000000000e+03 0.000000000000000000e+00 6.240000000000000000e+02 -8.000000000000000000e+02
7.989000000000000000e+03 8.000000000000000000e+00 6.400000000000000000e+02 -8.000000000000000000e+02
8.021000000000000000e+03 1.600000000000000000e+01 6.400000000000000000e+02 -8.240000000000000000e+02
8.061000000000000000e+03 -8.000000000000000000e+00 6.240000000000000000e+02 -7.680000000000000000e+02
8.101000000000000000e+03 8.000000000000000000e+00 6.160000000000000000e+02 -8.080000000000000000e+02
8.141000000000000000e+03 8.000000000000000000e+00 6.240000000000000000e+02 -7.920000000000000000e+02
8.181000000000000000e+03 1.600000000000000000e+01 6.560000000000000000e+02 -7.840000000000000000e+02
8.221000000000000000e+03 8.000000000000000000e+00 6.400000000000000000e+02 -8.160000000000000000e+02
8.261000000000000000e+03 1.600000000000000000e+01 6.320000000000000000e+02 -7.920000000000000000e+02
8.301000000000000000e+03 2.400000000000000000e+01 6.480000000000000000e+02 -7.920000000000000000e+02
8.341000000000000000e+03 3.200000000000000000e+01 6.480000000000000000e+02 -8.000000000000000000e+02
8.381000000000000000e+03 1.600000000000000000e+01 6.480000000000000000e+02 -7.840000000000000000e+02
8.421000000000000000e+03 1.600000000000000000e+01 6.400000000000000000e+02 -7.760000000000000000e+02
8.461000000000000000e+03 8.000000000000000000e+00 6.320000000000000000e+02 -8.160000000000000000e+02
8.501000000000000000e+03 8.000000000000000000e+00 6.320000000000000000e+02 -8.080000000000000000e+02
8.541000000000000000e+03 0.000000000000000000e+00 5.360000000000000000e+02 -9.280000000000000000e+02
8.581000000000000000e+03 8.000000000000000000e+00 4.480000000000000000e+02 -9.600000000000000000e+02
8.621000000000000000e+03 2.400000000000000000e+01 4.240000000000000000e+02 -9.680000000000000000e+02
8.661000000000000000e+03 1.600000000000000000e+01 4.240000000000000000e+02 -9.280000000000000000e+02
8.701000000000000000e+03 2.400000000000000000e+01 4.240000000000000000e+02 -9.360000000000000000e+02
8.741000000000000000e+03 3.200000000000000000e+01 4.400000000000000000e+02 -9.120000000000000000e+02
8.781000000000000000e+03 2.400000000000000000e+01 4.640000000000000000e+02 -8.800000000000000000e+02
8.821000000000000000e+03 2.400000000000000000e+01 4.560000000000000000e+02 -9.440000000000000000e+02
8.861000000000000000e+03 1.600000000000000000e+01 4.480000000000000000e+02 -9.200000000000000000e+02
8.901000000000000000e+03 3.200000000000000000e+01 4.720000000000000000e+02 -9.440000000000000000e+02
8.941000000000000000e+03 1.600000000000000000e+01 4.560000000000000000e+02 -9.120000000000000000e+02
8.981000000000000000e+03 1.600000000000000000e+01 4.480000000000000000e+02 -8.800000000000000000e+02
9.013000000000000000e+03 1.600000000000000000e+01 4.560000000000000000e+02 -9.280000000000000000e+02
9.053000000000000000e+03 8.000000000000000000e+00 4.720000000000000000e+02 -9.280000000000000000e+02
9.093000000000000000e+03 8.000000000000000000e+00 4.720000000000000000e+02 -9.600000000000000000e+02
9.133000000000000000e+03 8.000000000000000000e+00 4.480000000000000000e+02 -9.200000000000000000e+02
9.173000000000000000e+03 -1.600000000000000000e+01 4.480000000000000000e+02 -9.520000000000000000e+02
9.213000000000000000e+03 8.000000000000000000e+00 4.480000000000000000e+02 -9.440000000000000000e+02
9.253000000000000000e+03 1.600000000000000000e+01 4.320000000000000000e+02 -9.280000000000000000e+02
9.293000000000000000e+03 -8.000000000000000000e+00 4.480000000000000000e+02 -9.040000000000000000e+02
9.333000000000000000e+03 -8.000000000000000000e+00 4.560000000000000000e+02 -9.600000000000000000e+02
9.373000000000000000e+03 1.600000000000000000e+01 4.480000000000000000e+02 -8.960000000000000000e+02
9.413000000000000000e+03 2.400000000000000000e+01 4.480000000000000000e+02 -9.200000000000000000e+02
9.453000000000000000e+03 2.400000000000000000e+01 4.560000000000000000e+02 -9.120000000000000000e+02
9.493000000000000000e+03 2.400000000000000000e+01 4.560000000000000000e+02 -9.200000000000000000e+02
9.533000000000000000e+03 1.600000000000000000e+01 4.560000000000000000e+02 -9.200000000000000000e+02
9.573000000000000000e+03 1.600000000000000000e+01 4.560000000000000000e+02 -9.040000000000000000e+02
9.613000000000000000e+03 -8.000000000000000000e+00 4.640000000000000000e+02 -9.200000000000000000e+02
9.653000000000000000e+03 -8.000000000000000000e+00 4.640000000000000000e+02 -9.360000000000000000e+02
9.693000000000000000e+03 8.000000000000000000e+00 4.560000000000000000e+02 -9.360000000000000000e+02
9.733000000000000000e+03 1.600000000000000000e+01 4.720000000000000000e+02 -9.200000000000000000e+02
9.773000000000000000e+03 2.400000000000000000e+01 4.640000000000000000e+02 -9.360000000000000000e+02
9.813000000000000000e+03 1.600000000000000000e+01 4.480000000000000000e+02 -9.600000000000000000e+02
9.853000000000000000e+03 0.000000000000000000e+00 4.640000000000000000e+02 -9.200000000000000000e+02
9.893000000000000000e+03 1.600000000000000000e+01 4.400000000000000000e+02 -9.280000000000000000e+02
9.933000000000000000e+03 1.600000000000000000e+01 4.480000000000000000e+02 -9.040000000000000000e+02
9.973000000000000000e+03 8.000000000000000000e+00 4.480000000000000000e+02 -9.040000000000000000e+02
1.000600000000000000e+04 1.600000000000000000e+01 4.400000000000000000e+02 -9.360000000000000000e+02
1.004600000000000000e+04 8.000000000000000000e+00 4.480000000000000000e+02 -9.120000000000000000e+02
1.008600000000000000e+04 8.000000000000000000e+00 4.720000000000000000e+02 -9.120000000000000000e+02
1.012600000000000000e+04 4.800000000000000000e+01 4.720000000000000000e+02 -8.880000000000000000e+02
1.016600000000000000e+04 4.000000000000000000e+01 4.560000000000000000e+02 -9.200000000000000000e+02
1.020600000000000000e+04 2.400000000000000000e+01 4.640000000000000000e+02 -9.040000000000000000e+02
1.024600000000000000e+04 1.600000000000000000e+01 4.640000000000000000e+02 -9.280000000000000000e+02
1.028600000000000000e+04 1.600000000000000000e+01 4.560000000000000000e+02 -9.360000000000000000e+02
1.032600000000000000e+04 1.600000000000000000e+01 4.480000000000000000e+02 -9.200000000000000000e+02
1.036600000000000000e+04 1.600000000000000000e+01 4.480000000000000000e+02 -9.200000000000000000e+02
1.040600000000000000e+04 1.600000000000000000e+01 4.560000000000000000e+02 -9.120000000000000000e+02
1.044600000000000000e+04 8.000000000000000000e+00 4.400000000000000000e+02 -9.360000000000000000e+02
1.048600000000000000e+04 8.000000000000000000e+00 4.640000000000000000e+02 -8.800000000000000000e+02
1.052600000000000000e+04 1.600000000000000000e+01 4.400000000000000000e+02 -9.200000000000000000e+02
1.056600000000000000e+04 1.600000000000000000e+01 4.560000000000000000e+02 -9.280000000000000000e+02
1.060600000000000000e+04 4.000000000000000000e+01 4.400000000000000000e+02 -9.360000000000000000e+02
1.064600000000000000e+04 2.400000000000000000e+01 4.560000000000000000e+02 -8.960000000000000000e+02
1.068600000000000000e+04 2.400000000000000000e+01 4.480000000000000000e+02 -9.360000000000000000e+02
1.072600000000000000e+04 1.600000000000000000e+01 4.480000000000000000e+02 -9.360000000000000000e+02
1.076600000000000000e+04 1.600000000000000000e+01 4.480000000000000000e+02 -9.200000000000000000e+02
1.080600000000000000e+04 8.000000000000000000e+00 4.480000000000000000e+02 -9.280000000000000000e+02
1.084600000000000000e+04 2.400000000000000000e+01 4.560000000000000000e+02 -9.200000000000000000e+02
1.088600000000000000e+04 2.400000000000000000e+01 4.560000000000000000e+02 -9.280000000000000000e+02
1.092600000000000000e+04 1.600000000000000000e+01 4.560000000000000000e+02 -9.200000000000000000e+02
1.096600000000000000e+04 8.000000000000000000e+00 4.560000000000000000e+02 -9.200000000000000000e+02
1.099800000000000000e+04 8.000000000000000000e+00 4.720000000000000000e+02 -9.200000000000000000e+02
1.103800000000000000e+04 2.400000000000000000e+01 4.480000000000000000e+02 -9.600000000000000000e+02
1.107800000000000000e+04 1.600000000000000000e+01 4.720000000000000000e+02 -9.200000000000000000e+02
1.111800000000000000e+04 1.600000000000000000e+01 4.880000000000000000e+02 -9.200000000000000000e+02
1.115800000000000000e+04 1.600000000000000000e+01 4.720000000000000000e+02 -9.040000000000000000e+02
1.119800000000000000e+04 2.400000000000000000e+01 5.280000000000000000e+02 -8.400000000000000000e+02
1.123800000000000000e+04 1.600000000000000000e+01 5.760000000000000000e+02 -8.000000000000000000e+02
1.127800000000000000e+04 1.600000000000000000e+01 5.760000000000000000e+02 -8.240000000000000000e+02
1.131800000000000000e+04 1.600000000000000000e+01 5.760000000000000000e+02 -8.640000000000000000e+02
1.135800000000000000e+04 1.600000000000000000e+01 5.680000000000000000e+02 -8.880000000000000000e+02
1.139800000000000000e+04 1.600000000000000000e+01 5.680000000000000000e+02 -8.240000000000000000e+02
1.143800000000000000e+04 8.000000000000000000e+00 6.160000000000000000e+02 -7.920000000000000000e+02
1.147800000000000000e+04 1.600000000000000000e+01 5.760000000000000000e+02 -8.640000000000000000e+02
1.151800000000000000e+04 -8.000000000000000000e+00 5.600000000000000000e+02 -8.320000000000000000e+02
1.155800000000000000e+04 -8.000000000000000000e+00 5.920000000000000000e+02 -8.320000000000000000e+02
1.159800000000000000e+04 0.000000000000000000e+00 5.920000000000000000e+02 -8.240000000000000000e+02
1.163800000000000000e+04 0.000000000000000000e+00 5.760000000000000000e+02 -8.480000000000000000e+02
1.167800000000000000e+04 0.000000000000000000e+00 5.920000000000000000e+02 -8.160000000000000000e+02
1.171800000000000000e+04 0.000000000000000000e+00 6.080000000000000000e+02 -8.560000000000000000e+02
1.175800000000000000e+04 -8.000000000000000000e+00 5.920000000000000000e+02 -8.400000000000000000e+02
1.179800000000000000e+04 0.000000000000000000e+00 5.680000000000000000e+02 -8.560000000000000000e+02
1.183800000000000000e+04 8.000000000000000000e+00 5.040000000000000000e+02 -9.200000000000000000e+02
1.187800000000000000e+04 1.600000000000000000e+01 4.640000000000000000e+02 -9.280000000000000000e+02
1.191800000000000000e+04 8.000000000000000000e+00 4.400000000000000000e+02 -9.200000000000000000e+02
1.195800000000000000e+04 0.000000000000000000e+00 4.000000000000000000e+02 -9.840000000000000000e+02
1.199000000000000000e+04 8.000000000000000000e+00 4.320000000000000000e+02 -9.280000000000000000e+02
1.203000000000000000e+04 -1.600000000000000000e+01 4.480000000000000000e+02 -9.120000000000000000e+02
1.207000000000000000e+04 0.000000000000000000e+00 4.640000000000000000e+02 -8.960000000000000000e+02
1.211000000000000000e+04 0.000000000000000000e+00 4.480000000000000000e+02 -9.040000000000000000e+02
1.215000000000000000e+04 8.000000000000000000e+00 4.480000000000000000e+02 -9.760000000000000000e+02
1.219000000000000000e+04 1.600000000000000000e+01 4.560000000000000000e+02 -9.280000000000000000e+02
1.223000000000000000e+04 1.600000000000000000e+01 4.480000000000000000e+02 -9.280000000000000000e+02
1.227000000000000000e+04 1.600000000000000000e+01 4.560000000000000000e+02 -9.280000000000000000e+02
1.231000000000000000e+04 8.000000000000000000e+00 4.480000000000000000e+02 -9.120000000000000000e+02
1.235000000000000000e+04 8.000000000000000000e+00 4.560000000000000000e+02 -8.800000000000000000e+02
1.239000000000000000e+04 1.600000000000000000e+01 4.480000000000000000e+02 -9.360000000000000000e+02
1.243000000000000000e+04 1.600000000000000000e+01 4.560000000000000000e+02 -9.120000000000000000e+02
1.247000000000000000e+04 1.600000000000000000e+01 4.560000000000000000e+02 -9.440000000000000000e+02
1.251000000000000000e+04 8.000000000000000000e+00 4.480000000000000000e+02 -9.680000000000000000e+02
1.255000000000000000e+04 -8.000000000000000000e+00 4.480000000000000000e+02 -9.360000000000000000e+02
1.259000000000000000e+04 -8.000000000000000000e+00 4.560000000000000000e+02 -9.360000000000000000e+02
1.263000000000000000e+04 -1.600000000000000000e+01 4.800000000000000000e+02 -9.360000000000000000e+02
1.267000000000000000e+04 0.000000000000000000e+00 4.640000000000000000e+02 -9.360000000000000000e+02
1.271000000000000000e+04 0.000000000000000000e+00 4.560000000000000000e+02 -9.600000000000000000e+02
1.275000000000000000e+04 1.600000000000000000e+01 4.480000000000000000e+02 -9.280000000000000000e+02
1.279000000000000000e+04 1.600000000000000000e+01 4.480000000000000000e+02 -9.280000000000000000e+02
1.283000000000000000e+04 8.000000000000000000e+00 4.560000000000000000e+02 -9.200000000000000000e+02
1.287000000000000000e+04 1.600000000000000000e+01 4.480000000000000000e+02 -9.200000000000000000e+02
1.291000000000000000e+04 1.600000000000000000e+01 4.560000000000000000e+02 -9.040000000000000000e+02
1.295000000000000000e+04 8.000000000000000000e+00 4.400000000000000000e+02 -9.440000000000000000e+02
1.298200000000000000e+04 8.000000000000000000e+00 4.640000000000000000e+02 -9.040000000000000000e+02
1.302200000000000000e+04 1.600000000000000000e+01 4.560000000000000000e+02 -8.800000000000000000e+02
1.306200000000000000e+04 1.600000000000000000e+01 4.480000000000000000e+02 -9.360000000000000000e+02
1.310200000000000000e+04 8.000000000000000000e+00 4.480000000000000000e+02 -9.360000000000000000e+02
1.314200000000000000e+04 8.000000000000000000e+00 4.400000000000000000e+02 -9.120000000000000000e+02
1.318200000000000000e+04 8.000000000000000000e+00 4.480000000000000000e+02 -9.120000000000000000e+02
1.322200000000000000e+04 8.000000000000000000e+00 4.560000000000000000e+02 -9.200000000000000000e+02
1.326200000000000000e+04 1.600000000000000000e+01 4.560000000000000000e+02 -9.040000000000000000e+02
1.330200000000000000e+04 8.000000000000000000e+00 4.560000000000000000e+02 -9.200000000000000000e+02
1.334200000000000000e+04 8.000000000000000000e+00 4.560000000000000000e+02 -9.120000000000000000e+02
1.338200000000000000e+04 8.000000000000000000e+00 4.480000000000000000e+02 -9.360000000000000000e+02
1.342200000000000000e+04 8.000000000000000000e+00 4.480000000000000000e+02 -9.200000000000000000e+02
1.346200000000000000e+04 8.000000000000000000e+00 4.480000000000000000e+02 -9.120000000000000000e+02
1.350200000000000000e+04 -8.000000000000000000e+00 4.480000000000000000e+02 -9.200000000000000000e+02
1.354200000000000000e+04 8.000000000000000000e+00 4.560000000000000000e+02 -9.200000000000000000e+02
1.358200000000000000e+04 8.000000000000000000e+00 4.560000000000000000e+02 -9.200000000000000000e+02
1.362200000000000000e+04 8.000000000000000000e+00 4.400000000000000000e+02 -8.880000000000000000e+02
1.366200000000000000e+04 8.000000000000000000e+00 4.400000000000000000e+02 -9.200000000000000000e+02
1.370200000000000000e+04 8.000000000000000000e+00 4.480000000000000000e+02 -9.200000000000000000e+02
1.374200000000000000e+04 3.200000000000000000e+01 4.560000000000000000e+02 -9.200000000000000000e+02
1.378200000000000000e+04 0.000000000000000000e+00 4.560000000000000000e+02 -9.520000000000000000e+02
1.382200000000000000e+04 0.000000000000000000e+00 4.560000000000000000e+02 -8.640000000000000000e+02
1.386200000000000000e+04 8.000000000000000000e+00 4.480000000000000000e+02 -9.440000000000000000e+02
1.390200000000000000e+04 2.400000000000000000e+01 4.560000000000000000e+02 -9.520000000000000000e+02
1.394200000000000000e+04 2.400000000000000000e+01 4.480000000000000000e+02 -9.200000000000000000e+02
1.397400000000000000e+04 1.600000000000000000e+01 4.640000000000000000e+02 -9.200000000000000000e+02
1.401400000000000000e+04 1.600000000000000000e+01 4.720000000000000000e+02 -9.280000000000000000e+02
1.405400000000000000e+04 3.200000000000000000e+01 4.480000000000000000e+02 -9.280000000000000000e+02
1.409400000000000000e+04 3.200000000000000000e+01 4.560000000000000000e+02 -9.440000000000000000e+02
1.413400000000000000e+04 1.600000000000000000e+01 4.480000000000000000e+02 -9.200000000000000000e+02
1.417400000000000000e+04 3.200000000000000000e+01 4.480000000000000000e+02 -9.040000000000000000e+02
1.421400000000000000e+04 1.600000000000000000e+01 4.480000000000000000e+02 -9.040000000000000000e+02
1.425400000000000000e+04 -8.000000000000000000e+00 4.480000000000000000e+02 -9.360000000000000000e+02
1.429400000000000000e+04 8.000000000000000000e+00 4.480000000000000000e+02 -9.280000000000000000e+02
1.433400000000000000e+04 8.000000000000000000e+00 4.560000000000000000e+02 -9.280000000000000000e+02
1.437400000000000000e+04 -8.000000000000000000e+00 4.400000000000000000e+02 -9.120000000000000000e+02
1.441400000000000000e+04 -8.000000000000000000e+00 4.480000000000000000e+02 -9.120000000000000000e+02
1.445400000000000000e+04 -8.000000000000000000e+00 4.480000000000000000e+02 -9.200000000000000000e+02
1.449400000000000000e+04 0.000000000000000000e+00 4.400000000000000000e+02 -9.280000000000000000e+02
1.453400000000000000e+04 -1.600000000000000000e+01 4.480000000000000000e+02 -9.200000000000000000e+02
1.457400000000000000e+04 0.000000000000000000e+00 4.480000000000000000e+02 -9.120000000000000000e+02
1.461400000000000000e+04 0.000000000000000000e+00 4.480000000000000000e+02 -9.120000000000000000e+02
1.465400000000000000e+04 2.400000000000000000e+01 4.560000000000000000e+02 -9.360000000000000000e+02
1.469400000000000000e+04 4.000000000000000000e+01 4.560000000000000000e+02 -9.040000000000000000e+02
1.473400000000000000e+04 3.200000000000000000e+01 4.560000000000000000e+02 -9.200000000000000000e+02
1.477400000000000000e+04 2.400000000000000000e+01 4.560000000000000000e+02 -9.440000000000000000e+02
1.481400000000000000e+04 0.000000000000000000e+00 4.480000000000000000e+02 -9.120000000000000000e+02
1.485400000000000000e+04 8.000000000000000000e+00 4.560000000000000000e+02 -9.920000000000000000e+02
1.489400000000000000e+04 2.400000000000000000e+01 4.560000000000000000e+02 -9.280000000000000000e+02
1.493400000000000000e+04 1.600000000000000000e+01 4.480000000000000000e+02 -9.120000000000000000e+02
1.496600000000000000e+04 8.000000000000000000e+00 4.480000000000000000e+02 -9.040000000000000000e+02
1.500600000000000000e+04 -8.000000000000000000e+00 4.400000000000000000e+02 -8.880000000000000000e+02
1.504600000000000000e+04 -1.600000000000000000e+01 4.320000000000000000e+02 -8.960000000000000000e+02
1.508600000000000000e+04 0.000000000000000000e+00 4.560000000000000000e+02 -8.880000000000000000e+02
1.512600000000000000e+04 -2.400000000000000000e+01 4.320000000000000000e+02 -9.120000000000000000e+02
1.516600000000000000e+04 -1.600000000000000000e+01 4.400000000000000000e+02 -9.120000000000000000e+02
1.520600000000000000e+04 -8.000000000000000000e+00 4.480000000000000000e+02 -9.200000000000000000e+02
1.524600000000000000e+04 0.000000000000000000e+00 4.480000000000000000e+02 -9.280000000000000000e+02
1.528600000000000000e+04 1.600000000000000000e+01 4.480000000000000000e+02 -9.200000000000000000e+02
1.532600000000000000e+04 2.400000000000000000e+01 4.480000000000000000e+02 -9.280000000000000000e+02
1.536600000000000000e+04 1.600000000000000000e+01 4.480000000000000000e+02 -9.360000000000000000e+02
1.540600000000000000e+04 2.400000000000000000e+01 4.480000000000000000e+02 -9.360000000000000000e+02
1.544600000000000000e+04 8.000000000000000000e+00 4.560000000000000000e+02 -9.200000000000000000e+02
1.548600000000000000e+04 -8.000000000000000000e+00 4.480000000000000000e+02 -9.200000000000000000e+02
1.552600000000000000e+04 0.000000000000000000e+00 4.560000000000000000e+02 -9.200000000000000000e+02
1.556600000000000000e+04 8.000000000000000000e+00 4.560000000000000000e+02 -9.280000000000000000e+02
1.560600000000000000e+04 8.000000000000000000e+00 4.560000000000000000e+02 -9.280000000000000000e+02
1.564600000000000000e+04 8.000000000000000000e+00 4.400000000000000000e+02 -9.120000000000000000e+02
1.568600000000000000e+04 1.600000000000000000e+01 4.400000000000000000e+02 -9.360000000000000000e+02
1.572600000000000000e+04 1.600000000000000000e+01 4.480000000000000000e+02 -9.600000000000000000e+02
1.576600000000000000e+04 1.600000000000000000e+01 4.560000000000000000e+02 -9.280000000000000000e+02
1.580600000000000000e+04 1.600000000000000000e+01 4.400000000000000000e+02 -9.120000000000000000e+02
1.584600000000000000e+04 8.000000000000000000e+00 4.320000000000000000e+02 -9.040000000000000000e+02
1.588600000000000000e+04 8.000000000000000000e+00 4.320000000000000000e+02 -9.520000000000000000e+02
1.592600000000000000e+04 8.000000000000000000e+00 4.240000000000000000e+02 -9.440000000000000000e+02
1.595900000000000000e+04 8.000000000000000000e+00 4.400000000000000000e+02 -9.360000000000000000e+02
1.599900000000000000e+04 1.600000000000000000e+01 4.480000000000000000e+02 -9.200000000000000000e+02
1.603900000000000000e+04 2.400000000000000000e+01 4.480000000000000000e+02 -9.360000000000000000e+02
1.607900000000000000e+04 3.200000000000000000e+01 4.560000000000000000e+02 -9.120000000000000000e+02
1.611900000000000000e+04 1.600000000000000000e+01 4.480000000000000000e+02 -9.600000000000000000e+02
1.615900000000000000e+04 1.600000000000000000e+01 4.480000000000000000e+02 -9.200000000000000000e+02
1.619900000000000000e+04 8.000000000000000000e+00 4.480000000000000000e+02 -9.280000000000000000e+02
1.623900000000000000e+04 1.600000000000000000e+01 4.480000000000000000e+02 -9.280000000000000000e+02
1.627900000000000000e+04 0.000000000000000000e+00 4.400000000000000000e+02 -9.280000000000000000e+02
1.631900000000000000e+04 8.000000000000000000e+00 4.480000000000000000e+02 -9.200000000000000000e+02
1.635900000000000000e+04 0.000000000000000000e+00 4.400000000000000000e+02 -9.280000000000000000e+02
1.639900000000000000e+04 1.600000000000000000e+01 4.480000000000000000e+02 -9.360000000000000000e+02
1.643900000000000000e+04 8.000000000000000000e+00 4.560000000000000000e+02 -9.200000000000000000e+02
1.647900000000000000e+04 1.600000000000000000e+01 4.560000000000000000e+02 -9.120000000000000000e+02
1.651900000000000000e+04 1.600000000000000000e+01 4.480000000000000000e+02 -9.120000000000000000e+02
1.655900000000000000e+04 0.000000000000000000e+00 4.640000000000000000e+02 -9.120000000000000000e+02
1.659900000000000000e+04 8.000000000000000000e+00 4.560000000000000000e+02 -9.360000000000000000e+02
1.663900000000000000e+04 -8.000000000000000000e+00 4.480000000000000000e+02 -9.200000000000000000e+02
1.667900000000000000e+04 0.000000000000000000e+00 4.400000000000000000e+02 -9.440000000000000000e+02
1.671900000000000000e+04 0.000000000000000000e+00 4.480000000000000000e+02 -9.200000000000000000e+02
1.675900000000000000e+04 8.000000000000000000e+00 4.400000000000000000e+02 -9.760000000000000000e+02
1.679900000000000000e+04 8.000000000000000000e+00 4.480000000000000000e+02 -9.280000000000000000e+02
1.683900000000000000e+04 0.000000000000000000e+00 4.480000000000000000e+02 -9.280000000000000000e+02
1.687900000000000000e+04 8.000000000000000000e+00 4.560000000000000000e+02 -9.280000000000000000e+02
1.691900000000000000e+04 -8.000000000000000000e+00 4.480000000000000000e+02 -9.200000000000000000e+02
1.695200000000000000e+04 -1.600000000000000000e+01 4.560000000000000000e+02 -9.200000000000000000e+02
1.699200000000000000e+04 8.000000000000000000e+00 4.560000000000000000e+02 -9.200000000000000000e+02
1.703200000000000000e+04 8.000000000000000000e+00 4.640000000000000000e+02 -9.520000000000000000e+02
1.707200000000000000e+04 8.000000000000000000e+00 4.480000000000000000e+02 -8.880000000000000000e+02
1.711200000000000000e+04 2.400000000000000000e+01 4.480000000000000000e+02 -9.200000000000000000e+02
1.715200000000000000e+04 1.600000000000000000e+01 4.560000000000000000e+02 -9.040000000000000000e+02
1.719200000000000000e+04 8.000000000000000000e+00 4.480000000000000000e+02 -9.440000000000000000e+02
1.723200000000000000e+04 8.000000000000000000e+00 4.560000000000000000e+02 -9.360000000000000000e+02
1.727200000000000000e+04 2.400000000000000000e+01 4.640000000000000000e+02 -9.200000000000000000e+02
1.731200000000000000e+04 1.600000000000000000e+01 4.560000000000000000e+02 -9.120000000000000000e+02
1.735200000000000000e+04 8.000000000000000000e+00 4.560000000000000000e+02 -9.280000000000000000e+02
1.739200000000000000e+04 8.000000000000000000e+00 4.480000000000000000e+02 -9.120000000000000000e+02
1.743200000000000000e+04 8.000000000000000000e+00 4.560000000000000000e+02 -9.120000000000000000e+02
1.747200000000000000e+04 0.000000000000000000e+00 4.640000000000000000e+02 -9.120000000000000000e+02
1.751200000000000000e+04 8.000000000000000000e+00 4.480000000000000000e+02 -9.840000000000000000e+02
1.755200000000000000e+04 8.000000000000000000e+00 4.480000000000000000e+02 -9.360000000000000000e+02
1.759200000000000000e+04 8.000000000000000000e+00 4.720000000000000000e+02 -8.960000000000000000e+02
1.763200000000000000e+04 8.000000000000000000e+00 4.560000000000000000e+02 -9.280000000000000000e+02
1.767200000000000000e+04 1.600000000000000000e+01 4.560000000000000000e+02 -9.280000000000000000e+02
1.771200000000000000e+04 8.000000000000000000e+00 4.640000000000000000e+02 -9.120000000000000000e+02
1.775200000000000000e+04 8.000000000000000000e+00 4.560000000000000000e+02 -9.120000000000000000e+02
1.779200000000000000e+04 8.000000000000000000e+00 4.560000000000000000e+02 -9.360000000000000000e+02
1.783200000000000000e+04 8.000000000000000000e+00 4.480000000000000000e+02 -9.040000000000000000e+02
1.787200000000000000e+04 1.600000000000000000e+01 4.480000000000000000e+02 -9.200000000000000000e+02
1.791200000000000000e+04 8.000000000000000000e+00 4.480000000000000000e+02 -9.520000000000000000e+02
1.794400000000000000e+04 8.000000000000000000e+00 4.240000000000000000e+02 -8.880000000000000000e+02
1.798400000000000000e+04 1.600000000000000000e+01 4.400000000000000000e+02 -9.360000000000000000e+02
1.802400000000000000e+04 1.600000000000000000e+01 4.400000000000000000e+02 -9.200000000000000000e+02
1.806400000000000000e+04 -1.600000000000000000e+01 4.400000000000000000e+02 -9.760000000000000000e+02
1.810400000000000000e+04 -1.600000000000000000e+01 4.640000000000000000e+02 -9.040000000000000000e+02
1.814400000000000000e+04 1.600000000000000000e+01 4.400000000000000000e+02 -8.640000000000000000e+02
1.818400000000000000e+04 8.000000000000000000e+00 4.480000000000000000e+02 -9.200000000000000000e+02
1.822400000000000000e+04 1.600000000000000000e+01 4.400000000000000000e+02 -9.040000000000000000e+02
1.826400000000000000e+04 8.000000000000000000e+00 4.560000000000000000e+02 -9.440000000000000000e+02
1.830400000000000000e+04 8.000000000000000000e+00 4.480000000000000000e+02 -9.280000000000000000e+02
1.834400000000000000e+04 8.000000000000000000e+00 4.480000000000000000e+02 -9.440000000000000000e+02
1.838400000000000000e+04 8.000000000000000000e+00 4.400000000000000000e+02 -9.200000000000000000e+02
1.842400000000000000e+04 8.000000000000000000e+00 4.320000000000000000e+02 -9.520000000000000000e+02
1.846400000000000000e+04 4.800000000000000000e+01 4.480000000000000000e+02 -9.280000000000000000e+02
1.850400000000000000e+04 3.200000000000000000e+01 4.480000000000000000e+02 -9.360000000000000000e+02
1.854400000000000000e+04 1.600000000000000000e+01 4.480000000000000000e+02 -9.600000000000000000e+02
1.858400000000000000e+04 8.000000000000000000e+00 4.560000000000000000e+02 -9.360000000000000000e+02
1.862400000000000000e+04 1.600000000000000000e+01 4.480000000000000000e+02 -9.440000000000000000e+02
1.866400000000000000e+04 1.600000000000000000e+01 4.400000000000000000e+02 -9.280000000000000000e+02
1.870400000000000000e+04 1.600000000000000000e+01 4.400000000000000000e+02 -9.600000000000000000e+02
1.874400000000000000e+04 1.600000000000000000e+01 4.560000000000000000e+02 -9.360000000000000000e+02
1.878400000000000000e+04 0.000000000000000000e+00 4.480000000000000000e+02 -9.360000000000000000e+02
1.882400000000000000e+04 0.000000000000000000e+00 4.480000000000000000e+02 -9.200000000000000000e+02
1.886400000000000000e+04 8.000000000000000000e+00 4.480000000000000000e+02 -9.200000000000000000e+02
1.890400000000000000e+04 0.000000000000000000e+00 4.480000000000000000e+02 -9.360000000000000000e+02
1.893600000000000000e+04 8.000000000000000000e+00 4.400000000000000000e+02 -9.280000000000000000e+02
1.897600000000000000e+04 0.000000000000000000e+00 4.480000000000000000e+02 -9.360000000000000000e+02
1.901600000000000000e+04 1.600000000000000000e+01 4.480000000000000000e+02 -9.280000000000000000e+02
1.905600000000000000e+04 8.000000000000000000e+00 4.560000000000000000e+02 -8.880000000000000000e+02
1.909600000000000000e+04 1.600000000000000000e+01 4.480000000000000000e+02 -9.200000000000000000e+02
1.913600000000000000e+04 8.000000000000000000e+00 4.400000000000000000e+02 -9.440000000000000000e+02
1.917600000000000000e+04 2.400000000000000000e+01 4.640000000000000000e+02 -8.400000000000000000e+02
1.921600000000000000e+04 1.600000000000000000e+01 4.560000000000000000e+02 -9.760000000000000000e+02
1.925600000000000000e+04 8.000000000000000000e+00 4.480000000000000000e+02 -9.600000000000000000e+02
1.929600000000000000e+04 2.400000000000000000e+01 4.400000000000000000e+02 -9.200000000000000000e+02
1.933600000000000000e+04 1.600000000000000000e+01 4.400000000000000000e+02 -9.120000000000000000e+02
1.937600000000000000e+04 8.000000000000000000e+00 4.400000000000000000e+02 -9.280000000000000000e+02
1.941600000000000000e+04 8.000000000000000000e+00 4.400000000000000000e+02 -9.040000000000000000e+02
1.945600000000000000e+04 0.000000000000000000e+00 4.720000000000000000e+02 -9.120000000000000000e+02
1.949600000000000000e+04 0.000000000000000000e+00 4.640000000000000000e+02 -9.360000000000000000e+02
1.953600000000000000e+04 0.000000000000000000e+00 4.480000000000000000e+02 -9.520000000000000000e+02
1.957600000000000000e+04 0.000000000000000000e+00 4.400000000000000000e+02 -9.280000000000000000e+02
1.961600000000000000e+04 0.000000000000000000e+00 4.320000000000000000e+02 -8.960000000000000000e+02
1.965600000000000000e+04 8.000000000000000000e+00 4.400000000000000000e+02 -9.600000000000000000e+02
1.969600000000000000e+04 8.000000000000000000e+00 4.400000000000000000e+02 -9.280000000000000000e+02
1.973600000000000000e+04 8.000000000000000000e+00 4.400000000000000000e+02 -9.280000000000000000e+02
1.977600000000000000e+04 1.600000000000000000e+01 4.560000000000000000e+02 -9.200000000000000000e+02
1.981600000000000000e+04 -1.600000000000000000e+01 4.480000000000000000e+02 -9.200000000000000000e+02
1.985600000000000000e+04 -8.000000000000000000e+00 4.480000000000000000e+02 -9.200000000000000000e+02
1.989600000000000000e+04 0.000000000000000000e+00 4.480000000000000000e+02 -9.440000000000000000e+02
