1.200000000000000000e+02 -8.720000000000000000e+02 5.360000000000000000e+02 -8.000000000000000000e+00
1.600000000000000000e+02 -8.720000000000000000e+02 5.280000000000000000e+02 -3.200000000000000000e+01
2.000000000000000000e+02 -8.720000000000000000e+02 5.280000000000000000e+02 -5.600000000000000000e+01
2.400000000000000000e+02 -8.800000000000000000e+02 5.360000000000000000e+02 -4.800000000000000000e+01
2.800000000000000000e+02 -8.720000000000000000e+02 5.440000000000000000e+02 -4.000000000000000000e+01
3.200000000000000000e+02 -8.640000000000000000e+02 5.280000000000000000e+02 8.000000000000000000e+00
3.600000000000000000e+02 -8.720000000000000000e+02 5.360000000000000000e+02 -4.000000000000000000e+01
4.000000000000000000e+02 -8.720000000000000000e+02 5.360000000000000000e+02 -5.600000000000000000e+01
4.400000000000000000e+02 -8.800000000000000000e+02 5.360000000000000000e+02 -4.800000000000000000e+01
4.800000000000000000e+02 -8.800000000000000000e+02 5.280000000000000000e+02 -1.600000000000000000e+01
5.200000000000000000e+02 -8.720000000000000000e+02 5.440000000000000000e+02 -4.000000000000000000e+01
5.600000000000000000e+02 -8.800000000000000000e+02 5.440000000000000000e+02 -8.000000000000000000e+00
6.000000000000000000e+02 -8.800000000000000000e+02 5.360000000000000000e+02 -2.400000000000000000e+01
6.400000000000000000e+02 -8.800000000000000000e+02 5.360000000000000000e+02 -4.000000000000000000e+01
6.800000000000000000e+02 -8.720000000000000000e+02 5.360000000000000000e+02 -2.400000000000000000e+01
7.200000000000000000e+02 -8.640000000000000000e+02 5.360000000000000000e+02 -3.200000000000000000e+01
7.600000000000000000e+02 -8.880000000000000000e+02 5.360000000000000000e+02 -1.600000000000000000e+01
8.000000000000000000e+02 -8.800000000000000000e+02 5.360000000000000000e+02 -4.800000000000000000e+01
8.400000000000000000e+02 -8.800000000000000000e+02 5.360000000000000000e+02 -3.200000000000000000e+01
8.800000000000000000e+02 -8.720000000000000000e+02 5.360000000000000000e+02 -4.000000000000000000e+01
9.200000000000000000e+02 -8.800000000000000000e+02 5.360000000000000000e+02 -3.200000000000000000e+01
9.600000000000000000e+02 -8.960000000000000000e+02 5.360000000000000000e+02 -1.120000000000000000e+02
1.000000000000000000e+03 -8.880000000000000000e+02 5.360000000000000000e+02 -3.200000000000000000e+01
1.040000000000000000e+03 -8.880000000000000000e+02 5.440000000000000000e+02 -3.200000000000000000e+01
1.080000000000000000e+03 -8.800000000000000000e+02 5.360000000000000000e+02 -3.200000000000000000e+01
1.084000000000000000e+03 -8.800000000000000000e+02 5.360000000000000000e+02 -3.200000000000000000e+01
1.124000000000000000e+03 -8.800000000000000000e+02 5.360000000000000000e+02 -1.600000000000000000e+01
1.164000000000000000e+03 -8.640000000000000000e+02 5.360000000000000000e+02 0.000000000000000000e+00
1.204000000000000000e+03 -8.720000000000000000e+02 5.360000000000000000e+02 -4.000000000000000000e+01
1.244000000000000000e+03 -8.800000000000000000e+02 5.360000000000000000e+02 -4.000000000000000000e+01
1.284000000000000000e+03 -8.720000000000000000e+02 5.440000000000000000e+02 -4.800000000000000000e+01
1.324000000000000000e+03 -8.720000000000000000e+02 5.680000000000000000e+02 -4.800000000000000000e+01
1.364000000000000000e+03 -8.480000000000000000e+02 5.360000000000000000e+02 -2.400000000000000000e+01
1.404000000000000000e+03 -8.560000000000000000e+02 5.280000000000000000e+02 -4.800000000000000000e+01
1.444000000000000000e+03 -8.720000000000000000e+02 5.360000000000000000e+02 -4.800000000000000000e+01
1.484000000000000000e+03 -8.800000000000000000e+02 5.360000000000000000e+02 -2.400000000000000000e+01
1.524000000000000000e+03 -8.720000000000000000e+02 5.280000000000000000e+02 -2.400000000000000000e+01
1.564000000000000000e+03 -8.720000000000000000e+02 5.360000000000000000e+02 -2.400000000000000000e+01
1.604000000000000000e+03 -8.720000000000000000e+02 5.360000000000000000e+02 0.000000000000000000e+00
1.644000000000000000e+03 -8.800000000000000000e+02 5.360000000000000000e+02 -1.600000000000000000e+01
1.684000000000000000e+03 -8.640000000000000000e+02 5.520000000000000000e+02 1.600000000000000000e+01
1.724000000000000000e+03 -8.800000000000000000e+02 5.440000000000000000e+02 -4.000000000000000000e+01
1.764000000000000000e+03 -8.880000000000000000e+02 5.440000000000000000e+02 -8.000000000000000000e+00
1.804000000000000000e+03 -8.880000000000000000e+02 5.360000000000000000e+02 -1.600000000000000000e+01
1.844000000000000000e+03 -8.800000000000000000e+02 5.360000000000000000e+02 -4.800000000000000000e+01
1.884000000000000000e+03 -8.720000000000000000e+02 5.360000000000000000e+02 -4.800000000000000000e+01
1.924000000000000000e+03 -8.640000000000000000e+02 5.200000000000000000e+02 -5.600000000000000000e+01
1.964000000000000000e+03 -8.960000000000000000e+02 5.280000000000000000e+02 -8.000000000000000000e+00
2.004000000000000000e+03 -8.880000000000000000e+02 5.200000000000000000e+02 8.000000000000000000e+00
2.044000000000000000e+03 -9.040000000000000000e+02 5.200000000000000000e+02 1.600000000000000000e+01
2.076000000000000000e+03 -8.880000000000000000e+02 5.120000000000000000e+02 -8.000000000000000000e+00
2.116000000000000000e+03 -8.880000000000000000e+02 5.280000000000000000e+02 -1.600000000000000000e+01
2.156000000000000000e+03 -8.880000000000000000e+02 5.280000000000000000e+02 -8.000000000000000000e+00
2.196000000000000000e+03 -9.040000000000000000e+02 5.280000000000000000e+02 2.400000000000000000e+01
2.236000000000000000e+03 -8.960000000000000000e+02 5.440000000000000000e+02 -2.400000000000000000e+01
2.276000000000000000e+03 -8.960000000000000000e+02 5.360000000000000000e+02 3.200000000000000000e+01
2.316000000000000000e+03 -8.800000000000000000e+02 5.280000000000000000e+02 -1.600000000000000000e+01
2.356000000000000000e+03 -8.800000000000000000e+02 5.280000000000000000e+02 -4.000000000000000000e+01
2.396000000000000000e+03 -8.800000000000000000e+02 5.360000000000000000e+02 2.400000000000000000e+01
2.436000000000000000e+03 -8.800000000000000000e+02 5.360000000000000000e+02 0.000000000000000000e+00
2.476000000000000000e+03 -8.720000000000000000e+02 5.200000000000000000e+02 8.000000000000000000e+00
2.516000000000000000e+03 -8.640000000000000000e+02 5.280000000000000000e+02 -3.200000000000000000e+01
2.556000000000000000e+03 -8.720000000000000000e+02 5.360000000000000000e+02 -3.200000000000000000e+01
2.596000000000000000e+03 -8.640000000000000000e+02 5.280000000000000000e+02 -3.200000000000000000e+01
2.636000000000000000e+03 -8.640000000000000000e+02 5.600000000000000000e+02 -5.600000000000000000e+01
2.676000000000000000e+03 -8.640000000000000000e+02 5.600000000000000000e+02 -4.000000000000000000e+01
2.716000000000000000e+03 -8.640000000000000000e+02 6.000000000000000000e+02 -8.000000000000000000e+00
2.756000000000000000e+03 -8.640000000000000000e+02 6.080000000000000000e+02 -2.400000000000000000e+01
2.796000000000000000e+03 -8.640000000000000000e+02 5.840000000000000000e+02 0.000000000000000000e+00
2.836000000000000000e+03 -8.480000000000000000e+02 5.760000000000000000e+02 0.000000000000000000e+00
2.876000000000000000e+03 -8.480000000000000000e+02 5.520000000000000000e+02 -1.600000000000000000e+01
2.916000000000000000e+03 -8.640000000000000000e+02 5.440000000000000000e+02 -5.600000000000000000e+01
2.956000000000000000e+03 -8.640000000000000000e+02 5.360000000000000000e+02 -3.200000000000000000e+01
2.996000000000000000e+03 -8.560000000000000000e+02 5.440000000000000000e+02 -2.400000000000000000e+01
3.036000000000000000e+03 -8.640000000000000000e+02 5.520000000000000000e+02 -4.800000000000000000e+01
3.067000000000000000e+03 -8.640000000000000000e+02 5.600000000000000000e+02 -4.800000000000000000e+01
3.107000000000000000e+03 -8.560000000000000000e+02 5.600000000000000000e+02 -5.600000000000000000e+01
3.147000000000000000e+03 -8.640000000000000000e+02 5.280000000000000000e+02 -8.000000000000000000e+01
3.187000000000000000e+03 -8.880000000000000000e+02 5.120000000000000000e+02 -9.600000000000000000e+01
3.227000000000000000e+03 -8.720000000000000000e+02 5.200000000000000000e+02 -3.200000000000000000e+01
3.267000000000000000e+03 -8.800000000000000000e+02 5.360000000000000000e+02 -8.000000000000000000e+00
3.307000000000000000e+03 -8.960000000000000000e+02 5.520000000000000000e+02 0.000000000000000000e+00
3.347000000000000000e+03 -8.960000000000000000e+02 5.680000000000000000e+02 -8.000000000000000000e+00
3.387000000000000000e+03 -8.880000000000000000e+02 5.680000000000000000e+02 1.600000000000000000e+01
3.427000000000000000e+03 -8.720000000000000000e+02 5.760000000000000000e+02 -1.600000000000000000e+01
3.467000000000000000e+03 -8.640000000000000000e+02 5.600000000000000000e+02 0.000000000000000000e+00
3.507000000000000000e+03 -8.640000000000000000e+02 5.680000000000000000e+02 5.600000000000000000e+01
3.547000000000000000e+03 -8.560000000000000000e+02 5.760000000000000000e+02 0.000000000000000000e+00
3.587000000000000000e+03 -8.800000000000000000e+02 5.600000000000000000e+02 -1.600000000000000000e+01
3.627000000000000000e+03 -8.640000000000000000e+02 5.520000000000000000e+02 -1.600000000000000000e+01
3.667000000000000000e+03 -8.400000000000000000e+02 5.360000000000000000e+02 2.400000000000000000e+01
3.707000000000000000e+03 -8.800000000000000000e+02 5.280000000000000000e+02 3.200000000000000000e+01
3.747000000000000000e+03 -8.880000000000000000e+02 5.200000000000000000e+02 6.400000000000000000e+01
3.787000000000000000e+03 -8.880000000000000000e+02 5.200000000000000000e+02 4.800000000000000000e+01
3.827000000000000000e+03 -9.040000000000000000e+02 5.200000000000000000e+02 2.400000000000000000e+01
3.867000000000000000e+03 -8.880000000000000000e+02 5.200000000000000000e+02 6.400000000000000000e+01
3.907000000000000000e+03 -8.880000000000000000e+02 5.200000000000000000e+02 5.600000000000000000e+01
3.947000000000000000e+03 -8.880000000000000000e+02 5.280000000000000000e+02 6.400000000000000000e+01
3.987000000000000000e+03 -8.880000000000000000e+02 5.280000000000000000e+02 4.000000000000000000e+01
4.027000000000000000e+03 -8.880000000000000000e+02 5.360000000000000000e+02 1.600000000000000000e+01
4.059000000000000000e+03 -8.800000000000000000e+02 5.280000000000000000e+02 4.000000000000000000e+01
4.099000000000000000e+03 -8.800000000000000000e+02 5.440000000000000000e+02 1.600000000000000000e+01
4.139000000000000000e+03 -8.880000000000000000e+02 5.280000000000000000e+02 -8.000000000000000000e+00
4.179000000000000000e+03 -8.720000000000000000e+02 5.280000000000000000e+02 3.200000000000000000e+01
4.219000000000000000e+03 -8.880000000000000000e+02 5.360000000000000000e+02 3.200000000000000000e+01
4.259000000000000000e+03 -8.800000000000000000e+02 5.680000000000000000e+02 3.200000000000000000e+01
4.299000000000000000e+03 -8.640000000000000000e+02 5.440000000000000000e+02 3.200000000000000000e+01
4.339000000000000000e+03 -8.640000000000000000e+02 5.440000000000000000e+02 4.000000000000000000e+01
4.379000000000000000e+03 -8.800000000000000000e+02 5.440000000000000000e+02 5.600000000000000000e+01
4.419000000000000000e+03 -8.880000000000000000e+02 5.440000000000000000e+02 4.000000000000000000e+01
4.459000000000000000e+03 -8.800000000000000000e+02 5.440000000000000000e+02 3.200000000000000000e+01
4.499000000000000000e+03 -9.040000000000000000e+02 5.440000000000000000e+02 4.000000000000000000e+01
4.539000000000000000e+03 -9.040000000000000000e+02 5.280000000000000000e+02 -2.400000000000000000e+01
4.579000000000000000e+03 -8.800000000000000000e+02 5.360000000000000000e+02 4.000000000000000000e+01
4.619000000000000000e+03 -8.800000000000000000e+02 5.360000000000000000e+02 3.200000000000000000e+01
4.659000000000000000e+03 -8.880000000000000000e+02 5.280000000000000000e+02 2.400000000000000000e+01
4.699000000000000000e+03 -8.800000000000000000e+02 5.200000000000000000e+02 1.600000000000000000e+01
4.739000000000000000e+03 -8.800000000000000000e+02 5.280000000000000000e+02 4.800000000000000000e+01
4.779000000000000000e+03 -8.720000000000000000e+02 5.280000000000000000e+02 0.000000000000000000e+00
4.819000000000000000e+03 -8.800000000000000000e+02 5.360000000000000000e+02 4.000000000000000000e+01
4.859000000000000000e+03 -8.960000000000000000e+02 5.280000000000000000e+02 2.400000000000000000e+01
4.899000000000000000e+03 -8.800000000000000000e+02 5.280000000000000000e+02 -1.600000000000000000e+01
4.939000000000000000e+03 -8.800000000000000000e+02 5.360000000000000000e+02 0.000000000000000000e+00
4.979000000000000000e+03 -8.800000000000000000e+02 5.360000000000000000e+02 8.000000000000000000e+00
5.019000000000000000e+03 -8.720000000000000000e+02 5.360000000000000000e+02 0.000000000000000000e+00
5.050000000000000000e+03 -8.800000000000000000e+02 5.280000000000000000e+02 -1.600000000000000000e+01
5.090000000000000000e+03 -8.800000000000000000e+02 5.360000000000000000e+02 0.000000000000000000e+00
5.130000000000000000e+03 -8.720000000000000000e+02 5.280000000000000000e+02 0.000000000000000000e+00
5.170000000000000000e+03 -8.800000000000000000e+02 5.360000000000000000e+02 8.000000000000000000e+00
5.210000000000000000e+03 -8.720000000000000000e+02 5.360000000000000000e+02 8.000000000000000000e+00
5.250000000000000000e+03 -8.720000000000000000e+02 5.440000000000000000e+02 1.600000000000000000e+01
5.290000000000000000e+03 -8.720000000000000000e+02 5.680000000000000000e+02 -8.000000000000000000e+00
5.330000000000000000e+03 -8.960000000000000000e+02 5.520000000000000000e+02 -4.000000000000000000e+01
5.370000000000000000e+03 -8.880000000000000000e+02 5.360000000000000000e+02 0.000000000000000000e+00
5.410000000000000000e+03 -8.720000000000000000e+02 5.200000000000000000e+02 -1.600000000000000000e+01
5.450000000000000000e+03 -8.720000000000000000e+02 5.120000000000000000e+02 5.600000000000000000e+01
5.490000000000000000e+03 -8.720000000000000000e+02 5.200000000000000000e+02 8.000000000000000000e+00
5.530000000000000000e+03 -8.720000000000000000e+02 5.280000000000000000e+02 1.600000000000000000e+01
5.570000000000000000e+03 -8.880000000000000000e+02 5.280000000000000000e+02 4.000000000000000000e+01
5.610000000000000000e+03 -8.880000000000000000e+02 5.280000000000000000e+02 0.000000000000000000e+00
5.650000000000000000e+03 -8.800000000000000000e+02 5.600000000000000000e+02 -8.000000000000000000e+00
5.690000000000000000e+03 -8.800000000000000000e+02 5.360000000000000000e+02 0.000000000000000000e+00
5.730000000000000000e+03 -8.800000000000000000e+02 5.360000000000000000e+02 8.000000000000000000e+00
5.770000000000000000e+03 -8.880000000000000000e+02 5.120000000000000000e+02 8.000000000000000000e+00
5.810000000000000000e+03 -8.880000000000000000e+02 5.360000000000000000e+02 0.000000000000000000e+00
5.850000000000000000e+03 -8.880000000000000000e+02 5.280000000000000000e+02 -1.600000000000000000e+01
5.890000000000000000e+03 -8.880000000000000000e+02 5.280000000000000000e+02 2.400000000000000000e+01
5.930000000000000000e+03 -8.880000000000000000e+02 5.440000000000000000e+02 0.000000000000000000e+00
5.970000000000000000e+03 -8.880000000000000000e+02 5.360000000000000000e+02 -2.400000000000000000e+01
6.010000000000000000e+03 -8.800000000000000000e+02 5.280000000000000000e+02 8.000000000000000000e+00
6.043000000000000000e+03 -8.800000000000000000e+02 5.200000000000000000e+02 1.600000000000000000e+01
6.083000000000000000e+03 -8.800000000000000000e+02 5.280000000000000000e+02 -1.600000000000000000e+01
6.123000000000000000e+03 -8.880000000000000000e+02 5.280000000000000000e+02 0.000000000000000000e+00
6.163000000000000000e+03 -8.800000000000000000e+02 5.360000000000000000e+02 0.000000000000000000e+00
6.203000000000000000e+03 -8.720000000000000000e+02 5.440000000000000000e+02 -8.000000000000000000e+00
6.243000000000000000e+03 -8.800000000000000000e+02 5.440000000000000000e+02 4.000000000000000000e+01
6.283000000000000000e+03 -8.800000000000000000e+02 5.360000000000000000e+02 -8.000000000000000000e+00
6.323000000000000000e+03 -8.720000000000000000e+02 5.120000000000000000e+02 -3.200000000000000000e+01
6.363000000000000000e+03 -8.800000000000000000e+02 5.040000000000000000e+02 -8.000000000000000000e+00
6.403000000000000000e+03 -8.800000000000000000e+02 5.200000000000000000e+02 1.600000000000000000e+01
6.443000000000000000e+03 -8.880000000000000000e+02 5.280000000000000000e+02 8.000000000000000000e+00
6.483000000000000000e+03 -8.800000000000000000e+02 5.280000000000000000e+02 4.800000000000000000e+01
6.523000000000000000e+03 -8.720000000000000000e+02 5.440000000000000000e+02 -8.000000000000000000e+00
6.563000000000000000e+03 -8.800000000000000000e+02 5.280000000000000000e+02 -8.000000000000000000e+00
6.603000000000000000e+03 -8.960000000000000000e+02 5.280000000000000000e+02 1.600000000000000000e+01
6.643000000000000000e+03 -8.880000000000000000e+02 5.360000000000000000e+02 -8.000000000000000000e+00
6.683000000000000000e+03 -8.800000000000000000e+02 5.200000000000000000e+02 8.000000000000000000e+00
6.723000000000000000e+03 -8.800000000000000000e+02 5.280000000000000000e+02 3.200000000000000000e+01
6.763000000000000000e+03 -8.720000000000000000e+02 5.360000000000000000e+02 -8.000000000000000000e+00
6.803000000000000000e+03 -8.640000000000000000e+02 5.680000000000000000e+02 1.600000000000000000e+01
6.843000000000000000e+03 -8.800000000000000000e+02 5.440000000000000000e+02 0.000000000000000000e+00
6.883000000000000000e+03 -8.800000000000000000e+02 5.280000000000000000e+02 -3.200000000000000000e+01
6.923000000000000000e+03 -8.800000000000000000e+02 5.040000000000000000e+02 -8.000000000000000000e+00
6.963000000000000000e+03 -8.800000000000000000e+02 5.280000000000000000e+02 3.200000000000000000e+01
7.003000000000000000e+03 -8.800000000000000000e+02 5.200000000000000000e+02 1.600000000000000000e+01
7.034000000000000000e+03 -8.800000000000000000e+02 5.200000000000000000e+02 -3.200000000000000000e+01
7.074000000000000000e+03 -8.800000000000000000e+02 5.200000000000000000e+02 -2.400000000000000000e+01
7.114000000000000000e+03 -8.880000000000000000e+02 5.120000000000000000e+02 -2.400000000000000000e+01
7.154000000000000000e+03 -8.880000000000000000e+02 5.120000000000000000e+02 -1.600000000000000000e+01
7.194000000000000000e+03 -8.880000000000000000e+02 5.120000000000000000e+02 -8.000000000000000000e+00
7.234000000000000000e+03 -8.880000000000000000e+02 5.040000000000000000e+02 6.400000000000000000e+01
7.274000000000000000e+03 -8.960000000000000000e+02 5.120000000000000000e+02 -8.000000000000000000e+00
7.314000000000000000e+03 -8.880000000000000000e+02 5.200000000000000000e+02 -8.000000000000000000e+00
7.354000000000000000e+03 -8.880000000000000000e+02 5.200000000000000000e+02 8.000000000000000000e+00
7.394000000000000000e+03 -8.880000000000000000e+02 5.120000000000000000e+02 0.000000000000000000e+00
7.434000000000000000e+03 -8.800000000000000000e+02 5.120000000000000000e+02 0.000000000000000000e+00
7.474000000000000000e+03 -8.800000000000000000e+02 5.120000000000000000e+02 8.000000000000000000e+00
7.514000000000000000e+03 -8.800000000000000000e+02 5.040000000000000000e+02 8.000000000000000000e+00
7.554000000000000000e+03 -8.880000000000000000e+02 5.120000000000000000e+02 1.600000000000000000e+01
7.594000000000000000e+03 -8.880000000000000000e+02 5.200000000000000000e+02 1.600000000000000000e+01
7.634000000000000000e+03 -8.960000000000000000e+02 5.200000000000000000e+02 0.000000000000000000e+00
7.674000000000000000e+03 -8.960000000000000000e+02 5.200000000000000000e+02 8.000000000000000000e+00
7.714000000000000000e+03 -9.120000000000000000e+02 5.200000000000000000e+02 -3.200000000000000000e+01
7.754000000000000000e+03 -8.960000000000000000e+02 5.120000000000000000e+02 8.000000000000000000e+00
7.794000000000000000e+03 -8.800000000000000000e+02 5.120000000000000000e+02 -2.400000000000000000e+01
7.834000000000000000e+03 -8.800000000000000000e+02 5.200000000000000000e+02 4.800000000000000000e+01
7.874000000000000000e+03 -8.800000000000000000e+02 5.200000000000000000e+02 0.000000000000000000e+00
7.914000000000000000e+03 -8.800000000000000000e+02 5.120000000000000000e+02 -1.600000000000000000e+01
7.954000000000000000e+03 -9.040000000000000000e+02 5.120000000000000000e+02 8.000000000000000000e+00
7.994000000000000000e+03 -9.120000000000000000e+02 5.280000000000000000e+02 4.000000000000000000e+01
8.026000000000000000e+03 -8.960000000000000000e+02 4.960000000000000000e+02 8.000000000000000000e+00
8.066000000000000000e+03 -8.880000000000000000e+02 5.120000000000000000e+02 -8.000000000000000000e+00
8.106000000000000000e+03 -8.800000000000000000e+02 5.280000000000000000e+02 0.000000000000000000e+00
8.146000000000000000e+03 -8.640000000000000000e+02 5.200000000000000000e+02 2.400000000000000000e+01
8.186000000000000000e+03 -8.720000000000000000e+02 5.200000000000000000e+02 1.600000000000000000e+01
8.226000000000000000e+03 -8.800000000000000000e+02 5.280000000000000000e+02 1.600000000000000000e+01
8.266000000000000000e+03 -8.720000000000000000e+02 5.360000000000000000e+02 -8.000000000000000000e+00
8.306000000000000000e+03 -8.800000000000000000e+02 5.280000000000000000e+02 -2.400000000000000000e+01
8.346000000000000000e+03 -8.800000000000000000e+02 5.280000000000000000e+02 8.000000000000000000e+00
8.386000000000000000e+03 -8.880000000000000000e+02 5.280000000000000000e+02 3.200000000000000000e+01
8.426000000000000000e+03 -8.880000000000000000e+02 5.280000000000000000e+02 2.400000000000000000e+01
8.466000000000000000e+03 -8.880000000000000000e+02 5.200000000000000000e+02 0.000000000000000000e+00
8.506000000000000000e+03 -8.880000000000000000e+02 5.280000000000000000e+02 1.600000000000000000e+01
8.546000000000000000e+03 -9.040000000000000000e+02 5.040000000000000000e+02 1.600000000000000000e+01
8.586000000000000000e+03 -8.960000000000000000e+02 4.960000000000000000e+02 8.000000000000000000e+00
8.626000000000000000e+03 -8.960000000000000000e+02 5.120000000000000000e+02 5.600000000000000000e+01
8.666000000000000000e+03 -8.960000000000000000e+02 5.280000000000000000e+02 1.600000000000000000e+01
8.706000000000000000e+03 -8.960000000000000000e+02 5.120000000000000000e+02 1.600000000000000000e+01
8.746000000000000000e+03 -9.040000000000000000e+02 5.200000000000000000e+02 2.400000000000000000e+01
8.786000000000000000e+03 -8.960000000000000000e+02 5.120000000000000000e+02 1.600000000000000000e+01
8.826000000000000000e+03 -8.960000000000000000e+02 5.040000000000000000e+02 -8.000000000000000000e+00
8.866000000000000000e+03 -8.880000000000000000e+02 5.120000000000000000e+02 -2.400000000000000000e+01
8.906000000000000000e+03 -9.040000000000000000e+02 5.120000000000000000e+02 8.000000000000000000e+00
8.946000000000000000e+03 -8.960000000000000000e+02 5.120000000000000000e+02 1.600000000000000000e+01
8.986000000000000000e+03 -8.880000000000000000e+02 5.200000000000000000e+02 2.400000000000000000e+01
9.017000000000000000e+03 -8.960000000000000000e+02 5.200000000000000000e+02 -8.000000000000000000e+00
9.057000000000000000e+03 -8.960000000000000000e+02 5.040000000000000000e+02 -1.600000000000000000e+01
9.097000000000000000e+03 -8.720000000000000000e+02 5.200000000000000000e+02 8.000000000000000000e+00
9.137000000000000000e+03 -8.720000000000000000e+02 5.200000000000000000e+02 -4.000000000000000000e+01
9.177000000000000000e+03 -8.800000000000000000e+02 5.280000000000000000e+02 0.000000000000000000e+00
9.217000000000000000e+03 -8.720000000000000000e+02 5.280000000000000000e+02 -3.200000000000000000e+01
9.257000000000000000e+03 -8.560000000000000000e+02 5.200000000000000000e+02 -8.000000000000000000e+00
9.297000000000000000e+03 -8.720000000000000000e+02 5.120000000000000000e+02 2.400000000000000000e+01
9.337000000000000000e+03 -8.800000000000000000e+02 5.200000000000000000e+02 -5.600000000000000000e+01
9.377000000000000000e+03 -8.880000000000000000e+02 5.280000000000000000e+02 -1.600000000000000000e+01
9.417000000000000000e+03 -8.960000000000000000e+02 5.280000000000000000e+02 0.000000000000000000e+00
9.457000000000000000e+03 -8.880000000000000000e+02 5.200000000000000000e+02 1.600000000000000000e+01
9.497000000000000000e+03 -8.880000000000000000e+02 5.200000000000000000e+02 0.000000000000000000e+00
9.537000000000000000e+03 -8.960000000000000000e+02 5.360000000000000000e+02 4.800000000000000000e+01
9.577000000000000000e+03 -8.960000000000000000e+02 5.440000000000000000e+02 -8.000000000000000000e+00
9.617000000000000000e+03 -8.880000000000000000e+02 5.360000000000000000e+02 -1.600000000000000000e+01
9.657000000000000000e+03 -8.880000000000000000e+02 5.280000000000000000e+02 -8.000000000000000000e+00
9.697000000000000000e+03 -8.960000000000000000e+02 5.200000000000000000e+02 -8.000000000000000000e+00
9.737000000000000000e+03 -8.960000000000000000e+02 5.040000000000000000e+02 8.000000000000000000e+00
9.777000000000000000e+03 -8.880000000000000000e+02 5.200000000000000000e+02 0.000000000000000000e+00
9.817000000000000000e+03 -8.960000000000000000e+02 5.200000000000000000e+02 1.600000000000000000e+01
9.857000000000000000e+03 -8.960000000000000000e+02 5.200000000000000000e+02 1.600000000000000000e+01
9.897000000000000000e+03 -8.960000000000000000e+02 5.200000000000000000e+02 1.600000000000000000e+01
9.937000000000000000e+03 -8.960000000000000000e+02 5.120000000000000000e+02 1.600000000000000000e+01
9.977000000000000000e+03 -8.800000000000000000e+02 5.200000000000000000e+02 0.000000000000000000e+00
1.000900000000000000e+04 -8.720000000000000000e+02 5.040000000000000000e+02 -8.000000000000000000e+00
1.004900000000000000e+04 -8.800000000000000000e+02 5.200000000000000000e+02 8.000000000000000000e+00
1.008900000000000000e+04 -8.880000000000000000e+02 5.200000000000000000e+02 4.800000000000000000e+01
1.012900000000000000e+04 -8.880000000000000000e+02 5.200000000000000000e+02 -4.000000000000000000e+01
1.016900000000000000e+04 -8.640000000000000000e+02 5.200000000000000000e+02 -8.000000000000000000e+00
1.020900000000000000e+04 -8.720000000000000000e+02 5.280000000000000000e+02 0.000000000000000000e+00
1.024900000000000000e+04 -8.800000000000000000e+02 5.200000000000000000e+02 -1.600000000000000000e+01
1.028900000000000000e+04 -8.800000000000000000e+02 5.040000000000000000e+02 -8.000000000000000000e+00
1.032900000000000000e+04 -8.800000000000000000e+02 5.040000000000000000e+02 3.200000000000000000e+01
1.036900000000000000e+04 -8.960000000000000000e+02 5.120000000000000000e+02 -2.400000000000000000e+01
1.040900000000000000e+04 -8.880000000000000000e+02 5.120000000000000000e+02 -1.600000000000000000e+01
1.044900000000000000e+04 -8.960000000000000000e+02 5.200000000000000000e+02 0.000000000000000000e+00
1.048900000000000000e+04 -8.960000000000000000e+02 5.280000000000000000e+02 0.000000000000000000e+00
1.052900000000000000e+04 -9.120000000000000000e+02 5.280000000000000000e+02 0.000000000000000000e+00
1.056900000000000000e+04 -8.960000000000000000e+02 5.200000000000000000e+02 0.000000000000000000e+00
1.060900000000000000e+04 -8.960000000000000000e+02 5.120000000000000000e+02 1.600000000000000000e+01
1.064900000000000000e+04 -8.800000000000000000e+02 5.200000000000000000e+02 -8.000000000000000000e+00
1.068900000000000000e+04 -8.880000000000000000e+02 5.200000000000000000e+02 0.000000000000000000e+00
1.072900000000000000e+04 -8.960000000000000000e+02 5.200000000000000000e+02 8.000000000000000000e+00
1.076900000000000000e+04 -8.880000000000000000e+02 5.440000000000000000e+02 -1.600000000000000000e+01
1.080900000000000000e+04 -8.880000000000000000e+02 5.280000000000000000e+02 -3.200000000000000000e+01
1.084900000000000000e+04 -9.040000000000000000e+02 5.280000000000000000e+02 -3.200000000000000000e+01
1.088900000000000000e+04 -8.960000000000000000e+02 5.120000000000000000e+02 -2.400000000000000000e+01
1.092900000000000000e+04 -8.960000000000000000e+02 5.120000000000000000e+02 1.600000000000000000e+01
1.096900000000000000e+04 -8.800000000000000000e+02 5.120000000000000000e+02 -4.000000000000000000e+01
1.100100000000000000e+04 -8.800000000000000000e+02 5.280000000000000000e+02 1.600000000000000000e+01
1.104100000000000000e+04 -8.880000000000000000e+02 5.360000000000000000e+02 -1.600000000000000000e+01
1.108100000000000000e+04 -8.880000000000000000e+02 5.280000000000000000e+02 -1.600000000000000000e+01
1.112100000000000000e+04 -8.880000000000000000e+02 5.280000000000000000e+02 -1.600000000000000000e+01
1.116100000000000000e+04 -8.880000000000000000e+02 5.280000000000000000e+02 -2.400000000000000000e+01
1.120100000000000000e+04 -8.880000000000000000e+02 5.280000000000000000e+02 7.200000000000000000e+01
1.124100000000000000e+04 -8.960000000000000000e+02 5.280000000000000000e+02 -2.400000000000000000e+01
1.128100000000000000e+04 -8.880000000000000000e+02 5.280000000000000000e+02 -2.400000000000000000e+01
1.132100000000000000e+04 -8.880000000000000000e+02 5.280000000000000000e+02 -5.600000000000000000e+01
1.136100000000000000e+04 -8.800000000000000000e+02 5.200000000000000000e+02 -8.000000000000000000e+00
1.140100000000000000e+04 -9.040000000000000000e+02 5.120000000000000000e+02 -8.000000000000000000e+00
1.144100000000000000e+04 -8.960000000000000000e+02 5.120000000000000000e+02 -3.200000000000000000e+01
1.148100000000000000e+04 -8.880000000000000000e+02 5.120000000000000000e+02 -8.000000000000000000e+00
1.152100000000000000e+04 -8.880000000000000000e+02 5.120000000000000000e+02 -1.600000000000000000e+01
1.156100000000000000e+04 -8.960000000000000000e+02 5.200000000000000000e+02 8.000000000000000000e+00
1.160100000000000000e+04 -8.880000000000000000e+02 5.280000000000000000e+02 8.000000000000000000e+00
1.164100000000000000e+04 -8.960000000000000000e+02 5.280000000000000000e+02 0.000000000000000000e+00
1.168100000000000000e+04 -8.960000000000000000e+02 5.280000000000000000e+02 -8.000000000000000000e+00
1.172100000000000000e+04 -8.960000000000000000e+02 5.200000000000000000e+02 -4.800000000000000000e+01
1.176100000000000000e+04 -8.960000000000000000e+02 5.120000000000000000e+02 0.000000000000000000e+00
1.180100000000000000e+04 -8.800000000000000000e+02 5.040000000000000000e+02 -4.000000000000000000e+01
1.184100000000000000e+04 -8.720000000000000000e+02 5.120000000000000000e+02 0.000000000000000000e+00
1.188100000000000000e+04 -8.800000000000000000e+02 5.200000000000000000e+02 -2.400000000000000000e+01
1.192100000000000000e+04 -8.800000000000000000e+02 5.120000000000000000e+02 -8.000000000000000000e+00
1.196100000000000000e+04 -8.880000000000000000e+02 5.280000000000000000e+02 8.000000000000000000e+00
1.199200000000000000e+04 -8.800000000000000000e+02 5.200000000000000000e+02 0.000000000000000000e+00
1.203200000000000000e+04 -8.720000000000000000e+02 5.200000000000000000e+02 -8.000000000000000000e+00
1.207200000000000000e+04 -8.960000000000000000e+02 5.280000000000000000e+02 -1.600000000000000000e+01
1.211200000000000000e+04 -8.960000000000000000e+02 5.200000000000000000e+02 -2.400000000000000000e+01
1.215200000000000000e+04 -8.960000000000000000e+02 5.040000000000000000e+02 -8.000000000000000000e+00
1.219200000000000000e+04 -8.800000000000000000e+02 5.120000000000000000e+02 -1.600000000000000000e+01
1.223200000000000000e+04 -8.800000000000000000e+02 5.280000000000000000e+02 -1.600000000000000000e+01
1.227200000000000000e+04 -8.800000000000000000e+02 5.200000000000000000e+02 -8.000000000000000000e+00
1.231200000000000000e+04 -8.800000000000000000e+02 5.120000000000000000e+02 -8.000000000000000000e+00
1.235200000000000000e+04 -8.960000000000000000e+02 5.200000000000000000e+02 -8.000000000000000000e+00
1.239200000000000000e+04 -8.720000000000000000e+02 5.200000000000000000e+02 -8.000000000000000000e+00
1.243200000000000000e+04 -8.800000000000000000e+02 5.200000000000000000e+02 2.400000000000000000e+01
1.247200000000000000e+04 -8.800000000000000000e+02 5.360000000000000000e+02 8.000000000000000000e+00
1.251200000000000000e+04 -8.880000000000000000e+02 5.280000000000000000e+02 -1.600000000000000000e+01
1.255200000000000000e+04 -9.040000000000000000e+02 5.040000000000000000e+02 2.400000000000000000e+01
1.259200000000000000e+04 -8.880000000000000000e+02 5.040000000000000000e+02 -3.200000000000000000e+01
1.263200000000000000e+04 -8.880000000000000000e+02 5.120000000000000000e+02 -8.000000000000000000e+00
1.267200000000000000e+04 -8.880000000000000000e+02 5.200000000000000000e+02 0.000000000000000000e+00
1.271200000000000000e+04 -8.880000000000000000e+02 5.200000000000000000e+02 8.000000000000000000e+00
1.275200000000000000e+04 -8.880000000000000000e+02 5.200000000000000000e+02 2.400000000000000000e+01
1.279200000000000000e+04 -8.720000000000000000e+02 5.360000000000000000e+02 -2.400000000000000000e+01
1.283200000000000000e+04 -8.880000000000000000e+02 5.280000000000000000e+02 -8.000000000000000000e+00
1.287200000000000000e+04 -8.960000000000000000e+02 5.280000000000000000e+02 1.600000000000000000e+01
1.291200000000000000e+04 -8.880000000000000000e+02 5.280000000000000000e+02 3.200000000000000000e+01
1.295200000000000000e+04 -8.880000000000000000e+02 5.200000000000000000e+02 2.400000000000000000e+01
1.298400000000000000e+04 -8.880000000000000000e+02 5.200000000000000000e+02 1.600000000000000000e+01
1.302400000000000000e+04 -8.880000000000000000e+02 5.280000000000000000e+02 0.000000000000000000e+00
1.306400000000000000e+04 -8.800000000000000000e+02 5.280000000000000000e+02 -8.000000000000000000e+00
1.310400000000000000e+04 -8.800000000000000000e+02 5.280000000000000000e+02 8.000000000000000000e+00
1.314400000000000000e+04 -8.800000000000000000e+02 5.280000000000000000e+02 -1.600000000000000000e+01
1.318400000000000000e+04 -8.800000000000000000e+02 5.280000000000000000e+02 2.400000000000000000e+01
1.322400000000000000e+04 -8.800000000000000000e+02 5.280000000000000000e+02 8.000000000000000000e+00
1.326400000000000000e+04 -8.800000000000000000e+02 5.280000000000000000e+02 -3.200000000000000000e+01
1.330400000000000000e+04 -8.800000000000000000e+02 5.280000000000000000e+02 1.600000000000000000e+01
1.334400000000000000e+04 -8.800000000000000000e+02 5.360000000000000000e+02 8.000000000000000000e+00
1.338400000000000000e+04 -8.880000000000000000e+02 5.280000000000000000e+02 8.000000000000000000e+00
1.342400000000000000e+04 -8.880000000000000000e+02 5.200000000000000000e+02 -8.000000000000000000e+00
1.346400000000000000e+04 -8.640000000000000000e+02 5.360000000000000000e+02 7.200000000000000000e+01
1.350400000000000000e+04 -8.720000000000000000e+02 5.280000000000000000e+02 1.600000000000000000e+01
1.354400000000000000e+04 -8.640000000000000000e+02 5.360000000000000000e+02 0.000000000000000000e+00
1.358400000000000000e+04 -8.960000000000000000e+02 5.280000000000000000e+02 -8.000000000000000000e+00
1.362400000000000000e+04 -8.640000000000000000e+02 5.280000000000000000e+02 1.600000000000000000e+01
1.366400000000000000e+04 -8.800000000000000000e+02 5.280000000000000000e+02 1.600000000000000000e+01
1.370400000000000000e+04 -8.880000000000000000e+02 5.440000000000000000e+02 -1.600000000000000000e+01
1.374400000000000000e+04 -8.880000000000000000e+02 5.360000000000000000e+02 3.200000000000000000e+01
1.378400000000000000e+04 -8.960000000000000000e+02 5.280000000000000000e+02 1.600000000000000000e+01
1.382400000000000000e+04 -8.880000000000000000e+02 5.360000000000000000e+02 -8.000000000000000000e+00
1.386400000000000000e+04 -8.880000000000000000e+02 5.280000000000000000e+02 -1.600000000000000000e+01
1.390400000000000000e+04 -8.880000000000000000e+02 5.280000000000000000e+02 -8.000000000000000000e+00
1.394400000000000000e+04 -8.880000000000000000e+02 5.520000000000000000e+02 8.000000000000000000e+00
1.397600000000000000e+04 -8.880000000000000000e+02 5.440000000000000000e+02 1.600000000000000000e+01
1.401600000000000000e+04 -8.880000000000000000e+02 5.520000000000000000e+02 0.000000000000000000e+00
1.405600000000000000e+04 -8.880000000000000000e+02 5.520000000000000000e+02 0.000000000000000000e+00
1.409600000000000000e+04 -8.880000000000000000e+02 5.440000000000000000e+02 -8.000000000000000000e+00
1.413600000000000000e+04 -8.880000000000000000e+02 5.360000000000000000e+02 -1.600000000000000000e+01
1.417600000000000000e+04 -8.960000000000000000e+02 5.440000000000000000e+02 0.000000000000000000e+00
1.421600000000000000e+04 -8.960000000000000000e+02 5.360000000000000000e+02 8.000000000000000000e+00
1.425600000000000000e+04 -8.960000000000000000e+02 5.200000000000000000e+02 3.200000000000000000e+01
1.429600000000000000e+04 -8.800000000000000000e+02 5.280000000000000000e+02 0.000000000000000000e+00
1.433600000000000000e+04 -8.880000000000000000e+02 5.040000000000000000e+02 3.200000000000000000e+01
1.437600000000000000e+04 -8.800000000000000000e+02 5.120000000000000000e+02 -8.000000000000000000e+00
1.441600000000000000e+04 -8.880000000000000000e+02 5.200000000000000000e+02 1.600000000000000000e+01
1.445600000000000000e+04 -8.640000000000000000e+02 5.280000000000000000e+02 8.000000000000000000e+00
1.449600000000000000e+04 -8.720000000000000000e+02 5.280000000000000000e+02 -8.000000000000000000e+00
1.453600000000000000e+04 -8.720000000000000000e+02 5.280000000000000000e+02 8.000000000000000000e+00
1.457600000000000000e+04 -8.800000000000000000e+02 5.280000000000000000e+02 -8.000000000000000000e+00
1.461600000000000000e+04 -8.800000000000000000e+02 5.280000000000000000e+02 -8.000000000000000000e+00
1.465600000000000000e+04 -8.800000000000000000e+02 5.200000000000000000e+02 2.400000000000000000e+01
1.469600000000000000e+04 -8.800000000000000000e+02 5.200000000000000000e+02 0.000000000000000000e+00
1.473600000000000000e+04 -8.800000000000000000e+02 5.200000000000000000e+02 -5.600000000000000000e+01
1.477600000000000000e+04 -9.040000000000000000e+02 5.120000000000000000e+02 0.000000000000000000e+00
1.481600000000000000e+04 -8.960000000000000000e+02 5.200000000000000000e+02 1.600000000000000000e+01
1.485600000000000000e+04 -8.880000000000000000e+02 5.200000000000000000e+02 8.000000000000000000e+00
1.489600000000000000e+04 -8.960000000000000000e+02 5.280000000000000000e+02 8.000000000000000000e+00
1.493600000000000000e+04 -8.880000000000000000e+02 5.280000000000000000e+02 8.000000000000000000e+00
1.496700000000000000e+04 -8.800000000000000000e+02 5.280000000000000000e+02 -8.000000000000000000e+00
1.500700000000000000e+04 -8.800000000000000000e+02 5.280000000000000000e+02 -8.000000000000000000e+00
1.504700000000000000e+04 -8.960000000000000000e+02 5.120000000000000000e+02 0.000000000000000000e+00
1.508700000000000000e+04 -8.800000000000000000e+02 5.200000000000000000e+02 -4.800000000000000000e+01
1.512700000000000000e+04 -8.880000000000000000e+02 5.280000000000000000e+02 8.000000000000000000e+00
1.516700000000000000e+04 -8.800000000000000000e+02 5.440000000000000000e+02 -2.400000000000000000e+01
1.520700000000000000e+04 -8.880000000000000000e+02 5.360000000000000000e+02 -3.200000000000000000e+01
1.524700000000000000e+04 -8.960000000000000000e+02 5.520000000000000000e+02 -2.400000000000000000e+01
1.528700000000000000e+04 -8.880000000000000000e+02 5.280000000000000000e+02 4.800000000000000000e+01
1.532700000000000000e+04 -8.960000000000000000e+02 5.360000000000000000e+02 1.600000000000000000e+01
1.536700000000000000e+04 -9.040000000000000000e+02 5.440000000000000000e+02 1.600000000000000000e+01
1.540700000000000000e+04 -8.720000000000000000e+02 5.360000000000000000e+02 1.600000000000000000e+01
1.544700000000000000e+04 -8.720000000000000000e+02 5.360000000000000000e+02 -3.200000000000000000e+01
1.548700000000000000e+04 -8.800000000000000000e+02 5.360000000000000000e+02 8.000000000000000000e+00
1.552700000000000000e+04 -8.720000000000000000e+02 5.280000000000000000e+02 2.400000000000000000e+01
1.556700000000000000e+04 -8.720000000000000000e+02 5.200000000000000000e+02 1.600000000000000000e+01
1.560700000000000000e+04 -8.800000000000000000e+02 5.200000000000000000e+02 0.000000000000000000e+00
1.564700000000000000e+04 -8.720000000000000000e+02 5.120000000000000000e+02 8.000000000000000000e+00
1.568700000000000000e+04 -8.880000000000000000e+02 5.120000000000000000e+02 8.000000000000000000e+00
1.572700000000000000e+04 -8.640000000000000000e+02 5.200000000000000000e+02 -1.600000000000000000e+01
1.576700000000000000e+04 -8.720000000000000000e+02 5.120000000000000000e+02 1.600000000000000000e+01
1.580700000000000000e+04 -8.640000000000000000e+02 5.200000000000000000e+02 7.200000000000000000e+01
1.584700000000000000e+04 -8.560000000000000000e+02 5.280000000000000000e+02 1.200000000000000000e+02
1.588700000000000000e+04 -8.640000000000000000e+02 5.520000000000000000e+02 1.280000000000000000e+02
1.592700000000000000e+04 -8.640000000000000000e+02 5.680000000000000000e+02 1.680000000000000000e+02
1.595900000000000000e+04 -8.640000000000000000e+02 5.920000000000000000e+02 1.760000000000000000e+02
1.599900000000000000e+04 -8.400000000000000000e+02 5.920000000000000000e+02 1.280000000000000000e+02
1.603900000000000000e+04 -8.560000000000000000e+02 5.520000000000000000e+02 1.120000000000000000e+02
1.607900000000000000e+04 -8.560000000000000000e+02 5.680000000000000000e+02 1.200000000000000000e+02
1.611900000000000000e+04 -8.720000000000000000e+02 5.360000000000000000e+02 1.200000000000000000e+02
1.615900000000000000e+04 -8.560000000000000000e+02 5.280000000000000000e+02 1.120000000000000000e+02
1.619900000000000000e+04 -8.640000000000000000e+02 5.520000000000000000e+02 9.600000000000000000e+01
1.623900000000000000e+04 -8.640000000000000000e+02 5.280000000000000000e+02 6.400000000000000000e+01
1.627900000000000000e+04 -8.720000000000000000e+02 5.120000000000000000e+02 4.800000000000000000e+01
1.631900000000000000e+04 -8.800000000000000000e+02 5.120000000000000000e+02 8.800000000000000000e+01
1.635900000000000000e+04 -8.720000000000000000e+02 5.280000000000000000e+02 9.600000000000000000e+01
1.639900000000000000e+04 -8.720000000000000000e+02 5.280000000000000000e+02 8.000000000000000000e+01
1.643900000000000000e+04 -8.720000000000000000e+02 5.280000000000000000e+02 1.120000000000000000e+02
1.647900000000000000e+04 -8.880000000000000000e+02 5.200000000000000000e+02 9.600000000000000000e+01
1.651900000000000000e+04 -8.880000000000000000e+02 5.040000000000000000e+02 1.200000000000000000e+02
1.655900000000000000e+04 -8.960000000000000000e+02 5.040000000000000000e+02 1.440000000000000000e+02
1.659900000000000000e+04 -9.040000000000000000e+02 4.800000000000000000e+02 1.040000000000000000e+02
1.663900000000000000e+04 -8.960000000000000000e+02 5.040000000000000000e+02 6.400000000000000000e+01
1.667900000000000000e+04 -8.800000000000000000e+02 5.120000000000000000e+02 6.400000000000000000e+01
1.671900000000000000e+04 -8.800000000000000000e+02 5.120000000000000000e+02 1.600000000000000000e+01
1.675900000000000000e+04 -8.720000000000000000e+02 5.280000000000000000e+02 5.600000000000000000e+01
1.679900000000000000e+04 -8.720000000000000000e+02 5.360000000000000000e+02 2.400000000000000000e+01
1.683900000000000000e+04 -8.800000000000000000e+02 5.440000000000000000e+02 4.800000000000000000e+01
1.687900000000000000e+04 -8.960000000000000000e+02 5.600000000000000000e+02 5.600000000000000000e+01
1.691900000000000000e+04 -8.800000000000000000e+02 5.440000000000000000e+02 5.600000000000000000e+01
1.695100000000000000e+04 -8.800000000000000000e+02 5.280000000000000000e+02 7.200000000000000000e+01
1.699100000000000000e+04 -8.880000000000000000e+02 5.040000000000000000e+02 3.200000000000000000e+01
1.703100000000000000e+04 -8.800000000000000000e+02 5.360000000000000000e+02 4.800000000000000000e+01
1.707100000000000000e+04 -8.800000000000000000e+02 5.280000000000000000e+02 6.400000000000000000e+01
1.711100000000000000e+04 -8.880000000000000000e+02 5.200000000000000000e+02 4.800000000000000000e+01
1.715100000000000000e+04 -8.960000000000000000e+02 5.200000000000000000e+02 3.200000000000000000e+01
1.719100000000000000e+04 -9.200000000000000000e+02 5.280000000000000000e+02 1.120000000000000000e+02
1.723100000000000000e+04 -8.960000000000000000e+02 5.200000000000000000e+02 3.200000000000000000e+01
1.727100000000000000e+04 -8.880000000000000000e+02 5.040000000000000000e+02 1.600000000000000000e+01
1.731100000000000000e+04 -9.040000000000000000e+02 5.120000000000000000e+02 -8.000000000000000000e+00
1.735100000000000000e+04 -8.960000000000000000e+02 5.200000000000000000e+02 3.200000000000000000e+01
1.739100000000000000e+04 -8.960000000000000000e+02 5.280000000000000000e+02 3.200000000000000000e+01
1.743100000000000000e+04 -8.800000000000000000e+02 5.120000000000000000e+02 3.200000000000000000e+01
1.747100000000000000e+04 -8.880000000000000000e+02 5.120000000000000000e+02 0.000000000000000000e+00
1.751100000000000000e+04 -8.880000000000000000e+02 4.960000000000000000e+02 3.200000000000000000e+01
1.755100000000000000e+04 -8.880000000000000000e+02 5.040000000000000000e+02 2.400000000000000000e+01
1.759100000000000000e+04 -8.880000000000000000e+02 5.040000000000000000e+02 4.800000000000000000e+01
1.763100000000000000e+04 -8.960000000000000000e+02 4.960000000000000000e+02 2.400000000000000000e+01
1.767100000000000000e+04 -8.720000000000000000e+02 4.960000000000000000e+02 4.000000000000000000e+01
1.771100000000000000e+04 -8.720000000000000000e+02 5.120000000000000000e+02 3.200000000000000000e+01
1.775100000000000000e+04 -8.800000000000000000e+02 5.040000000000000000e+02 4.000000000000000000e+01
1.779100000000000000e+04 -8.640000000000000000e+02 4.960000000000000000e+02 4.800000000000000000e+01
1.783100000000000000e+04 -8.720000000000000000e+02 5.040000000000000000e+02 5.600000000000000000e+01
1.787100000000000000e+04 -8.880000000000000000e+02 4.880000000000000000e+02 2.400000000000000000e+01
1.791100000000000000e+04 -8.960000000000000000e+02 5.200000000000000000e+02 3.200000000000000000e+01
1.794200000000000000e+04 -8.880000000000000000e+02 5.200000000000000000e+02 1.120000000000000000e+02
1.798200000000000000e+04 -9.040000000000000000e+02 5.120000000000000000e+02 3.200000000000000000e+01
1.802200000000000000e+04 -9.040000000000000000e+02 5.120000000000000000e+02 2.400000000000000000e+01
1.806200000000000000e+04 -8.880000000000000000e+02 5.040000000000000000e+02 4.000000000000000000e+01
1.810200000000000000e+04 -8.880000000000000000e+02 5.040000000000000000e+02 4.800000000000000000e+01
1.814200000000000000e+04 -8.880000000000000000e+02 5.040000000000000000e+02 5.600000000000000000e+01
1.818200000000000000e+04 -8.800000000000000000e+02 4.880000000000000000e+02 4.000000000000000000e+01
1.822200000000000000e+04 -9.120000000000000000e+02 5.040000000000000000e+02 3.200000000000000000e+01
1.826200000000000000e+04 -9.280000000000000000e+02 5.120000000000000000e+02 -8.000000000000000000e+00
1.830200000000000000e+04 -8.960000000000000000e+02 5.120000000000000000e+02 2.400000000000000000e+01
1.834200000000000000e+04 -8.880000000000000000e+02 5.040000000000000000e+02 0.000000000000000000e+00
1.838200000000000000e+04 -8.880000000000000000e+02 4.960000000000000000e+02 2.400000000000000000e+01
1.842200000000000000e+04 -8.960000000000000000e+02 5.040000000000000000e+02 8.000000000000000000e+00
1.846200000000000000e+04 -8.960000000000000000e+02 5.040000000000000000e+02 4.000000000000000000e+01
1.850200000000000000e+04 -8.960000000000000000e+02 5.200000000000000000e+02 8.000000000000000000e+00
1.854200000000000000e+04 -8.960000000000000000e+02 5.280000000000000000e+02 3.200000000000000000e+01
1.858200000000000000e+04 -9.040000000000000000e+02 5.040000000000000000e+02 1.600000000000000000e+01
1.862200000000000000e+04 -8.960000000000000000e+02 5.120000000000000000e+02 2.400000000000000000e+01
1.866200000000000000e+04 -9.040000000000000000e+02 5.040000000000000000e+02 2.400000000000000000e+01
1.870200000000000000e+04 -9.040000000000000000e+02 4.960000000000000000e+02 8.000000000000000000e+00
1.874200000000000000e+04 -8.960000000000000000e+02 4.880000000000000000e+02 2.400000000000000000e+01
1.878200000000000000e+04 -9.040000000000000000e+02 4.960000000000000000e+02 3.200000000000000000e+01
1.882200000000000000e+04 -9.040000000000000000e+02 4.960000000000000000e+02 4.800000000000000000e+01
1.886200000000000000e+04 -8.960000000000000000e+02 4.960000000000000000e+02 4.000000000000000000e+01
1.890200000000000000e+04 -9.040000000000000000e+02 4.960000000000000000e+02 3.200000000000000000e+01
1.893400000000000000e+04 -8.960000000000000000e+02 5.040000000000000000e+02 0.000000000000000000e+00
1.897400000000000000e+04 -8.960000000000000000e+02 4.960000000000000000e+02 4.000000000000000000e+01
1.901400000000000000e+04 -8.960000000000000000e+02 4.960000000000000000e+02 1.600000000000000000e+01
1.905400000000000000e+04 -9.120000000000000000e+02 5.040000000000000000e+02 0.000000000000000000e+00
1.909400000000000000e+04 -9.120000000000000000e+02 4.960000000000000000e+02 1.600000000000000000e+01
1.913400000000000000e+04 -9.280000000000000000e+02 5.040000000000000000e+02 3.200000000000000000e+01
1.917400000000000000e+04 -9.200000000000000000e+02 5.120000000000000000e+02 1.600000000000000000e+01
1.921400000000000000e+04 -9.040000000000000000e+02 5.120000000000000000e+02 2.400000000000000000e+01
1.925400000000000000e+04 -9.040000000000000000e+02 5.120000000000000000e+02 8.000000000000000000e+00
1.929400000000000000e+04 -9.040000000000000000e+02 5.040000000000000000e+02 4.000000000000000000e+01
1.933400000000000000e+04 -8.960000000000000000e+02 5.040000000000000000e+02 8.000000000000000000e+00
1.937400000000000000e+04 -8.960000000000000000e+02 5.040000000000000000e+02 1.600000000000000000e+01
1.941400000000000000e+04 -8.960000000000000000e+02 4.960000000000000000e+02 1.600000000000000000e+01
1.945400000000000000e+04 -8.960000000000000000e+02 5.040000000000000000e+02 8.000000000000000000e+00
1.949400000000000000e+04 -8.960000000000000000e+02 5.040000000000000000e+02 3.200000000000000000e+01
1.953400000000000000e+04 -9.040000000000000000e+02 4.960000000000000000e+02 4.000000000000000000e+01
1.957400000000000000e+04 -8.880000000000000000e+02 4.960000000000000000e+02 8.000000000000000000e+00
1.961400000000000000e+04 -8.880000000000000000e+02 4.880000000000000000e+02 8.000000000000000000e+00
1.965400000000000000e+04 -8.800000000000000000e+02 4.880000000000000000e+02 4.000000000000000000e+01
1.969400000000000000e+04 -8.880000000000000000e+02 4.960000000000000000e+02 1.600000000000000000e+01
1.973400000000000000e+04 -8.880000000000000000e+02 5.360000000000000000e+02 8.000000000000000000e+00
1.977400000000000000e+04 -9.120000000000000000e+02 4.800000000000000000e+02 6.400000000000000000e+01
1.981400000000000000e+04 -8.960000000000000000e+02 4.720000000000000000e+02 -2.400000000000000000e+01
1.985400000000000000e+04 -9.040000000000000000e+02 4.880000000000000000e+02 0.000000000000000000e+00
1.989400000000000000e+04 -9.040000000000000000e+02 4.960000000000000000e+02 6.400000000000000000e+01
