9.500000000000000000e+01 8.000000000000000000e+00 -8.000000000000000000e+00 -1.048000000000000000e+03
1.350000000000000000e+02 8.000000000000000000e+00 -8.000000000000000000e+00 -1.032000000000000000e+03
1.750000000000000000e+02 1.600000000000000000e+01 -1.600000000000000000e+01 -1.016000000000000000e+03
2.150000000000000000e+02 2.400000000000000000e+01 -1.600000000000000000e+01 -1.032000000000000000e+03
2.550000000000000000e+02 2.400000000000000000e+01 -1.600000000000000000e+01 -1.024000000000000000e+03
2.950000000000000000e+02 2.400000000000000000e+01 -1.600000000000000000e+01 -1.040000000000000000e+03
3.350000000000000000e+02 8.000000000000000000e+00 -1.600000000000000000e+01 -1.024000000000000000e+03
3.750000000000000000e+02 1.600000000000000000e+01 -1.600000000000000000e+01 -1.048000000000000000e+03
4.150000000000000000e+02 1.600000000000000000e+01 -1.600000000000000000e+01 -1.040000000000000000e+03
4.550000000000000000e+02 8.000000000000000000e+00 -1.600000000000000000e+01 -1.032000000000000000e+03
4.950000000000000000e+02 2.400000000000000000e+01 -2.400000000000000000e+01 -1.040000000000000000e+03
5.350000000000000000e+02 3.200000000000000000e+01 -2.400000000000000000e+01 -1.048000000000000000e+03
5.750000000000000000e+02 2.400000000000000000e+01 -2.400000000000000000e+01 -1.040000000000000000e+03
6.150000000000000000e+02 2.400000000000000000e+01 -1.600000000000000000e+01 -1.040000000000000000e+03
6.550000000000000000e+02 2.400000000000000000e+01 -1.600000000000000000e+01 -1.032000000000000000e+03
6.950000000000000000e+02 1.600000000000000000e+01 -1.600000000000000000e+01 -1.024000000000000000e+03
7.350000000000000000e+02 2.400000000000000000e+01 -8.000000000000000000e+00 -1.032000000000000000e+03
7.750000000000000000e+02 2.400000000000000000e+01 -1.600000000000000000e+01 -1.024000000000000000e+03
8.150000000000000000e+02 2.400000000000000000e+01 -1.600000000000000000e+01 -1.048000000000000000e+03
8.550000000000000000e+02 1.600000000000000000e+01 -2.400000000000000000e+01 -1.032000000000000000e+03
8.950000000000000000e+02 1.600000000000000000e+01 -1.600000000000000000e+01 -1.032000000000000000e+03
9.350000000000000000e+02 4.000000000000000000e+01 -8.000000000000000000e+00 -1.048000000000000000e+03
9.750000000000000000e+02 4.000000000000000000e+01 -1.600000000000000000e+01 -1.048000000000000000e+03
1.015000000000000000e+03 3.200000000000000000e+01 -1.600000000000000000e+01 -1.008000000000000000e+03
1.055000000000000000e+03 2.400000000000000000e+01 -1.600000000000000000e+01 -1.024000000000000000e+03
1.087000000000000000e+03 2.400000000000000000e+01 -1.600000000000000000e+01 -1.016000000000000000e+03
1.127000000000000000e+03 4.800000000000000000e+01 -8.000000000000000000e+00 -1.056000000000000000e+03
1.167000000000000000e+03 1.600000000000000000e+01 -8.000000000000000000e+00 -1.048000000000000000e+03
1.207000000000000000e+03 1.600000000000000000e+01 -1.600000000000000000e+01 -1.032000000000000000e+03
1.247000000000000000e+03 1.600000000000000000e+01 0.000000000000000000e+00 -1.056000000000000000e+03
1.287000000000000000e+03 1.600000000000000000e+01 -1.600000000000000000e+01 -1.032000000000000000e+03
1.327000000000000000e+03 2.400000000000000000e+01 0.000000000000000000e+00 -1.056000000000000000e+03
1.367000000000000000e+03 -1.600000000000000000e+01 -8.000000000000000000e+00 -9.840000000000000000e+02
1.407000000000000000e+03 0.000000000000000000e+00 -3.200000000000000000e+01 -9.760000000000000000e+02
1.447000000000000000e+03 8.000000000000000000e+00 -8.000000000000000000e+00 -1.040000000000000000e+03
1.487000000000000000e+03 1.600000000000000000e+01 -1.600000000000000000e+01 -1.024000000000000000e+03
1.527000000000000000e+03 1.600000000000000000e+01 -2.400000000000000000e+01 -1.032000000000000000e+03
1.567000000000000000e+03 1.600000000000000000e+01 0.000000000000000000e+00 -9.760000000000000000e+02
1.607000000000000000e+03 1.600000000000000000e+01 -8.000000000000000000e+00 -1.032000000000000000e+03
1.647000000000000000e+03 1.600000000000000000e+01 -1.600000000000000000e+01 -1.024000000000000000e+03
1.687000000000000000e+03 8.000000000000000000e+00 -2.400000000000000000e+01 -1.040000000000000000e+03
1.727000000000000000e+03 8.000000000000000000e+00 -2.400000000000000000e+01 -1.008000000000000000e+03
1.767000000000000000e+03 0.000000000000000000e+00 -1.600000000000000000e+01 -1.032000000000000000e+03
1.807000000000000000e+03 8.000000000000000000e+00 -1.600000000000000000e+01 -1.016000000000000000e+03
1.847000000000000000e+03 8.000000000000000000e+00 -1.600000000000000000e+01 -1.016000000000000000e+03
1.887000000000000000e+03 2.400000000000000000e+01 -2.400000000000000000e+01 -1.072000000000000000e+03
1.927000000000000000e+03 2.400000000000000000e+01 -1.600000000000000000e+01 -1.040000000000000000e+03
1.967000000000000000e+03 2.400000000000000000e+01 -1.600000000000000000e+01 -1.024000000000000000e+03
2.007000000000000000e+03 1.600000000000000000e+01 -1.600000000000000000e+01 -1.040000000000000000e+03
2.047000000000000000e+03 2.400000000000000000e+01 -2.400000000000000000e+01 -1.032000000000000000e+03
2.079000000000000000e+03 2.400000000000000000e+01 -1.600000000000000000e+01 -1.032000000000000000e+03
2.119000000000000000e+03 2.400000000000000000e+01 -1.600000000000000000e+01 -1.032000000000000000e+03
2.159000000000000000e+03 4.000000000000000000e+01 -1.600000000000000000e+01 -1.032000000000000000e+03
2.199000000000000000e+03 3.200000000000000000e+01 8.000000000000000000e+00 -1.008000000000000000e+03
2.239000000000000000e+03 2.400000000000000000e+01 -8.000000000000000000e+00 -1.048000000000000000e+03
2.279000000000000000e+03 2.400000000000000000e+01 -1.600000000000000000e+01 -1.072000000000000000e+03
2.319000000000000000e+03 4.000000000000000000e+01 -8.000000000000000000e+00 -1.040000000000000000e+03
2.359000000000000000e+03 4.000000000000000000e+01 -3.200000000000000000e+01 -1.048000000000000000e+03
2.399000000000000000e+03 2.400000000000000000e+01 -1.600000000000000000e+01 -1.048000000000000000e+03
2.439000000000000000e+03 2.400000000000000000e+01 -1.600000000000000000e+01 -1.032000000000000000e+03
2.479000000000000000e+03 8.000000000000000000e+00 -1.600000000000000000e+01 -1.024000000000000000e+03
2.519000000000000000e+03 0.000000000000000000e+00 -3.200000000000000000e+01 -1.056000000000000000e+03
2.559000000000000000e+03 8.000000000000000000e+00 -3.200000000000000000e+01 -1.000000000000000000e+03
2.599000000000000000e+03 1.600000000000000000e+01 -2.400000000000000000e+01 -1.016000000000000000e+03
2.639000000000000000e+03 2.400000000000000000e+01 0.000000000000000000e+00 -1.016000000000000000e+03
2.679000000000000000e+03 3.200000000000000000e+01 -1.600000000000000000e+01 -1.032000000000000000e+03
2.719000000000000000e+03 2.400000000000000000e+01 -1.600000000000000000e+01 -1.040000000000000000e+03
2.759000000000000000e+03 3.200000000000000000e+01 -8.000000000000000000e+00 -1.032000000000000000e+03
2.799000000000000000e+03 2.400000000000000000e+01 -1.600000000000000000e+01 -1.016000000000000000e+03
2.839000000000000000e+03 1.600000000000000000e+01 -2.400000000000000000e+01 -1.040000000000000000e+03
2.879000000000000000e+03 8.000000000000000000e+00 -1.600000000000000000e+01 -1.032000000000000000e+03
2.919000000000000000e+03 8.000000000000000000e+00 0.000000000000000000e+00 -1.048000000000000000e+03
2.959000000000000000e+03 1.600000000000000000e+01 0.000000000000000000e+00 -1.024000000000000000e+03
2.999000000000000000e+03 8.000000000000000000e+00 -8.000000000000000000e+00 -1.024000000000000000e+03
3.039000000000000000e+03 2.400000000000000000e+01 -8.000000000000000000e+00 -1.008000000000000000e+03
3.073000000000000000e+03 8.000000000000000000e+00 -8.000000000000000000e+00 -1.024000000000000000e+03
3.113000000000000000e+03 8.000000000000000000e+00 -1.600000000000000000e+01 -9.920000000000000000e+02
3.153000000000000000e+03 1.600000000000000000e+01 0.000000000000000000e+00 -1.040000000000000000e+03
3.193000000000000000e+03 1.600000000000000000e+01 -1.600000000000000000e+01 -1.088000000000000000e+03
3.233000000000000000e+03 8.000000000000000000e+00 -1.600000000000000000e+01 -1.032000000000000000e+03
3.273000000000000000e+03 1.600000000000000000e+01 -2.400000000000000000e+01 -1.040000000000000000e+03
3.313000000000000000e+03 1.600000000000000000e+01 -1.600000000000000000e+01 -1.024000000000000000e+03
3.353000000000000000e+03 1.600000000000000000e+01 -1.600000000000000000e+01 -1.056000000000000000e+03
3.393000000000000000e+03 1.600000000000000000e+01 -1.600000000000000000e+01 -1.040000000000000000e+03
3.433000000000000000e+03 1.600000000000000000e+01 -1.600000000000000000e+01 -1.024000000000000000e+03
3.473000000000000000e+03 1.600000000000000000e+01 -1.600000000000000000e+01 -1.040000000000000000e+03
3.513000000000000000e+03 2.400000000000000000e+01 -1.600000000000000000e+01 -1.008000000000000000e+03
3.553000000000000000e+03 8.000000000000000000e+00 -1.600000000000000000e+01 -1.008000000000000000e+03
3.593000000000000000e+03 8.000000000000000000e+00 -1.600000000000000000e+01 -1.008000000000000000e+03
3.633000000000000000e+03 8.000000000000000000e+00 -1.600000000000000000e+01 -1.016000000000000000e+03
3.673000000000000000e+03 2.400000000000000000e+01 -1.600000000000000000e+01 -1.040000000000000000e+03
3.713000000000000000e+03 1.600000000000000000e+01 -1.600000000000000000e+01 -1.040000000000000000e+03
3.753000000000000000e+03 1.600000000000000000e+01 -1.600000000000000000e+01 -1.040000000000000000e+03
3.793000000000000000e+03 1.600000000000000000e+01 -1.600000000000000000e+01 -1.072000000000000000e+03
3.833000000000000000e+03 8.000000000000000000e+00 -1.600000000000000000e+01 -1.040000000000000000e+03
3.873000000000000000e+03 1.600000000000000000e+01 -1.600000000000000000e+01 -1.032000000000000000e+03
3.913000000000000000e+03 1.600000000000000000e+01 -1.600000000000000000e+01 -1.032000000000000000e+03
3.953000000000000000e+03 3.200000000000000000e+01 -8.000000000000000000e+00 -1.032000000000000000e+03
3.993000000000000000e+03 1.600000000000000000e+01 -1.600000000000000000e+01 -1.024000000000000000e+03
4.033000000000000000e+03 1.600000000000000000e+01 -1.600000000000000000e+01 -1.064000000000000000e+03
4.065000000000000000e+03 2.400000000000000000e+01 -1.600000000000000000e+01 -1.056000000000000000e+03
4.105000000000000000e+03 1.600000000000000000e+01 -1.600000000000000000e+01 -1.016000000000000000e+03
4.145000000000000000e+03 3.200000000000000000e+01 -3.200000000000000000e+01 -1.024000000000000000e+03
4.185000000000000000e+03 2.400000000000000000e+01 -4.000000000000000000e+01 -1.032000000000000000e+03
4.225000000000000000e+03 3.200000000000000000e+01 -3.200000000000000000e+01 -1.032000000000000000e+03
4.265000000000000000e+03 2.400000000000000000e+01 -2.400000000000000000e+01 -1.040000000000000000e+03
4.305000000000000000e+03 2.400000000000000000e+01 -8.000000000000000000e+00 -1.024000000000000000e+03
4.345000000000000000e+03 2.400000000000000000e+01 -8.000000000000000000e+00 -1.048000000000000000e+03
4.385000000000000000e+03 2.400000000000000000e+01 -8.000000000000000000e+00 -1.048000000000000000e+03
4.425000000000000000e+03 1.600000000000000000e+01 -2.400000000000000000e+01 -1.024000000000000000e+03
4.465000000000000000e+03 1.600000000000000000e+01 -2.400000000000000000e+01 -1.024000000000000000e+03
4.505000000000000000e+03 1.600000000000000000e+01 -1.600000000000000000e+01 -1.040000000000000000e+03
4.545000000000000000e+03 1.600000000000000000e+01 -1.600000000000000000e+01 -1.016000000000000000e+03
4.585000000000000000e+03 1.600000000000000000e+01 -2.400000000000000000e+01 -1.024000000000000000e+03
4.625000000000000000e+03 8.000000000000000000e+00 -2.400000000000000000e+01 -1.032000000000000000e+03
4.665000000000000000e+03 8.000000000000000000e+00 -2.400000000000000000e+01 -9.920000000000000000e+02
4.705000000000000000e+03 8.000000000000000000e+00 -2.400000000000000000e+01 -1.032000000000000000e+03
4.745000000000000000e+03 0.000000000000000000e+00 -2.400000000000000000e+01 -1.016000000000000000e+03
4.785000000000000000e+03 1.600000000000000000e+01 -2.400000000000000000e+01 -1.016000000000000000e+03
4.825000000000000000e+03 1.600000000000000000e+01 -2.400000000000000000e+01 -1.048000000000000000e+03
4.865000000000000000e+03 1.600000000000000000e+01 -1.600000000000000000e+01 -1.048000000000000000e+03
4.905000000000000000e+03 1.600000000000000000e+01 -1.600000000000000000e+01 -1.032000000000000000e+03
4.945000000000000000e+03 1.600000000000000000e+01 -1.600000000000000000e+01 -1.032000000000000000e+03
4.985000000000000000e+03 1.600000000000000000e+01 -8.000000000000000000e+00 -1.032000000000000000e+03
5.025000000000000000e+03 1.600000000000000000e+01 -1.600000000000000000e+01 -1.024000000000000000e+03
5.057000000000000000e+03 1.600000000000000000e+01 -2.400000000000000000e+01 -1.048000000000000000e+03
5.097000000000000000e+03 2.400000000000000000e+01 -2.400000000000000000e+01 -1.056000000000000000e+03
5.137000000000000000e+03 8.000000000000000000e+00 -2.400000000000000000e+01 -1.088000000000000000e+03
5.177000000000000000e+03 1.600000000000000000e+01 -1.600000000000000000e+01 -1.008000000000000000e+03
5.217000000000000000e+03 0.000000000000000000e+00 -2.400000000000000000e+01 -1.024000000000000000e+03
5.257000000000000000e+03 8.000000000000000000e+00 -2.400000000000000000e+01 -1.016000000000000000e+03
5.297000000000000000e+03 8.000000000000000000e+00 -4.000000000000000000e+01 -1.040000000000000000e+03
5.337000000000000000e+03 3.200000000000000000e+01 -3.200000000000000000e+01 -1.016000000000000000e+03
5.377000000000000000e+03 2.400000000000000000e+01 -2.400000000000000000e+01 -1.032000000000000000e+03
5.417000000000000000e+03 8.000000000000000000e+00 -1.600000000000000000e+01 -1.040000000000000000e+03
5.457000000000000000e+03 1.600000000000000000e+01 -2.400000000000000000e+01 -1.024000000000000000e+03
5.497000000000000000e+03 1.600000000000000000e+01 -2.400000000000000000e+01 -1.048000000000000000e+03
5.537000000000000000e+03 0.000000000000000000e+00 -2.400000000000000000e+01 -1.040000000000000000e+03
5.577000000000000000e+03 8.000000000000000000e+00 -3.200000000000000000e+01 -1.032000000000000000e+03
5.617000000000000000e+03 8.000000000000000000e+00 -2.400000000000000000e+01 -1.040000000000000000e+03
5.657000000000000000e+03 1.600000000000000000e+01 -1.600000000000000000e+01 -1.016000000000000000e+03
5.697000000000000000e+03 1.600000000000000000e+01 -1.600000000000000000e+01 -1.024000000000000000e+03
5.737000000000000000e+03 1.600000000000000000e+01 -2.400000000000000000e+01 -1.016000000000000000e+03
5.777000000000000000e+03 2.400000000000000000e+01 -4.000000000000000000e+01 -1.024000000000000000e+03
5.817000000000000000e+03 2.400000000000000000e+01 -3.200000000000000000e+01 -1.064000000000000000e+03
5.857000000000000000e+03 2.400000000000000000e+01 -2.400000000000000000e+01 -1.032000000000000000e+03
5.897000000000000000e+03 1.600000000000000000e+01 -1.600000000000000000e+01 -1.032000000000000000e+03
5.937000000000000000e+03 0.000000000000000000e+00 -1.600000000000000000e+01 -1.000000000000000000e+03
5.977000000000000000e+03 0.000000000000000000e+00 -1.600000000000000000e+01 -1.032000000000000000e+03
6.017000000000000000e+03 8.000000000000000000e+00 -1.600000000000000000e+01 -1.016000000000000000e+03
6.049000000000000000e+03 1.600000000000000000e+01 -8.000000000000000000e+00 -1.024000000000000000e+03
6.089000000000000000e+03 1.600000000000000000e+01 -1.600000000000000000e+01 -1.040000000000000000e+03
6.129000000000000000e+03 2.400000000000000000e+01 -2.400000000000000000e+01 -1.048000000000000000e+03
6.169000000000000000e+03 -8.000000000000000000e+00 -4.000000000000000000e+01 -1.040000000000000000e+03
6.209000000000000000e+03 8.000000000000000000e+00 -2.400000000000000000e+01 -1.032000000000000000e+03
6.249000000000000000e+03 8.000000000000000000e+00 -2.400000000000000000e+01 -1.040000000000000000e+03
6.289000000000000000e+03 1.600000000000000000e+01 -1.600000000000000000e+01 -1.032000000000000000e+03
6.329000000000000000e+03 1.600000000000000000e+01 -1.600000000000000000e+01 -1.040000000000000000e+03
6.369000000000000000e+03 1.600000000000000000e+01 -2.400000000000000000e+01 -1.048000000000000000e+03
6.409000000000000000e+03 1.600000000000000000e+01 -2.400000000000000000e+01 -1.072000000000000000e+03
6.449000000000000000e+03 3.200000000000000000e+01 -2.400000000000000000e+01 -1.032000000000000000e+03
6.489000000000000000e+03 1.600000000000000000e+01 -2.400000000000000000e+01 -1.040000000000000000e+03
6.529000000000000000e+03 1.600000000000000000e+01 -2.400000000000000000e+01 -1.032000000000000000e+03
6.569000000000000000e+03 1.600000000000000000e+01 -1.600000000000000000e+01 -1.048000000000000000e+03
6.609000000000000000e+03 8.000000000000000000e+00 -1.600000000000000000e+01 -1.024000000000000000e+03
6.649000000000000000e+03 1.600000000000000000e+01 -1.600000000000000000e+01 -1.016000000000000000e+03
6.689000000000000000e+03 1.600000000000000000e+01 -1.600000000000000000e+01 -1.024000000000000000e+03
6.729000000000000000e+03 2.400000000000000000e+01 -2.400000000000000000e+01 -1.056000000000000000e+03
6.769000000000000000e+03 2.400000000000000000e+01 -1.600000000000000000e+01 -1.032000000000000000e+03
6.809000000000000000e+03 1.600000000000000000e+01 -1.600000000000000000e+01 -1.032000000000000000e+03
6.849000000000000000e+03 2.400000000000000000e+01 -1.600000000000000000e+01 -1.032000000000000000e+03
6.889000000000000000e+03 2.400000000000000000e+01 -1.600000000000000000e+01 -1.040000000000000000e+03
6.929000000000000000e+03 2.400000000000000000e+01 -2.400000000000000000e+01 -1.064000000000000000e+03
6.969000000000000000e+03 3.200000000000000000e+01 -2.400000000000000000e+01 -1.072000000000000000e+03
7.009000000000000000e+03 2.400000000000000000e+01 -1.600000000000000000e+01 -1.000000000000000000e+03
7.041000000000000000e+03 2.400000000000000000e+01 -1.600000000000000000e+01 -1.040000000000000000e+03
7.081000000000000000e+03 1.600000000000000000e+01 -1.600000000000000000e+01 -1.032000000000000000e+03
7.121000000000000000e+03 2.400000000000000000e+01 -8.000000000000000000e+00 -1.008000000000000000e+03
7.161000000000000000e+03 1.600000000000000000e+01 0.000000000000000000e+00 -1.040000000000000000e+03
7.201000000000000000e+03 2.400000000000000000e+01 -1.600000000000000000e+01 -1.008000000000000000e+03
7.241000000000000000e+03 1.600000000000000000e+01 -1.600000000000000000e+01 -1.032000000000000000e+03
7.281000000000000000e+03 1.600000000000000000e+01 -1.600000000000000000e+01 -1.000000000000000000e+03
7.321000000000000000e+03 1.600000000000000000e+01 -1.600000000000000000e+01 -1.032000000000000000e+03
7.361000000000000000e+03 1.600000000000000000e+01 -1.600000000000000000e+01 -1.024000000000000000e+03
7.401000000000000000e+03 2.400000000000000000e+01 -1.600000000000000000e+01 -1.048000000000000000e+03
7.441000000000000000e+03 1.600000000000000000e+01 -1.600000000000000000e+01 -1.048000000000000000e+03
7.481000000000000000e+03 1.600000000000000000e+01 -2.400000000000000000e+01 -1.040000000000000000e+03
7.521000000000000000e+03 8.000000000000000000e+00 -2.400000000000000000e+01 -1.032000000000000000e+03
7.561000000000000000e+03 8.000000000000000000e+00 -1.600000000000000000e+01 -1.024000000000000000e+03
7.601000000000000000e+03 1.600000000000000000e+01 -2.400000000000000000e+01 -1.040000000000000000e+03
7.641000000000000000e+03 2.400000000000000000e+01 -2.400000000000000000e+01 -1.008000000000000000e+03
7.681000000000000000e+03 3.200000000000000000e+01 -2.400000000000000000e+01 -1.048000000000000000e+03
7.721000000000000000e+03 2.400000000000000000e+01 -2.400000000000000000e+01 -1.008000000000000000e+03
7.761000000000000000e+03 2.400000000000000000e+01 -1.600000000000000000e+01 -1.032000000000000000e+03
7.801000000000000000e+03 2.400000000000000000e+01 -2.400000000000000000e+01 -1.056000000000000000e+03
7.841000000000000000e+03 2.400000000000000000e+01 -8.000000000000000000e+00 -1.024000000000000000e+03
7.881000000000000000e+03 2.400000000000000000e+01 -1.600000000000000000e+01 -1.032000000000000000e+03
7.921000000000000000e+03 1.600000000000000000e+01 -8.000000000000000000e+00 -1.024000000000000000e+03
7.961000000000000000e+03 1.600000000000000000e+01 -8.000000000000000000e+00 -9.920000000000000000e+02
8.001000000000000000e+03 2.400000000000000000e+01 -1.600000000000000000e+01 -1.008000000000000000e+03
8.033000000000000000e+03 1.600000000000000000e+01 -3.200000000000000000e+01 -1.016000000000000000e+03
8.073000000000000000e+03 2.400000000000000000e+01 -2.400000000000000000e+01 -1.032000000000000000e+03
8.113000000000000000e+03 0.000000000000000000e+00 -1.600000000000000000e+01 -1.048000000000000000e+03
8.153000000000000000e+03 0.000000000000000000e+00 -1.600000000000000000e+01 -1.040000000000000000e+03
8.193000000000000000e+03 1.600000000000000000e+01 -2.400000000000000000e+01 -1.040000000000000000e+03
8.233000000000000000e+03 1.600000000000000000e+01 -3.200000000000000000e+01 -1.008000000000000000e+03
8.273000000000000000e+03 8.000000000000000000e+00 -3.200000000000000000e+01 -9.840000000000000000e+02
8.313000000000000000e+03 8.000000000000000000e+00 -2.400000000000000000e+01 -1.024000000000000000e+03
8.353000000000000000e+03 1.600000000000000000e+01 -1.600000000000000000e+01 -1.040000000000000000e+03
8.393000000000000000e+03 1.600000000000000000e+01 -2.400000000000000000e+01 -1.040000000000000000e+03
8.433000000000000000e+03 2.400000000000000000e+01 -2.400000000000000000e+01 -1.024000000000000000e+03
8.473000000000000000e+03 2.400000000000000000e+01 -8.000000000000000000e+00 -1.040000000000000000e+03
8.513000000000000000e+03 1.600000000000000000e+01 -1.600000000000000000e+01 -1.016000000000000000e+03
8.553000000000000000e+03 1.600000000000000000e+01 -8.000000000000000000e+00 -1.040000000000000000e+03
8.593000000000000000e+03 1.600000000000000000e+01 -1.600000000000000000e+01 -1.032000000000000000e+03
8.633000000000000000e+03 1.600000000000000000e+01 -8.000000000000000000e+00 -9.840000000000000000e+02
8.673000000000000000e+03 1.600000000000000000e+01 -1.600000000000000000e+01 -1.032000000000000000e+03
8.713000000000000000e+03 1.600000000000000000e+01 -8.000000000000000000e+00 -9.920000000000000000e+02
8.753000000000000000e+03 2.400000000000000000e+01 -8.000000000000000000e+00 -1.040000000000000000e+03
8.793000000000000000e+03 3.200000000000000000e+01 -1.600000000000000000e+01 -1.016000000000000000e+03
8.833000000000000000e+03 3.200000000000000000e+01 -1.600000000000000000e+01 -1.040000000000000000e+03
8.873000000000000000e+03 2.400000000000000000e+01 -8.000000000000000000e+00 -1.040000000000000000e+03
8.913000000000000000e+03 2.400000000000000000e+01 -8.000000000000000000e+00 -9.600000000000000000e+02
8.953000000000000000e+03 1.600000000000000000e+01 -2.400000000000000000e+01 -1.008000000000000000e+03
8.993000000000000000e+03 1.600000000000000000e+01 -1.600000000000000000e+01 -1.040000000000000000e+03
9.026000000000000000e+03 1.600000000000000000e+01 -8.000000000000000000e+00 -1.024000000000000000e+03
9.066000000000000000e+03 3.200000000000000000e+01 -1.600000000000000000e+01 -1.032000000000000000e+03
9.106000000000000000e+03 2.400000000000000000e+01 -1.600000000000000000e+01 -1.024000000000000000e+03
9.146000000000000000e+03 8.000000000000000000e+00 -1.600000000000000000e+01 -1.040000000000000000e+03
9.186000000000000000e+03 2.400000000000000000e+01 -1.600000000000000000e+01 -1.024000000000000000e+03
9.226000000000000000e+03 -8.000000000000000000e+00 -4.000000000000000000e+01 -1.032000000000000000e+03
9.266000000000000000e+03 1.600000000000000000e+01 -3.200000000000000000e+01 -1.032000000000000000e+03
9.306000000000000000e+03 1.600000000000000000e+01 -3.200000000000000000e+01 -1.024000000000000000e+03
9.346000000000000000e+03 2.400000000000000000e+01 -2.400000000000000000e+01 -1.032000000000000000e+03
9.386000000000000000e+03 4.000000000000000000e+01 -8.000000000000000000e+00 -9.920000000000000000e+02
9.426000000000000000e+03 2.400000000000000000e+01 -2.400000000000000000e+01 -1.040000000000000000e+03
9.466000000000000000e+03 1.600000000000000000e+01 -2.400000000000000000e+01 -1.032000000000000000e+03
9.506000000000000000e+03 1.600000000000000000e+01 -1.600000000000000000e+01 -1.040000000000000000e+03
9.546000000000000000e+03 2.400000000000000000e+01 -1.600000000000000000e+01 -1.032000000000000000e+03
9.586000000000000000e+03 2.400000000000000000e+01 -1.600000000000000000e+01 -1.048000000000000000e+03
9.626000000000000000e+03 2.400000000000000000e+01 -2.400000000000000000e+01 -1.032000000000000000e+03
9.666000000000000000e+03 1.600000000000000000e+01 -2.400000000000000000e+01 -1.040000000000000000e+03
9.706000000000000000e+03 1.600000000000000000e+01 -3.200000000000000000e+01 -1.056000000000000000e+03
9.746000000000000000e+03 2.400000000000000000e+01 -3.200000000000000000e+01 -1.032000000000000000e+03
9.786000000000000000e+03 2.400000000000000000e+01 -2.400000000000000000e+01 -1.032000000000000000e+03
9.826000000000000000e+03 0.000000000000000000e+00 -2.400000000000000000e+01 -1.024000000000000000e+03
9.866000000000000000e+03 8.000000000000000000e+00 0.000000000000000000e+00 -1.048000000000000000e+03
9.906000000000000000e+03 1.600000000000000000e+01 -8.000000000000000000e+00 -1.032000000000000000e+03
9.946000000000000000e+03 1.600000000000000000e+01 -1.600000000000000000e+01 -1.032000000000000000e+03
9.986000000000000000e+03 1.600000000000000000e+01 -1.600000000000000000e+01 -9.920000000000000000e+02
1.001800000000000000e+04 1.600000000000000000e+01 -8.000000000000000000e+00 -1.040000000000000000e+03
1.005800000000000000e+04 8.000000000000000000e+00 -1.600000000000000000e+01 -1.024000000000000000e+03
1.009800000000000000e+04 8.000000000000000000e+00 -3.200000000000000000e+01 -1.016000000000000000e+03
1.013800000000000000e+04 1.600000000000000000e+01 -2.400000000000000000e+01 -1.024000000000000000e+03
1.017800000000000000e+04 2.400000000000000000e+01 -2.400000000000000000e+01 -9.920000000000000000e+02
1.021800000000000000e+04 2.400000000000000000e+01 -2.400000000000000000e+01 -1.024000000000000000e+03
1.025800000000000000e+04 2.400000000000000000e+01 -3.200000000000000000e+01 -1.040000000000000000e+03
1.029800000000000000e+04 2.400000000000000000e+01 -2.400000000000000000e+01 -1.048000000000000000e+03
1.033800000000000000e+04 1.600000000000000000e+01 -1.600000000000000000e+01 -1.064000000000000000e+03
1.037800000000000000e+04 8.000000000000000000e+00 -2.400000000000000000e+01 -1.024000000000000000e+03
1.041800000000000000e+04 1.600000000000000000e+01 -2.400000000000000000e+01 -1.040000000000000000e+03
1.045800000000000000e+04 1.600000000000000000e+01 -1.600000000000000000e+01 -1.024000000000000000e+03
1.049800000000000000e+04 1.600000000000000000e+01 -2.400000000000000000e+01 -1.024000000000000000e+03
1.053800000000000000e+04 1.600000000000000000e+01 -2.400000000000000000e+01 -1.032000000000000000e+03
1.057800000000000000e+04 1.600000000000000000e+01 -2.400000000000000000e+01 -1.032000000000000000e+03
1.061800000000000000e+04 1.600000000000000000e+01 -8.000000000000000000e+00 -1.024000000000000000e+03
1.065800000000000000e+04 1.600000000000000000e+01 -1.600000000000000000e+01 -1.032000000000000000e+03
1.069800000000000000e+04 0.000000000000000000e+00 -1.600000000000000000e+01 -1.024000000000000000e+03
1.073800000000000000e+04 1.600000000000000000e+01 -3.200000000000000000e+01 -1.024000000000000000e+03
1.077800000000000000e+04 1.600000000000000000e+01 -2.400000000000000000e+01 -1.032000000000000000e+03
1.081800000000000000e+04 2.400000000000000000e+01 -2.400000000000000000e+01 -1.024000000000000000e+03
1.085800000000000000e+04 1.600000000000000000e+01 -2.400000000000000000e+01 -1.064000000000000000e+03
1.089800000000000000e+04 1.600000000000000000e+01 -2.400000000000000000e+01 -1.040000000000000000e+03
1.093800000000000000e+04 2.400000000000000000e+01 -1.600000000000000000e+01 -1.056000000000000000e+03
1.097800000000000000e+04 1.600000000000000000e+01 -1.600000000000000000e+01 -1.064000000000000000e+03
1.101000000000000000e+04 2.400000000000000000e+01 -1.600000000000000000e+01 -1.040000000000000000e+03
1.105000000000000000e+04 4.000000000000000000e+01 -1.600000000000000000e+01 -1.024000000000000000e+03
1.109000000000000000e+04 2.400000000000000000e+01 -8.000000000000000000e+00 -1.040000000000000000e+03
1.113000000000000000e+04 1.600000000000000000e+01 -8.000000000000000000e+00 -1.016000000000000000e+03
1.117000000000000000e+04 2.400000000000000000e+01 -1.600000000000000000e+01 -1.024000000000000000e+03
1.121000000000000000e+04 1.600000000000000000e+01 -1.600000000000000000e+01 -1.032000000000000000e+03
1.125000000000000000e+04 1.600000000000000000e+01 -1.600000000000000000e+01 -1.032000000000000000e+03
1.129000000000000000e+04 2.400000000000000000e+01 -1.600000000000000000e+01 -1.024000000000000000e+03
1.133000000000000000e+04 1.600000000000000000e+01 -2.400000000000000000e+01 -1.016000000000000000e+03
1.137000000000000000e+04 1.600000000000000000e+01 -2.400000000000000000e+01 -1.032000000000000000e+03
1.141000000000000000e+04 8.000000000000000000e+00 -2.400000000000000000e+01 -1.024000000000000000e+03
1.145000000000000000e+04 1.600000000000000000e+01 -2.400000000000000000e+01 -1.048000000000000000e+03
1.149000000000000000e+04 8.000000000000000000e+00 -2.400000000000000000e+01 -1.040000000000000000e+03
1.153000000000000000e+04 1.600000000000000000e+01 -2.400000000000000000e+01 -1.024000000000000000e+03
1.157000000000000000e+04 1.600000000000000000e+01 -2.400000000000000000e+01 -1.040000000000000000e+03
1.161000000000000000e+04 8.000000000000000000e+00 -3.200000000000000000e+01 -1.056000000000000000e+03
1.165000000000000000e+04 1.600000000000000000e+01 -1.600000000000000000e+01 -1.032000000000000000e+03
1.169000000000000000e+04 1.600000000000000000e+01 -1.600000000000000000e+01 -1.040000000000000000e+03
1.173000000000000000e+04 2.400000000000000000e+01 -2.400000000000000000e+01 -1.032000000000000000e+03
1.177000000000000000e+04 1.600000000000000000e+01 -2.400000000000000000e+01 -1.040000000000000000e+03
1.181000000000000000e+04 8.000000000000000000e+00 -1.600000000000000000e+01 -1.040000000000000000e+03
1.185000000000000000e+04 8.000000000000000000e+00 -2.400000000000000000e+01 -1.024000000000000000e+03
1.189000000000000000e+04 1.600000000000000000e+01 -3.200000000000000000e+01 -1.040000000000000000e+03
1.193000000000000000e+04 1.600000000000000000e+01 -2.400000000000000000e+01 -1.032000000000000000e+03
1.197000000000000000e+04 8.000000000000000000e+00 -3.200000000000000000e+01 -1.056000000000000000e+03
1.299400000000000000e+04 8.000000000000000000e+00 -2.400000000000000000e+01 -1.040000000000000000e+03
1.303400000000000000e+04 1.600000000000000000e+01 -1.600000000000000000e+01 -1.048000000000000000e+03
1.307400000000000000e+04 8.000000000000000000e+00 -2.400000000000000000e+01 -1.024000000000000000e+03
1.311400000000000000e+04 8.000000000000000000e+00 -1.600000000000000000e+01 -1.032000000000000000e+03
1.315400000000000000e+04 8.000000000000000000e+00 -1.600000000000000000e+01 -1.040000000000000000e+03
1.319400000000000000e+04 1.600000000000000000e+01 -1.600000000000000000e+01 -1.016000000000000000e+03
1.323400000000000000e+04 1.600000000000000000e+01 -1.600000000000000000e+01 -1.032000000000000000e+03
1.327400000000000000e+04 1.600000000000000000e+01 -2.400000000000000000e+01 -1.024000000000000000e+03
1.331400000000000000e+04 1.600000000000000000e+01 -2.400000000000000000e+01 -1.024000000000000000e+03
1.335400000000000000e+04 1.600000000000000000e+01 -2.400000000000000000e+01 -1.032000000000000000e+03
1.339400000000000000e+04 8.000000000000000000e+00 0.000000000000000000e+00 -1.048000000000000000e+03
1.343400000000000000e+04 8.000000000000000000e+00 -8.000000000000000000e+00 -1.024000000000000000e+03
1.347400000000000000e+04 2.400000000000000000e+01 -8.000000000000000000e+00 -1.040000000000000000e+03
1.351400000000000000e+04 1.600000000000000000e+01 -1.600000000000000000e+01 -1.008000000000000000e+03
1.355400000000000000e+04 1.600000000000000000e+01 -1.600000000000000000e+01 -1.032000000000000000e+03
1.359400000000000000e+04 2.400000000000000000e+01 -3.200000000000000000e+01 -1.032000000000000000e+03
1.363400000000000000e+04 2.400000000000000000e+01 -2.400000000000000000e+01 -1.048000000000000000e+03
1.367400000000000000e+04 2.400000000000000000e+01 -2.400000000000000000e+01 -1.032000000000000000e+03
1.371400000000000000e+04 1.600000000000000000e+01 -1.600000000000000000e+01 -1.032000000000000000e+03
1.375400000000000000e+04 1.600000000000000000e+01 -2.400000000000000000e+01 -1.008000000000000000e+03
1.379400000000000000e+04 8.000000000000000000e+00 -2.400000000000000000e+01 -1.040000000000000000e+03
1.383400000000000000e+04 1.600000000000000000e+01 -2.400000000000000000e+01 -1.040000000000000000e+03
1.387400000000000000e+04 1.600000000000000000e+01 -2.400000000000000000e+01 -1.048000000000000000e+03
1.391400000000000000e+04 1.600000000000000000e+01 -1.600000000000000000e+01 -1.040000000000000000e+03
1.395400000000000000e+04 2.400000000000000000e+01 -1.600000000000000000e+01 -1.040000000000000000e+03
1.398700000000000000e+04 2.400000000000000000e+01 -1.600000000000000000e+01 -1.040000000000000000e+03
1.402700000000000000e+04 2.400000000000000000e+01 -1.600000000000000000e+01 -1.040000000000000000e+03
1.406700000000000000e+04 1.600000000000000000e+01 -2.400000000000000000e+01 -1.040000000000000000e+03
1.410700000000000000e+04 1.600000000000000000e+01 -1.600000000000000000e+01 -1.056000000000000000e+03
1.414700000000000000e+04 1.600000000000000000e+01 -2.400000000000000000e+01 -1.048000000000000000e+03
1.418700000000000000e+04 1.600000000000000000e+01 -1.600000000000000000e+01 -1.024000000000000000e+03
1.422700000000000000e+04 2.400000000000000000e+01 -1.600000000000000000e+01 -1.032000000000000000e+03
1.426700000000000000e+04 1.600000000000000000e+01 -1.600000000000000000e+01 -1.032000000000000000e+03
1.430700000000000000e+04 8.000000000000000000e+00 -1.600000000000000000e+01 -1.008000000000000000e+03
1.434700000000000000e+04 8.000000000000000000e+00 -1.600000000000000000e+01 -1.032000000000000000e+03
1.438700000000000000e+04 8.000000000000000000e+00 0.000000000000000000e+00 -1.024000000000000000e+03
1.442700000000000000e+04 8.000000000000000000e+00 0.000000000000000000e+00 -1.032000000000000000e+03
1.446700000000000000e+04 3.200000000000000000e+01 -8.000000000000000000e+00 -1.024000000000000000e+03
1.450700000000000000e+04 2.400000000000000000e+01 -1.600000000000000000e+01 -1.024000000000000000e+03
1.454700000000000000e+04 2.400000000000000000e+01 -2.400000000000000000e+01 -1.032000000000000000e+03
1.458700000000000000e+04 2.400000000000000000e+01 -3.200000000000000000e+01 -1.024000000000000000e+03
1.462700000000000000e+04 1.600000000000000000e+01 -2.400000000000000000e+01 -1.024000000000000000e+03
1.466700000000000000e+04 1.600000000000000000e+01 -3.200000000000000000e+01 -1.016000000000000000e+03
1.470700000000000000e+04 2.400000000000000000e+01 -1.600000000000000000e+01 -1.032000000000000000e+03
1.474700000000000000e+04 2.400000000000000000e+01 -2.400000000000000000e+01 -1.024000000000000000e+03
1.478700000000000000e+04 2.400000000000000000e+01 -2.400000000000000000e+01 -1.032000000000000000e+03
1.482700000000000000e+04 1.600000000000000000e+01 -1.600000000000000000e+01 -1.024000000000000000e+03
1.486700000000000000e+04 3.200000000000000000e+01 -2.400000000000000000e+01 -1.040000000000000000e+03
1.490700000000000000e+04 2.400000000000000000e+01 -4.000000000000000000e+01 -1.008000000000000000e+03
1.494700000000000000e+04 1.600000000000000000e+01 -3.200000000000000000e+01 -1.032000000000000000e+03
1.497900000000000000e+04 2.400000000000000000e+01 -2.400000000000000000e+01 -1.048000000000000000e+03
1.501900000000000000e+04 1.600000000000000000e+01 -2.400000000000000000e+01 -1.040000000000000000e+03
1.505900000000000000e+04 1.600000000000000000e+01 -3.200000000000000000e+01 -1.072000000000000000e+03
1.509900000000000000e+04 2.400000000000000000e+01 -4.000000000000000000e+01 -1.040000000000000000e+03
1.513900000000000000e+04 2.400000000000000000e+01 -3.200000000000000000e+01 -1.032000000000000000e+03
1.517900000000000000e+04 2.400000000000000000e+01 -2.400000000000000000e+01 -1.008000000000000000e+03
1.521900000000000000e+04 2.400000000000000000e+01 -2.400000000000000000e+01 -1.040000000000000000e+03
1.525900000000000000e+04 3.200000000000000000e+01 -3.200000000000000000e+01 -1.032000000000000000e+03
1.529900000000000000e+04 2.400000000000000000e+01 -2.400000000000000000e+01 -1.024000000000000000e+03
1.533900000000000000e+04 2.400000000000000000e+01 -2.400000000000000000e+01 -1.032000000000000000e+03
1.537900000000000000e+04 2.400000000000000000e+01 -2.400000000000000000e+01 -1.056000000000000000e+03
1.541900000000000000e+04 2.400000000000000000e+01 -8.000000000000000000e+00 -1.040000000000000000e+03
1.545900000000000000e+04 8.000000000000000000e+00 -2.400000000000000000e+01 -1.016000000000000000e+03
1.549900000000000000e+04 1.600000000000000000e+01 -2.400000000000000000e+01 -1.056000000000000000e+03
1.553900000000000000e+04 1.600000000000000000e+01 -1.600000000000000000e+01 -1.032000000000000000e+03
1.557900000000000000e+04 0.000000000000000000e+00 -2.400000000000000000e+01 -1.016000000000000000e+03
1.561900000000000000e+04 1.600000000000000000e+01 -2.400000000000000000e+01 -1.032000000000000000e+03
1.565900000000000000e+04 2.400000000000000000e+01 -2.400000000000000000e+01 -1.032000000000000000e+03
1.569900000000000000e+04 1.600000000000000000e+01 -1.600000000000000000e+01 -1.032000000000000000e+03
1.573900000000000000e+04 1.600000000000000000e+01 -1.600000000000000000e+01 -1.032000000000000000e+03
1.577900000000000000e+04 1.600000000000000000e+01 -1.600000000000000000e+01 -1.040000000000000000e+03
1.581900000000000000e+04 4.000000000000000000e+01 -1.600000000000000000e+01 -1.032000000000000000e+03
1.585900000000000000e+04 3.200000000000000000e+01 -1.600000000000000000e+01 -1.024000000000000000e+03
1.589900000000000000e+04 2.400000000000000000e+01 -2.400000000000000000e+01 -1.040000000000000000e+03
1.593900000000000000e+04 2.400000000000000000e+01 -1.600000000000000000e+01 -1.048000000000000000e+03
1.597100000000000000e+04 1.600000000000000000e+01 -2.400000000000000000e+01 -1.048000000000000000e+03
1.601100000000000000e+04 0.000000000000000000e+00 -8.000000000000000000e+00 -1.016000000000000000e+03
1.605100000000000000e+04 8.000000000000000000e+00 -4.000000000000000000e+01 -1.000000000000000000e+03
1.609100000000000000e+04 8.000000000000000000e+00 -4.000000000000000000e+01 -1.000000000000000000e+03
1.613100000000000000e+04 3.200000000000000000e+01 -3.200000000000000000e+01 -1.016000000000000000e+03
1.617100000000000000e+04 2.400000000000000000e+01 -3.200000000000000000e+01 -1.032000000000000000e+03
1.621100000000000000e+04 2.400000000000000000e+01 -2.400000000000000000e+01 -1.056000000000000000e+03
1.625100000000000000e+04 2.400000000000000000e+01 -2.400000000000000000e+01 -1.032000000000000000e+03
1.629100000000000000e+04 1.600000000000000000e+01 -1.600000000000000000e+01 -1.032000000000000000e+03
1.633100000000000000e+04 1.600000000000000000e+01 -1.600000000000000000e+01 -1.040000000000000000e+03
1.637100000000000000e+04 1.600000000000000000e+01 -1.600000000000000000e+01 -1.040000000000000000e+03
1.641100000000000000e+04 2.400000000000000000e+01 0.000000000000000000e+00 -1.040000000000000000e+03
1.645100000000000000e+04 3.200000000000000000e+01 -8.000000000000000000e+00 -1.024000000000000000e+03
1.649100000000000000e+04 4.000000000000000000e+01 -1.600000000000000000e+01 -1.024000000000000000e+03
1.653100000000000000e+04 1.600000000000000000e+01 -3.200000000000000000e+01 -1.032000000000000000e+03
1.657100000000000000e+04 2.400000000000000000e+01 -1.600000000000000000e+01 -1.024000000000000000e+03
1.661100000000000000e+04 1.600000000000000000e+01 -1.600000000000000000e+01 -1.032000000000000000e+03
1.665100000000000000e+04 1.600000000000000000e+01 0.000000000000000000e+00 -1.040000000000000000e+03
1.669100000000000000e+04 1.600000000000000000e+01 0.000000000000000000e+00 -1.016000000000000000e+03
1.673100000000000000e+04 1.600000000000000000e+01 -8.000000000000000000e+00 -1.048000000000000000e+03
1.677100000000000000e+04 1.600000000000000000e+01 -3.200000000000000000e+01 -1.032000000000000000e+03
1.681100000000000000e+04 1.600000000000000000e+01 -1.600000000000000000e+01 -1.032000000000000000e+03
1.685100000000000000e+04 2.400000000000000000e+01 -1.600000000000000000e+01 -1.024000000000000000e+03
1.689100000000000000e+04 1.600000000000000000e+01 -1.600000000000000000e+01 -1.024000000000000000e+03
1.693100000000000000e+04 2.400000000000000000e+01 0.000000000000000000e+00 -1.032000000000000000e+03
1.696400000000000000e+04 0.000000000000000000e+00 -1.600000000000000000e+01 -1.024000000000000000e+03
1.700400000000000000e+04 3.200000000000000000e+01 -3.200000000000000000e+01 -1.040000000000000000e+03
1.704400000000000000e+04 2.400000000000000000e+01 -3.200000000000000000e+01 -1.040000000000000000e+03
1.708400000000000000e+04 8.000000000000000000e+00 -2.400000000000000000e+01 -1.072000000000000000e+03
1.712400000000000000e+04 3.200000000000000000e+01 0.000000000000000000e+00 -1.024000000000000000e+03
1.716400000000000000e+04 2.400000000000000000e+01 -8.000000000000000000e+00 -1.032000000000000000e+03
1.720400000000000000e+04 8.000000000000000000e+00 -1.600000000000000000e+01 -1.056000000000000000e+03
1.724400000000000000e+04 8.000000000000000000e+00 0.000000000000000000e+00 -1.040000000000000000e+03
1.728400000000000000e+04 8.000000000000000000e+00 -8.000000000000000000e+00 -1.040000000000000000e+03
1.732400000000000000e+04 8.000000000000000000e+00 -8.000000000000000000e+00 -1.040000000000000000e+03
1.736400000000000000e+04 8.000000000000000000e+00 -1.600000000000000000e+01 -1.032000000000000000e+03
1.740400000000000000e+04 1.600000000000000000e+01 -1.600000000000000000e+01 -1.008000000000000000e+03
1.744400000000000000e+04 2.400000000000000000e+01 -1.600000000000000000e+01 -1.032000000000000000e+03
1.748400000000000000e+04 8.000000000000000000e+00 -1.600000000000000000e+01 -1.048000000000000000e+03
1.752400000000000000e+04 1.600000000000000000e+01 -2.400000000000000000e+01 -1.056000000000000000e+03
1.756400000000000000e+04 2.400000000000000000e+01 -1.600000000000000000e+01 -1.016000000000000000e+03
1.760400000000000000e+04 8.000000000000000000e+00 -4.000000000000000000e+01 -1.064000000000000000e+03
1.764400000000000000e+04 8.000000000000000000e+00 -3.200000000000000000e+01 -1.032000000000000000e+03
1.768400000000000000e+04 1.600000000000000000e+01 -2.400000000000000000e+01 -1.040000000000000000e+03
1.772400000000000000e+04 1.600000000000000000e+01 -2.400000000000000000e+01 -1.032000000000000000e+03
1.776400000000000000e+04 4.800000000000000000e+01 -8.000000000000000000e+00 -1.048000000000000000e+03
1.780400000000000000e+04 3.200000000000000000e+01 -8.000000000000000000e+00 -1.032000000000000000e+03
1.784400000000000000e+04 2.400000000000000000e+01 0.000000000000000000e+00 -1.024000000000000000e+03
1.788400000000000000e+04 0.000000000000000000e+00 -1.600000000000000000e+01 -1.032000000000000000e+03
1.792400000000000000e+04 1.600000000000000000e+01 -1.600000000000000000e+01 -1.032000000000000000e+03
1.795600000000000000e+04 1.600000000000000000e+01 -8.000000000000000000e+00 -1.032000000000000000e+03
1.799600000000000000e+04 1.600000000000000000e+01 -8.000000000000000000e+00 -1.040000000000000000e+03
1.803600000000000000e+04 1.600000000000000000e+01 -8.000000000000000000e+00 -1.056000000000000000e+03
1.807600000000000000e+04 8.000000000000000000e+00 -1.600000000000000000e+01 -1.040000000000000000e+03
1.811600000000000000e+04 1.600000000000000000e+01 -1.600000000000000000e+01 -1.032000000000000000e+03
1.815600000000000000e+04 1.600000000000000000e+01 -2.400000000000000000e+01 -1.032000000000000000e+03
1.819600000000000000e+04 1.600000000000000000e+01 -1.600000000000000000e+01 -1.016000000000000000e+03
1.823600000000000000e+04 2.400000000000000000e+01 -3.200000000000000000e+01 -1.024000000000000000e+03
1.827600000000000000e+04 2.400000000000000000e+01 -2.400000000000000000e+01 -1.040000000000000000e+03
1.831600000000000000e+04 1.600000000000000000e+01 -2.400000000000000000e+01 -1.032000000000000000e+03
1.835600000000000000e+04 1.600000000000000000e+01 -1.600000000000000000e+01 -1.040000000000000000e+03
1.839600000000000000e+04 1.600000000000000000e+01 -2.400000000000000000e+01 -1.016000000000000000e+03
1.843600000000000000e+04 8.000000000000000000e+00 -2.400000000000000000e+01 -1.072000000000000000e+03
1.847600000000000000e+04 1.600000000000000000e+01 -8.000000000000000000e+00 -1.056000000000000000e+03
1.851600000000000000e+04 8.000000000000000000e+00 -8.000000000000000000e+00 -1.048000000000000000e+03
1.855600000000000000e+04 8.000000000000000000e+00 -1.600000000000000000e+01 -1.024000000000000000e+03
1.859600000000000000e+04 1.600000000000000000e+01 -1.600000000000000000e+01 -1.024000000000000000e+03
1.863600000000000000e+04 1.600000000000000000e+01 -1.600000000000000000e+01 -1.024000000000000000e+03
1.867600000000000000e+04 1.600000000000000000e+01 -1.600000000000000000e+01 -1.032000000000000000e+03
1.871600000000000000e+04 1.600000000000000000e+01 -2.400000000000000000e+01 -1.040000000000000000e+03
1.875600000000000000e+04 1.600000000000000000e+01 -2.400000000000000000e+01 -1.024000000000000000e+03
1.879600000000000000e+04 2.400000000000000000e+01 -2.400000000000000000e+01 -1.016000000000000000e+03
1.883600000000000000e+04 1.600000000000000000e+01 -2.400000000000000000e+01 -1.032000000000000000e+03
1.887600000000000000e+04 1.600000000000000000e+01 -1.600000000000000000e+01 -1.024000000000000000e+03
1.891600000000000000e+04 2.400000000000000000e+01 -1.600000000000000000e+01 -1.040000000000000000e+03
1.994100000000000000e+04 1.600000000000000000e+01 -1.600000000000000000e+01 -1.048000000000000000e+03
1.998100000000000000e+04 0.000000000000000000e+00 -3.200000000000000000e+01 -1.080000000000000000e+03
2.002100000000000000e+04 1.600000000000000000e+01 -1.600000000000000000e+01 -1.032000000000000000e+03
2.006100000000000000e+04 1.600000000000000000e+01 -2.400000000000000000e+01 -1.032000000000000000e+03
2.010100000000000000e+04 8.000000000000000000e+00 -2.400000000000000000e+01 -1.048000000000000000e+03
2.014100000000000000e+04 8.000000000000000000e+00 -1.600000000000000000e+01 -1.040000000000000000e+03
2.018100000000000000e+04 1.600000000000000000e+01 -2.400000000000000000e+01 -1.032000000000000000e+03
2.022100000000000000e+04 2.400000000000000000e+01 -2.400000000000000000e+01 -1.040000000000000000e+03
2.026100000000000000e+04 1.600000000000000000e+01 -1.600000000000000000e+01 -1.040000000000000000e+03
2.030100000000000000e+04 1.600000000000000000e+01 -1.600000000000000000e+01 -1.016000000000000000e+03
2.034100000000000000e+04 1.600000000000000000e+01 -1.600000000000000000e+01 -1.040000000000000000e+03
2.038100000000000000e+04 8.000000000000000000e+00 -1.600000000000000000e+01 -1.024000000000000000e+03
2.042100000000000000e+04 0.000000000000000000e+00 -3.200000000000000000e+01 -1.008000000000000000e+03
2.046100000000000000e+04 1.600000000000000000e+01 -8.000000000000000000e+00 -1.024000000000000000e+03
2.050100000000000000e+04 1.600000000000000000e+01 -8.000000000000000000e+00 -1.032000000000000000e+03
2.054100000000000000e+04 1.600000000000000000e+01 -8.000000000000000000e+00 -1.040000000000000000e+03
2.058100000000000000e+04 1.600000000000000000e+01 -1.600000000000000000e+01 -1.008000000000000000e+03
2.062100000000000000e+04 1.600000000000000000e+01 -1.600000000000000000e+01 -1.024000000000000000e+03
2.066100000000000000e+04 8.000000000000000000e+00 -1.600000000000000000e+01 -1.024000000000000000e+03
2.070100000000000000e+04 1.600000000000000000e+01 -2.400000000000000000e+01 -1.040000000000000000e+03
2.074100000000000000e+04 2.400000000000000000e+01 -1.600000000000000000e+01 -1.032000000000000000e+03
2.078100000000000000e+04 2.400000000000000000e+01 -1.600000000000000000e+01 -1.032000000000000000e+03
2.082100000000000000e+04 2.400000000000000000e+01 -1.600000000000000000e+01 -1.032000000000000000e+03
2.086100000000000000e+04 2.400000000000000000e+01 -2.400000000000000000e+01 -1.032000000000000000e+03
2.090100000000000000e+04 8.000000000000000000e+00 -3.200000000000000000e+01 -1.024000000000000000e+03
2.093300000000000000e+04 2.400000000000000000e+01 -3.200000000000000000e+01 -1.048000000000000000e+03
2.097300000000000000e+04 2.400000000000000000e+01 -1.600000000000000000e+01 -1.024000000000000000e+03
2.101300000000000000e+04 2.400000000000000000e+01 -1.600000000000000000e+01 -1.024000000000000000e+03
2.105300000000000000e+04 2.400000000000000000e+01 -2.400000000000000000e+01 -1.040000000000000000e+03
2.109300000000000000e+04 3.200000000000000000e+01 -2.400000000000000000e+01 -1.032000000000000000e+03
2.113300000000000000e+04 2.400000000000000000e+01 -4.000000000000000000e+01 -1.040000000000000000e+03
2.117300000000000000e+04 8.000000000000000000e+00 -2.400000000000000000e+01 -1.040000000000000000e+03
2.121300000000000000e+04 1.600000000000000000e+01 -1.600000000000000000e+01 -1.008000000000000000e+03
2.125300000000000000e+04 2.400000000000000000e+01 -1.600000000000000000e+01 -1.016000000000000000e+03
2.129300000000000000e+04 2.400000000000000000e+01 -1.600000000000000000e+01 -1.032000000000000000e+03
2.133300000000000000e+04 2.400000000000000000e+01 -1.600000000000000000e+01 -1.032000000000000000e+03
2.137300000000000000e+04 4.000000000000000000e+01 -8.000000000000000000e+00 -1.032000000000000000e+03
2.141300000000000000e+04 2.400000000000000000e+01 -2.400000000000000000e+01 -1.048000000000000000e+03
2.145300000000000000e+04 1.600000000000000000e+01 -1.600000000000000000e+01 -1.024000000000000000e+03
2.149300000000000000e+04 2.400000000000000000e+01 -2.400000000000000000e+01 -1.024000000000000000e+03
2.153300000000000000e+04 2.400000000000000000e+01 -2.400000000000000000e+01 -1.032000000000000000e+03
2.157300000000000000e+04 2.400000000000000000e+01 -2.400000000000000000e+01 -1.040000000000000000e+03
2.161300000000000000e+04 1.600000000000000000e+01 -2.400000000000000000e+01 -1.024000000000000000e+03
2.165300000000000000e+04 1.600000000000000000e+01 -1.600000000000000000e+01 -1.032000000000000000e+03
2.169300000000000000e+04 0.000000000000000000e+00 -8.000000000000000000e+00 -1.040000000000000000e+03
2.173300000000000000e+04 8.000000000000000000e+00 -1.600000000000000000e+01 -1.032000000000000000e+03
2.177300000000000000e+04 1.600000000000000000e+01 -1.600000000000000000e+01 -1.024000000000000000e+03
2.181300000000000000e+04 1.600000000000000000e+01 -8.000000000000000000e+00 -1.040000000000000000e+03
2.185300000000000000e+04 1.600000000000000000e+01 -1.600000000000000000e+01 -1.064000000000000000e+03
2.189300000000000000e+04 2.400000000000000000e+01 -2.400000000000000000e+01 -1.048000000000000000e+03
