5.000000000000000000e+01 -9.600000000000000000e+01 6.560000000000000000e+02 -7.680000000000000000e+02
9.000000000000000000e+01 -9.040000000000000000e+02 3.520000000000000000e+02 -3.280000000000000000e+02
1.300000000000000000e+02 -8.960000000000000000e+02 3.680000000000000000e+02 -3.040000000000000000e+02
1.700000000000000000e+02 -9.120000000000000000e+02 3.760000000000000000e+02 -3.040000000000000000e+02
2.100000000000000000e+02 -9.040000000000000000e+02 3.600000000000000000e+02 -3.200000000000000000e+02
2.500000000000000000e+02 -9.120000000000000000e+02 3.680000000000000000e+02 -3.040000000000000000e+02
2.900000000000000000e+02 -9.120000000000000000e+02 3.440000000000000000e+02 -3.120000000000000000e+02
3.300000000000000000e+02 -9.040000000000000000e+02 3.600000000000000000e+02 -3.280000000000000000e+02
3.700000000000000000e+02 -9.280000000000000000e+02 3.600000000000000000e+02 -3.280000000000000000e+02
4.100000000000000000e+02 -9.200000000000000000e+02 3.520000000000000000e+02 -3.440000000000000000e+02
4.500000000000000000e+02 -9.120000000000000000e+02 3.760000000000000000e+02 -3.200000000000000000e+02
4.900000000000000000e+02 -9.040000000000000000e+02 3.680000000000000000e+02 -3.280000000000000000e+02
5.300000000000000000e+02 -8.960000000000000000e+02 3.680000000000000000e+02 -3.120000000000000000e+02
5.700000000000000000e+02 -8.960000000000000000e+02 3.680000000000000000e+02 -3.120000000000000000e+02
6.100000000000000000e+02 -9.040000000000000000e+02 3.680000000000000000e+02 -3.200000000000000000e+02
6.500000000000000000e+02 -9.040000000000000000e+02 3.680000000000000000e+02 -2.880000000000000000e+02
6.900000000000000000e+02 -9.120000000000000000e+02 3.760000000000000000e+02 -3.120000000000000000e+02
7.300000000000000000e+02 -9.040000000000000000e+02 3.680000000000000000e+02 -3.120000000000000000e+02
7.700000000000000000e+02 -9.040000000000000000e+02 3.760000000000000000e+02 -3.200000000000000000e+02
8.100000000000000000e+02 -9.040000000000000000e+02 3.760000000000000000e+02 -3.280000000000000000e+02
8.500000000000000000e+02 -9.040000000000000000e+02 3.760000000000000000e+02 -3.120000000000000000e+02
8.900000000000000000e+02 -9.040000000000000000e+02 3.680000000000000000e+02 -3.120000000000000000e+02
9.300000000000000000e+02 -9.040000000000000000e+02 3.680000000000000000e+02 -3.200000000000000000e+02
9.700000000000000000e+02 -9.120000000000000000e+02 3.760000000000000000e+02 -3.120000000000000000e+02
1.010000000000000000e+03 -9.120000000000000000e+02 3.760000000000000000e+02 -3.120000000000000000e+02
1.043000000000000000e+03 -9.120000000000000000e+02 3.680000000000000000e+02 -2.960000000000000000e+02
1.083000000000000000e+03 -9.040000000000000000e+02 3.600000000000000000e+02 -3.360000000000000000e+02
1.123000000000000000e+03 -9.200000000000000000e+02 3.680000000000000000e+02 -3.120000000000000000e+02
1.163000000000000000e+03 -9.280000000000000000e+02 3.680000000000000000e+02 -3.120000000000000000e+02
1.203000000000000000e+03 -9.200000000000000000e+02 3.680000000000000000e+02 -3.200000000000000000e+02
1.243000000000000000e+03 -9.360000000000000000e+02 3.680000000000000000e+02 -3.040000000000000000e+02
1.283000000000000000e+03 -9.040000000000000000e+02 3.680000000000000000e+02 -2.960000000000000000e+02
1.323000000000000000e+03 -9.040000000000000000e+02 3.600000000000000000e+02 -3.200000000000000000e+02
1.363000000000000000e+03 -9.120000000000000000e+02 3.680000000000000000e+02 -3.280000000000000000e+02
1.403000000000000000e+03 -8.960000000000000000e+02 3.680000000000000000e+02 -3.120000000000000000e+02
1.443000000000000000e+03 -8.640000000000000000e+02 3.760000000000000000e+02 -3.200000000000000000e+02
1.483000000000000000e+03 -8.880000000000000000e+02 3.600000000000000000e+02 -3.360000000000000000e+02
1.523000000000000000e+03 -9.040000000000000000e+02 3.760000000000000000e+02 -2.640000000000000000e+02
1.563000000000000000e+03 -9.040000000000000000e+02 3.680000000000000000e+02 -3.280000000000000000e+02
1.603000000000000000e+03 -9.040000000000000000e+02 3.680000000000000000e+02 -3.200000000000000000e+02
1.643000000000000000e+03 -9.120000000000000000e+02 3.680000000000000000e+02 -3.280000000000000000e+02
1.683000000000000000e+03 -9.040000000000000000e+02 3.840000000000000000e+02 -3.200000000000000000e+02
1.723000000000000000e+03 -8.960000000000000000e+02 3.840000000000000000e+02 -3.120000000000000000e+02
1.763000000000000000e+03 -8.960000000000000000e+02 3.760000000000000000e+02 -3.280000000000000000e+02
1.803000000000000000e+03 -8.800000000000000000e+02 3.840000000000000000e+02 -3.280000000000000000e+02
1.843000000000000000e+03 -8.880000000000000000e+02 3.760000000000000000e+02 -3.440000000000000000e+02
1.883000000000000000e+03 -9.120000000000000000e+02 3.840000000000000000e+02 -3.120000000000000000e+02
1.923000000000000000e+03 -9.120000000000000000e+02 3.680000000000000000e+02 -3.280000000000000000e+02
1.963000000000000000e+03 -9.120000000000000000e+02 3.760000000000000000e+02 -3.200000000000000000e+02
2.003000000000000000e+03 -9.120000000000000000e+02 3.680000000000000000e+02 -3.040000000000000000e+02
2.035000000000000000e+03 -9.120000000000000000e+02 3.680000000000000000e+02 -3.040000000000000000e+02
2.075000000000000000e+03 -9.040000000000000000e+02 3.760000000000000000e+02 -3.040000000000000000e+02
2.115000000000000000e+03 -9.120000000000000000e+02 3.760000000000000000e+02 -3.360000000000000000e+02
2.155000000000000000e+03 -9.040000000000000000e+02 3.680000000000000000e+02 -3.120000000000000000e+02
2.195000000000000000e+03 -8.960000000000000000e+02 3.680000000000000000e+02 -3.840000000000000000e+02
2.235000000000000000e+03 -9.120000000000000000e+02 3.680000000000000000e+02 -3.280000000000000000e+02
2.275000000000000000e+03 -9.040000000000000000e+02 3.680000000000000000e+02 -3.120000000000000000e+02
2.315000000000000000e+03 -9.040000000000000000e+02 3.440000000000000000e+02 -3.040000000000000000e+02
2.355000000000000000e+03 -8.880000000000000000e+02 3.760000000000000000e+02 -3.600000000000000000e+02
2.395000000000000000e+03 -9.040000000000000000e+02 3.680000000000000000e+02 -3.120000000000000000e+02
2.435000000000000000e+03 -9.120000000000000000e+02 3.600000000000000000e+02 -3.040000000000000000e+02
2.475000000000000000e+03 -8.880000000000000000e+02 3.520000000000000000e+02 -3.200000000000000000e+02
2.515000000000000000e+03 -8.960000000000000000e+02 3.360000000000000000e+02 -3.280000000000000000e+02
2.555000000000000000e+03 -9.120000000000000000e+02 3.520000000000000000e+02 -3.120000000000000000e+02
2.595000000000000000e+03 -9.200000000000000000e+02 3.680000000000000000e+02 -3.040000000000000000e+02
2.635000000000000000e+03 -8.960000000000000000e+02 3.680000000000000000e+02 -3.120000000000000000e+02
2.675000000000000000e+03 -8.960000000000000000e+02 3.520000000000000000e+02 -3.120000000000000000e+02
2.715000000000000000e+03 -8.960000000000000000e+02 3.520000000000000000e+02 -3.200000000000000000e+02
2.755000000000000000e+03 -8.960000000000000000e+02 3.600000000000000000e+02 -3.120000000000000000e+02
2.795000000000000000e+03 -9.120000000000000000e+02 3.760000000000000000e+02 -3.040000000000000000e+02
2.835000000000000000e+03 -9.200000000000000000e+02 3.920000000000000000e+02 -3.120000000000000000e+02
2.875000000000000000e+03 -8.960000000000000000e+02 3.840000000000000000e+02 -3.200000000000000000e+02
2.915000000000000000e+03 -9.040000000000000000e+02 3.680000000000000000e+02 -3.200000000000000000e+02
2.955000000000000000e+03 -9.040000000000000000e+02 3.600000000000000000e+02 -3.120000000000000000e+02
2.995000000000000000e+03 -9.120000000000000000e+02 3.520000000000000000e+02 -3.040000000000000000e+02
3.028000000000000000e+03 -9.120000000000000000e+02 3.600000000000000000e+02 -3.040000000000000000e+02
3.068000000000000000e+03 -9.120000000000000000e+02 3.600000000000000000e+02 -3.040000000000000000e+02
3.108000000000000000e+03 -9.120000000000000000e+02 3.600000000000000000e+02 -2.560000000000000000e+02
3.148000000000000000e+03 -9.120000000000000000e+02 3.600000000000000000e+02 -3.040000000000000000e+02
3.188000000000000000e+03 -9.040000000000000000e+02 3.600000000000000000e+02 -3.120000000000000000e+02
3.228000000000000000e+03 -9.040000000000000000e+02 3.600000000000000000e+02 -3.440000000000000000e+02
3.268000000000000000e+03 -9.040000000000000000e+02 3.680000000000000000e+02 -3.040000000000000000e+02
3.308000000000000000e+03 -9.040000000000000000e+02 3.600000000000000000e+02 -3.200000000000000000e+02
3.348000000000000000e+03 -9.040000000000000000e+02 3.440000000000000000e+02 -3.120000000000000000e+02
3.388000000000000000e+03 -8.800000000000000000e+02 3.600000000000000000e+02 -3.200000000000000000e+02
3.428000000000000000e+03 -8.960000000000000000e+02 3.600000000000000000e+02 -3.200000000000000000e+02
3.468000000000000000e+03 -9.040000000000000000e+02 3.600000000000000000e+02 -3.040000000000000000e+02
3.508000000000000000e+03 -9.120000000000000000e+02 3.680000000000000000e+02 -3.360000000000000000e+02
3.548000000000000000e+03 -8.880000000000000000e+02 3.680000000000000000e+02 -3.120000000000000000e+02
3.588000000000000000e+03 -8.960000000000000000e+02 3.920000000000000000e+02 -3.120000000000000000e+02
3.628000000000000000e+03 -9.040000000000000000e+02 3.760000000000000000e+02 -3.680000000000000000e+02
3.668000000000000000e+03 -9.040000000000000000e+02 3.600000000000000000e+02 -3.360000000000000000e+02
3.708000000000000000e+03 -9.040000000000000000e+02 3.600000000000000000e+02 -3.200000000000000000e+02
3.748000000000000000e+03 -9.120000000000000000e+02 3.600000000000000000e+02 -3.200000000000000000e+02
3.788000000000000000e+03 -8.880000000000000000e+02 3.680000000000000000e+02 -3.040000000000000000e+02
3.828000000000000000e+03 -8.960000000000000000e+02 3.600000000000000000e+02 -3.440000000000000000e+02
3.868000000000000000e+03 -9.040000000000000000e+02 3.680000000000000000e+02 -3.200000000000000000e+02
3.908000000000000000e+03 -9.040000000000000000e+02 3.680000000000000000e+02 -3.280000000000000000e+02
3.948000000000000000e+03 -9.200000000000000000e+02 3.520000000000000000e+02 -3.040000000000000000e+02
3.988000000000000000e+03 -9.120000000000000000e+02 3.520000000000000000e+02 -3.040000000000000000e+02
4.020000000000000000e+03 -9.200000000000000000e+02 3.520000000000000000e+02 -3.200000000000000000e+02
4.060000000000000000e+03 -9.120000000000000000e+02 3.520000000000000000e+02 -3.760000000000000000e+02
4.100000000000000000e+03 -8.880000000000000000e+02 3.440000000000000000e+02 -3.360000000000000000e+02
4.140000000000000000e+03 -9.120000000000000000e+02 3.600000000000000000e+02 -3.120000000000000000e+02
4.180000000000000000e+03 -9.040000000000000000e+02 3.520000000000000000e+02 -3.280000000000000000e+02
4.220000000000000000e+03 -9.040000000000000000e+02 3.600000000000000000e+02 -3.120000000000000000e+02
4.260000000000000000e+03 -9.120000000000000000e+02 3.520000000000000000e+02 -3.280000000000000000e+02
4.300000000000000000e+03 -9.120000000000000000e+02 3.440000000000000000e+02 -3.360000000000000000e+02
4.340000000000000000e+03 -9.120000000000000000e+02 3.520000000000000000e+02 -3.120000000000000000e+02
4.380000000000000000e+03 -9.040000000000000000e+02 3.520000000000000000e+02 -2.960000000000000000e+02
4.420000000000000000e+03 -9.200000000000000000e+02 3.760000000000000000e+02 -3.040000000000000000e+02
4.460000000000000000e+03 -9.120000000000000000e+02 3.520000000000000000e+02 -3.520000000000000000e+02
4.500000000000000000e+03 -9.120000000000000000e+02 3.520000000000000000e+02 -3.520000000000000000e+02
4.540000000000000000e+03 -9.120000000000000000e+02 3.520000000000000000e+02 -3.280000000000000000e+02
4.580000000000000000e+03 -8.960000000000000000e+02 3.440000000000000000e+02 -3.280000000000000000e+02
4.620000000000000000e+03 -8.960000000000000000e+02 3.520000000000000000e+02 -3.200000000000000000e+02
4.660000000000000000e+03 -9.200000000000000000e+02 3.520000000000000000e+02 -3.040000000000000000e+02
4.700000000000000000e+03 -9.120000000000000000e+02 3.520000000000000000e+02 -3.040000000000000000e+02
4.740000000000000000e+03 -9.200000000000000000e+02 3.360000000000000000e+02 -3.200000000000000000e+02
4.780000000000000000e+03 -9.120000000000000000e+02 3.360000000000000000e+02 -3.520000000000000000e+02
4.820000000000000000e+03 -9.040000000000000000e+02 3.520000000000000000e+02 -3.200000000000000000e+02
4.860000000000000000e+03 -9.040000000000000000e+02 3.520000000000000000e+02 -3.120000000000000000e+02
4.900000000000000000e+03 -9.120000000000000000e+02 3.520000000000000000e+02 -3.120000000000000000e+02
4.940000000000000000e+03 -9.120000000000000000e+02 3.360000000000000000e+02 -3.280000000000000000e+02
4.980000000000000000e+03 -9.120000000000000000e+02 3.520000000000000000e+02 -3.200000000000000000e+02
5.012000000000000000e+03 -9.120000000000000000e+02 3.520000000000000000e+02 -3.200000000000000000e+02
5.052000000000000000e+03 -9.120000000000000000e+02 3.600000000000000000e+02 -3.440000000000000000e+02
5.092000000000000000e+03 -9.200000000000000000e+02 3.680000000000000000e+02 -2.960000000000000000e+02
5.132000000000000000e+03 -8.960000000000000000e+02 3.600000000000000000e+02 -3.200000000000000000e+02
5.172000000000000000e+03 -9.040000000000000000e+02 3.600000000000000000e+02 -3.120000000000000000e+02
5.212000000000000000e+03 -9.120000000000000000e+02 3.520000000000000000e+02 -2.960000000000000000e+02
5.252000000000000000e+03 -9.040000000000000000e+02 3.600000000000000000e+02 -2.960000000000000000e+02
5.292000000000000000e+03 -9.120000000000000000e+02 4.080000000000000000e+02 -2.880000000000000000e+02
5.332000000000000000e+03 -9.120000000000000000e+02 3.760000000000000000e+02 -3.200000000000000000e+02
5.372000000000000000e+03 -9.200000000000000000e+02 3.680000000000000000e+02 -2.640000000000000000e+02
5.412000000000000000e+03 -9.120000000000000000e+02 3.360000000000000000e+02 -3.200000000000000000e+02
5.452000000000000000e+03 -9.120000000000000000e+02 3.440000000000000000e+02 -3.120000000000000000e+02
5.492000000000000000e+03 -9.120000000000000000e+02 3.520000000000000000e+02 -3.280000000000000000e+02
5.532000000000000000e+03 -9.040000000000000000e+02 3.520000000000000000e+02 -3.200000000000000000e+02
5.572000000000000000e+03 -9.120000000000000000e+02 3.520000000000000000e+02 -3.280000000000000000e+02
5.612000000000000000e+03 -9.120000000000000000e+02 3.600000000000000000e+02 -3.200000000000000000e+02
5.652000000000000000e+03 -9.120000000000000000e+02 3.520000000000000000e+02 -3.120000000000000000e+02
5.692000000000000000e+03 -8.960000000000000000e+02 3.600000000000000000e+02 -3.280000000000000000e+02
5.732000000000000000e+03 -8.880000000000000000e+02 3.360000000000000000e+02 -3.200000000000000000e+02
5.772000000000000000e+03 -8.960000000000000000e+02 3.440000000000000000e+02 -3.200000000000000000e+02
5.812000000000000000e+03 -9.040000000000000000e+02 3.520000000000000000e+02 -3.200000000000000000e+02
5.852000000000000000e+03 -9.120000000000000000e+02 3.520000000000000000e+02 -3.280000000000000000e+02
5.892000000000000000e+03 -9.120000000000000000e+02 3.520000000000000000e+02 -3.040000000000000000e+02
5.932000000000000000e+03 -9.040000000000000000e+02 3.600000000000000000e+02 -3.280000000000000000e+02
5.972000000000000000e+03 -9.040000000000000000e+02 3.600000000000000000e+02 -3.280000000000000000e+02
6.005000000000000000e+03 -9.040000000000000000e+02 3.520000000000000000e+02 -2.720000000000000000e+02
6.045000000000000000e+03 -9.040000000000000000e+02 3.520000000000000000e+02 -3.120000000000000000e+02
6.085000000000000000e+03 -9.040000000000000000e+02 3.680000000000000000e+02 -3.280000000000000000e+02
6.125000000000000000e+03 -9.040000000000000000e+02 3.600000000000000000e+02 -3.200000000000000000e+02
6.165000000000000000e+03 -9.120000000000000000e+02 3.360000000000000000e+02 -3.120000000000000000e+02
6.205000000000000000e+03 -8.720000000000000000e+02 3.440000000000000000e+02 -3.600000000000000000e+02
6.245000000000000000e+03 -9.040000000000000000e+02 3.600000000000000000e+02 -3.040000000000000000e+02
6.285000000000000000e+03 -8.960000000000000000e+02 3.520000000000000000e+02 -3.040000000000000000e+02
6.325000000000000000e+03 -9.040000000000000000e+02 3.440000000000000000e+02 -3.280000000000000000e+02
6.365000000000000000e+03 -9.120000000000000000e+02 3.520000000000000000e+02 -2.800000000000000000e+02
6.405000000000000000e+03 -9.200000000000000000e+02 3.600000000000000000e+02 -2.640000000000000000e+02
6.445000000000000000e+03 -9.200000000000000000e+02 3.600000000000000000e+02 -2.880000000000000000e+02
6.485000000000000000e+03 -8.960000000000000000e+02 3.600000000000000000e+02 -3.360000000000000000e+02
6.525000000000000000e+03 -9.040000000000000000e+02 3.520000000000000000e+02 -3.120000000000000000e+02
6.565000000000000000e+03 -9.120000000000000000e+02 3.440000000000000000e+02 -3.200000000000000000e+02
6.605000000000000000e+03 -9.120000000000000000e+02 3.440000000000000000e+02 -2.800000000000000000e+02
6.645000000000000000e+03 -9.120000000000000000e+02 3.280000000000000000e+02 -3.360000000000000000e+02
6.685000000000000000e+03 -9.200000000000000000e+02 3.200000000000000000e+02 -3.040000000000000000e+02
6.725000000000000000e+03 -9.200000000000000000e+02 3.440000000000000000e+02 -3.200000000000000000e+02
6.765000000000000000e+03 -9.120000000000000000e+02 3.520000000000000000e+02 -3.120000000000000000e+02
6.805000000000000000e+03 -9.040000000000000000e+02 3.520000000000000000e+02 -3.120000000000000000e+02
6.845000000000000000e+03 -9.040000000000000000e+02 3.600000000000000000e+02 -2.960000000000000000e+02
6.885000000000000000e+03 -9.120000000000000000e+02 3.520000000000000000e+02 -3.200000000000000000e+02
6.925000000000000000e+03 -9.120000000000000000e+02 3.520000000000000000e+02 -3.040000000000000000e+02
6.965000000000000000e+03 -9.120000000000000000e+02 3.520000000000000000e+02 -3.200000000000000000e+02
6.997000000000000000e+03 -9.120000000000000000e+02 3.520000000000000000e+02 -3.200000000000000000e+02
7.037000000000000000e+03 -9.120000000000000000e+02 3.440000000000000000e+02 -3.520000000000000000e+02
7.077000000000000000e+03 -8.960000000000000000e+02 3.520000000000000000e+02 -3.200000000000000000e+02
7.117000000000000000e+03 -9.040000000000000000e+02 3.440000000000000000e+02 -3.120000000000000000e+02
7.157000000000000000e+03 -9.120000000000000000e+02 3.520000000000000000e+02 -3.280000000000000000e+02
7.197000000000000000e+03 -9.120000000000000000e+02 3.440000000000000000e+02 -3.200000000000000000e+02
7.237000000000000000e+03 -9.120000000000000000e+02 3.520000000000000000e+02 -3.040000000000000000e+02
7.277000000000000000e+03 -9.040000000000000000e+02 3.520000000000000000e+02 -3.360000000000000000e+02
7.317000000000000000e+03 -9.040000000000000000e+02 3.440000000000000000e+02 -2.960000000000000000e+02
7.357000000000000000e+03 -9.120000000000000000e+02 3.440000000000000000e+02 -3.200000000000000000e+02
7.397000000000000000e+03 -9.040000000000000000e+02 3.440000000000000000e+02 -3.120000000000000000e+02
7.437000000000000000e+03 -9.040000000000000000e+02 3.440000000000000000e+02 -3.120000000000000000e+02
7.477000000000000000e+03 -9.120000000000000000e+02 3.440000000000000000e+02 -3.200000000000000000e+02
7.517000000000000000e+03 -9.120000000000000000e+02 3.520000000000000000e+02 -3.120000000000000000e+02
7.557000000000000000e+03 -9.120000000000000000e+02 3.520000000000000000e+02 -3.120000000000000000e+02
7.597000000000000000e+03 -9.120000000000000000e+02 3.600000000000000000e+02 -3.200000000000000000e+02
7.637000000000000000e+03 -9.120000000000000000e+02 3.520000000000000000e+02 -3.280000000000000000e+02
7.677000000000000000e+03 -9.120000000000000000e+02 3.520000000000000000e+02 -3.040000000000000000e+02
7.717000000000000000e+03 -9.120000000000000000e+02 3.600000000000000000e+02 -3.120000000000000000e+02
7.757000000000000000e+03 -8.880000000000000000e+02 3.520000000000000000e+02 -2.880000000000000000e+02
7.797000000000000000e+03 -9.040000000000000000e+02 3.600000000000000000e+02 -3.200000000000000000e+02
7.837000000000000000e+03 -9.120000000000000000e+02 3.520000000000000000e+02 -3.200000000000000000e+02
7.877000000000000000e+03 -9.280000000000000000e+02 3.680000000000000000e+02 -3.200000000000000000e+02
7.917000000000000000e+03 -9.440000000000000000e+02 3.600000000000000000e+02 -3.040000000000000000e+02
7.957000000000000000e+03 -9.360000000000000000e+02 3.760000000000000000e+02 -3.200000000000000000e+02
7.989000000000000000e+03 -9.200000000000000000e+02 3.680000000000000000e+02 -3.040000000000000000e+02
8.029000000000000000e+03 -9.120000000000000000e+02 3.760000000000000000e+02 -2.560000000000000000e+02
8.069000000000000000e+03 -9.120000000000000000e+02 3.680000000000000000e+02 -2.960000000000000000e+02
8.109000000000000000e+03 -9.200000000000000000e+02 3.280000000000000000e+02 -3.120000000000000000e+02
8.149000000000000000e+03 -9.200000000000000000e+02 3.600000000000000000e+02 -2.960000000000000000e+02
8.189000000000000000e+03 -9.200000000000000000e+02 3.440000000000000000e+02 -3.120000000000000000e+02
8.229000000000000000e+03 -9.200000000000000000e+02 3.520000000000000000e+02 -2.960000000000000000e+02
8.269000000000000000e+03 -9.120000000000000000e+02 3.520000000000000000e+02 -3.280000000000000000e+02
8.309000000000000000e+03 -9.200000000000000000e+02 3.520000000000000000e+02 -3.040000000000000000e+02
8.349000000000000000e+03 -9.120000000000000000e+02 3.520000000000000000e+02 -3.120000000000000000e+02
8.389000000000000000e+03 -8.960000000000000000e+02 3.600000000000000000e+02 -2.720000000000000000e+02
8.429000000000000000e+03 -9.120000000000000000e+02 3.680000000000000000e+02 -3.200000000000000000e+02
8.469000000000000000e+03 -9.200000000000000000e+02 3.680000000000000000e+02 -2.800000000000000000e+02
8.509000000000000000e+03 -9.360000000000000000e+02 3.520000000000000000e+02 -3.120000000000000000e+02
8.549000000000000000e+03 -9.200000000000000000e+02 3.520000000000000000e+02 -3.200000000000000000e+02
8.589000000000000000e+03 -9.200000000000000000e+02 3.520000000000000000e+02 -3.200000000000000000e+02
8.629000000000000000e+03 -9.200000000000000000e+02 3.520000000000000000e+02 -3.280000000000000000e+02
8.669000000000000000e+03 -9.120000000000000000e+02 3.440000000000000000e+02 -3.040000000000000000e+02
8.709000000000000000e+03 -9.120000000000000000e+02 3.520000000000000000e+02 -3.280000000000000000e+02
8.749000000000000000e+03 -9.120000000000000000e+02 3.600000000000000000e+02 -2.800000000000000000e+02
8.789000000000000000e+03 -9.120000000000000000e+02 3.680000000000000000e+02 -3.680000000000000000e+02
8.829000000000000000e+03 -8.960000000000000000e+02 3.520000000000000000e+02 -3.200000000000000000e+02
8.869000000000000000e+03 -9.040000000000000000e+02 3.440000000000000000e+02 -3.040000000000000000e+02
8.909000000000000000e+03 -9.120000000000000000e+02 3.520000000000000000e+02 -3.440000000000000000e+02
8.949000000000000000e+03 -9.120000000000000000e+02 3.520000000000000000e+02 -3.280000000000000000e+02
8.981000000000000000e+03 -9.200000000000000000e+02 3.680000000000000000e+02 -3.040000000000000000e+02
9.021000000000000000e+03 -9.200000000000000000e+02 3.600000000000000000e+02 -3.200000000000000000e+02
9.061000000000000000e+03 -9.120000000000000000e+02 3.760000000000000000e+02 -3.040000000000000000e+02
9.101000000000000000e+03 -9.120000000000000000e+02 3.600000000000000000e+02 -3.680000000000000000e+02
9.141000000000000000e+03 -9.120000000000000000e+02 3.600000000000000000e+02 -3.280000000000000000e+02
9.181000000000000000e+03 -9.120000000000000000e+02 3.520000000000000000e+02 -2.960000000000000000e+02
9.221000000000000000e+03 -9.040000000000000000e+02 3.600000000000000000e+02 -3.120000000000000000e+02
9.261000000000000000e+03 -9.120000000000000000e+02 3.520000000000000000e+02 -3.200000000000000000e+02
9.301000000000000000e+03 -9.120000000000000000e+02 3.520000000000000000e+02 -3.040000000000000000e+02
9.341000000000000000e+03 -9.200000000000000000e+02 3.440000000000000000e+02 -3.200000000000000000e+02
9.381000000000000000e+03 -9.120000000000000000e+02 3.440000000000000000e+02 -2.960000000000000000e+02
9.421000000000000000e+03 -9.120000000000000000e+02 3.440000000000000000e+02 -2.800000000000000000e+02
9.461000000000000000e+03 -9.040000000000000000e+02 3.520000000000000000e+02 -2.880000000000000000e+02
9.501000000000000000e+03 -9.200000000000000000e+02 3.520000000000000000e+02 -3.120000000000000000e+02
9.541000000000000000e+03 -9.200000000000000000e+02 3.520000000000000000e+02 -3.200000000000000000e+02
9.581000000000000000e+03 -9.280000000000000000e+02 3.440000000000000000e+02 -3.040000000000000000e+02
9.621000000000000000e+03 -9.280000000000000000e+02 3.280000000000000000e+02 -2.960000000000000000e+02
9.661000000000000000e+03 -9.200000000000000000e+02 3.520000000000000000e+02 -3.120000000000000000e+02
9.701000000000000000e+03 -9.200000000000000000e+02 3.440000000000000000e+02 -3.120000000000000000e+02
9.741000000000000000e+03 -9.200000000000000000e+02 3.520000000000000000e+02 -3.120000000000000000e+02
9.781000000000000000e+03 -9.040000000000000000e+02 3.520000000000000000e+02 -3.040000000000000000e+02
9.821000000000000000e+03 -9.120000000000000000e+02 3.440000000000000000e+02 -3.200000000000000000e+02
9.861000000000000000e+03 -9.040000000000000000e+02 3.360000000000000000e+02 -3.120000000000000000e+02
9.901000000000000000e+03 -8.960000000000000000e+02 3.280000000000000000e+02 -2.800000000000000000e+02
9.941000000000000000e+03 -9.040000000000000000e+02 3.280000000000000000e+02 -3.440000000000000000e+02
9.974000000000000000e+03 -9.040000000000000000e+02 3.200000000000000000e+02 -3.520000000000000000e+02
1.001400000000000000e+04 -9.120000000000000000e+02 2.960000000000000000e+02 -3.680000000000000000e+02
1.005400000000000000e+04 -8.960000000000000000e+02 3.120000000000000000e+02 -3.920000000000000000e+02
1.009400000000000000e+04 -8.960000000000000000e+02 2.560000000000000000e+02 -4.000000000000000000e+02
1.013400000000000000e+04 -9.040000000000000000e+02 2.480000000000000000e+02 -4.160000000000000000e+02
1.017400000000000000e+04 -8.880000000000000000e+02 2.720000000000000000e+02 -4.080000000000000000e+02
1.021400000000000000e+04 -8.560000000000000000e+02 3.120000000000000000e+02 -4.160000000000000000e+02
1.025400000000000000e+04 -8.240000000000000000e+02 2.960000000000000000e+02 -4.080000000000000000e+02
1.029400000000000000e+04 -8.320000000000000000e+02 2.880000000000000000e+02 -4.560000000000000000e+02
1.033400000000000000e+04 -7.760000000000000000e+02 3.760000000000000000e+02 -5.360000000000000000e+02
1.037400000000000000e+04 -7.520000000000000000e+02 3.360000000000000000e+02 -5.920000000000000000e+02
1.041400000000000000e+04 -7.120000000000000000e+02 3.040000000000000000e+02 -5.200000000000000000e+02
1.045400000000000000e+04 -6.800000000000000000e+02 4.240000000000000000e+02 -6.000000000000000000e+02
1.049400000000000000e+04 -6.160000000000000000e+02 5.040000000000000000e+02 -4.960000000000000000e+02
1.053400000000000000e+04 -5.600000000000000000e+02 5.440000000000000000e+02 -5.040000000000000000e+02
1.057400000000000000e+04 -4.720000000000000000e+02 5.200000000000000000e+02 -5.680000000000000000e+02
1.061400000000000000e+04 -3.920000000000000000e+02 6.720000000000000000e+02 -6.720000000000000000e+02
1.065400000000000000e+04 -3.680000000000000000e+02 7.120000000000000000e+02 -7.280000000000000000e+02
1.069400000000000000e+04 -3.440000000000000000e+02 6.800000000000000000e+02 -8.160000000000000000e+02
1.073400000000000000e+04 -2.960000000000000000e+02 6.880000000000000000e+02 -8.960000000000000000e+02
1.077400000000000000e+04 -2.560000000000000000e+02 6.800000000000000000e+02 -8.640000000000000000e+02
1.081400000000000000e+04 -2.320000000000000000e+02 6.720000000000000000e+02 -8.160000000000000000e+02
1.085400000000000000e+04 -1.920000000000000000e+02 6.560000000000000000e+02 -8.000000000000000000e+02
1.089400000000000000e+04 -1.760000000000000000e+02 6.240000000000000000e+02 -7.680000000000000000e+02
1.093400000000000000e+04 -1.360000000000000000e+02 6.640000000000000000e+02 -8.000000000000000000e+02
1.096700000000000000e+04 -1.200000000000000000e+02 6.480000000000000000e+02 -8.080000000000000000e+02
1.100700000000000000e+04 -9.600000000000000000e+01 7.040000000000000000e+02 -7.360000000000000000e+02
1.104700000000000000e+04 -1.120000000000000000e+02 6.800000000000000000e+02 -8.480000000000000000e+02
1.108700000000000000e+04 -8.000000000000000000e+01 6.160000000000000000e+02 -7.920000000000000000e+02
1.112700000000000000e+04 -8.000000000000000000e+01 6.160000000000000000e+02 -7.280000000000000000e+02
1.116700000000000000e+04 -7.200000000000000000e+01 6.240000000000000000e+02 -7.840000000000000000e+02
1.120700000000000000e+04 -6.400000000000000000e+01 6.320000000000000000e+02 -9.360000000000000000e+02
1.124700000000000000e+04 -5.600000000000000000e+01 5.840000000000000000e+02 -8.400000000000000000e+02
1.128700000000000000e+04 -8.800000000000000000e+01 5.840000000000000000e+02 -8.640000000000000000e+02
1.132700000000000000e+04 -8.800000000000000000e+01 5.680000000000000000e+02 -8.640000000000000000e+02
1.136700000000000000e+04 -8.000000000000000000e+01 5.760000000000000000e+02 -8.320000000000000000e+02
1.140700000000000000e+04 -8.000000000000000000e+01 5.680000000000000000e+02 -8.320000000000000000e+02
1.144700000000000000e+04 -8.000000000000000000e+01 5.680000000000000000e+02 -8.400000000000000000e+02
1.148700000000000000e+04 -8.800000000000000000e+01 5.600000000000000000e+02 -8.320000000000000000e+02
1.152700000000000000e+04 -1.040000000000000000e+02 5.760000000000000000e+02 -8.400000000000000000e+02
1.156700000000000000e+04 -8.800000000000000000e+01 5.440000000000000000e+02 -8.560000000000000000e+02
1.160700000000000000e+04 -8.800000000000000000e+01 5.360000000000000000e+02 -8.480000000000000000e+02
1.164700000000000000e+04 -8.800000000000000000e+01 5.280000000000000000e+02 -8.160000000000000000e+02
1.168700000000000000e+04 -8.800000000000000000e+01 5.440000000000000000e+02 -8.560000000000000000e+02
1.172700000000000000e+04 -8.800000000000000000e+01 5.520000000000000000e+02 -8.400000000000000000e+02
1.176700000000000000e+04 -8.800000000000000000e+01 5.520000000000000000e+02 -8.320000000000000000e+02
1.180700000000000000e+04 -9.600000000000000000e+01 5.520000000000000000e+02 -8.240000000000000000e+02
1.184700000000000000e+04 -1.040000000000000000e+02 5.680000000000000000e+02 -8.160000000000000000e+02
1.188700000000000000e+04 -1.200000000000000000e+02 5.760000000000000000e+02 -8.400000000000000000e+02
1.192700000000000000e+04 -1.040000000000000000e+02 5.600000000000000000e+02 -8.400000000000000000e+02
1.195900000000000000e+04 -1.120000000000000000e+02 5.520000000000000000e+02 -8.560000000000000000e+02
1.199900000000000000e+04 -8.000000000000000000e+01 5.520000000000000000e+02 -8.240000000000000000e+02
1.203900000000000000e+04 -8.800000000000000000e+01 5.680000000000000000e+02 -8.320000000000000000e+02
1.207900000000000000e+04 -8.800000000000000000e+01 5.680000000000000000e+02 -8.160000000000000000e+02
1.211900000000000000e+04 -1.200000000000000000e+02 5.600000000000000000e+02 -8.160000000000000000e+02
1.215900000000000000e+04 -9.600000000000000000e+01 5.760000000000000000e+02 -8.400000000000000000e+02
1.219900000000000000e+04 -9.600000000000000000e+01 5.760000000000000000e+02 -8.320000000000000000e+02
1.223900000000000000e+04 -8.800000000000000000e+01 5.840000000000000000e+02 -8.240000000000000000e+02
1.227900000000000000e+04 -7.200000000000000000e+01 5.760000000000000000e+02 -8.320000000000000000e+02
1.231900000000000000e+04 -7.200000000000000000e+01 5.920000000000000000e+02 -8.480000000000000000e+02
1.235900000000000000e+04 -7.200000000000000000e+01 5.840000000000000000e+02 -8.240000000000000000e+02
1.239900000000000000e+04 -8.000000000000000000e+01 5.840000000000000000e+02 -8.320000000000000000e+02
1.243900000000000000e+04 -9.600000000000000000e+01 5.840000000000000000e+02 -8.400000000000000000e+02
1.247900000000000000e+04 -9.600000000000000000e+01 5.600000000000000000e+02 -8.240000000000000000e+02
1.251900000000000000e+04 -9.600000000000000000e+01 5.680000000000000000e+02 -8.480000000000000000e+02
1.255900000000000000e+04 -8.800000000000000000e+01 5.840000000000000000e+02 -8.400000000000000000e+02
1.259900000000000000e+04 -1.120000000000000000e+02 5.680000000000000000e+02 -8.560000000000000000e+02
1.263900000000000000e+04 -1.200000000000000000e+02 5.680000000000000000e+02 -8.240000000000000000e+02
1.267900000000000000e+04 -7.200000000000000000e+01 5.760000000000000000e+02 -8.400000000000000000e+02
1.271900000000000000e+04 -8.000000000000000000e+01 5.760000000000000000e+02 -8.640000000000000000e+02
1.275900000000000000e+04 -6.400000000000000000e+01 5.520000000000000000e+02 -8.400000000000000000e+02
1.279900000000000000e+04 -7.200000000000000000e+01 5.200000000000000000e+02 -8.480000000000000000e+02
1.283900000000000000e+04 -8.800000000000000000e+01 5.440000000000000000e+02 -8.240000000000000000e+02
1.287900000000000000e+04 -9.600000000000000000e+01 5.520000000000000000e+02 -8.320000000000000000e+02
1.291900000000000000e+04 -8.800000000000000000e+01 5.600000000000000000e+02 -8.640000000000000000e+02
1.295100000000000000e+04 -8.000000000000000000e+01 5.600000000000000000e+02 -8.320000000000000000e+02
1.299100000000000000e+04 -8.800000000000000000e+01 5.680000000000000000e+02 -8.160000000000000000e+02
1.303100000000000000e+04 -8.800000000000000000e+01 5.600000000000000000e+02 -8.560000000000000000e+02
1.307100000000000000e+04 -6.400000000000000000e+01 5.440000000000000000e+02 -8.320000000000000000e+02
1.311100000000000000e+04 -7.200000000000000000e+01 5.520000000000000000e+02 -8.400000000000000000e+02
1.315100000000000000e+04 -8.000000000000000000e+01 5.600000000000000000e+02 -8.480000000000000000e+02
1.319100000000000000e+04 -9.600000000000000000e+01 5.600000000000000000e+02 -8.400000000000000000e+02
1.323100000000000000e+04 -9.600000000000000000e+01 5.680000000000000000e+02 -8.480000000000000000e+02
1.327100000000000000e+04 -8.800000000000000000e+01 5.680000000000000000e+02 -8.240000000000000000e+02
1.331100000000000000e+04 -8.800000000000000000e+01 5.600000000000000000e+02 -8.400000000000000000e+02
1.335100000000000000e+04 -8.800000000000000000e+01 5.680000000000000000e+02 -8.320000000000000000e+02
1.339100000000000000e+04 -8.800000000000000000e+01 5.760000000000000000e+02 -8.400000000000000000e+02
1.343100000000000000e+04 -1.040000000000000000e+02 5.600000000000000000e+02 -8.800000000000000000e+02
1.347100000000000000e+04 -9.600000000000000000e+01 5.600000000000000000e+02 -8.320000000000000000e+02
1.351100000000000000e+04 -8.800000000000000000e+01 5.600000000000000000e+02 -8.160000000000000000e+02
1.355100000000000000e+04 -8.000000000000000000e+01 5.840000000000000000e+02 -8.640000000000000000e+02
1.359100000000000000e+04 -8.800000000000000000e+01 5.760000000000000000e+02 -8.400000000000000000e+02
1.363100000000000000e+04 -8.800000000000000000e+01 5.760000000000000000e+02 -8.240000000000000000e+02
1.367100000000000000e+04 -1.040000000000000000e+02 5.680000000000000000e+02 -8.240000000000000000e+02
1.371100000000000000e+04 -8.000000000000000000e+01 5.840000000000000000e+02 -8.400000000000000000e+02
1.375100000000000000e+04 -8.000000000000000000e+01 5.520000000000000000e+02 -8.560000000000000000e+02
1.379100000000000000e+04 -8.800000000000000000e+01 5.360000000000000000e+02 -8.320000000000000000e+02
1.383100000000000000e+04 -8.800000000000000000e+01 5.440000000000000000e+02 -8.400000000000000000e+02
1.387100000000000000e+04 -8.800000000000000000e+01 5.600000000000000000e+02 -8.480000000000000000e+02
1.391100000000000000e+04 -8.800000000000000000e+01 5.600000000000000000e+02 -8.320000000000000000e+02
1.394300000000000000e+04 -9.600000000000000000e+01 5.360000000000000000e+02 -8.240000000000000000e+02
1.398300000000000000e+04 -1.040000000000000000e+02 5.840000000000000000e+02 -8.400000000000000000e+02
1.402300000000000000e+04 -1.120000000000000000e+02 5.680000000000000000e+02 -8.560000000000000000e+02
1.406300000000000000e+04 -1.040000000000000000e+02 5.680000000000000000e+02 -8.000000000000000000e+02
1.410300000000000000e+04 -9.600000000000000000e+01 5.680000000000000000e+02 -8.320000000000000000e+02
1.414300000000000000e+04 -8.000000000000000000e+01 5.440000000000000000e+02 -8.560000000000000000e+02
1.418300000000000000e+04 -6.400000000000000000e+01 5.600000000000000000e+02 -8.320000000000000000e+02
1.422300000000000000e+04 -8.000000000000000000e+01 5.680000000000000000e+02 -8.400000000000000000e+02
1.426300000000000000e+04 -1.040000000000000000e+02 5.600000000000000000e+02 -8.400000000000000000e+02
1.430300000000000000e+04 -8.800000000000000000e+01 5.600000000000000000e+02 -8.320000000000000000e+02
1.434300000000000000e+04 -8.000000000000000000e+01 5.680000000000000000e+02 -8.480000000000000000e+02
1.438300000000000000e+04 -8.800000000000000000e+01 5.600000000000000000e+02 -8.400000000000000000e+02
1.442300000000000000e+04 -8.000000000000000000e+01 5.600000000000000000e+02 -8.480000000000000000e+02
1.446300000000000000e+04 -8.800000000000000000e+01 5.440000000000000000e+02 -8.080000000000000000e+02
1.450300000000000000e+04 -1.040000000000000000e+02 5.520000000000000000e+02 -8.320000000000000000e+02
1.454300000000000000e+04 -8.800000000000000000e+01 5.520000000000000000e+02 -8.320000000000000000e+02
1.458300000000000000e+04 -8.000000000000000000e+01 5.520000000000000000e+02 -8.400000000000000000e+02
1.462300000000000000e+04 -8.000000000000000000e+01 5.520000000000000000e+02 -8.400000000000000000e+02
1.466300000000000000e+04 -9.600000000000000000e+01 5.520000000000000000e+02 -8.240000000000000000e+02
1.470300000000000000e+04 -1.200000000000000000e+02 5.600000000000000000e+02 -8.480000000000000000e+02
1.474300000000000000e+04 -9.600000000000000000e+01 5.440000000000000000e+02 -8.320000000000000000e+02
1.478300000000000000e+04 -8.800000000000000000e+01 5.440000000000000000e+02 -8.560000000000000000e+02
1.482300000000000000e+04 -8.800000000000000000e+01 5.600000000000000000e+02 -8.560000000000000000e+02
1.486300000000000000e+04 -8.800000000000000000e+01 5.520000000000000000e+02 -8.880000000000000000e+02
1.490300000000000000e+04 -9.600000000000000000e+01 5.600000000000000000e+02 -8.480000000000000000e+02
1.493500000000000000e+04 -8.000000000000000000e+01 5.600000000000000000e+02 -8.480000000000000000e+02
1.497500000000000000e+04 -8.800000000000000000e+01 5.600000000000000000e+02 -8.560000000000000000e+02
1.501500000000000000e+04 -8.000000000000000000e+01 5.360000000000000000e+02 -8.560000000000000000e+02
1.505500000000000000e+04 -1.040000000000000000e+02 5.440000000000000000e+02 -8.320000000000000000e+02
1.509500000000000000e+04 -8.800000000000000000e+01 5.360000000000000000e+02 -8.400000000000000000e+02
1.513500000000000000e+04 -8.800000000000000000e+01 5.440000000000000000e+02 -8.480000000000000000e+02
1.517500000000000000e+04 -1.040000000000000000e+02 5.440000000000000000e+02 -8.400000000000000000e+02
1.521500000000000000e+04 -9.600000000000000000e+01 5.520000000000000000e+02 -8.560000000000000000e+02
1.525500000000000000e+04 -8.800000000000000000e+01 5.520000000000000000e+02 -8.400000000000000000e+02
1.529500000000000000e+04 -8.800000000000000000e+01 5.520000000000000000e+02 -8.400000000000000000e+02
1.533500000000000000e+04 -8.800000000000000000e+01 5.440000000000000000e+02 -8.400000000000000000e+02
1.537500000000000000e+04 -8.000000000000000000e+01 5.440000000000000000e+02 -8.480000000000000000e+02
1.541500000000000000e+04 -8.800000000000000000e+01 5.520000000000000000e+02 -8.640000000000000000e+02
1.545500000000000000e+04 -9.600000000000000000e+01 5.520000000000000000e+02 -8.400000000000000000e+02
1.549500000000000000e+04 -8.800000000000000000e+01 5.680000000000000000e+02 -8.400000000000000000e+02
1.553500000000000000e+04 -1.040000000000000000e+02 5.760000000000000000e+02 -8.080000000000000000e+02
1.557500000000000000e+04 -7.200000000000000000e+01 5.600000000000000000e+02 -8.480000000000000000e+02
1.561500000000000000e+04 -8.000000000000000000e+01 5.600000000000000000e+02 -8.480000000000000000e+02
1.565500000000000000e+04 -8.800000000000000000e+01 5.520000000000000000e+02 -8.480000000000000000e+02
1.569500000000000000e+04 -9.600000000000000000e+01 5.520000000000000000e+02 -8.080000000000000000e+02
1.573500000000000000e+04 -9.600000000000000000e+01 5.520000000000000000e+02 -8.480000000000000000e+02
1.577500000000000000e+04 -9.600000000000000000e+01 5.600000000000000000e+02 -8.560000000000000000e+02
1.581500000000000000e+04 -9.600000000000000000e+01 5.600000000000000000e+02 -8.240000000000000000e+02
1.585500000000000000e+04 -8.800000000000000000e+01 5.600000000000000000e+02 -8.720000000000000000e+02
1.589500000000000000e+04 -9.600000000000000000e+01 5.600000000000000000e+02 -8.400000000000000000e+02
1.592700000000000000e+04 -8.800000000000000000e+01 5.600000000000000000e+02 -8.480000000000000000e+02
1.596700000000000000e+04 -8.800000000000000000e+01 5.600000000000000000e+02 -8.240000000000000000e+02
1.600700000000000000e+04 -8.000000000000000000e+01 5.680000000000000000e+02 -8.640000000000000000e+02
1.604700000000000000e+04 -8.000000000000000000e+01 5.680000000000000000e+02 -8.400000000000000000e+02
1.608700000000000000e+04 -8.800000000000000000e+01 5.920000000000000000e+02 -8.480000000000000000e+02
1.612700000000000000e+04 -8.800000000000000000e+01 5.840000000000000000e+02 -8.080000000000000000e+02
1.616700000000000000e+04 -8.800000000000000000e+01 5.680000000000000000e+02 -8.480000000000000000e+02
1.620700000000000000e+04 -8.800000000000000000e+01 5.680000000000000000e+02 -8.320000000000000000e+02
1.624700000000000000e+04 -8.000000000000000000e+01 5.520000000000000000e+02 -8.320000000000000000e+02
1.628700000000000000e+04 -8.800000000000000000e+01 5.600000000000000000e+02 -8.320000000000000000e+02
1.632700000000000000e+04 -7.200000000000000000e+01 5.520000000000000000e+02 -8.720000000000000000e+02
1.636700000000000000e+04 -8.800000000000000000e+01 5.600000000000000000e+02 -8.320000000000000000e+02
1.640700000000000000e+04 -8.800000000000000000e+01 5.680000000000000000e+02 -8.720000000000000000e+02
1.644700000000000000e+04 -8.800000000000000000e+01 5.680000000000000000e+02 -8.400000000000000000e+02
1.648700000000000000e+04 -8.800000000000000000e+01 5.840000000000000000e+02 -8.480000000000000000e+02
1.652700000000000000e+04 -7.200000000000000000e+01 5.600000000000000000e+02 -8.240000000000000000e+02
1.656700000000000000e+04 -8.000000000000000000e+01 5.600000000000000000e+02 -8.240000000000000000e+02
1.660700000000000000e+04 -8.000000000000000000e+01 5.600000000000000000e+02 -8.320000000000000000e+02
1.664700000000000000e+04 -6.400000000000000000e+01 5.600000000000000000e+02 -8.240000000000000000e+02
1.668700000000000000e+04 -8.000000000000000000e+01 5.520000000000000000e+02 -8.320000000000000000e+02
1.672700000000000000e+04 -9.600000000000000000e+01 5.440000000000000000e+02 -8.800000000000000000e+02
1.676700000000000000e+04 -7.200000000000000000e+01 5.360000000000000000e+02 -8.240000000000000000e+02
1.680700000000000000e+04 -7.200000000000000000e+01 5.520000000000000000e+02 -8.320000000000000000e+02
1.684700000000000000e+04 -8.800000000000000000e+01 5.520000000000000000e+02 -8.640000000000000000e+02
1.688700000000000000e+04 -8.800000000000000000e+01 5.600000000000000000e+02 -8.240000000000000000e+02
1.692000000000000000e+04 -8.800000000000000000e+01 5.600000000000000000e+02 -8.400000000000000000e+02
1.696000000000000000e+04 -8.800000000000000000e+01 5.440000000000000000e+02 -7.360000000000000000e+02
1.700000000000000000e+04 -8.000000000000000000e+01 5.680000000000000000e+02 -8.400000000000000000e+02
1.704000000000000000e+04 -8.800000000000000000e+01 5.760000000000000000e+02 -8.400000000000000000e+02
1.708000000000000000e+04 -8.800000000000000000e+01 5.600000000000000000e+02 -8.400000000000000000e+02
1.712000000000000000e+04 -8.000000000000000000e+01 5.360000000000000000e+02 -8.320000000000000000e+02
1.716000000000000000e+04 -9.600000000000000000e+01 5.440000000000000000e+02 -8.160000000000000000e+02
1.720000000000000000e+04 -1.040000000000000000e+02 5.520000000000000000e+02 -8.480000000000000000e+02
1.724000000000000000e+04 -9.600000000000000000e+01 5.600000000000000000e+02 -8.560000000000000000e+02
1.728000000000000000e+04 -9.600000000000000000e+01 5.600000000000000000e+02 -7.840000000000000000e+02
1.732000000000000000e+04 -8.000000000000000000e+01 5.840000000000000000e+02 -8.320000000000000000e+02
1.736000000000000000e+04 -6.400000000000000000e+01 5.760000000000000000e+02 -8.400000000000000000e+02
1.740000000000000000e+04 -7.200000000000000000e+01 5.600000000000000000e+02 -8.400000000000000000e+02
1.744000000000000000e+04 -8.000000000000000000e+01 5.760000000000000000e+02 -8.400000000000000000e+02
1.748000000000000000e+04 -8.800000000000000000e+01 5.680000000000000000e+02 -7.920000000000000000e+02
1.752000000000000000e+04 -8.000000000000000000e+01 5.600000000000000000e+02 -8.480000000000000000e+02
1.756000000000000000e+04 -8.800000000000000000e+01 5.680000000000000000e+02 -8.400000000000000000e+02
1.760000000000000000e+04 -8.800000000000000000e+01 5.680000000000000000e+02 -8.320000000000000000e+02
1.764000000000000000e+04 -8.000000000000000000e+01 5.760000000000000000e+02 -8.480000000000000000e+02
1.768000000000000000e+04 -6.400000000000000000e+01 5.840000000000000000e+02 -8.240000000000000000e+02
1.772000000000000000e+04 -8.000000000000000000e+01 5.760000000000000000e+02 -8.400000000000000000e+02
1.776000000000000000e+04 -8.000000000000000000e+01 5.760000000000000000e+02 -8.240000000000000000e+02
1.780000000000000000e+04 -8.800000000000000000e+01 5.600000000000000000e+02 -8.480000000000000000e+02
1.784000000000000000e+04 -8.800000000000000000e+01 5.600000000000000000e+02 -8.400000000000000000e+02
1.788000000000000000e+04 -9.600000000000000000e+01 5.680000000000000000e+02 -8.320000000000000000e+02
1.791200000000000000e+04 -9.600000000000000000e+01 5.600000000000000000e+02 -8.240000000000000000e+02
1.795200000000000000e+04 -8.800000000000000000e+01 5.680000000000000000e+02 -8.400000000000000000e+02
1.799200000000000000e+04 -8.000000000000000000e+01 5.680000000000000000e+02 -8.400000000000000000e+02
1.803200000000000000e+04 -7.200000000000000000e+01 5.600000000000000000e+02 -8.080000000000000000e+02
1.807200000000000000e+04 -8.000000000000000000e+01 5.680000000000000000e+02 -8.080000000000000000e+02
1.811200000000000000e+04 -8.000000000000000000e+01 5.680000000000000000e+02 -8.400000000000000000e+02
1.815200000000000000e+04 -6.400000000000000000e+01 5.680000000000000000e+02 -8.480000000000000000e+02
1.819200000000000000e+04 -7.200000000000000000e+01 5.600000000000000000e+02 -8.480000000000000000e+02
1.823200000000000000e+04 -7.200000000000000000e+01 5.600000000000000000e+02 -8.480000000000000000e+02
1.827200000000000000e+04 -8.000000000000000000e+01 5.520000000000000000e+02 -8.480000000000000000e+02
1.831200000000000000e+04 -8.000000000000000000e+01 5.920000000000000000e+02 -8.320000000000000000e+02
1.835200000000000000e+04 -8.000000000000000000e+01 5.760000000000000000e+02 -8.240000000000000000e+02
1.839200000000000000e+04 -8.000000000000000000e+01 5.680000000000000000e+02 -8.400000000000000000e+02
1.843200000000000000e+04 -8.000000000000000000e+01 5.680000000000000000e+02 -8.240000000000000000e+02
1.847200000000000000e+04 -1.120000000000000000e+02 5.520000000000000000e+02 -8.400000000000000000e+02
1.851200000000000000e+04 -9.600000000000000000e+01 5.600000000000000000e+02 -8.480000000000000000e+02
1.855200000000000000e+04 -8.800000000000000000e+01 5.600000000000000000e+02 -8.480000000000000000e+02
1.859200000000000000e+04 -9.600000000000000000e+01 5.520000000000000000e+02 -8.400000000000000000e+02
1.863200000000000000e+04 -8.800000000000000000e+01 5.600000000000000000e+02 -8.720000000000000000e+02
1.867200000000000000e+04 -8.800000000000000000e+01 5.600000000000000000e+02 -8.240000000000000000e+02
1.871200000000000000e+04 -6.400000000000000000e+01 5.600000000000000000e+02 -8.320000000000000000e+02
1.875200000000000000e+04 -8.000000000000000000e+01 5.520000000000000000e+02 -8.320000000000000000e+02
1.879200000000000000e+04 -8.000000000000000000e+01 5.520000000000000000e+02 -8.720000000000000000e+02
1.883200000000000000e+04 -8.000000000000000000e+01 5.520000000000000000e+02 -8.320000000000000000e+02
1.887200000000000000e+04 -8.800000000000000000e+01 5.520000000000000000e+02 -8.320000000000000000e+02
1.890500000000000000e+04 -8.800000000000000000e+01 5.600000000000000000e+02 -8.160000000000000000e+02
1.894500000000000000e+04 -6.400000000000000000e+01 5.680000000000000000e+02 -8.400000000000000000e+02
1.898500000000000000e+04 -8.000000000000000000e+01 5.680000000000000000e+02 -8.320000000000000000e+02
1.902500000000000000e+04 -1.040000000000000000e+02 5.680000000000000000e+02 -8.800000000000000000e+02
1.906500000000000000e+04 -9.600000000000000000e+01 5.680000000000000000e+02 -8.320000000000000000e+02
1.910500000000000000e+04 -8.800000000000000000e+01 5.680000000000000000e+02 -8.480000000000000000e+02
1.914500000000000000e+04 -8.800000000000000000e+01 5.600000000000000000e+02 -8.480000000000000000e+02
1.918500000000000000e+04 -9.600000000000000000e+01 5.600000000000000000e+02 -8.480000000000000000e+02
1.922500000000000000e+04 -8.800000000000000000e+01 5.600000000000000000e+02 -8.320000000000000000e+02
1.926500000000000000e+04 -8.800000000000000000e+01 5.600000000000000000e+02 -8.560000000000000000e+02
1.930500000000000000e+04 -8.800000000000000000e+01 5.600000000000000000e+02 -8.400000000000000000e+02
1.934500000000000000e+04 -8.800000000000000000e+01 5.680000000000000000e+02 -8.320000000000000000e+02
1.938500000000000000e+04 -8.800000000000000000e+01 5.680000000000000000e+02 -8.000000000000000000e+02
1.942500000000000000e+04 -8.800000000000000000e+01 5.680000000000000000e+02 -8.240000000000000000e+02
1.946500000000000000e+04 -8.800000000000000000e+01 5.760000000000000000e+02 -8.560000000000000000e+02
1.950500000000000000e+04 -8.000000000000000000e+01 5.680000000000000000e+02 -8.560000000000000000e+02
1.954500000000000000e+04 -8.000000000000000000e+01 5.680000000000000000e+02 -8.320000000000000000e+02
1.958500000000000000e+04 -7.200000000000000000e+01 5.680000000000000000e+02 -8.320000000000000000e+02
1.962500000000000000e+04 -8.800000000000000000e+01 5.600000000000000000e+02 -8.560000000000000000e+02
1.966500000000000000e+04 -8.000000000000000000e+01 5.680000000000000000e+02 -8.400000000000000000e+02
1.970500000000000000e+04 -8.000000000000000000e+01 5.520000000000000000e+02 -8.480000000000000000e+02
1.974500000000000000e+04 -8.800000000000000000e+01 5.600000000000000000e+02 -8.320000000000000000e+02
1.978500000000000000e+04 -8.800000000000000000e+01 5.600000000000000000e+02 -8.400000000000000000e+02
1.982500000000000000e+04 -8.000000000000000000e+01 5.520000000000000000e+02 -8.320000000000000000e+02
1.986500000000000000e+04 -8.800000000000000000e+01 5.520000000000000000e+02 -8.320000000000000000e+02
