1.210850000000000000e+05 2.400000000000000000e+01 -2.400000000000000000e+01 -1.032000000000000000e+03
1.211250000000000000e+05 8.000000000000000000e+00 -2.400000000000000000e+01 -1.048000000000000000e+03
1.211650000000000000e+05 1.600000000000000000e+01 -2.400000000000000000e+01 -1.032000000000000000e+03
1.212050000000000000e+05 2.400000000000000000e+01 -2.400000000000000000e+01 -1.024000000000000000e+03
1.212450000000000000e+05 2.400000000000000000e+01 -2.400000000000000000e+01 -1.032000000000000000e+03
1.212850000000000000e+05 2.400000000000000000e+01 -2.400000000000000000e+01 -1.032000000000000000e+03
1.213250000000000000e+05 2.400000000000000000e+01 -2.400000000000000000e+01 -1.040000000000000000e+03
1.213650000000000000e+05 2.400000000000000000e+01 -2.400000000000000000e+01 -1.024000000000000000e+03
1.214050000000000000e+05 1.600000000000000000e+01 -2.400000000000000000e+01 -1.032000000000000000e+03
1.214450000000000000e+05 1.600000000000000000e+01 -2.400000000000000000e+01 -1.032000000000000000e+03
1.214850000000000000e+05 1.600000000000000000e+01 -1.600000000000000000e+01 -1.024000000000000000e+03
1.215250000000000000e+05 8.000000000000000000e+00 -1.600000000000000000e+01 -1.048000000000000000e+03
1.215650000000000000e+05 8.000000000000000000e+00 -2.400000000000000000e+01 -1.040000000000000000e+03
1.216050000000000000e+05 8.000000000000000000e+00 -2.400000000000000000e+01 -1.032000000000000000e+03
1.216450000000000000e+05 8.000000000000000000e+00 -2.400000000000000000e+01 -1.032000000000000000e+03
1.216850000000000000e+05 8.000000000000000000e+00 -1.600000000000000000e+01 -1.040000000000000000e+03
1.217250000000000000e+05 8.000000000000000000e+00 -2.400000000000000000e+01 -1.040000000000000000e+03
1.217650000000000000e+05 1.600000000000000000e+01 -2.400000000000000000e+01 -1.024000000000000000e+03
1.218050000000000000e+05 1.600000000000000000e+01 -2.400000000000000000e+01 -1.040000000000000000e+03
1.218450000000000000e+05 2.400000000000000000e+01 -2.400000000000000000e+01 -1.024000000000000000e+03
1.218850000000000000e+05 1.600000000000000000e+01 -2.400000000000000000e+01 -1.024000000000000000e+03
1.219250000000000000e+05 1.600000000000000000e+01 -2.400000000000000000e+01 -1.040000000000000000e+03
1.219650000000000000e+05 1.600000000000000000e+01 -3.200000000000000000e+01 -1.040000000000000000e+03
1.220050000000000000e+05 1.600000000000000000e+01 -2.400000000000000000e+01 -1.008000000000000000e+03
1.220450000000000000e+05 1.600000000000000000e+01 -2.400000000000000000e+01 -1.040000000000000000e+03
1.250520000000000000e+05 8.000000000000000000e+00 -4.000000000000000000e+01 -1.048000000000000000e+03
1.250920000000000000e+05 8.000000000000000000e+00 -1.600000000000000000e+01 -1.024000000000000000e+03
1.251320000000000000e+05 8.000000000000000000e+00 -2.400000000000000000e+01 -1.032000000000000000e+03
1.251720000000000000e+05 1.600000000000000000e+01 -1.600000000000000000e+01 -1.008000000000000000e+03
1.252120000000000000e+05 1.600000000000000000e+01 -3.200000000000000000e+01 -1.048000000000000000e+03
1.252520000000000000e+05 2.400000000000000000e+01 -1.600000000000000000e+01 -1.032000000000000000e+03
1.252920000000000000e+05 1.600000000000000000e+01 -3.200000000000000000e+01 -1.016000000000000000e+03
1.253320000000000000e+05 8.000000000000000000e+00 -8.000000000000000000e+00 -1.024000000000000000e+03
1.253720000000000000e+05 1.600000000000000000e+01 -3.200000000000000000e+01 -1.032000000000000000e+03
1.254120000000000000e+05 1.600000000000000000e+01 -1.600000000000000000e+01 -1.016000000000000000e+03
1.254520000000000000e+05 2.400000000000000000e+01 -8.000000000000000000e+00 -9.840000000000000000e+02
1.254920000000000000e+05 2.400000000000000000e+01 -8.000000000000000000e+00 -1.024000000000000000e+03
1.255320000000000000e+05 2.400000000000000000e+01 -1.600000000000000000e+01 -1.008000000000000000e+03
1.255720000000000000e+05 2.400000000000000000e+01 -2.400000000000000000e+01 -1.032000000000000000e+03
1.256120000000000000e+05 1.600000000000000000e+01 -2.400000000000000000e+01 -1.048000000000000000e+03
1.256520000000000000e+05 0.000000000000000000e+00 0.000000000000000000e+00 -1.048000000000000000e+03
1.256920000000000000e+05 8.000000000000000000e+00 -8.000000000000000000e+00 -1.008000000000000000e+03
1.257320000000000000e+05 1.600000000000000000e+01 -1.600000000000000000e+01 -1.048000000000000000e+03
1.257720000000000000e+05 1.600000000000000000e+01 -1.600000000000000000e+01 -1.032000000000000000e+03
1.258120000000000000e+05 2.400000000000000000e+01 -2.400000000000000000e+01 -1.032000000000000000e+03
1.258520000000000000e+05 1.600000000000000000e+01 -2.400000000000000000e+01 -1.040000000000000000e+03
1.258920000000000000e+05 8.000000000000000000e+00 -2.400000000000000000e+01 -1.048000000000000000e+03
1.259320000000000000e+05 8.000000000000000000e+00 -2.400000000000000000e+01 -1.024000000000000000e+03
1.259720000000000000e+05 1.600000000000000000e+01 -2.400000000000000000e+01 -1.032000000000000000e+03
1.260120000000000000e+05 1.600000000000000000e+01 -2.400000000000000000e+01 -1.032000000000000000e+03
1.290190000000000000e+05 1.600000000000000000e+01 -2.400000000000000000e+01 -1.048000000000000000e+03
1.290590000000000000e+05 1.600000000000000000e+01 -2.400000000000000000e+01 -1.040000000000000000e+03
1.290990000000000000e+05 1.600000000000000000e+01 -1.600000000000000000e+01 -1.032000000000000000e+03
1.291390000000000000e+05 1.600000000000000000e+01 -2.400000000000000000e+01 -1.040000000000000000e+03
1.291790000000000000e+05 1.600000000000000000e+01 -2.400000000000000000e+01 -1.016000000000000000e+03
1.292190000000000000e+05 1.600000000000000000e+01 -2.400000000000000000e+01 -1.016000000000000000e+03
1.292590000000000000e+05 2.400000000000000000e+01 -2.400000000000000000e+01 -1.040000000000000000e+03
1.292990000000000000e+05 1.600000000000000000e+01 -2.400000000000000000e+01 -1.016000000000000000e+03
1.293390000000000000e+05 2.400000000000000000e+01 -1.600000000000000000e+01 -1.024000000000000000e+03
1.293790000000000000e+05 1.600000000000000000e+01 -2.400000000000000000e+01 -1.024000000000000000e+03
1.294190000000000000e+05 1.600000000000000000e+01 -3.200000000000000000e+01 -1.032000000000000000e+03
1.294590000000000000e+05 1.600000000000000000e+01 -2.400000000000000000e+01 -1.040000000000000000e+03
1.294990000000000000e+05 1.600000000000000000e+01 -2.400000000000000000e+01 -1.032000000000000000e+03
1.295390000000000000e+05 2.400000000000000000e+01 -2.400000000000000000e+01 -1.040000000000000000e+03
1.295790000000000000e+05 1.600000000000000000e+01 -2.400000000000000000e+01 -1.040000000000000000e+03
1.296190000000000000e+05 1.600000000000000000e+01 -2.400000000000000000e+01 -1.032000000000000000e+03
1.296590000000000000e+05 1.600000000000000000e+01 -2.400000000000000000e+01 -1.040000000000000000e+03
1.296990000000000000e+05 2.400000000000000000e+01 -2.400000000000000000e+01 -1.032000000000000000e+03
1.297390000000000000e+05 1.600000000000000000e+01 -1.600000000000000000e+01 -1.032000000000000000e+03
1.297790000000000000e+05 1.600000000000000000e+01 -2.400000000000000000e+01 -1.032000000000000000e+03
1.298190000000000000e+05 1.600000000000000000e+01 -2.400000000000000000e+01 -1.040000000000000000e+03
1.298590000000000000e+05 2.400000000000000000e+01 -2.400000000000000000e+01 -1.024000000000000000e+03
1.298990000000000000e+05 1.600000000000000000e+01 -2.400000000000000000e+01 -1.048000000000000000e+03
1.299390000000000000e+05 1.600000000000000000e+01 -2.400000000000000000e+01 -1.016000000000000000e+03
1.299790000000000000e+05 1.600000000000000000e+01 -1.600000000000000000e+01 -1.032000000000000000e+03
1.329860000000000000e+05 4.000000000000000000e+01 -3.200000000000000000e+01 -1.064000000000000000e+03
1.330260000000000000e+05 3.200000000000000000e+01 -1.600000000000000000e+01 -1.056000000000000000e+03
1.330660000000000000e+05 1.600000000000000000e+01 -3.200000000000000000e+01 -1.000000000000000000e+03
1.331060000000000000e+05 2.400000000000000000e+01 -3.200000000000000000e+01 -1.040000000000000000e+03
1.331460000000000000e+05 0.000000000000000000e+00 -3.200000000000000000e+01 -1.024000000000000000e+03
1.331860000000000000e+05 0.000000000000000000e+00 -3.200000000000000000e+01 -1.016000000000000000e+03
1.332260000000000000e+05 8.000000000000000000e+00 -4.000000000000000000e+01 -1.024000000000000000e+03
1.332660000000000000e+05 8.000000000000000000e+00 -4.000000000000000000e+01 -1.008000000000000000e+03
1.333060000000000000e+05 8.000000000000000000e+00 -3.200000000000000000e+01 -1.008000000000000000e+03
1.333460000000000000e+05 1.600000000000000000e+01 -2.400000000000000000e+01 -1.080000000000000000e+03
1.333860000000000000e+05 3.200000000000000000e+01 -1.600000000000000000e+01 -1.040000000000000000e+03
1.334260000000000000e+05 3.200000000000000000e+01 -1.600000000000000000e+01 -1.000000000000000000e+03
1.334660000000000000e+05 4.000000000000000000e+01 -1.600000000000000000e+01 -1.016000000000000000e+03
1.335060000000000000e+05 4.000000000000000000e+01 -3.200000000000000000e+01 -1.032000000000000000e+03
1.335460000000000000e+05 1.600000000000000000e+01 -2.400000000000000000e+01 -1.056000000000000000e+03
1.335860000000000000e+05 1.600000000000000000e+01 -2.400000000000000000e+01 -1.016000000000000000e+03
1.336260000000000000e+05 2.400000000000000000e+01 -4.000000000000000000e+01 -1.016000000000000000e+03
1.336660000000000000e+05 8.000000000000000000e+00 -2.400000000000000000e+01 -1.040000000000000000e+03
1.337060000000000000e+05 0.000000000000000000e+00 -2.400000000000000000e+01 -1.056000000000000000e+03
1.337460000000000000e+05 -8.000000000000000000e+00 -1.600000000000000000e+01 -1.016000000000000000e+03
1.337860000000000000e+05 1.600000000000000000e+01 -2.400000000000000000e+01 -1.040000000000000000e+03
1.338260000000000000e+05 1.600000000000000000e+01 -2.400000000000000000e+01 -1.048000000000000000e+03
1.338660000000000000e+05 1.600000000000000000e+01 -2.400000000000000000e+01 -1.024000000000000000e+03
1.339060000000000000e+05 8.000000000000000000e+00 -4.000000000000000000e+01 -1.040000000000000000e+03
1.339460000000000000e+05 1.600000000000000000e+01 -2.400000000000000000e+01 -1.024000000000000000e+03
1.369530000000000000e+05 1.600000000000000000e+01 -2.400000000000000000e+01 -1.032000000000000000e+03
1.369930000000000000e+05 2.400000000000000000e+01 -2.400000000000000000e+01 -1.008000000000000000e+03
1.370330000000000000e+05 1.600000000000000000e+01 -2.400000000000000000e+01 -1.040000000000000000e+03
1.370730000000000000e+05 2.400000000000000000e+01 -2.400000000000000000e+01 -1.040000000000000000e+03
1.371130000000000000e+05 1.600000000000000000e+01 -2.400000000000000000e+01 -1.032000000000000000e+03
1.371530000000000000e+05 1.600000000000000000e+01 -1.600000000000000000e+01 -1.032000000000000000e+03
1.371930000000000000e+05 1.600000000000000000e+01 -2.400000000000000000e+01 -1.024000000000000000e+03
1.372330000000000000e+05 1.600000000000000000e+01 -8.000000000000000000e+00 -1.024000000000000000e+03
1.372730000000000000e+05 2.400000000000000000e+01 -1.600000000000000000e+01 -1.032000000000000000e+03
1.373130000000000000e+05 2.400000000000000000e+01 -1.600000000000000000e+01 -1.048000000000000000e+03
1.373530000000000000e+05 2.400000000000000000e+01 -2.400000000000000000e+01 -1.032000000000000000e+03
1.373930000000000000e+05 2.400000000000000000e+01 -2.400000000000000000e+01 -1.032000000000000000e+03
1.374330000000000000e+05 2.400000000000000000e+01 -2.400000000000000000e+01 -1.032000000000000000e+03
1.374730000000000000e+05 1.600000000000000000e+01 -2.400000000000000000e+01 -1.032000000000000000e+03
1.375130000000000000e+05 1.600000000000000000e+01 -1.600000000000000000e+01 -1.024000000000000000e+03
1.375530000000000000e+05 1.600000000000000000e+01 -2.400000000000000000e+01 -1.024000000000000000e+03
1.375930000000000000e+05 8.000000000000000000e+00 -3.200000000000000000e+01 -1.024000000000000000e+03
1.376330000000000000e+05 1.600000000000000000e+01 -2.400000000000000000e+01 -1.032000000000000000e+03
1.376730000000000000e+05 1.600000000000000000e+01 -2.400000000000000000e+01 -1.016000000000000000e+03
1.377130000000000000e+05 1.600000000000000000e+01 -2.400000000000000000e+01 -1.040000000000000000e+03
1.377530000000000000e+05 2.400000000000000000e+01 -1.600000000000000000e+01 -1.024000000000000000e+03
1.377930000000000000e+05 1.600000000000000000e+01 -1.600000000000000000e+01 -1.040000000000000000e+03
1.378330000000000000e+05 2.400000000000000000e+01 -2.400000000000000000e+01 -1.032000000000000000e+03
1.378730000000000000e+05 2.400000000000000000e+01 -2.400000000000000000e+01 -1.032000000000000000e+03
1.379130000000000000e+05 2.400000000000000000e+01 -2.400000000000000000e+01 -1.040000000000000000e+03
1.409190000000000000e+05 1.600000000000000000e+01 -2.400000000000000000e+01 -1.032000000000000000e+03
1.409590000000000000e+05 2.400000000000000000e+01 -2.400000000000000000e+01 -1.024000000000000000e+03
1.409990000000000000e+05 1.600000000000000000e+01 -2.400000000000000000e+01 -1.032000000000000000e+03
1.410390000000000000e+05 1.600000000000000000e+01 -2.400000000000000000e+01 -1.024000000000000000e+03
1.410790000000000000e+05 1.600000000000000000e+01 -1.600000000000000000e+01 -1.048000000000000000e+03
1.411190000000000000e+05 1.600000000000000000e+01 -2.400000000000000000e+01 -1.024000000000000000e+03
1.411590000000000000e+05 1.600000000000000000e+01 -2.400000000000000000e+01 -1.032000000000000000e+03
1.411990000000000000e+05 2.400000000000000000e+01 -2.400000000000000000e+01 -1.024000000000000000e+03
1.412390000000000000e+05 1.600000000000000000e+01 -2.400000000000000000e+01 -1.040000000000000000e+03
1.412790000000000000e+05 2.400000000000000000e+01 -2.400000000000000000e+01 -1.048000000000000000e+03
1.413190000000000000e+05 1.600000000000000000e+01 -2.400000000000000000e+01 -1.032000000000000000e+03
1.413590000000000000e+05 8.000000000000000000e+00 -2.400000000000000000e+01 -1.032000000000000000e+03
1.413990000000000000e+05 8.000000000000000000e+00 -2.400000000000000000e+01 -1.040000000000000000e+03
1.414390000000000000e+05 1.600000000000000000e+01 -1.600000000000000000e+01 -1.032000000000000000e+03
1.414790000000000000e+05 1.600000000000000000e+01 -1.600000000000000000e+01 -1.040000000000000000e+03
1.415190000000000000e+05 2.400000000000000000e+01 -1.600000000000000000e+01 -1.040000000000000000e+03
1.415590000000000000e+05 2.400000000000000000e+01 -2.400000000000000000e+01 -1.048000000000000000e+03
1.415990000000000000e+05 1.600000000000000000e+01 -2.400000000000000000e+01 -1.024000000000000000e+03
1.416390000000000000e+05 2.400000000000000000e+01 -2.400000000000000000e+01 -1.040000000000000000e+03
1.416790000000000000e+05 2.400000000000000000e+01 -2.400000000000000000e+01 -1.032000000000000000e+03
1.417190000000000000e+05 1.600000000000000000e+01 -2.400000000000000000e+01 -1.032000000000000000e+03
1.417590000000000000e+05 2.400000000000000000e+01 -2.400000000000000000e+01 -1.056000000000000000e+03
1.417990000000000000e+05 1.600000000000000000e+01 -2.400000000000000000e+01 -1.048000000000000000e+03
1.418390000000000000e+05 8.000000000000000000e+00 -2.400000000000000000e+01 -1.024000000000000000e+03
1.418790000000000000e+05 1.600000000000000000e+01 -2.400000000000000000e+01 -1.024000000000000000e+03
