5.000000000000000000e+01 1.600000000000000000e+01 -8.000000000000000000e+00 -1.032000000000000000e+03
9.000000000000000000e+01 1.600000000000000000e+01 0.000000000000000000e+00 -1.008000000000000000e+03
1.300000000000000000e+02 1.600000000000000000e+01 -1.600000000000000000e+01 -1.024000000000000000e+03
1.700000000000000000e+02 1.600000000000000000e+01 -1.600000000000000000e+01 -1.072000000000000000e+03
2.100000000000000000e+02 0.000000000000000000e+00 -8.000000000000000000e+00 -1.024000000000000000e+03
2.500000000000000000e+02 8.000000000000000000e+00 -8.000000000000000000e+00 -1.056000000000000000e+03
2.900000000000000000e+02 1.600000000000000000e+01 -1.600000000000000000e+01 -1.040000000000000000e+03
3.300000000000000000e+02 8.000000000000000000e+00 -8.000000000000000000e+00 -1.040000000000000000e+03
3.700000000000000000e+02 8.000000000000000000e+00 -8.000000000000000000e+00 -1.040000000000000000e+03
4.100000000000000000e+02 1.600000000000000000e+01 -1.600000000000000000e+01 -1.048000000000000000e+03
4.500000000000000000e+02 1.600000000000000000e+01 -1.600000000000000000e+01 -1.040000000000000000e+03
4.900000000000000000e+02 2.400000000000000000e+01 -8.000000000000000000e+00 -1.048000000000000000e+03
5.300000000000000000e+02 2.400000000000000000e+01 -8.000000000000000000e+00 -1.040000000000000000e+03
5.700000000000000000e+02 2.400000000000000000e+01 -8.000000000000000000e+00 -1.040000000000000000e+03
6.100000000000000000e+02 1.600000000000000000e+01 -1.600000000000000000e+01 -1.040000000000000000e+03
6.500000000000000000e+02 1.600000000000000000e+01 -1.600000000000000000e+01 -1.040000000000000000e+03
6.900000000000000000e+02 8.000000000000000000e+00 -1.600000000000000000e+01 -1.048000000000000000e+03
7.300000000000000000e+02 8.000000000000000000e+00 -1.600000000000000000e+01 -1.032000000000000000e+03
7.700000000000000000e+02 1.600000000000000000e+01 -1.600000000000000000e+01 -1.032000000000000000e+03
8.100000000000000000e+02 8.000000000000000000e+00 -1.600000000000000000e+01 -1.048000000000000000e+03
8.500000000000000000e+02 1.600000000000000000e+01 -1.600000000000000000e+01 -1.032000000000000000e+03
8.900000000000000000e+02 8.000000000000000000e+00 -8.000000000000000000e+00 -1.032000000000000000e+03
9.300000000000000000e+02 2.400000000000000000e+01 -8.000000000000000000e+00 -1.048000000000000000e+03
9.700000000000000000e+02 2.400000000000000000e+01 -8.000000000000000000e+00 -1.024000000000000000e+03
1.010000000000000000e+03 8.000000000000000000e+00 -8.000000000000000000e+00 -1.040000000000000000e+03
1.043000000000000000e+03 1.600000000000000000e+01 -1.600000000000000000e+01 -1.024000000000000000e+03
1.083000000000000000e+03 3.200000000000000000e+01 0.000000000000000000e+00 -1.040000000000000000e+03
1.123000000000000000e+03 2.400000000000000000e+01 0.000000000000000000e+00 -1.056000000000000000e+03
1.163000000000000000e+03 1.600000000000000000e+01 -8.000000000000000000e+00 -1.032000000000000000e+03
1.203000000000000000e+03 0.000000000000000000e+00 -1.600000000000000000e+01 -1.032000000000000000e+03
1.243000000000000000e+03 0.000000000000000000e+00 -1.600000000000000000e+01 -1.016000000000000000e+03
1.283000000000000000e+03 8.000000000000000000e+00 -8.000000000000000000e+00 -1.032000000000000000e+03
1.323000000000000000e+03 1.600000000000000000e+01 -8.000000000000000000e+00 -1.032000000000000000e+03
1.363000000000000000e+03 1.600000000000000000e+01 -8.000000000000000000e+00 -1.040000000000000000e+03
1.403000000000000000e+03 8.000000000000000000e+00 -8.000000000000000000e+00 -1.040000000000000000e+03
1.443000000000000000e+03 8.000000000000000000e+00 -2.400000000000000000e+01 -1.032000000000000000e+03
1.483000000000000000e+03 8.000000000000000000e+00 -1.600000000000000000e+01 -1.056000000000000000e+03
1.523000000000000000e+03 8.000000000000000000e+00 -1.600000000000000000e+01 -1.040000000000000000e+03
1.563000000000000000e+03 1.600000000000000000e+01 -1.600000000000000000e+01 -1.048000000000000000e+03
1.603000000000000000e+03 1.600000000000000000e+01 8.000000000000000000e+00 -1.056000000000000000e+03
1.643000000000000000e+03 1.600000000000000000e+01 0.000000000000000000e+00 -1.040000000000000000e+03
1.683000000000000000e+03 1.600000000000000000e+01 -8.000000000000000000e+00 -1.048000000000000000e+03
1.723000000000000000e+03 2.400000000000000000e+01 -1.600000000000000000e+01 -1.032000000000000000e+03
1.763000000000000000e+03 1.600000000000000000e+01 -8.000000000000000000e+00 -1.064000000000000000e+03
1.803000000000000000e+03 1.600000000000000000e+01 -8.000000000000000000e+00 -1.032000000000000000e+03
1.843000000000000000e+03 4.000000000000000000e+01 -1.600000000000000000e+01 -1.040000000000000000e+03
1.883000000000000000e+03 2.400000000000000000e+01 -3.200000000000000000e+01 -1.048000000000000000e+03
1.923000000000000000e+03 1.600000000000000000e+01 -2.400000000000000000e+01 -1.032000000000000000e+03
1.963000000000000000e+03 1.600000000000000000e+01 -1.600000000000000000e+01 -1.032000000000000000e+03
2.003000000000000000e+03 2.400000000000000000e+01 -8.000000000000000000e+00 -1.024000000000000000e+03
2.035000000000000000e+03 1.600000000000000000e+01 -8.000000000000000000e+00 -1.016000000000000000e+03
2.075000000000000000e+03 -8.000000000000000000e+00 -2.400000000000000000e+01 -1.048000000000000000e+03
2.115000000000000000e+03 -8.000000000000000000e+00 -1.600000000000000000e+01 -1.040000000000000000e+03
2.155000000000000000e+03 1.600000000000000000e+01 -4.800000000000000000e+01 -1.024000000000000000e+03
2.195000000000000000e+03 2.400000000000000000e+01 -2.400000000000000000e+01 -1.032000000000000000e+03
2.235000000000000000e+03 -8.000000000000000000e+00 -2.400000000000000000e+01 -1.048000000000000000e+03
2.275000000000000000e+03 -8.000000000000000000e+00 -1.600000000000000000e+01 -1.008000000000000000e+03
2.315000000000000000e+03 -8.000000000000000000e+00 -1.600000000000000000e+01 -1.032000000000000000e+03
2.355000000000000000e+03 0.000000000000000000e+00 -1.600000000000000000e+01 -1.016000000000000000e+03
2.395000000000000000e+03 8.000000000000000000e+00 -1.600000000000000000e+01 -1.040000000000000000e+03
2.435000000000000000e+03 -2.400000000000000000e+01 1.600000000000000000e+01 -9.920000000000000000e+02
2.475000000000000000e+03 -8.000000000000000000e+00 0.000000000000000000e+00 -1.080000000000000000e+03
2.515000000000000000e+03 -1.600000000000000000e+01 0.000000000000000000e+00 -1.032000000000000000e+03
2.555000000000000000e+03 2.400000000000000000e+01 -2.400000000000000000e+01 -1.032000000000000000e+03
2.595000000000000000e+03 3.200000000000000000e+01 -2.400000000000000000e+01 -1.048000000000000000e+03
2.635000000000000000e+03 2.400000000000000000e+01 -1.600000000000000000e+01 -1.024000000000000000e+03
2.675000000000000000e+03 1.600000000000000000e+01 0.000000000000000000e+00 -1.032000000000000000e+03
2.715000000000000000e+03 0.000000000000000000e+00 0.000000000000000000e+00 -1.056000000000000000e+03
2.755000000000000000e+03 8.000000000000000000e+00 -8.000000000000000000e+00 -1.048000000000000000e+03
2.795000000000000000e+03 2.400000000000000000e+01 -1.600000000000000000e+01 -1.048000000000000000e+03
2.835000000000000000e+03 1.600000000000000000e+01 8.000000000000000000e+00 -1.040000000000000000e+03
2.875000000000000000e+03 1.600000000000000000e+01 -1.600000000000000000e+01 -1.040000000000000000e+03
2.915000000000000000e+03 0.000000000000000000e+00 -1.600000000000000000e+01 -1.032000000000000000e+03
2.955000000000000000e+03 -1.600000000000000000e+01 -1.600000000000000000e+01 -1.040000000000000000e+03
2.995000000000000000e+03 0.000000000000000000e+00 -8.000000000000000000e+00 -1.032000000000000000e+03
3.027000000000000000e+03 0.000000000000000000e+00 -1.600000000000000000e+01 -9.920000000000000000e+02
3.067000000000000000e+03 -8.000000000000000000e+00 -3.200000000000000000e+01 -1.064000000000000000e+03
3.107000000000000000e+03 1.600000000000000000e+01 -4.800000000000000000e+01 -1.056000000000000000e+03
3.147000000000000000e+03 8.000000000000000000e+00 -2.400000000000000000e+01 -1.040000000000000000e+03
3.187000000000000000e+03 1.600000000000000000e+01 -2.400000000000000000e+01 -1.024000000000000000e+03
3.227000000000000000e+03 8.000000000000000000e+00 -2.400000000000000000e+01 -1.032000000000000000e+03
3.267000000000000000e+03 8.000000000000000000e+00 -1.600000000000000000e+01 -1.024000000000000000e+03
3.307000000000000000e+03 8.000000000000000000e+00 -1.600000000000000000e+01 -1.032000000000000000e+03
3.347000000000000000e+03 8.000000000000000000e+00 -8.000000000000000000e+00 -1.008000000000000000e+03
3.387000000000000000e+03 8.000000000000000000e+00 0.000000000000000000e+00 -1.072000000000000000e+03
3.427000000000000000e+03 8.000000000000000000e+00 -8.000000000000000000e+00 -1.072000000000000000e+03
3.467000000000000000e+03 8.000000000000000000e+00 -8.000000000000000000e+00 -1.008000000000000000e+03
3.507000000000000000e+03 1.600000000000000000e+01 -1.600000000000000000e+01 -1.056000000000000000e+03
3.547000000000000000e+03 1.600000000000000000e+01 -1.600000000000000000e+01 -1.080000000000000000e+03
3.587000000000000000e+03 1.600000000000000000e+01 -1.600000000000000000e+01 -1.040000000000000000e+03
3.627000000000000000e+03 8.000000000000000000e+00 -3.200000000000000000e+01 -9.920000000000000000e+02
3.667000000000000000e+03 1.600000000000000000e+01 -2.400000000000000000e+01 -1.048000000000000000e+03
3.707000000000000000e+03 3.200000000000000000e+01 -1.600000000000000000e+01 -1.024000000000000000e+03
3.747000000000000000e+03 3.200000000000000000e+01 0.000000000000000000e+00 -1.056000000000000000e+03
3.787000000000000000e+03 3.200000000000000000e+01 -8.000000000000000000e+00 -1.040000000000000000e+03
3.827000000000000000e+03 2.400000000000000000e+01 -1.600000000000000000e+01 -1.016000000000000000e+03
3.867000000000000000e+03 2.400000000000000000e+01 -1.600000000000000000e+01 -1.032000000000000000e+03
3.907000000000000000e+03 2.400000000000000000e+01 -8.000000000000000000e+00 -1.040000000000000000e+03
3.947000000000000000e+03 1.600000000000000000e+01 -1.600000000000000000e+01 -1.064000000000000000e+03
3.987000000000000000e+03 0.000000000000000000e+00 -1.600000000000000000e+01 -1.040000000000000000e+03
4.020000000000000000e+03 8.000000000000000000e+00 -8.000000000000000000e+00 -1.032000000000000000e+03
4.060000000000000000e+03 8.000000000000000000e+00 -8.000000000000000000e+00 -1.080000000000000000e+03
4.100000000000000000e+03 8.000000000000000000e+00 0.000000000000000000e+00 -1.048000000000000000e+03
4.140000000000000000e+03 8.000000000000000000e+00 -8.000000000000000000e+00 -1.040000000000000000e+03
4.180000000000000000e+03 8.000000000000000000e+00 -8.000000000000000000e+00 -1.032000000000000000e+03
4.220000000000000000e+03 8.000000000000000000e+00 -8.000000000000000000e+00 -1.040000000000000000e+03
4.260000000000000000e+03 -8.000000000000000000e+00 0.000000000000000000e+00 -1.024000000000000000e+03
4.300000000000000000e+03 0.000000000000000000e+00 0.000000000000000000e+00 -1.032000000000000000e+03
4.340000000000000000e+03 8.000000000000000000e+00 -8.000000000000000000e+00 -1.008000000000000000e+03
4.380000000000000000e+03 8.000000000000000000e+00 -1.600000000000000000e+01 -1.048000000000000000e+03
4.420000000000000000e+03 8.000000000000000000e+00 -1.600000000000000000e+01 -1.024000000000000000e+03
4.460000000000000000e+03 0.000000000000000000e+00 -2.400000000000000000e+01 -1.032000000000000000e+03
4.500000000000000000e+03 8.000000000000000000e+00 -1.600000000000000000e+01 -1.040000000000000000e+03
4.540000000000000000e+03 8.000000000000000000e+00 -8.000000000000000000e+00 -1.040000000000000000e+03
4.580000000000000000e+03 8.000000000000000000e+00 -8.000000000000000000e+00 -1.032000000000000000e+03
4.620000000000000000e+03 8.000000000000000000e+00 -1.600000000000000000e+01 -1.024000000000000000e+03
4.660000000000000000e+03 0.000000000000000000e+00 -8.000000000000000000e+00 -1.016000000000000000e+03
4.700000000000000000e+03 8.000000000000000000e+00 -8.000000000000000000e+00 -1.040000000000000000e+03
4.740000000000000000e+03 8.000000000000000000e+00 -1.600000000000000000e+01 -1.040000000000000000e+03
4.780000000000000000e+03 8.000000000000000000e+00 -8.000000000000000000e+00 -1.040000000000000000e+03
4.820000000000000000e+03 1.600000000000000000e+01 -8.000000000000000000e+00 -1.024000000000000000e+03
4.860000000000000000e+03 2.400000000000000000e+01 -3.200000000000000000e+01 -1.032000000000000000e+03
4.900000000000000000e+03 2.400000000000000000e+01 -1.600000000000000000e+01 -1.000000000000000000e+03
4.940000000000000000e+03 3.200000000000000000e+01 -2.400000000000000000e+01 -1.032000000000000000e+03
4.980000000000000000e+03 2.400000000000000000e+01 -1.600000000000000000e+01 -1.048000000000000000e+03
5.012000000000000000e+03 1.600000000000000000e+01 -8.000000000000000000e+00 -1.040000000000000000e+03
5.052000000000000000e+03 8.000000000000000000e+00 -1.600000000000000000e+01 -1.032000000000000000e+03
5.092000000000000000e+03 1.600000000000000000e+01 -8.000000000000000000e+00 -1.024000000000000000e+03
5.132000000000000000e+03 1.600000000000000000e+01 -8.000000000000000000e+00 -1.040000000000000000e+03
5.172000000000000000e+03 8.000000000000000000e+00 0.000000000000000000e+00 -1.040000000000000000e+03
5.212000000000000000e+03 1.600000000000000000e+01 -8.000000000000000000e+00 -1.032000000000000000e+03
5.252000000000000000e+03 1.600000000000000000e+01 -8.000000000000000000e+00 -1.040000000000000000e+03
5.292000000000000000e+03 8.000000000000000000e+00 -8.000000000000000000e+00 -1.032000000000000000e+03
5.332000000000000000e+03 1.600000000000000000e+01 -1.600000000000000000e+01 -1.032000000000000000e+03
5.372000000000000000e+03 1.600000000000000000e+01 -8.000000000000000000e+00 -1.048000000000000000e+03
5.412000000000000000e+03 1.600000000000000000e+01 -1.600000000000000000e+01 -9.920000000000000000e+02
5.452000000000000000e+03 8.000000000000000000e+00 -8.000000000000000000e+00 -1.040000000000000000e+03
5.492000000000000000e+03 1.600000000000000000e+01 -1.600000000000000000e+01 -1.024000000000000000e+03
5.532000000000000000e+03 1.600000000000000000e+01 -1.600000000000000000e+01 -1.040000000000000000e+03
5.572000000000000000e+03 3.200000000000000000e+01 -8.000000000000000000e+00 -1.032000000000000000e+03
5.612000000000000000e+03 1.600000000000000000e+01 -8.000000000000000000e+00 -1.032000000000000000e+03
5.652000000000000000e+03 1.600000000000000000e+01 -2.400000000000000000e+01 -1.040000000000000000e+03
5.692000000000000000e+03 8.000000000000000000e+00 -1.600000000000000000e+01 -1.032000000000000000e+03
5.732000000000000000e+03 8.000000000000000000e+00 -8.000000000000000000e+00 -1.032000000000000000e+03
5.772000000000000000e+03 1.600000000000000000e+01 -8.000000000000000000e+00 -1.040000000000000000e+03
5.812000000000000000e+03 1.600000000000000000e+01 -3.200000000000000000e+01 -1.032000000000000000e+03
5.852000000000000000e+03 1.600000000000000000e+01 -3.200000000000000000e+01 -1.016000000000000000e+03
5.892000000000000000e+03 8.000000000000000000e+00 -2.400000000000000000e+01 -1.040000000000000000e+03
5.932000000000000000e+03 8.000000000000000000e+00 -1.600000000000000000e+01 -1.048000000000000000e+03
5.972000000000000000e+03 8.000000000000000000e+00 -1.600000000000000000e+01 -1.048000000000000000e+03
6.004000000000000000e+03 8.000000000000000000e+00 -8.000000000000000000e+00 -1.032000000000000000e+03
6.044000000000000000e+03 8.000000000000000000e+00 -1.600000000000000000e+01 -1.040000000000000000e+03
6.084000000000000000e+03 1.600000000000000000e+01 -8.000000000000000000e+00 -1.016000000000000000e+03
6.124000000000000000e+03 -8.000000000000000000e+00 -8.000000000000000000e+00 -1.032000000000000000e+03
6.164000000000000000e+03 0.000000000000000000e+00 -8.000000000000000000e+00 -1.056000000000000000e+03
6.204000000000000000e+03 0.000000000000000000e+00 -8.000000000000000000e+00 -1.040000000000000000e+03
6.244000000000000000e+03 0.000000000000000000e+00 -8.000000000000000000e+00 -1.032000000000000000e+03
6.284000000000000000e+03 8.000000000000000000e+00 -1.600000000000000000e+01 -1.032000000000000000e+03
6.324000000000000000e+03 8.000000000000000000e+00 -1.600000000000000000e+01 -1.040000000000000000e+03
6.364000000000000000e+03 -8.000000000000000000e+00 -1.600000000000000000e+01 -1.024000000000000000e+03
6.404000000000000000e+03 0.000000000000000000e+00 -1.600000000000000000e+01 -1.040000000000000000e+03
6.444000000000000000e+03 1.600000000000000000e+01 -1.600000000000000000e+01 -1.056000000000000000e+03
6.484000000000000000e+03 1.600000000000000000e+01 -1.600000000000000000e+01 -1.048000000000000000e+03
6.524000000000000000e+03 1.600000000000000000e+01 -1.600000000000000000e+01 -1.048000000000000000e+03
6.564000000000000000e+03 8.000000000000000000e+00 0.000000000000000000e+00 -1.064000000000000000e+03
6.604000000000000000e+03 8.000000000000000000e+00 -8.000000000000000000e+00 -1.040000000000000000e+03
6.644000000000000000e+03 8.000000000000000000e+00 -8.000000000000000000e+00 -1.040000000000000000e+03
6.684000000000000000e+03 8.000000000000000000e+00 -8.000000000000000000e+00 -1.048000000000000000e+03
6.724000000000000000e+03 0.000000000000000000e+00 -8.000000000000000000e+00 -1.016000000000000000e+03
6.764000000000000000e+03 0.000000000000000000e+00 -1.600000000000000000e+01 -1.048000000000000000e+03
6.804000000000000000e+03 8.000000000000000000e+00 -8.000000000000000000e+00 -1.040000000000000000e+03
6.844000000000000000e+03 1.600000000000000000e+01 -1.600000000000000000e+01 -1.056000000000000000e+03
6.884000000000000000e+03 8.000000000000000000e+00 -1.600000000000000000e+01 -1.024000000000000000e+03
6.924000000000000000e+03 8.000000000000000000e+00 -1.600000000000000000e+01 -1.040000000000000000e+03
6.964000000000000000e+03 8.000000000000000000e+00 0.000000000000000000e+00 -1.040000000000000000e+03
6.997000000000000000e+03 8.000000000000000000e+00 -8.000000000000000000e+00 -1.024000000000000000e+03
7.037000000000000000e+03 1.600000000000000000e+01 -8.000000000000000000e+00 -1.008000000000000000e+03
7.077000000000000000e+03 2.400000000000000000e+01 8.000000000000000000e+00 -1.032000000000000000e+03
7.117000000000000000e+03 2.400000000000000000e+01 -8.000000000000000000e+00 -1.040000000000000000e+03
7.157000000000000000e+03 1.600000000000000000e+01 -1.600000000000000000e+01 -1.032000000000000000e+03
7.197000000000000000e+03 8.000000000000000000e+00 -8.000000000000000000e+00 -1.040000000000000000e+03
7.237000000000000000e+03 8.000000000000000000e+00 -1.600000000000000000e+01 -1.040000000000000000e+03
7.277000000000000000e+03 1.600000000000000000e+01 -1.600000000000000000e+01 -1.040000000000000000e+03
7.317000000000000000e+03 1.600000000000000000e+01 -1.600000000000000000e+01 -1.024000000000000000e+03
7.357000000000000000e+03 1.600000000000000000e+01 -8.000000000000000000e+00 -1.032000000000000000e+03
7.397000000000000000e+03 8.000000000000000000e+00 -1.600000000000000000e+01 -1.040000000000000000e+03
7.437000000000000000e+03 0.000000000000000000e+00 -8.000000000000000000e+00 -1.032000000000000000e+03
7.477000000000000000e+03 0.000000000000000000e+00 -8.000000000000000000e+00 -1.040000000000000000e+03
7.517000000000000000e+03 8.000000000000000000e+00 -8.000000000000000000e+00 -1.040000000000000000e+03
7.557000000000000000e+03 8.000000000000000000e+00 -8.000000000000000000e+00 -1.048000000000000000e+03
7.597000000000000000e+03 8.000000000000000000e+00 -3.200000000000000000e+01 -1.032000000000000000e+03
7.637000000000000000e+03 1.600000000000000000e+01 -1.600000000000000000e+01 -1.048000000000000000e+03
7.677000000000000000e+03 8.000000000000000000e+00 -2.400000000000000000e+01 -1.024000000000000000e+03
7.717000000000000000e+03 3.200000000000000000e+01 -1.600000000000000000e+01 -1.016000000000000000e+03
7.757000000000000000e+03 3.200000000000000000e+01 -2.400000000000000000e+01 -1.064000000000000000e+03
7.797000000000000000e+03 2.400000000000000000e+01 -4.000000000000000000e+01 -1.000000000000000000e+03
7.837000000000000000e+03 0.000000000000000000e+00 -3.200000000000000000e+01 -1.072000000000000000e+03
7.877000000000000000e+03 0.000000000000000000e+00 -2.400000000000000000e+01 -1.016000000000000000e+03
7.917000000000000000e+03 -1.600000000000000000e+01 -2.400000000000000000e+01 -1.032000000000000000e+03
7.957000000000000000e+03 8.000000000000000000e+00 -8.000000000000000000e+00 -1.056000000000000000e+03
7.990000000000000000e+03 8.000000000000000000e+00 -8.000000000000000000e+00 -1.056000000000000000e+03
8.030000000000000000e+03 2.400000000000000000e+01 -2.400000000000000000e+01 -1.024000000000000000e+03
8.070000000000000000e+03 4.000000000000000000e+01 0.000000000000000000e+00 -1.040000000000000000e+03
8.110000000000000000e+03 2.400000000000000000e+01 -8.000000000000000000e+00 -1.024000000000000000e+03
8.150000000000000000e+03 0.000000000000000000e+00 -8.000000000000000000e+00 -1.048000000000000000e+03
8.190000000000000000e+03 8.000000000000000000e+00 -4.000000000000000000e+01 -1.016000000000000000e+03
8.230000000000000000e+03 1.600000000000000000e+01 -3.200000000000000000e+01 -1.048000000000000000e+03
8.270000000000000000e+03 1.600000000000000000e+01 -1.600000000000000000e+01 -1.032000000000000000e+03
8.310000000000000000e+03 8.000000000000000000e+00 -8.000000000000000000e+00 -1.032000000000000000e+03
8.350000000000000000e+03 1.600000000000000000e+01 -8.000000000000000000e+00 -1.032000000000000000e+03
8.390000000000000000e+03 0.000000000000000000e+00 8.000000000000000000e+00 -1.056000000000000000e+03
8.430000000000000000e+03 8.000000000000000000e+00 -8.000000000000000000e+00 -1.032000000000000000e+03
8.470000000000000000e+03 1.600000000000000000e+01 -1.600000000000000000e+01 -1.040000000000000000e+03
8.510000000000000000e+03 8.000000000000000000e+00 -3.200000000000000000e+01 -1.024000000000000000e+03
8.550000000000000000e+03 8.000000000000000000e+00 -1.600000000000000000e+01 -1.048000000000000000e+03
8.590000000000000000e+03 8.000000000000000000e+00 -1.600000000000000000e+01 -1.032000000000000000e+03
8.630000000000000000e+03 8.000000000000000000e+00 -1.600000000000000000e+01 -1.040000000000000000e+03
8.670000000000000000e+03 0.000000000000000000e+00 -8.000000000000000000e+00 -1.040000000000000000e+03
8.710000000000000000e+03 0.000000000000000000e+00 -8.000000000000000000e+00 -1.048000000000000000e+03
8.750000000000000000e+03 8.000000000000000000e+00 -8.000000000000000000e+00 -1.032000000000000000e+03
8.790000000000000000e+03 1.600000000000000000e+01 -8.000000000000000000e+00 -1.048000000000000000e+03
8.830000000000000000e+03 1.600000000000000000e+01 -8.000000000000000000e+00 -1.056000000000000000e+03
8.870000000000000000e+03 8.000000000000000000e+00 -1.600000000000000000e+01 -1.040000000000000000e+03
8.910000000000000000e+03 8.000000000000000000e+00 -8.000000000000000000e+00 -1.040000000000000000e+03
8.950000000000000000e+03 8.000000000000000000e+00 -8.000000000000000000e+00 -1.024000000000000000e+03
8.982000000000000000e+03 1.600000000000000000e+01 -8.000000000000000000e+00 -9.840000000000000000e+02
9.022000000000000000e+03 1.600000000000000000e+01 -8.000000000000000000e+00 -1.032000000000000000e+03
9.062000000000000000e+03 0.000000000000000000e+00 -1.600000000000000000e+01 -1.016000000000000000e+03
9.102000000000000000e+03 8.000000000000000000e+00 -8.000000000000000000e+00 -1.048000000000000000e+03
9.142000000000000000e+03 8.000000000000000000e+00 -1.600000000000000000e+01 -1.040000000000000000e+03
9.182000000000000000e+03 8.000000000000000000e+00 -8.000000000000000000e+00 -1.048000000000000000e+03
9.222000000000000000e+03 3.200000000000000000e+01 -2.400000000000000000e+01 -1.048000000000000000e+03
9.262000000000000000e+03 2.400000000000000000e+01 -1.600000000000000000e+01 -1.008000000000000000e+03
9.302000000000000000e+03 2.400000000000000000e+01 -1.600000000000000000e+01 -1.032000000000000000e+03
9.342000000000000000e+03 2.400000000000000000e+01 -8.000000000000000000e+00 -1.040000000000000000e+03
9.382000000000000000e+03 2.400000000000000000e+01 -8.000000000000000000e+00 -1.056000000000000000e+03
9.422000000000000000e+03 1.600000000000000000e+01 -8.000000000000000000e+00 -1.048000000000000000e+03
9.462000000000000000e+03 8.000000000000000000e+00 -2.400000000000000000e+01 -1.032000000000000000e+03
9.502000000000000000e+03 8.000000000000000000e+00 -1.600000000000000000e+01 -1.032000000000000000e+03
9.542000000000000000e+03 8.000000000000000000e+00 -4.000000000000000000e+01 -1.032000000000000000e+03
9.582000000000000000e+03 8.000000000000000000e+00 -2.400000000000000000e+01 -1.024000000000000000e+03
9.622000000000000000e+03 2.400000000000000000e+01 -2.400000000000000000e+01 -1.032000000000000000e+03
9.662000000000000000e+03 -1.600000000000000000e+01 -3.200000000000000000e+01 -1.040000000000000000e+03
9.702000000000000000e+03 1.600000000000000000e+01 -8.000000000000000000e+00 -1.048000000000000000e+03
9.742000000000000000e+03 2.400000000000000000e+01 -1.600000000000000000e+01 -1.040000000000000000e+03
9.782000000000000000e+03 1.600000000000000000e+01 -1.600000000000000000e+01 -1.048000000000000000e+03
9.822000000000000000e+03 1.600000000000000000e+01 -2.400000000000000000e+01 -1.024000000000000000e+03
9.862000000000000000e+03 1.600000000000000000e+01 -1.600000000000000000e+01 -1.048000000000000000e+03
9.902000000000000000e+03 2.400000000000000000e+01 0.000000000000000000e+00 -1.064000000000000000e+03
9.942000000000000000e+03 2.400000000000000000e+01 0.000000000000000000e+00 -1.032000000000000000e+03
9.974000000000000000e+03 1.600000000000000000e+01 -8.000000000000000000e+00 -1.072000000000000000e+03
1.001400000000000000e+04 8.000000000000000000e+00 -8.000000000000000000e+00 -1.032000000000000000e+03
1.005400000000000000e+04 2.400000000000000000e+01 -1.600000000000000000e+01 -1.032000000000000000e+03
1.009400000000000000e+04 3.200000000000000000e+01 1.600000000000000000e+01 -1.048000000000000000e+03
1.013400000000000000e+04 2.400000000000000000e+01 0.000000000000000000e+00 -1.024000000000000000e+03
1.017400000000000000e+04 1.600000000000000000e+01 -8.000000000000000000e+00 -1.032000000000000000e+03
1.021400000000000000e+04 8.000000000000000000e+00 -8.000000000000000000e+00 -1.040000000000000000e+03
1.025400000000000000e+04 1.600000000000000000e+01 -8.000000000000000000e+00 -1.040000000000000000e+03
1.029400000000000000e+04 1.600000000000000000e+01 -8.000000000000000000e+00 -1.032000000000000000e+03
1.033400000000000000e+04 1.600000000000000000e+01 -1.600000000000000000e+01 -1.016000000000000000e+03
1.037400000000000000e+04 8.000000000000000000e+00 -1.600000000000000000e+01 -1.032000000000000000e+03
1.041400000000000000e+04 8.000000000000000000e+00 -1.600000000000000000e+01 -1.032000000000000000e+03
1.045400000000000000e+04 2.400000000000000000e+01 -8.000000000000000000e+00 -1.024000000000000000e+03
1.049400000000000000e+04 1.600000000000000000e+01 -1.600000000000000000e+01 -1.040000000000000000e+03
1.053400000000000000e+04 1.600000000000000000e+01 -1.600000000000000000e+01 -1.048000000000000000e+03
1.057400000000000000e+04 1.600000000000000000e+01 0.000000000000000000e+00 -1.024000000000000000e+03
1.061400000000000000e+04 1.600000000000000000e+01 8.000000000000000000e+00 -1.024000000000000000e+03
1.065400000000000000e+04 1.600000000000000000e+01 0.000000000000000000e+00 -1.032000000000000000e+03
1.069400000000000000e+04 2.400000000000000000e+01 -8.000000000000000000e+00 -1.040000000000000000e+03
1.073400000000000000e+04 1.600000000000000000e+01 0.000000000000000000e+00 -1.032000000000000000e+03
1.077400000000000000e+04 1.600000000000000000e+01 0.000000000000000000e+00 -1.032000000000000000e+03
1.081400000000000000e+04 1.600000000000000000e+01 -8.000000000000000000e+00 -1.040000000000000000e+03
1.085400000000000000e+04 1.600000000000000000e+01 -1.600000000000000000e+01 -1.032000000000000000e+03
1.089400000000000000e+04 8.000000000000000000e+00 -8.000000000000000000e+00 -1.016000000000000000e+03
1.093400000000000000e+04 1.600000000000000000e+01 -8.000000000000000000e+00 -1.032000000000000000e+03
1.096600000000000000e+04 4.000000000000000000e+01 2.400000000000000000e+01 -9.920000000000000000e+02
1.100600000000000000e+04 4.000000000000000000e+01 8.000000000000000000e+00 -1.040000000000000000e+03
1.104600000000000000e+04 3.200000000000000000e+01 0.000000000000000000e+00 -1.032000000000000000e+03
1.108600000000000000e+04 0.000000000000000000e+00 -3.200000000000000000e+01 -9.920000000000000000e+02
1.112600000000000000e+04 8.000000000000000000e+00 -1.600000000000000000e+01 -1.040000000000000000e+03
1.116600000000000000e+04 8.000000000000000000e+00 -1.600000000000000000e+01 -1.032000000000000000e+03
1.120600000000000000e+04 8.000000000000000000e+00 -1.600000000000000000e+01 -1.064000000000000000e+03
1.124600000000000000e+04 8.000000000000000000e+00 -8.000000000000000000e+00 -1.048000000000000000e+03
1.128600000000000000e+04 8.000000000000000000e+00 -8.000000000000000000e+00 -1.040000000000000000e+03
1.132600000000000000e+04 8.000000000000000000e+00 -8.000000000000000000e+00 -1.024000000000000000e+03
1.136600000000000000e+04 8.000000000000000000e+00 -8.000000000000000000e+00 -1.032000000000000000e+03
1.140600000000000000e+04 1.600000000000000000e+01 -1.600000000000000000e+01 -1.024000000000000000e+03
1.144600000000000000e+04 1.600000000000000000e+01 -8.000000000000000000e+00 -1.032000000000000000e+03
1.148600000000000000e+04 1.600000000000000000e+01 -1.600000000000000000e+01 -1.032000000000000000e+03
1.152600000000000000e+04 1.600000000000000000e+01 -1.600000000000000000e+01 -1.032000000000000000e+03
1.156600000000000000e+04 1.600000000000000000e+01 -1.600000000000000000e+01 -1.040000000000000000e+03
1.160600000000000000e+04 8.000000000000000000e+00 -1.600000000000000000e+01 -1.040000000000000000e+03
1.164600000000000000e+04 8.000000000000000000e+00 -1.600000000000000000e+01 -1.048000000000000000e+03
1.168600000000000000e+04 8.000000000000000000e+00 -1.600000000000000000e+01 -1.032000000000000000e+03
1.172600000000000000e+04 0.000000000000000000e+00 8.000000000000000000e+00 -1.008000000000000000e+03
1.176600000000000000e+04 8.000000000000000000e+00 -8.000000000000000000e+00 -1.032000000000000000e+03
1.180600000000000000e+04 8.000000000000000000e+00 -8.000000000000000000e+00 -1.064000000000000000e+03
1.184600000000000000e+04 1.600000000000000000e+01 -8.000000000000000000e+00 -1.040000000000000000e+03
1.188600000000000000e+04 1.600000000000000000e+01 -2.400000000000000000e+01 -1.040000000000000000e+03
1.192600000000000000e+04 8.000000000000000000e+00 -2.400000000000000000e+01 -1.048000000000000000e+03
1.196000000000000000e+04 1.600000000000000000e+01 -1.600000000000000000e+01 -1.032000000000000000e+03
1.200000000000000000e+04 2.400000000000000000e+01 -1.600000000000000000e+01 -1.040000000000000000e+03
1.204000000000000000e+04 1.600000000000000000e+01 -3.200000000000000000e+01 -1.032000000000000000e+03
1.208000000000000000e+04 1.600000000000000000e+01 -2.400000000000000000e+01 -1.040000000000000000e+03
1.212000000000000000e+04 -8.000000000000000000e+00 -8.000000000000000000e+00 -1.040000000000000000e+03
1.216000000000000000e+04 0.000000000000000000e+00 -8.000000000000000000e+00 -1.016000000000000000e+03
1.220000000000000000e+04 0.000000000000000000e+00 -1.600000000000000000e+01 -1.032000000000000000e+03
1.224000000000000000e+04 0.000000000000000000e+00 -8.000000000000000000e+00 -1.032000000000000000e+03
1.228000000000000000e+04 8.000000000000000000e+00 -8.000000000000000000e+00 -1.040000000000000000e+03
1.232000000000000000e+04 8.000000000000000000e+00 -8.000000000000000000e+00 -1.040000000000000000e+03
1.236000000000000000e+04 8.000000000000000000e+00 -1.600000000000000000e+01 -1.024000000000000000e+03
1.240000000000000000e+04 8.000000000000000000e+00 -1.600000000000000000e+01 -1.040000000000000000e+03
1.244000000000000000e+04 1.600000000000000000e+01 -8.000000000000000000e+00 -1.032000000000000000e+03
1.248000000000000000e+04 1.600000000000000000e+01 -8.000000000000000000e+00 -1.032000000000000000e+03
1.252000000000000000e+04 1.600000000000000000e+01 -8.000000000000000000e+00 -1.032000000000000000e+03
1.256000000000000000e+04 1.600000000000000000e+01 -8.000000000000000000e+00 -1.056000000000000000e+03
1.260000000000000000e+04 8.000000000000000000e+00 -8.000000000000000000e+00 -1.032000000000000000e+03
1.264000000000000000e+04 8.000000000000000000e+00 -8.000000000000000000e+00 -1.000000000000000000e+03
1.268000000000000000e+04 8.000000000000000000e+00 -8.000000000000000000e+00 -1.008000000000000000e+03
1.272000000000000000e+04 8.000000000000000000e+00 -8.000000000000000000e+00 -1.048000000000000000e+03
1.276000000000000000e+04 0.000000000000000000e+00 -1.600000000000000000e+01 -1.048000000000000000e+03
1.280000000000000000e+04 0.000000000000000000e+00 -1.600000000000000000e+01 -1.016000000000000000e+03
1.284000000000000000e+04 8.000000000000000000e+00 -1.600000000000000000e+01 -1.032000000000000000e+03
1.288000000000000000e+04 8.000000000000000000e+00 -8.000000000000000000e+00 -1.040000000000000000e+03
1.292000000000000000e+04 1.600000000000000000e+01 -8.000000000000000000e+00 -1.040000000000000000e+03
1.295200000000000000e+04 1.600000000000000000e+01 -1.600000000000000000e+01 -1.032000000000000000e+03
1.299200000000000000e+04 8.000000000000000000e+00 -8.000000000000000000e+00 -1.048000000000000000e+03
1.303200000000000000e+04 8.000000000000000000e+00 0.000000000000000000e+00 -1.040000000000000000e+03
1.307200000000000000e+04 8.000000000000000000e+00 -1.600000000000000000e+01 -1.040000000000000000e+03
1.311200000000000000e+04 8.000000000000000000e+00 -1.600000000000000000e+01 -1.032000000000000000e+03
1.315200000000000000e+04 8.000000000000000000e+00 -1.600000000000000000e+01 -1.032000000000000000e+03
1.319200000000000000e+04 -8.000000000000000000e+00 -1.600000000000000000e+01 -1.024000000000000000e+03
1.323200000000000000e+04 8.000000000000000000e+00 -1.600000000000000000e+01 -1.048000000000000000e+03
1.327200000000000000e+04 8.000000000000000000e+00 -1.600000000000000000e+01 -1.048000000000000000e+03
1.331200000000000000e+04 8.000000000000000000e+00 -1.600000000000000000e+01 -1.040000000000000000e+03
1.335200000000000000e+04 8.000000000000000000e+00 -1.600000000000000000e+01 -1.024000000000000000e+03
1.339200000000000000e+04 0.000000000000000000e+00 -1.600000000000000000e+01 -1.032000000000000000e+03
1.343200000000000000e+04 0.000000000000000000e+00 -1.600000000000000000e+01 -1.040000000000000000e+03
1.347200000000000000e+04 0.000000000000000000e+00 1.600000000000000000e+01 -1.112000000000000000e+03
1.351200000000000000e+04 1.600000000000000000e+01 8.000000000000000000e+00 -1.024000000000000000e+03
1.355200000000000000e+04 1.600000000000000000e+01 0.000000000000000000e+00 -1.032000000000000000e+03
1.359200000000000000e+04 2.400000000000000000e+01 -1.600000000000000000e+01 -9.920000000000000000e+02
1.363200000000000000e+04 1.600000000000000000e+01 -1.600000000000000000e+01 -1.040000000000000000e+03
1.367200000000000000e+04 8.000000000000000000e+00 -2.400000000000000000e+01 -1.032000000000000000e+03
1.371200000000000000e+04 8.000000000000000000e+00 -1.600000000000000000e+01 -1.040000000000000000e+03
1.375200000000000000e+04 1.600000000000000000e+01 -1.600000000000000000e+01 -1.040000000000000000e+03
1.379200000000000000e+04 0.000000000000000000e+00 -8.000000000000000000e+00 -1.048000000000000000e+03
1.383200000000000000e+04 -8.000000000000000000e+00 -2.400000000000000000e+01 -1.040000000000000000e+03
1.387200000000000000e+04 0.000000000000000000e+00 -2.400000000000000000e+01 -1.024000000000000000e+03
1.391200000000000000e+04 -8.000000000000000000e+00 -2.400000000000000000e+01 -1.032000000000000000e+03
1.394400000000000000e+04 8.000000000000000000e+00 -1.600000000000000000e+01 -1.040000000000000000e+03
1.398400000000000000e+04 4.000000000000000000e+01 0.000000000000000000e+00 -1.048000000000000000e+03
1.402400000000000000e+04 2.400000000000000000e+01 -1.600000000000000000e+01 -1.048000000000000000e+03
1.406400000000000000e+04 1.600000000000000000e+01 -1.600000000000000000e+01 -1.040000000000000000e+03
1.410400000000000000e+04 8.000000000000000000e+00 -1.600000000000000000e+01 -1.056000000000000000e+03
1.414400000000000000e+04 1.600000000000000000e+01 -1.600000000000000000e+01 -1.024000000000000000e+03
1.418400000000000000e+04 1.600000000000000000e+01 -8.000000000000000000e+00 -1.072000000000000000e+03
1.422400000000000000e+04 8.000000000000000000e+00 -8.000000000000000000e+00 -1.048000000000000000e+03
1.426400000000000000e+04 0.000000000000000000e+00 -8.000000000000000000e+00 -1.040000000000000000e+03
1.430400000000000000e+04 1.600000000000000000e+01 -3.200000000000000000e+01 -1.056000000000000000e+03
1.434400000000000000e+04 2.400000000000000000e+01 -2.400000000000000000e+01 -1.016000000000000000e+03
1.438400000000000000e+04 1.600000000000000000e+01 -2.400000000000000000e+01 -1.024000000000000000e+03
1.442400000000000000e+04 1.600000000000000000e+01 -1.600000000000000000e+01 -1.048000000000000000e+03
1.446400000000000000e+04 -8.000000000000000000e+00 -3.200000000000000000e+01 -1.040000000000000000e+03
1.450400000000000000e+04 0.000000000000000000e+00 -2.400000000000000000e+01 -1.056000000000000000e+03
1.454400000000000000e+04 0.000000000000000000e+00 -1.600000000000000000e+01 -1.040000000000000000e+03
1.458400000000000000e+04 8.000000000000000000e+00 -2.400000000000000000e+01 -1.024000000000000000e+03
1.462400000000000000e+04 8.000000000000000000e+00 -1.600000000000000000e+01 -1.040000000000000000e+03
1.466400000000000000e+04 8.000000000000000000e+00 -2.400000000000000000e+01 -1.032000000000000000e+03
1.470400000000000000e+04 -8.000000000000000000e+00 -8.000000000000000000e+00 -1.032000000000000000e+03
1.474400000000000000e+04 0.000000000000000000e+00 -8.000000000000000000e+00 -1.040000000000000000e+03
1.478400000000000000e+04 8.000000000000000000e+00 -1.600000000000000000e+01 -1.024000000000000000e+03
1.482400000000000000e+04 8.000000000000000000e+00 8.000000000000000000e+00 -1.008000000000000000e+03
1.486400000000000000e+04 8.000000000000000000e+00 0.000000000000000000e+00 -1.040000000000000000e+03
1.490400000000000000e+04 1.600000000000000000e+01 -8.000000000000000000e+00 -1.064000000000000000e+03
1.493600000000000000e+04 1.600000000000000000e+01 -1.600000000000000000e+01 -1.008000000000000000e+03
1.497600000000000000e+04 8.000000000000000000e+00 -2.400000000000000000e+01 -1.040000000000000000e+03
1.501600000000000000e+04 8.000000000000000000e+00 -1.600000000000000000e+01 -1.040000000000000000e+03
1.505600000000000000e+04 8.000000000000000000e+00 8.000000000000000000e+00 -1.048000000000000000e+03
1.509600000000000000e+04 1.600000000000000000e+01 0.000000000000000000e+00 -1.048000000000000000e+03
1.513600000000000000e+04 8.000000000000000000e+00 0.000000000000000000e+00 -1.048000000000000000e+03
1.517600000000000000e+04 1.600000000000000000e+01 -8.000000000000000000e+00 -1.048000000000000000e+03
1.521600000000000000e+04 8.000000000000000000e+00 -8.000000000000000000e+00 -1.016000000000000000e+03
1.525600000000000000e+04 1.600000000000000000e+01 -1.600000000000000000e+01 -1.032000000000000000e+03
1.529600000000000000e+04 1.600000000000000000e+01 -1.600000000000000000e+01 -1.040000000000000000e+03
1.533600000000000000e+04 1.600000000000000000e+01 -8.000000000000000000e+00 -1.040000000000000000e+03
1.537600000000000000e+04 8.000000000000000000e+00 -2.400000000000000000e+01 -1.032000000000000000e+03
1.541600000000000000e+04 8.000000000000000000e+00 -8.000000000000000000e+00 -1.032000000000000000e+03
1.545600000000000000e+04 8.000000000000000000e+00 -8.000000000000000000e+00 -1.056000000000000000e+03
1.549600000000000000e+04 0.000000000000000000e+00 -3.200000000000000000e+01 -1.000000000000000000e+03
1.553600000000000000e+04 2.400000000000000000e+01 -3.200000000000000000e+01 -1.040000000000000000e+03
1.557600000000000000e+04 2.400000000000000000e+01 -2.400000000000000000e+01 -1.048000000000000000e+03
1.561600000000000000e+04 2.400000000000000000e+01 -1.600000000000000000e+01 -1.032000000000000000e+03
1.565600000000000000e+04 1.600000000000000000e+01 -1.600000000000000000e+01 -1.024000000000000000e+03
1.569600000000000000e+04 1.600000000000000000e+01 -8.000000000000000000e+00 -1.040000000000000000e+03
1.573600000000000000e+04 1.600000000000000000e+01 0.000000000000000000e+00 -1.024000000000000000e+03
1.577600000000000000e+04 -8.000000000000000000e+00 -2.400000000000000000e+01 -1.072000000000000000e+03
1.581600000000000000e+04 0.000000000000000000e+00 -1.600000000000000000e+01 -1.032000000000000000e+03
1.585600000000000000e+04 0.000000000000000000e+00 -1.600000000000000000e+01 -1.024000000000000000e+03
1.589600000000000000e+04 1.600000000000000000e+01 -1.600000000000000000e+01 -1.032000000000000000e+03
1.592900000000000000e+04 2.400000000000000000e+01 -8.000000000000000000e+00 -1.072000000000000000e+03
1.596900000000000000e+04 1.600000000000000000e+01 -8.000000000000000000e+00 -1.016000000000000000e+03
1.600900000000000000e+04 1.600000000000000000e+01 -8.000000000000000000e+00 -1.040000000000000000e+03
1.604900000000000000e+04 1.600000000000000000e+01 -2.400000000000000000e+01 -1.040000000000000000e+03
1.608900000000000000e+04 -8.000000000000000000e+00 -3.200000000000000000e+01 -1.008000000000000000e+03
1.612900000000000000e+04 0.000000000000000000e+00 -1.600000000000000000e+01 -1.040000000000000000e+03
1.616900000000000000e+04 0.000000000000000000e+00 -1.600000000000000000e+01 -1.048000000000000000e+03
1.620900000000000000e+04 0.000000000000000000e+00 -1.600000000000000000e+01 -1.048000000000000000e+03
1.624900000000000000e+04 8.000000000000000000e+00 -8.000000000000000000e+00 -1.040000000000000000e+03
1.628900000000000000e+04 2.400000000000000000e+01 -8.000000000000000000e+00 -1.064000000000000000e+03
1.632900000000000000e+04 1.600000000000000000e+01 -1.600000000000000000e+01 -1.064000000000000000e+03
1.636900000000000000e+04 1.600000000000000000e+01 -1.600000000000000000e+01 -1.032000000000000000e+03
1.640900000000000000e+04 1.600000000000000000e+01 -1.600000000000000000e+01 -1.032000000000000000e+03
1.644900000000000000e+04 1.600000000000000000e+01 -1.600000000000000000e+01 -1.040000000000000000e+03
1.648900000000000000e+04 2.400000000000000000e+01 -1.600000000000000000e+01 -1.040000000000000000e+03
1.652900000000000000e+04 1.600000000000000000e+01 -1.600000000000000000e+01 -1.048000000000000000e+03
1.656900000000000000e+04 1.600000000000000000e+01 -8.000000000000000000e+00 -1.024000000000000000e+03
1.660900000000000000e+04 1.600000000000000000e+01 -8.000000000000000000e+00 -1.040000000000000000e+03
1.664900000000000000e+04 8.000000000000000000e+00 -8.000000000000000000e+00 -1.040000000000000000e+03
1.668900000000000000e+04 1.600000000000000000e+01 -2.400000000000000000e+01 -1.024000000000000000e+03
1.672900000000000000e+04 8.000000000000000000e+00 -2.400000000000000000e+01 -1.064000000000000000e+03
1.676900000000000000e+04 -8.000000000000000000e+00 -1.600000000000000000e+01 -1.040000000000000000e+03
1.680900000000000000e+04 0.000000000000000000e+00 -1.600000000000000000e+01 -1.056000000000000000e+03
1.684900000000000000e+04 0.000000000000000000e+00 -8.000000000000000000e+00 -1.024000000000000000e+03
1.688900000000000000e+04 2.400000000000000000e+01 -8.000000000000000000e+00 -1.024000000000000000e+03
1.692100000000000000e+04 1.600000000000000000e+01 -8.000000000000000000e+00 -1.024000000000000000e+03
1.696100000000000000e+04 0.000000000000000000e+00 -8.000000000000000000e+00 -1.040000000000000000e+03
1.700100000000000000e+04 1.600000000000000000e+01 -8.000000000000000000e+00 -1.040000000000000000e+03
1.704100000000000000e+04 8.000000000000000000e+00 -8.000000000000000000e+00 -1.056000000000000000e+03
1.708100000000000000e+04 1.600000000000000000e+01 -8.000000000000000000e+00 -1.048000000000000000e+03
1.712100000000000000e+04 1.600000000000000000e+01 0.000000000000000000e+00 -1.032000000000000000e+03
1.716100000000000000e+04 8.000000000000000000e+00 -8.000000000000000000e+00 -1.040000000000000000e+03
1.720100000000000000e+04 -1.600000000000000000e+01 -8.000000000000000000e+00 -1.048000000000000000e+03
1.724100000000000000e+04 -8.000000000000000000e+00 -1.600000000000000000e+01 -1.040000000000000000e+03
1.728100000000000000e+04 0.000000000000000000e+00 -1.600000000000000000e+01 -1.024000000000000000e+03
1.732100000000000000e+04 8.000000000000000000e+00 -1.600000000000000000e+01 -1.032000000000000000e+03
1.736100000000000000e+04 8.000000000000000000e+00 -8.000000000000000000e+00 -1.040000000000000000e+03
1.740100000000000000e+04 1.600000000000000000e+01 -1.600000000000000000e+01 -1.016000000000000000e+03
1.744100000000000000e+04 1.600000000000000000e+01 0.000000000000000000e+00 -1.024000000000000000e+03
1.748100000000000000e+04 8.000000000000000000e+00 0.000000000000000000e+00 -1.024000000000000000e+03
1.752100000000000000e+04 8.000000000000000000e+00 -8.000000000000000000e+00 -1.048000000000000000e+03
1.756100000000000000e+04 8.000000000000000000e+00 -1.600000000000000000e+01 -9.920000000000000000e+02
1.760100000000000000e+04 1.600000000000000000e+01 -8.000000000000000000e+00 -1.048000000000000000e+03
1.764100000000000000e+04 8.000000000000000000e+00 -1.600000000000000000e+01 -1.056000000000000000e+03
1.768100000000000000e+04 4.000000000000000000e+01 -3.200000000000000000e+01 -1.024000000000000000e+03
1.772100000000000000e+04 2.400000000000000000e+01 -2.400000000000000000e+01 -1.032000000000000000e+03
1.776100000000000000e+04 1.600000000000000000e+01 -8.000000000000000000e+00 -1.040000000000000000e+03
1.780100000000000000e+04 2.400000000000000000e+01 -1.600000000000000000e+01 -1.064000000000000000e+03
1.784100000000000000e+04 4.000000000000000000e+01 -2.400000000000000000e+01 -1.064000000000000000e+03
1.788100000000000000e+04 4.000000000000000000e+01 -1.600000000000000000e+01 -1.032000000000000000e+03
1.791400000000000000e+04 2.400000000000000000e+01 -8.000000000000000000e+00 -1.040000000000000000e+03
1.795400000000000000e+04 8.000000000000000000e+00 -1.600000000000000000e+01 -1.024000000000000000e+03
1.799400000000000000e+04 8.000000000000000000e+00 -1.600000000000000000e+01 -1.016000000000000000e+03
1.803400000000000000e+04 0.000000000000000000e+00 -1.600000000000000000e+01 -1.024000000000000000e+03
1.807400000000000000e+04 8.000000000000000000e+00 -1.600000000000000000e+01 -1.032000000000000000e+03
1.811400000000000000e+04 8.000000000000000000e+00 -1.600000000000000000e+01 -1.024000000000000000e+03
1.815400000000000000e+04 1.600000000000000000e+01 -1.600000000000000000e+01 -1.072000000000000000e+03
1.819400000000000000e+04 1.600000000000000000e+01 -1.600000000000000000e+01 -1.048000000000000000e+03
1.823400000000000000e+04 2.400000000000000000e+01 -8.000000000000000000e+00 -1.032000000000000000e+03
1.827400000000000000e+04 1.600000000000000000e+01 -8.000000000000000000e+00 -1.080000000000000000e+03
1.831400000000000000e+04 1.600000000000000000e+01 -1.600000000000000000e+01 -1.040000000000000000e+03
1.835400000000000000e+04 2.400000000000000000e+01 -1.600000000000000000e+01 -1.048000000000000000e+03
1.839400000000000000e+04 1.600000000000000000e+01 -8.000000000000000000e+00 -1.032000000000000000e+03
1.843400000000000000e+04 1.600000000000000000e+01 -8.000000000000000000e+00 -1.040000000000000000e+03
1.847400000000000000e+04 1.600000000000000000e+01 -8.000000000000000000e+00 -1.032000000000000000e+03
1.851400000000000000e+04 1.600000000000000000e+01 -1.600000000000000000e+01 -1.040000000000000000e+03
1.855400000000000000e+04 1.600000000000000000e+01 -1.600000000000000000e+01 -1.040000000000000000e+03
1.859400000000000000e+04 0.000000000000000000e+00 -8.000000000000000000e+00 -1.032000000000000000e+03
1.863400000000000000e+04 0.000000000000000000e+00 -8.000000000000000000e+00 -1.040000000000000000e+03
1.867400000000000000e+04 8.000000000000000000e+00 -8.000000000000000000e+00 -1.040000000000000000e+03
1.871400000000000000e+04 8.000000000000000000e+00 -8.000000000000000000e+00 -1.040000000000000000e+03
1.875400000000000000e+04 8.000000000000000000e+00 -8.000000000000000000e+00 -1.032000000000000000e+03
1.879400000000000000e+04 1.600000000000000000e+01 -8.000000000000000000e+00 -1.040000000000000000e+03
1.883400000000000000e+04 1.600000000000000000e+01 -8.000000000000000000e+00 -1.040000000000000000e+03
1.887400000000000000e+04 8.000000000000000000e+00 0.000000000000000000e+00 -1.032000000000000000e+03
1.890600000000000000e+04 8.000000000000000000e+00 -8.000000000000000000e+00 -1.024000000000000000e+03
1.894600000000000000e+04 -8.000000000000000000e+00 -8.000000000000000000e+00 -1.032000000000000000e+03
1.898600000000000000e+04 0.000000000000000000e+00 -8.000000000000000000e+00 -1.032000000000000000e+03
1.902600000000000000e+04 8.000000000000000000e+00 -8.000000000000000000e+00 -1.032000000000000000e+03
1.906600000000000000e+04 1.600000000000000000e+01 -8.000000000000000000e+00 -1.048000000000000000e+03
1.910600000000000000e+04 1.600000000000000000e+01 -8.000000000000000000e+00 -1.040000000000000000e+03
1.914600000000000000e+04 1.600000000000000000e+01 -8.000000000000000000e+00 -1.032000000000000000e+03
1.918600000000000000e+04 1.600000000000000000e+01 0.000000000000000000e+00 -1.024000000000000000e+03
1.922600000000000000e+04 3.200000000000000000e+01 0.000000000000000000e+00 -1.040000000000000000e+03
1.926600000000000000e+04 5.600000000000000000e+01 -8.000000000000000000e+00 -1.040000000000000000e+03
1.930600000000000000e+04 4.000000000000000000e+01 -3.200000000000000000e+01 -1.048000000000000000e+03
1.934600000000000000e+04 2.400000000000000000e+01 0.000000000000000000e+00 -1.048000000000000000e+03
1.938600000000000000e+04 2.400000000000000000e+01 -8.000000000000000000e+00 -1.032000000000000000e+03
1.942600000000000000e+04 1.600000000000000000e+01 -8.000000000000000000e+00 -1.040000000000000000e+03
1.946600000000000000e+04 8.000000000000000000e+00 0.000000000000000000e+00 -1.016000000000000000e+03
1.950600000000000000e+04 8.000000000000000000e+00 -8.000000000000000000e+00 -1.056000000000000000e+03
1.954600000000000000e+04 8.000000000000000000e+00 0.000000000000000000e+00 -1.040000000000000000e+03
1.958600000000000000e+04 8.000000000000000000e+00 -8.000000000000000000e+00 -1.040000000000000000e+03
1.962600000000000000e+04 8.000000000000000000e+00 -8.000000000000000000e+00 -1.032000000000000000e+03
1.966600000000000000e+04 8.000000000000000000e+00 -8.000000000000000000e+00 -1.024000000000000000e+03
1.970600000000000000e+04 1.600000000000000000e+01 -8.000000000000000000e+00 -1.016000000000000000e+03
1.974600000000000000e+04 1.600000000000000000e+01 -8.000000000000000000e+00 -1.024000000000000000e+03
1.978600000000000000e+04 1.600000000000000000e+01 -8.000000000000000000e+00 -1.040000000000000000e+03
1.982600000000000000e+04 1.600000000000000000e+01 -8.000000000000000000e+00 -1.040000000000000000e+03
1.986600000000000000e+04 8.000000000000000000e+00 -1.600000000000000000e+01 -1.032000000000000000e+03
