1.740395000000000000e+06 8.000000000000000000e+00 -2.400000000000000000e+01 -1.032000000000000000e+03
1.740435000000000000e+06 2.400000000000000000e+01 -2.400000000000000000e+01 -1.064000000000000000e+03
1.740475000000000000e+06 2.400000000000000000e+01 -2.400000000000000000e+01 -1.040000000000000000e+03
1.740515000000000000e+06 2.400000000000000000e+01 -2.400000000000000000e+01 -1.024000000000000000e+03
1.740555000000000000e+06 2.400000000000000000e+01 -2.400000000000000000e+01 -1.032000000000000000e+03
1.740595000000000000e+06 1.600000000000000000e+01 -3.200000000000000000e+01 -1.032000000000000000e+03
1.740635000000000000e+06 2.400000000000000000e+01 -2.400000000000000000e+01 -1.032000000000000000e+03
1.740675000000000000e+06 1.600000000000000000e+01 -2.400000000000000000e+01 -1.032000000000000000e+03
1.740715000000000000e+06 1.600000000000000000e+01 -2.400000000000000000e+01 -1.016000000000000000e+03
1.740755000000000000e+06 8.000000000000000000e+00 -2.400000000000000000e+01 -1.024000000000000000e+03
1.740795000000000000e+06 1.600000000000000000e+01 -3.200000000000000000e+01 -1.032000000000000000e+03
1.740835000000000000e+06 1.600000000000000000e+01 -3.200000000000000000e+01 -1.032000000000000000e+03
1.740875000000000000e+06 1.600000000000000000e+01 -2.400000000000000000e+01 -1.032000000000000000e+03
1.740915000000000000e+06 1.600000000000000000e+01 -2.400000000000000000e+01 -1.048000000000000000e+03
1.740955000000000000e+06 8.000000000000000000e+00 -2.400000000000000000e+01 -1.032000000000000000e+03
1.740995000000000000e+06 8.000000000000000000e+00 -2.400000000000000000e+01 -1.032000000000000000e+03
1.741035000000000000e+06 1.600000000000000000e+01 -2.400000000000000000e+01 -1.040000000000000000e+03
1.741075000000000000e+06 1.600000000000000000e+01 -2.400000000000000000e+01 -1.040000000000000000e+03
1.741115000000000000e+06 1.600000000000000000e+01 -3.200000000000000000e+01 -1.024000000000000000e+03
1.741155000000000000e+06 2.400000000000000000e+01 -2.400000000000000000e+01 -1.048000000000000000e+03
1.741195000000000000e+06 1.600000000000000000e+01 -3.200000000000000000e+01 -1.048000000000000000e+03
1.741235000000000000e+06 1.600000000000000000e+01 -3.200000000000000000e+01 -1.024000000000000000e+03
1.741275000000000000e+06 1.600000000000000000e+01 -2.400000000000000000e+01 -1.032000000000000000e+03
1.741315000000000000e+06 8.000000000000000000e+00 -3.200000000000000000e+01 -1.040000000000000000e+03
1.741355000000000000e+06 1.600000000000000000e+01 -3.200000000000000000e+01 -1.040000000000000000e+03
1.744362000000000000e+06 1.600000000000000000e+01 -1.600000000000000000e+01 -1.024000000000000000e+03
1.744402000000000000e+06 8.000000000000000000e+00 -8.000000000000000000e+00 -1.032000000000000000e+03
1.744442000000000000e+06 1.600000000000000000e+01 -2.400000000000000000e+01 -1.016000000000000000e+03
1.744482000000000000e+06 1.600000000000000000e+01 -2.400000000000000000e+01 -1.024000000000000000e+03
1.744522000000000000e+06 8.000000000000000000e+00 -2.400000000000000000e+01 -1.024000000000000000e+03
1.744562000000000000e+06 8.000000000000000000e+00 -2.400000000000000000e+01 -1.048000000000000000e+03
1.744602000000000000e+06 1.600000000000000000e+01 -2.400000000000000000e+01 -1.032000000000000000e+03
1.744642000000000000e+06 8.000000000000000000e+00 -3.200000000000000000e+01 -1.016000000000000000e+03
1.744682000000000000e+06 2.400000000000000000e+01 -2.400000000000000000e+01 -1.024000000000000000e+03
1.744722000000000000e+06 1.600000000000000000e+01 -3.200000000000000000e+01 -1.024000000000000000e+03
1.744762000000000000e+06 8.000000000000000000e+00 -2.400000000000000000e+01 -1.032000000000000000e+03
1.744802000000000000e+06 1.600000000000000000e+01 -3.200000000000000000e+01 -1.040000000000000000e+03
1.744842000000000000e+06 2.400000000000000000e+01 -2.400000000000000000e+01 -1.016000000000000000e+03
1.744882000000000000e+06 2.400000000000000000e+01 -1.600000000000000000e+01 -1.024000000000000000e+03
1.744922000000000000e+06 1.600000000000000000e+01 -1.600000000000000000e+01 -1.032000000000000000e+03
1.744962000000000000e+06 1.600000000000000000e+01 -2.400000000000000000e+01 -1.032000000000000000e+03
1.745002000000000000e+06 2.400000000000000000e+01 -2.400000000000000000e+01 -1.032000000000000000e+03
1.745042000000000000e+06 2.400000000000000000e+01 -2.400000000000000000e+01 -1.032000000000000000e+03
1.745082000000000000e+06 1.600000000000000000e+01 -1.600000000000000000e+01 -1.032000000000000000e+03
1.745122000000000000e+06 0.000000000000000000e+00 -2.400000000000000000e+01 -1.016000000000000000e+03
1.745162000000000000e+06 0.000000000000000000e+00 -2.400000000000000000e+01 -1.032000000000000000e+03
1.745202000000000000e+06 1.600000000000000000e+01 -2.400000000000000000e+01 -1.032000000000000000e+03
1.745242000000000000e+06 8.000000000000000000e+00 -2.400000000000000000e+01 -1.016000000000000000e+03
1.745282000000000000e+06 8.000000000000000000e+00 -3.200000000000000000e+01 -1.016000000000000000e+03
1.745322000000000000e+06 1.600000000000000000e+01 -2.400000000000000000e+01 -1.024000000000000000e+03
1.748329000000000000e+06 1.600000000000000000e+01 -2.400000000000000000e+01 -1.032000000000000000e+03
1.748369000000000000e+06 8.000000000000000000e+00 -2.400000000000000000e+01 -1.024000000000000000e+03
1.748409000000000000e+06 1.600000000000000000e+01 -1.600000000000000000e+01 -1.032000000000000000e+03
1.748449000000000000e+06 1.600000000000000000e+01 -2.400000000000000000e+01 -1.008000000000000000e+03
1.748489000000000000e+06 2.400000000000000000e+01 -2.400000000000000000e+01 -1.032000000000000000e+03
1.748529000000000000e+06 1.600000000000000000e+01 -2.400000000000000000e+01 -1.032000000000000000e+03
1.748569000000000000e+06 1.600000000000000000e+01 -3.200000000000000000e+01 -1.032000000000000000e+03
1.748609000000000000e+06 1.600000000000000000e+01 -2.400000000000000000e+01 -1.032000000000000000e+03
1.748649000000000000e+06 2.400000000000000000e+01 -2.400000000000000000e+01 -1.032000000000000000e+03
1.748689000000000000e+06 1.600000000000000000e+01 -2.400000000000000000e+01 -1.040000000000000000e+03
1.748729000000000000e+06 1.600000000000000000e+01 -2.400000000000000000e+01 -1.032000000000000000e+03
1.748769000000000000e+06 1.600000000000000000e+01 -2.400000000000000000e+01 -1.048000000000000000e+03
1.748809000000000000e+06 8.000000000000000000e+00 -2.400000000000000000e+01 -1.000000000000000000e+03
1.748849000000000000e+06 1.600000000000000000e+01 -2.400000000000000000e+01 -1.040000000000000000e+03
1.748889000000000000e+06 1.600000000000000000e+01 -2.400000000000000000e+01 -1.016000000000000000e+03
1.748929000000000000e+06 1.600000000000000000e+01 -2.400000000000000000e+01 -1.040000000000000000e+03
1.748969000000000000e+06 1.600000000000000000e+01 -2.400000000000000000e+01 -1.040000000000000000e+03
1.749009000000000000e+06 2.400000000000000000e+01 -2.400000000000000000e+01 -1.032000000000000000e+03
1.749049000000000000e+06 1.600000000000000000e+01 -2.400000000000000000e+01 -1.024000000000000000e+03
1.749089000000000000e+06 1.600000000000000000e+01 -2.400000000000000000e+01 -1.024000000000000000e+03
1.749129000000000000e+06 1.600000000000000000e+01 -2.400000000000000000e+01 -1.032000000000000000e+03
1.749169000000000000e+06 1.600000000000000000e+01 -2.400000000000000000e+01 -1.032000000000000000e+03
1.749209000000000000e+06 2.400000000000000000e+01 -3.200000000000000000e+01 -1.032000000000000000e+03
1.749249000000000000e+06 2.400000000000000000e+01 -2.400000000000000000e+01 -1.032000000000000000e+03
1.749289000000000000e+06 1.600000000000000000e+01 -2.400000000000000000e+01 -1.032000000000000000e+03
1.752296000000000000e+06 2.400000000000000000e+01 -2.400000000000000000e+01 -1.024000000000000000e+03
1.752336000000000000e+06 3.200000000000000000e+01 -2.400000000000000000e+01 -1.024000000000000000e+03
1.752376000000000000e+06 2.400000000000000000e+01 -2.400000000000000000e+01 -1.008000000000000000e+03
1.752416000000000000e+06 1.600000000000000000e+01 -2.400000000000000000e+01 -1.048000000000000000e+03
1.752456000000000000e+06 1.600000000000000000e+01 -2.400000000000000000e+01 -1.040000000000000000e+03
1.752496000000000000e+06 1.600000000000000000e+01 -1.600000000000000000e+01 -1.032000000000000000e+03
1.752536000000000000e+06 3.200000000000000000e+01 -1.600000000000000000e+01 -1.040000000000000000e+03
1.752576000000000000e+06 1.600000000000000000e+01 -2.400000000000000000e+01 -1.032000000000000000e+03
1.752616000000000000e+06 2.400000000000000000e+01 -1.600000000000000000e+01 -1.040000000000000000e+03
1.752656000000000000e+06 2.400000000000000000e+01 -2.400000000000000000e+01 -1.040000000000000000e+03
1.752696000000000000e+06 2.400000000000000000e+01 -2.400000000000000000e+01 -1.024000000000000000e+03
1.752736000000000000e+06 8.000000000000000000e+00 -2.400000000000000000e+01 -1.024000000000000000e+03
1.752776000000000000e+06 1.600000000000000000e+01 -2.400000000000000000e+01 -1.032000000000000000e+03
1.752816000000000000e+06 1.600000000000000000e+01 -3.200000000000000000e+01 -1.024000000000000000e+03
1.752856000000000000e+06 1.600000000000000000e+01 -1.600000000000000000e+01 -1.024000000000000000e+03
1.752896000000000000e+06 1.600000000000000000e+01 -2.400000000000000000e+01 -9.760000000000000000e+02
1.752936000000000000e+06 2.400000000000000000e+01 -2.400000000000000000e+01 -1.032000000000000000e+03
1.752976000000000000e+06 1.600000000000000000e+01 -3.200000000000000000e+01 -1.000000000000000000e+03
1.753016000000000000e+06 1.600000000000000000e+01 -2.400000000000000000e+01 -1.000000000000000000e+03
1.753056000000000000e+06 1.600000000000000000e+01 -4.000000000000000000e+01 -1.040000000000000000e+03
1.753096000000000000e+06 1.600000000000000000e+01 -3.200000000000000000e+01 -1.032000000000000000e+03
1.753136000000000000e+06 4.000000000000000000e+01 -3.200000000000000000e+01 -1.024000000000000000e+03
1.753176000000000000e+06 2.400000000000000000e+01 -3.200000000000000000e+01 -1.032000000000000000e+03
1.753216000000000000e+06 3.200000000000000000e+01 -2.400000000000000000e+01 -1.024000000000000000e+03
1.753256000000000000e+06 2.400000000000000000e+01 -2.400000000000000000e+01 -1.024000000000000000e+03
1.756264000000000000e+06 1.600000000000000000e+01 -2.400000000000000000e+01 -1.040000000000000000e+03
1.756304000000000000e+06 8.000000000000000000e+00 -1.600000000000000000e+01 -1.032000000000000000e+03
1.756344000000000000e+06 2.400000000000000000e+01 -1.600000000000000000e+01 -1.016000000000000000e+03
1.756384000000000000e+06 1.600000000000000000e+01 -1.600000000000000000e+01 -1.024000000000000000e+03
1.756424000000000000e+06 1.600000000000000000e+01 -1.600000000000000000e+01 -1.032000000000000000e+03
1.756464000000000000e+06 1.600000000000000000e+01 -1.600000000000000000e+01 -1.008000000000000000e+03
1.756504000000000000e+06 1.600000000000000000e+01 -2.400000000000000000e+01 -1.032000000000000000e+03
1.756544000000000000e+06 1.600000000000000000e+01 -1.600000000000000000e+01 -1.024000000000000000e+03
1.756584000000000000e+06 1.600000000000000000e+01 -2.400000000000000000e+01 -1.040000000000000000e+03
1.756624000000000000e+06 8.000000000000000000e+00 -2.400000000000000000e+01 -1.032000000000000000e+03
1.756664000000000000e+06 0.000000000000000000e+00 -2.400000000000000000e+01 -1.024000000000000000e+03
1.756704000000000000e+06 1.600000000000000000e+01 -3.200000000000000000e+01 -1.024000000000000000e+03
1.756744000000000000e+06 1.600000000000000000e+01 -3.200000000000000000e+01 -1.032000000000000000e+03
1.756784000000000000e+06 2.400000000000000000e+01 -2.400000000000000000e+01 -1.032000000000000000e+03
1.756824000000000000e+06 2.400000000000000000e+01 -3.200000000000000000e+01 -1.024000000000000000e+03
1.756864000000000000e+06 2.400000000000000000e+01 -3.200000000000000000e+01 -1.024000000000000000e+03
1.756904000000000000e+06 1.600000000000000000e+01 -3.200000000000000000e+01 -1.032000000000000000e+03
1.756944000000000000e+06 1.600000000000000000e+01 -2.400000000000000000e+01 -1.040000000000000000e+03
1.756984000000000000e+06 1.600000000000000000e+01 -2.400000000000000000e+01 -1.032000000000000000e+03
1.757024000000000000e+06 1.600000000000000000e+01 -2.400000000000000000e+01 -1.040000000000000000e+03
1.757064000000000000e+06 8.000000000000000000e+00 -2.400000000000000000e+01 -1.024000000000000000e+03
1.757104000000000000e+06 1.600000000000000000e+01 -2.400000000000000000e+01 -1.032000000000000000e+03
1.757144000000000000e+06 1.600000000000000000e+01 -2.400000000000000000e+01 -1.032000000000000000e+03
1.757184000000000000e+06 1.600000000000000000e+01 -3.200000000000000000e+01 -1.040000000000000000e+03
1.757224000000000000e+06 1.600000000000000000e+01 -2.400000000000000000e+01 -1.032000000000000000e+03
1.760232000000000000e+06 1.600000000000000000e+01 -2.400000000000000000e+01 -1.040000000000000000e+03
1.760272000000000000e+06 1.600000000000000000e+01 -3.200000000000000000e+01 -1.032000000000000000e+03
1.760312000000000000e+06 1.600000000000000000e+01 -2.400000000000000000e+01 -1.008000000000000000e+03
1.760352000000000000e+06 1.600000000000000000e+01 -2.400000000000000000e+01 -1.032000000000000000e+03
1.760392000000000000e+06 1.600000000000000000e+01 -2.400000000000000000e+01 -1.040000000000000000e+03
1.760432000000000000e+06 1.600000000000000000e+01 -2.400000000000000000e+01 -1.024000000000000000e+03
1.760472000000000000e+06 2.400000000000000000e+01 -2.400000000000000000e+01 -1.040000000000000000e+03
1.760512000000000000e+06 1.600000000000000000e+01 -2.400000000000000000e+01 -1.024000000000000000e+03
1.760552000000000000e+06 1.600000000000000000e+01 -2.400000000000000000e+01 -1.040000000000000000e+03
1.760592000000000000e+06 2.400000000000000000e+01 -3.200000000000000000e+01 -1.040000000000000000e+03
1.760632000000000000e+06 2.400000000000000000e+01 -2.400000000000000000e+01 -1.016000000000000000e+03
1.760672000000000000e+06 2.400000000000000000e+01 -2.400000000000000000e+01 -1.040000000000000000e+03
1.760712000000000000e+06 1.600000000000000000e+01 -2.400000000000000000e+01 -1.032000000000000000e+03
1.760752000000000000e+06 2.400000000000000000e+01 -1.600000000000000000e+01 -1.024000000000000000e+03
1.760792000000000000e+06 2.400000000000000000e+01 -2.400000000000000000e+01 -1.032000000000000000e+03
1.760832000000000000e+06 2.400000000000000000e+01 -1.600000000000000000e+01 -1.040000000000000000e+03
1.760872000000000000e+06 1.600000000000000000e+01 -2.400000000000000000e+01 -1.024000000000000000e+03
1.760912000000000000e+06 1.600000000000000000e+01 -2.400000000000000000e+01 -1.008000000000000000e+03
1.760952000000000000e+06 1.600000000000000000e+01 -2.400000000000000000e+01 -1.032000000000000000e+03
1.760992000000000000e+06 1.600000000000000000e+01 -2.400000000000000000e+01 -1.032000000000000000e+03
1.761032000000000000e+06 1.600000000000000000e+01 -2.400000000000000000e+01 -1.040000000000000000e+03
1.761072000000000000e+06 2.400000000000000000e+01 -2.400000000000000000e+01 -1.040000000000000000e+03
1.761112000000000000e+06 2.400000000000000000e+01 -2.400000000000000000e+01 -1.040000000000000000e+03
1.761152000000000000e+06 2.400000000000000000e+01 -2.400000000000000000e+01 -1.040000000000000000e+03
1.761192000000000000e+06 1.600000000000000000e+01 -2.400000000000000000e+01 -1.032000000000000000e+03
