2.700000000000000000e+01 -8.800000000000000000e+01 7.040000000000000000e+02 -7.280000000000000000e+02
6.700000000000000000e+01 -1.040000000000000000e+02 7.280000000000000000e+02 -6.560000000000000000e+02
1.070000000000000000e+02 -8.800000000000000000e+01 7.280000000000000000e+02 -7.360000000000000000e+02
1.470000000000000000e+02 -8.800000000000000000e+01 7.360000000000000000e+02 -6.960000000000000000e+02
1.870000000000000000e+02 -9.600000000000000000e+01 7.360000000000000000e+02 -6.800000000000000000e+02
2.270000000000000000e+02 -1.040000000000000000e+02 7.360000000000000000e+02 -6.880000000000000000e+02
2.670000000000000000e+02 -9.600000000000000000e+01 7.520000000000000000e+02 -7.040000000000000000e+02
3.070000000000000000e+02 -1.120000000000000000e+02 7.280000000000000000e+02 -7.120000000000000000e+02
3.470000000000000000e+02 -1.120000000000000000e+02 7.360000000000000000e+02 -6.800000000000000000e+02
3.870000000000000000e+02 -1.040000000000000000e+02 7.440000000000000000e+02 -6.640000000000000000e+02
4.270000000000000000e+02 -9.600000000000000000e+01 7.360000000000000000e+02 -6.560000000000000000e+02
4.670000000000000000e+02 -1.040000000000000000e+02 7.360000000000000000e+02 -6.960000000000000000e+02
5.070000000000000000e+02 -9.600000000000000000e+01 7.280000000000000000e+02 -6.960000000000000000e+02
5.470000000000000000e+02 -1.040000000000000000e+02 7.360000000000000000e+02 -7.040000000000000000e+02
5.870000000000000000e+02 -1.040000000000000000e+02 7.440000000000000000e+02 -6.880000000000000000e+02
6.270000000000000000e+02 -1.040000000000000000e+02 7.360000000000000000e+02 -6.960000000000000000e+02
6.670000000000000000e+02 -1.040000000000000000e+02 7.360000000000000000e+02 -6.800000000000000000e+02
7.070000000000000000e+02 -1.040000000000000000e+02 7.280000000000000000e+02 -6.720000000000000000e+02
7.470000000000000000e+02 -9.600000000000000000e+01 7.280000000000000000e+02 -6.880000000000000000e+02
7.870000000000000000e+02 -9.600000000000000000e+01 7.280000000000000000e+02 -6.880000000000000000e+02
8.270000000000000000e+02 -1.040000000000000000e+02 7.200000000000000000e+02 -7.040000000000000000e+02
8.670000000000000000e+02 -9.600000000000000000e+01 7.280000000000000000e+02 -6.880000000000000000e+02
9.070000000000000000e+02 -1.040000000000000000e+02 7.360000000000000000e+02 -6.880000000000000000e+02
9.470000000000000000e+02 -1.040000000000000000e+02 7.280000000000000000e+02 -6.880000000000000000e+02
9.870000000000000000e+02 -1.040000000000000000e+02 7.200000000000000000e+02 -6.720000000000000000e+02
1.020000000000000000e+03 -9.600000000000000000e+01 7.280000000000000000e+02 -6.800000000000000000e+02
1.060000000000000000e+03 -9.600000000000000000e+01 7.280000000000000000e+02 -6.720000000000000000e+02
1.100000000000000000e+03 -1.120000000000000000e+02 7.360000000000000000e+02 -6.720000000000000000e+02
1.140000000000000000e+03 -1.120000000000000000e+02 7.360000000000000000e+02 -6.880000000000000000e+02
1.180000000000000000e+03 -9.600000000000000000e+01 7.360000000000000000e+02 -6.960000000000000000e+02
1.220000000000000000e+03 -8.800000000000000000e+01 7.360000000000000000e+02 -6.720000000000000000e+02
1.260000000000000000e+03 -8.800000000000000000e+01 7.280000000000000000e+02 -6.640000000000000000e+02
1.300000000000000000e+03 -9.600000000000000000e+01 7.360000000000000000e+02 -6.880000000000000000e+02
1.340000000000000000e+03 -1.040000000000000000e+02 7.360000000000000000e+02 -6.800000000000000000e+02
1.380000000000000000e+03 -1.040000000000000000e+02 7.360000000000000000e+02 -6.720000000000000000e+02
1.420000000000000000e+03 -1.120000000000000000e+02 7.600000000000000000e+02 -7.040000000000000000e+02
1.460000000000000000e+03 -1.120000000000000000e+02 7.440000000000000000e+02 -6.800000000000000000e+02
1.500000000000000000e+03 -1.040000000000000000e+02 7.440000000000000000e+02 -6.400000000000000000e+02
1.540000000000000000e+03 -1.120000000000000000e+02 7.440000000000000000e+02 -6.720000000000000000e+02
1.580000000000000000e+03 -1.040000000000000000e+02 7.280000000000000000e+02 -6.720000000000000000e+02
1.620000000000000000e+03 -1.040000000000000000e+02 7.360000000000000000e+02 -6.880000000000000000e+02
1.660000000000000000e+03 -1.040000000000000000e+02 7.360000000000000000e+02 -6.880000000000000000e+02
1.700000000000000000e+03 -1.040000000000000000e+02 7.360000000000000000e+02 -6.560000000000000000e+02
1.740000000000000000e+03 -1.120000000000000000e+02 7.360000000000000000e+02 -6.800000000000000000e+02
1.780000000000000000e+03 -1.120000000000000000e+02 7.440000000000000000e+02 -6.960000000000000000e+02
1.820000000000000000e+03 -9.600000000000000000e+01 7.520000000000000000e+02 -6.640000000000000000e+02
1.860000000000000000e+03 -9.600000000000000000e+01 7.440000000000000000e+02 -6.640000000000000000e+02
1.900000000000000000e+03 -1.040000000000000000e+02 7.520000000000000000e+02 -6.720000000000000000e+02
1.940000000000000000e+03 -1.040000000000000000e+02 7.440000000000000000e+02 -6.800000000000000000e+02
1.980000000000000000e+03 -9.600000000000000000e+01 7.440000000000000000e+02 -6.800000000000000000e+02
2.013000000000000000e+03 -1.040000000000000000e+02 7.360000000000000000e+02 -6.880000000000000000e+02
2.053000000000000000e+03 -9.600000000000000000e+01 7.360000000000000000e+02 -6.480000000000000000e+02
2.093000000000000000e+03 -9.600000000000000000e+01 7.360000000000000000e+02 -6.720000000000000000e+02
2.133000000000000000e+03 -1.200000000000000000e+02 7.360000000000000000e+02 -7.040000000000000000e+02
2.173000000000000000e+03 -1.040000000000000000e+02 7.360000000000000000e+02 -6.800000000000000000e+02
2.213000000000000000e+03 -9.600000000000000000e+01 7.520000000000000000e+02 -6.880000000000000000e+02
2.253000000000000000e+03 -9.600000000000000000e+01 7.440000000000000000e+02 -6.720000000000000000e+02
2.293000000000000000e+03 -1.040000000000000000e+02 7.280000000000000000e+02 -7.040000000000000000e+02
2.333000000000000000e+03 -1.040000000000000000e+02 7.280000000000000000e+02 -7.040000000000000000e+02
2.373000000000000000e+03 -1.040000000000000000e+02 7.440000000000000000e+02 -6.880000000000000000e+02
2.413000000000000000e+03 -9.600000000000000000e+01 7.360000000000000000e+02 -6.960000000000000000e+02
2.453000000000000000e+03 -1.040000000000000000e+02 7.440000000000000000e+02 -7.120000000000000000e+02
2.493000000000000000e+03 -1.040000000000000000e+02 7.360000000000000000e+02 -6.880000000000000000e+02
2.533000000000000000e+03 -1.040000000000000000e+02 7.280000000000000000e+02 -7.200000000000000000e+02
2.573000000000000000e+03 -9.600000000000000000e+01 7.360000000000000000e+02 -6.880000000000000000e+02
2.613000000000000000e+03 -1.040000000000000000e+02 7.440000000000000000e+02 -6.480000000000000000e+02
2.653000000000000000e+03 -1.040000000000000000e+02 7.440000000000000000e+02 -6.560000000000000000e+02
2.693000000000000000e+03 -1.040000000000000000e+02 7.360000000000000000e+02 -6.800000000000000000e+02
2.733000000000000000e+03 -1.040000000000000000e+02 7.360000000000000000e+02 -6.800000000000000000e+02
2.773000000000000000e+03 -9.600000000000000000e+01 7.440000000000000000e+02 -6.560000000000000000e+02
2.813000000000000000e+03 -1.040000000000000000e+02 7.520000000000000000e+02 -6.880000000000000000e+02
2.853000000000000000e+03 -9.600000000000000000e+01 7.440000000000000000e+02 -6.640000000000000000e+02
2.893000000000000000e+03 -1.200000000000000000e+02 7.520000000000000000e+02 -6.960000000000000000e+02
2.933000000000000000e+03 -1.200000000000000000e+02 7.600000000000000000e+02 -6.640000000000000000e+02
2.973000000000000000e+03 -1.200000000000000000e+02 7.600000000000000000e+02 -6.480000000000000000e+02
3.005000000000000000e+03 -1.200000000000000000e+02 7.520000000000000000e+02 -6.560000000000000000e+02
3.045000000000000000e+03 -1.120000000000000000e+02 7.440000000000000000e+02 -6.960000000000000000e+02
3.085000000000000000e+03 -8.800000000000000000e+01 7.520000000000000000e+02 -6.560000000000000000e+02
3.125000000000000000e+03 -8.800000000000000000e+01 7.360000000000000000e+02 -6.720000000000000000e+02
3.165000000000000000e+03 -8.000000000000000000e+01 7.440000000000000000e+02 -6.800000000000000000e+02
3.205000000000000000e+03 -1.040000000000000000e+02 7.440000000000000000e+02 -7.120000000000000000e+02
3.245000000000000000e+03 -1.200000000000000000e+02 7.440000000000000000e+02 -6.960000000000000000e+02
3.285000000000000000e+03 -1.280000000000000000e+02 7.440000000000000000e+02 -6.640000000000000000e+02
3.325000000000000000e+03 -1.200000000000000000e+02 7.440000000000000000e+02 -6.720000000000000000e+02
3.365000000000000000e+03 -1.200000000000000000e+02 7.280000000000000000e+02 -6.800000000000000000e+02
3.405000000000000000e+03 -1.120000000000000000e+02 7.440000000000000000e+02 -6.720000000000000000e+02
3.445000000000000000e+03 -1.120000000000000000e+02 7.440000000000000000e+02 -7.040000000000000000e+02
3.485000000000000000e+03 -1.120000000000000000e+02 7.360000000000000000e+02 -6.720000000000000000e+02
3.525000000000000000e+03 -9.600000000000000000e+01 7.440000000000000000e+02 -6.640000000000000000e+02
3.565000000000000000e+03 -8.800000000000000000e+01 7.440000000000000000e+02 -6.800000000000000000e+02
3.605000000000000000e+03 -9.600000000000000000e+01 7.440000000000000000e+02 -6.800000000000000000e+02
3.645000000000000000e+03 -9.600000000000000000e+01 7.360000000000000000e+02 -6.720000000000000000e+02
3.685000000000000000e+03 -1.040000000000000000e+02 7.360000000000000000e+02 -6.560000000000000000e+02
3.725000000000000000e+03 -9.600000000000000000e+01 7.360000000000000000e+02 -6.960000000000000000e+02
3.765000000000000000e+03 -9.600000000000000000e+01 7.360000000000000000e+02 -6.800000000000000000e+02
3.805000000000000000e+03 -8.800000000000000000e+01 7.440000000000000000e+02 -6.880000000000000000e+02
3.845000000000000000e+03 -9.600000000000000000e+01 7.360000000000000000e+02 -6.800000000000000000e+02
3.885000000000000000e+03 -9.600000000000000000e+01 7.440000000000000000e+02 -6.720000000000000000e+02
3.925000000000000000e+03 -1.120000000000000000e+02 7.520000000000000000e+02 -6.880000000000000000e+02
3.965000000000000000e+03 -8.800000000000000000e+01 7.360000000000000000e+02 -6.640000000000000000e+02
3.997000000000000000e+03 -1.120000000000000000e+02 7.200000000000000000e+02 -6.960000000000000000e+02
4.037000000000000000e+03 -1.040000000000000000e+02 7.280000000000000000e+02 -6.560000000000000000e+02
4.077000000000000000e+03 -1.040000000000000000e+02 7.520000000000000000e+02 -6.960000000000000000e+02
4.117000000000000000e+03 -9.600000000000000000e+01 7.280000000000000000e+02 -6.640000000000000000e+02
4.157000000000000000e+03 -1.120000000000000000e+02 7.360000000000000000e+02 -6.720000000000000000e+02
4.197000000000000000e+03 -9.600000000000000000e+01 7.440000000000000000e+02 -6.720000000000000000e+02
4.237000000000000000e+03 -1.040000000000000000e+02 7.440000000000000000e+02 -6.640000000000000000e+02
4.277000000000000000e+03 -1.040000000000000000e+02 7.520000000000000000e+02 -6.560000000000000000e+02
4.317000000000000000e+03 -1.040000000000000000e+02 7.440000000000000000e+02 -7.200000000000000000e+02
4.357000000000000000e+03 -9.600000000000000000e+01 7.360000000000000000e+02 -6.640000000000000000e+02
4.397000000000000000e+03 -9.600000000000000000e+01 7.440000000000000000e+02 -6.640000000000000000e+02
4.437000000000000000e+03 -1.120000000000000000e+02 7.520000000000000000e+02 -6.720000000000000000e+02
4.477000000000000000e+03 -1.280000000000000000e+02 7.680000000000000000e+02 -6.720000000000000000e+02
4.517000000000000000e+03 -1.120000000000000000e+02 7.520000000000000000e+02 -6.560000000000000000e+02
4.557000000000000000e+03 -1.200000000000000000e+02 7.280000000000000000e+02 -6.880000000000000000e+02
4.597000000000000000e+03 -1.120000000000000000e+02 7.360000000000000000e+02 -6.720000000000000000e+02
4.637000000000000000e+03 -1.040000000000000000e+02 7.360000000000000000e+02 -6.880000000000000000e+02
4.677000000000000000e+03 -8.800000000000000000e+01 7.360000000000000000e+02 -6.880000000000000000e+02
4.717000000000000000e+03 -9.600000000000000000e+01 7.360000000000000000e+02 -7.200000000000000000e+02
4.757000000000000000e+03 -8.800000000000000000e+01 7.520000000000000000e+02 -6.800000000000000000e+02
4.797000000000000000e+03 -8.800000000000000000e+01 7.440000000000000000e+02 -7.040000000000000000e+02
4.837000000000000000e+03 -9.600000000000000000e+01 7.280000000000000000e+02 -6.960000000000000000e+02
4.877000000000000000e+03 -1.120000000000000000e+02 7.280000000000000000e+02 -6.880000000000000000e+02
4.917000000000000000e+03 -1.040000000000000000e+02 7.440000000000000000e+02 -6.960000000000000000e+02
4.957000000000000000e+03 -1.040000000000000000e+02 7.440000000000000000e+02 -6.560000000000000000e+02
4.988000000000000000e+03 -9.600000000000000000e+01 7.360000000000000000e+02 -6.720000000000000000e+02
5.028000000000000000e+03 -9.600000000000000000e+01 7.440000000000000000e+02 -6.640000000000000000e+02
5.068000000000000000e+03 -1.040000000000000000e+02 7.360000000000000000e+02 -6.400000000000000000e+02
5.108000000000000000e+03 -1.040000000000000000e+02 7.280000000000000000e+02 -6.640000000000000000e+02
5.148000000000000000e+03 -1.040000000000000000e+02 7.360000000000000000e+02 -6.800000000000000000e+02
5.188000000000000000e+03 -8.800000000000000000e+01 7.600000000000000000e+02 -6.640000000000000000e+02
5.228000000000000000e+03 -9.600000000000000000e+01 7.600000000000000000e+02 -6.800000000000000000e+02
5.268000000000000000e+03 -1.200000000000000000e+02 7.440000000000000000e+02 -6.720000000000000000e+02
5.308000000000000000e+03 -1.120000000000000000e+02 7.360000000000000000e+02 -6.720000000000000000e+02
5.348000000000000000e+03 -1.120000000000000000e+02 7.520000000000000000e+02 -6.640000000000000000e+02
5.388000000000000000e+03 -1.040000000000000000e+02 7.440000000000000000e+02 -6.720000000000000000e+02
5.428000000000000000e+03 -1.040000000000000000e+02 7.440000000000000000e+02 -6.800000000000000000e+02
5.468000000000000000e+03 -1.040000000000000000e+02 7.440000000000000000e+02 -6.560000000000000000e+02
5.508000000000000000e+03 -1.040000000000000000e+02 7.440000000000000000e+02 -7.040000000000000000e+02
5.548000000000000000e+03 -1.040000000000000000e+02 7.440000000000000000e+02 -6.400000000000000000e+02
5.588000000000000000e+03 -9.600000000000000000e+01 7.440000000000000000e+02 -6.720000000000000000e+02
5.628000000000000000e+03 -9.600000000000000000e+01 7.440000000000000000e+02 -6.720000000000000000e+02
5.668000000000000000e+03 -1.040000000000000000e+02 7.680000000000000000e+02 -6.480000000000000000e+02
5.708000000000000000e+03 -1.040000000000000000e+02 7.520000000000000000e+02 -6.720000000000000000e+02
5.748000000000000000e+03 -1.040000000000000000e+02 7.440000000000000000e+02 -6.720000000000000000e+02
5.788000000000000000e+03 -1.040000000000000000e+02 7.200000000000000000e+02 -6.640000000000000000e+02
5.828000000000000000e+03 -1.120000000000000000e+02 7.280000000000000000e+02 -7.360000000000000000e+02
5.868000000000000000e+03 -1.040000000000000000e+02 7.280000000000000000e+02 -6.720000000000000000e+02
5.908000000000000000e+03 -1.200000000000000000e+02 7.360000000000000000e+02 -6.800000000000000000e+02
5.948000000000000000e+03 -1.040000000000000000e+02 7.360000000000000000e+02 -6.640000000000000000e+02
5.980000000000000000e+03 -1.200000000000000000e+02 7.520000000000000000e+02 -7.200000000000000000e+02
6.020000000000000000e+03 -1.120000000000000000e+02 7.440000000000000000e+02 -6.880000000000000000e+02
6.060000000000000000e+03 -1.360000000000000000e+02 7.440000000000000000e+02 -6.320000000000000000e+02
6.100000000000000000e+03 -8.800000000000000000e+01 7.520000000000000000e+02 -6.560000000000000000e+02
6.140000000000000000e+03 -9.600000000000000000e+01 7.280000000000000000e+02 -6.480000000000000000e+02
6.180000000000000000e+03 -1.040000000000000000e+02 7.040000000000000000e+02 -6.400000000000000000e+02
6.220000000000000000e+03 -1.040000000000000000e+02 7.200000000000000000e+02 -6.640000000000000000e+02
6.260000000000000000e+03 -1.120000000000000000e+02 7.360000000000000000e+02 -6.640000000000000000e+02
6.300000000000000000e+03 -1.040000000000000000e+02 7.440000000000000000e+02 -6.800000000000000000e+02
6.340000000000000000e+03 -9.600000000000000000e+01 7.440000000000000000e+02 -6.560000000000000000e+02
6.380000000000000000e+03 -1.040000000000000000e+02 7.360000000000000000e+02 -6.720000000000000000e+02
6.420000000000000000e+03 -1.120000000000000000e+02 7.360000000000000000e+02 -6.640000000000000000e+02
6.460000000000000000e+03 -1.040000000000000000e+02 7.360000000000000000e+02 -6.880000000000000000e+02
6.500000000000000000e+03 -9.600000000000000000e+01 7.360000000000000000e+02 -6.800000000000000000e+02
6.540000000000000000e+03 -9.600000000000000000e+01 7.200000000000000000e+02 -6.720000000000000000e+02
6.580000000000000000e+03 -1.040000000000000000e+02 7.360000000000000000e+02 -6.800000000000000000e+02
6.620000000000000000e+03 -1.040000000000000000e+02 7.360000000000000000e+02 -6.560000000000000000e+02
6.660000000000000000e+03 -1.040000000000000000e+02 7.360000000000000000e+02 -6.800000000000000000e+02
6.700000000000000000e+03 -1.040000000000000000e+02 7.440000000000000000e+02 -6.880000000000000000e+02
6.740000000000000000e+03 -1.040000000000000000e+02 7.440000000000000000e+02 -6.800000000000000000e+02
6.780000000000000000e+03 -1.040000000000000000e+02 7.440000000000000000e+02 -6.800000000000000000e+02
6.820000000000000000e+03 -1.040000000000000000e+02 7.360000000000000000e+02 -6.800000000000000000e+02
6.860000000000000000e+03 -1.120000000000000000e+02 7.440000000000000000e+02 -6.640000000000000000e+02
6.900000000000000000e+03 -1.040000000000000000e+02 7.440000000000000000e+02 -6.800000000000000000e+02
6.940000000000000000e+03 -1.120000000000000000e+02 7.440000000000000000e+02 -6.560000000000000000e+02
6.973000000000000000e+03 -1.120000000000000000e+02 7.440000000000000000e+02 -6.720000000000000000e+02
7.013000000000000000e+03 -1.040000000000000000e+02 7.360000000000000000e+02 -6.720000000000000000e+02
7.053000000000000000e+03 -1.040000000000000000e+02 7.360000000000000000e+02 -6.880000000000000000e+02
7.093000000000000000e+03 -1.040000000000000000e+02 7.440000000000000000e+02 -6.800000000000000000e+02
7.133000000000000000e+03 -1.120000000000000000e+02 7.440000000000000000e+02 -6.880000000000000000e+02
7.173000000000000000e+03 -1.200000000000000000e+02 7.520000000000000000e+02 -6.720000000000000000e+02
7.213000000000000000e+03 -1.200000000000000000e+02 7.440000000000000000e+02 -6.640000000000000000e+02
7.253000000000000000e+03 -1.120000000000000000e+02 7.520000000000000000e+02 -6.720000000000000000e+02
7.293000000000000000e+03 -9.600000000000000000e+01 7.440000000000000000e+02 -6.800000000000000000e+02
7.333000000000000000e+03 -1.040000000000000000e+02 7.440000000000000000e+02 -6.800000000000000000e+02
7.373000000000000000e+03 -1.040000000000000000e+02 7.440000000000000000e+02 -6.720000000000000000e+02
7.413000000000000000e+03 -1.040000000000000000e+02 7.440000000000000000e+02 -6.880000000000000000e+02
7.453000000000000000e+03 -1.040000000000000000e+02 7.520000000000000000e+02 -6.880000000000000000e+02
7.493000000000000000e+03 -1.040000000000000000e+02 7.680000000000000000e+02 -6.640000000000000000e+02
7.533000000000000000e+03 -9.600000000000000000e+01 7.600000000000000000e+02 -6.560000000000000000e+02
7.573000000000000000e+03 -9.600000000000000000e+01 7.520000000000000000e+02 -6.800000000000000000e+02
7.613000000000000000e+03 -9.600000000000000000e+01 7.520000000000000000e+02 -6.720000000000000000e+02
7.653000000000000000e+03 -9.600000000000000000e+01 7.440000000000000000e+02 -6.720000000000000000e+02
7.693000000000000000e+03 -1.120000000000000000e+02 7.280000000000000000e+02 -7.520000000000000000e+02
7.733000000000000000e+03 -9.600000000000000000e+01 7.440000000000000000e+02 -6.560000000000000000e+02
7.773000000000000000e+03 -8.800000000000000000e+01 7.360000000000000000e+02 -6.720000000000000000e+02
7.813000000000000000e+03 -1.040000000000000000e+02 7.600000000000000000e+02 -6.880000000000000000e+02
7.853000000000000000e+03 -1.040000000000000000e+02 7.440000000000000000e+02 -6.880000000000000000e+02
7.893000000000000000e+03 -1.200000000000000000e+02 7.440000000000000000e+02 -6.480000000000000000e+02
7.933000000000000000e+03 -1.120000000000000000e+02 7.440000000000000000e+02 -6.640000000000000000e+02
7.965000000000000000e+03 -1.040000000000000000e+02 7.440000000000000000e+02 -6.640000000000000000e+02
8.005000000000000000e+03 -1.120000000000000000e+02 7.600000000000000000e+02 -6.800000000000000000e+02
8.045000000000000000e+03 -9.600000000000000000e+01 7.600000000000000000e+02 -7.200000000000000000e+02
8.085000000000000000e+03 -1.040000000000000000e+02 7.520000000000000000e+02 -6.880000000000000000e+02
8.125000000000000000e+03 -1.120000000000000000e+02 7.440000000000000000e+02 -6.640000000000000000e+02
8.165000000000000000e+03 -1.120000000000000000e+02 7.280000000000000000e+02 -6.800000000000000000e+02
8.205000000000000000e+03 -1.040000000000000000e+02 7.200000000000000000e+02 -6.960000000000000000e+02
8.245000000000000000e+03 -1.040000000000000000e+02 7.360000000000000000e+02 -6.800000000000000000e+02
8.285000000000000000e+03 -1.040000000000000000e+02 7.440000000000000000e+02 -6.720000000000000000e+02
8.325000000000000000e+03 -1.200000000000000000e+02 7.440000000000000000e+02 -6.800000000000000000e+02
8.365000000000000000e+03 -1.120000000000000000e+02 7.360000000000000000e+02 -6.720000000000000000e+02
8.405000000000000000e+03 -1.120000000000000000e+02 7.440000000000000000e+02 -6.800000000000000000e+02
8.445000000000000000e+03 -1.120000000000000000e+02 7.440000000000000000e+02 -6.960000000000000000e+02
8.485000000000000000e+03 -1.120000000000000000e+02 7.440000000000000000e+02 -6.880000000000000000e+02
8.525000000000000000e+03 -1.280000000000000000e+02 7.520000000000000000e+02 -7.120000000000000000e+02
8.565000000000000000e+03 -1.360000000000000000e+02 7.440000000000000000e+02 -6.800000000000000000e+02
8.605000000000000000e+03 -1.200000000000000000e+02 7.440000000000000000e+02 -6.640000000000000000e+02
8.645000000000000000e+03 -1.120000000000000000e+02 7.440000000000000000e+02 -6.640000000000000000e+02
8.685000000000000000e+03 -1.120000000000000000e+02 7.440000000000000000e+02 -6.800000000000000000e+02
8.725000000000000000e+03 -1.200000000000000000e+02 7.440000000000000000e+02 -6.880000000000000000e+02
8.765000000000000000e+03 -1.120000000000000000e+02 7.440000000000000000e+02 -6.800000000000000000e+02
8.805000000000000000e+03 -9.600000000000000000e+01 7.440000000000000000e+02 -6.320000000000000000e+02
8.845000000000000000e+03 -8.800000000000000000e+01 7.680000000000000000e+02 -6.720000000000000000e+02
8.885000000000000000e+03 -1.040000000000000000e+02 7.520000000000000000e+02 -6.720000000000000000e+02
8.925000000000000000e+03 -1.120000000000000000e+02 7.360000000000000000e+02 -6.720000000000000000e+02
8.957000000000000000e+03 -1.040000000000000000e+02 7.440000000000000000e+02 -6.880000000000000000e+02
8.997000000000000000e+03 -1.280000000000000000e+02 7.520000000000000000e+02 -6.560000000000000000e+02
9.037000000000000000e+03 -1.200000000000000000e+02 7.520000000000000000e+02 -7.040000000000000000e+02
9.077000000000000000e+03 -1.280000000000000000e+02 7.520000000000000000e+02 -7.200000000000000000e+02
9.117000000000000000e+03 -1.280000000000000000e+02 7.680000000000000000e+02 -6.800000000000000000e+02
9.157000000000000000e+03 -1.040000000000000000e+02 7.360000000000000000e+02 -6.240000000000000000e+02
9.197000000000000000e+03 -1.200000000000000000e+02 7.440000000000000000e+02 -6.640000000000000000e+02
9.237000000000000000e+03 -1.120000000000000000e+02 7.360000000000000000e+02 -6.720000000000000000e+02
9.277000000000000000e+03 -1.120000000000000000e+02 7.440000000000000000e+02 -6.800000000000000000e+02
9.317000000000000000e+03 -1.120000000000000000e+02 7.520000000000000000e+02 -7.200000000000000000e+02
9.357000000000000000e+03 -1.120000000000000000e+02 7.440000000000000000e+02 -6.800000000000000000e+02
9.397000000000000000e+03 -1.120000000000000000e+02 7.440000000000000000e+02 -6.880000000000000000e+02
9.437000000000000000e+03 -1.120000000000000000e+02 7.520000000000000000e+02 -6.640000000000000000e+02
9.477000000000000000e+03 -1.200000000000000000e+02 7.440000000000000000e+02 -6.800000000000000000e+02
9.517000000000000000e+03 -1.120000000000000000e+02 7.520000000000000000e+02 -6.800000000000000000e+02
9.557000000000000000e+03 -1.120000000000000000e+02 7.520000000000000000e+02 -6.640000000000000000e+02
9.597000000000000000e+03 -1.120000000000000000e+02 7.440000000000000000e+02 -6.560000000000000000e+02
9.637000000000000000e+03 -1.120000000000000000e+02 7.440000000000000000e+02 -6.640000000000000000e+02
9.677000000000000000e+03 -1.120000000000000000e+02 7.360000000000000000e+02 -6.640000000000000000e+02
9.717000000000000000e+03 -1.040000000000000000e+02 7.520000000000000000e+02 -6.800000000000000000e+02
9.757000000000000000e+03 -1.200000000000000000e+02 7.520000000000000000e+02 -6.880000000000000000e+02
9.797000000000000000e+03 -1.120000000000000000e+02 7.440000000000000000e+02 -6.640000000000000000e+02
9.837000000000000000e+03 -1.120000000000000000e+02 7.520000000000000000e+02 -6.640000000000000000e+02
9.877000000000000000e+03 -1.200000000000000000e+02 7.360000000000000000e+02 -6.400000000000000000e+02
9.917000000000000000e+03 -9.600000000000000000e+01 7.280000000000000000e+02 -7.040000000000000000e+02
9.949000000000000000e+03 -1.040000000000000000e+02 7.360000000000000000e+02 -6.640000000000000000e+02
9.989000000000000000e+03 -1.040000000000000000e+02 7.440000000000000000e+02 -6.720000000000000000e+02
1.002900000000000000e+04 -1.040000000000000000e+02 7.520000000000000000e+02 -6.880000000000000000e+02
1.006900000000000000e+04 -1.040000000000000000e+02 7.440000000000000000e+02 -6.720000000000000000e+02
1.010900000000000000e+04 -1.120000000000000000e+02 7.520000000000000000e+02 -6.960000000000000000e+02
1.014900000000000000e+04 -1.120000000000000000e+02 7.280000000000000000e+02 -6.640000000000000000e+02
1.018900000000000000e+04 -1.120000000000000000e+02 7.440000000000000000e+02 -6.880000000000000000e+02
1.022900000000000000e+04 -1.120000000000000000e+02 7.440000000000000000e+02 -6.960000000000000000e+02
1.026900000000000000e+04 -1.040000000000000000e+02 7.440000000000000000e+02 -6.640000000000000000e+02
1.030900000000000000e+04 -1.040000000000000000e+02 7.440000000000000000e+02 -6.800000000000000000e+02
1.034900000000000000e+04 -1.120000000000000000e+02 7.440000000000000000e+02 -6.880000000000000000e+02
1.038900000000000000e+04 -1.040000000000000000e+02 7.440000000000000000e+02 -6.640000000000000000e+02
1.042900000000000000e+04 -1.040000000000000000e+02 7.440000000000000000e+02 -6.720000000000000000e+02
1.046900000000000000e+04 -8.800000000000000000e+01 7.440000000000000000e+02 -6.080000000000000000e+02
1.050900000000000000e+04 -8.800000000000000000e+01 7.280000000000000000e+02 -6.800000000000000000e+02
1.054900000000000000e+04 -9.600000000000000000e+01 7.360000000000000000e+02 -6.720000000000000000e+02
1.058900000000000000e+04 -9.600000000000000000e+01 7.360000000000000000e+02 -6.800000000000000000e+02
1.062900000000000000e+04 -1.040000000000000000e+02 7.360000000000000000e+02 -6.720000000000000000e+02
1.066900000000000000e+04 -1.040000000000000000e+02 7.440000000000000000e+02 -6.560000000000000000e+02
1.070900000000000000e+04 -1.120000000000000000e+02 7.440000000000000000e+02 -6.880000000000000000e+02
1.074900000000000000e+04 -1.120000000000000000e+02 7.520000000000000000e+02 -6.560000000000000000e+02
1.078900000000000000e+04 -1.120000000000000000e+02 7.440000000000000000e+02 -6.640000000000000000e+02
1.082900000000000000e+04 -9.600000000000000000e+01 7.360000000000000000e+02 -6.640000000000000000e+02
1.086900000000000000e+04 -9.600000000000000000e+01 7.360000000000000000e+02 -6.800000000000000000e+02
1.090900000000000000e+04 -1.040000000000000000e+02 7.440000000000000000e+02 -6.720000000000000000e+02
1.094100000000000000e+04 -1.040000000000000000e+02 7.520000000000000000e+02 -6.720000000000000000e+02
1.098100000000000000e+04 -1.040000000000000000e+02 7.360000000000000000e+02 -6.800000000000000000e+02
1.102100000000000000e+04 -1.200000000000000000e+02 7.680000000000000000e+02 -7.360000000000000000e+02
1.106100000000000000e+04 -9.600000000000000000e+01 7.600000000000000000e+02 -6.800000000000000000e+02
1.110100000000000000e+04 -1.120000000000000000e+02 7.440000000000000000e+02 -6.560000000000000000e+02
1.114100000000000000e+04 -1.040000000000000000e+02 7.440000000000000000e+02 -7.040000000000000000e+02
1.118100000000000000e+04 -1.040000000000000000e+02 7.440000000000000000e+02 -6.720000000000000000e+02
1.122100000000000000e+04 -9.600000000000000000e+01 7.440000000000000000e+02 -6.720000000000000000e+02
1.126100000000000000e+04 -1.040000000000000000e+02 7.440000000000000000e+02 -6.880000000000000000e+02
1.130100000000000000e+04 -9.600000000000000000e+01 7.440000000000000000e+02 -6.960000000000000000e+02
1.134100000000000000e+04 -1.040000000000000000e+02 7.520000000000000000e+02 -6.800000000000000000e+02
1.138100000000000000e+04 -1.040000000000000000e+02 7.440000000000000000e+02 -6.720000000000000000e+02
1.142100000000000000e+04 -1.120000000000000000e+02 7.440000000000000000e+02 -6.720000000000000000e+02
1.146100000000000000e+04 -1.040000000000000000e+02 7.440000000000000000e+02 -6.640000000000000000e+02
1.150100000000000000e+04 -9.600000000000000000e+01 7.440000000000000000e+02 -6.640000000000000000e+02
1.154100000000000000e+04 -9.600000000000000000e+01 7.440000000000000000e+02 -6.720000000000000000e+02
1.158100000000000000e+04 -9.600000000000000000e+01 7.520000000000000000e+02 -6.640000000000000000e+02
1.162100000000000000e+04 -9.600000000000000000e+01 7.520000000000000000e+02 -6.720000000000000000e+02
1.166100000000000000e+04 -8.000000000000000000e+01 7.520000000000000000e+02 -6.720000000000000000e+02
1.170100000000000000e+04 -8.800000000000000000e+01 7.520000000000000000e+02 -6.720000000000000000e+02
1.174100000000000000e+04 -1.040000000000000000e+02 7.440000000000000000e+02 -6.720000000000000000e+02
1.178100000000000000e+04 -1.040000000000000000e+02 7.520000000000000000e+02 -6.480000000000000000e+02
1.182100000000000000e+04 -1.040000000000000000e+02 7.520000000000000000e+02 -6.640000000000000000e+02
1.186100000000000000e+04 -1.040000000000000000e+02 7.520000000000000000e+02 -6.720000000000000000e+02
1.190100000000000000e+04 -1.040000000000000000e+02 7.520000000000000000e+02 -6.640000000000000000e+02
1.193300000000000000e+04 -1.040000000000000000e+02 7.440000000000000000e+02 -7.040000000000000000e+02
1.197300000000000000e+04 -1.040000000000000000e+02 7.520000000000000000e+02 -6.400000000000000000e+02
1.201300000000000000e+04 -1.120000000000000000e+02 7.680000000000000000e+02 -6.800000000000000000e+02
1.205300000000000000e+04 -1.040000000000000000e+02 7.600000000000000000e+02 -6.720000000000000000e+02
1.209300000000000000e+04 -9.600000000000000000e+01 7.360000000000000000e+02 -6.400000000000000000e+02
1.213300000000000000e+04 -1.040000000000000000e+02 7.520000000000000000e+02 -7.280000000000000000e+02
1.217300000000000000e+04 -9.600000000000000000e+01 7.440000000000000000e+02 -6.640000000000000000e+02
1.221300000000000000e+04 -8.800000000000000000e+01 7.520000000000000000e+02 -7.040000000000000000e+02
1.225300000000000000e+04 -8.800000000000000000e+01 7.520000000000000000e+02 -6.800000000000000000e+02
1.229300000000000000e+04 -9.600000000000000000e+01 7.520000000000000000e+02 -6.720000000000000000e+02
1.233300000000000000e+04 -9.600000000000000000e+01 7.440000000000000000e+02 -6.720000000000000000e+02
1.237300000000000000e+04 -9.600000000000000000e+01 7.360000000000000000e+02 -6.880000000000000000e+02
1.241300000000000000e+04 -1.040000000000000000e+02 7.440000000000000000e+02 -6.720000000000000000e+02
1.245300000000000000e+04 -1.040000000000000000e+02 7.200000000000000000e+02 -6.800000000000000000e+02
1.249300000000000000e+04 -8.800000000000000000e+01 7.280000000000000000e+02 -6.720000000000000000e+02
1.253300000000000000e+04 -9.600000000000000000e+01 7.360000000000000000e+02 -7.040000000000000000e+02
1.257300000000000000e+04 -1.200000000000000000e+02 7.440000000000000000e+02 -6.800000000000000000e+02
1.261300000000000000e+04 -1.200000000000000000e+02 7.600000000000000000e+02 -6.800000000000000000e+02
1.265300000000000000e+04 -1.200000000000000000e+02 7.360000000000000000e+02 -6.880000000000000000e+02
1.269300000000000000e+04 -1.200000000000000000e+02 7.280000000000000000e+02 -6.720000000000000000e+02
1.273300000000000000e+04 -1.120000000000000000e+02 7.360000000000000000e+02 -6.720000000000000000e+02
1.277300000000000000e+04 -1.120000000000000000e+02 7.440000000000000000e+02 -7.360000000000000000e+02
1.281300000000000000e+04 -1.040000000000000000e+02 7.520000000000000000e+02 -6.720000000000000000e+02
1.285300000000000000e+04 -1.040000000000000000e+02 7.440000000000000000e+02 -6.800000000000000000e+02
1.289300000000000000e+04 -1.120000000000000000e+02 7.520000000000000000e+02 -6.640000000000000000e+02
1.292500000000000000e+04 -1.040000000000000000e+02 7.520000000000000000e+02 -6.400000000000000000e+02
1.296500000000000000e+04 -1.040000000000000000e+02 7.520000000000000000e+02 -6.720000000000000000e+02
1.300500000000000000e+04 -1.040000000000000000e+02 7.520000000000000000e+02 -6.560000000000000000e+02
1.304500000000000000e+04 -1.120000000000000000e+02 7.520000000000000000e+02 -6.720000000000000000e+02
1.308500000000000000e+04 -1.120000000000000000e+02 7.600000000000000000e+02 -6.240000000000000000e+02
1.312500000000000000e+04 -1.120000000000000000e+02 7.520000000000000000e+02 -6.720000000000000000e+02
1.316500000000000000e+04 -9.600000000000000000e+01 7.520000000000000000e+02 -6.720000000000000000e+02
1.320500000000000000e+04 -9.600000000000000000e+01 7.440000000000000000e+02 -6.560000000000000000e+02
1.324500000000000000e+04 -1.040000000000000000e+02 7.520000000000000000e+02 -6.720000000000000000e+02
1.328500000000000000e+04 -1.040000000000000000e+02 7.520000000000000000e+02 -6.640000000000000000e+02
1.332500000000000000e+04 -1.040000000000000000e+02 7.520000000000000000e+02 -6.560000000000000000e+02
1.336500000000000000e+04 -1.120000000000000000e+02 7.920000000000000000e+02 -6.320000000000000000e+02
1.340500000000000000e+04 -1.200000000000000000e+02 7.760000000000000000e+02 -6.880000000000000000e+02
1.344500000000000000e+04 -1.200000000000000000e+02 7.680000000000000000e+02 -7.440000000000000000e+02
1.348500000000000000e+04 -1.200000000000000000e+02 7.120000000000000000e+02 -6.480000000000000000e+02
1.352500000000000000e+04 -1.440000000000000000e+02 6.640000000000000000e+02 -6.880000000000000000e+02
1.356500000000000000e+04 -1.360000000000000000e+02 6.640000000000000000e+02 -7.520000000000000000e+02
1.360500000000000000e+04 -9.600000000000000000e+01 6.320000000000000000e+02 -8.400000000000000000e+02
1.364500000000000000e+04 -1.040000000000000000e+02 6.320000000000000000e+02 -8.160000000000000000e+02
1.368500000000000000e+04 -6.400000000000000000e+01 6.080000000000000000e+02 -8.640000000000000000e+02
1.372500000000000000e+04 -8.000000000000000000e+01 5.920000000000000000e+02 -8.080000000000000000e+02
1.376500000000000000e+04 -8.000000000000000000e+01 5.920000000000000000e+02 -8.240000000000000000e+02
1.380500000000000000e+04 -9.600000000000000000e+01 6.240000000000000000e+02 -8.000000000000000000e+02
1.384500000000000000e+04 -1.200000000000000000e+02 6.000000000000000000e+02 -8.160000000000000000e+02
1.388500000000000000e+04 -1.040000000000000000e+02 6.080000000000000000e+02 -8.400000000000000000e+02
1.391700000000000000e+04 -1.040000000000000000e+02 6.000000000000000000e+02 -8.480000000000000000e+02
1.395700000000000000e+04 -1.200000000000000000e+02 6.080000000000000000e+02 -8.320000000000000000e+02
1.399700000000000000e+04 -1.040000000000000000e+02 5.840000000000000000e+02 -8.160000000000000000e+02
1.403700000000000000e+04 -1.200000000000000000e+02 5.680000000000000000e+02 -8.560000000000000000e+02
1.407700000000000000e+04 -1.120000000000000000e+02 5.840000000000000000e+02 -8.240000000000000000e+02
1.411700000000000000e+04 -1.040000000000000000e+02 5.920000000000000000e+02 -8.160000000000000000e+02
1.415700000000000000e+04 -9.600000000000000000e+01 5.840000000000000000e+02 -8.160000000000000000e+02
1.419700000000000000e+04 -1.040000000000000000e+02 5.840000000000000000e+02 -8.480000000000000000e+02
1.423700000000000000e+04 -1.040000000000000000e+02 5.840000000000000000e+02 -8.240000000000000000e+02
1.427700000000000000e+04 -8.800000000000000000e+01 6.000000000000000000e+02 -8.000000000000000000e+02
1.431700000000000000e+04 -9.600000000000000000e+01 5.920000000000000000e+02 -8.320000000000000000e+02
1.435700000000000000e+04 -1.120000000000000000e+02 5.920000000000000000e+02 -8.160000000000000000e+02
1.439700000000000000e+04 -1.040000000000000000e+02 5.920000000000000000e+02 -8.160000000000000000e+02
1.443700000000000000e+04 -1.040000000000000000e+02 5.920000000000000000e+02 -7.760000000000000000e+02
1.447700000000000000e+04 -9.600000000000000000e+01 5.920000000000000000e+02 -8.400000000000000000e+02
1.451700000000000000e+04 -8.800000000000000000e+01 5.840000000000000000e+02 -8.240000000000000000e+02
1.455700000000000000e+04 -9.600000000000000000e+01 5.920000000000000000e+02 -7.920000000000000000e+02
1.459700000000000000e+04 -1.040000000000000000e+02 5.920000000000000000e+02 -8.240000000000000000e+02
1.463700000000000000e+04 -1.120000000000000000e+02 5.920000000000000000e+02 -8.240000000000000000e+02
1.467700000000000000e+04 -1.280000000000000000e+02 6.080000000000000000e+02 -8.000000000000000000e+02
1.471700000000000000e+04 -1.200000000000000000e+02 5.920000000000000000e+02 -8.160000000000000000e+02
1.475700000000000000e+04 -1.120000000000000000e+02 5.920000000000000000e+02 -8.000000000000000000e+02
1.479700000000000000e+04 -1.120000000000000000e+02 5.920000000000000000e+02 -8.080000000000000000e+02
1.483700000000000000e+04 -1.200000000000000000e+02 5.760000000000000000e+02 -8.160000000000000000e+02
1.487700000000000000e+04 -1.040000000000000000e+02 5.840000000000000000e+02 -8.000000000000000000e+02
1.490900000000000000e+04 -1.120000000000000000e+02 5.840000000000000000e+02 -8.240000000000000000e+02
1.494900000000000000e+04 -1.120000000000000000e+02 5.920000000000000000e+02 -8.080000000000000000e+02
1.498900000000000000e+04 -8.000000000000000000e+01 5.840000000000000000e+02 -7.920000000000000000e+02
1.502900000000000000e+04 -8.800000000000000000e+01 5.840000000000000000e+02 -8.240000000000000000e+02
1.506900000000000000e+04 -1.040000000000000000e+02 5.920000000000000000e+02 -8.240000000000000000e+02
1.510900000000000000e+04 -1.200000000000000000e+02 6.000000000000000000e+02 -8.320000000000000000e+02
1.514900000000000000e+04 -9.600000000000000000e+01 6.160000000000000000e+02 -7.040000000000000000e+02
1.518900000000000000e+04 -1.120000000000000000e+02 6.000000000000000000e+02 -8.320000000000000000e+02
1.522900000000000000e+04 -1.040000000000000000e+02 5.920000000000000000e+02 -8.080000000000000000e+02
1.526900000000000000e+04 -1.120000000000000000e+02 5.840000000000000000e+02 -8.080000000000000000e+02
1.530900000000000000e+04 -1.200000000000000000e+02 5.920000000000000000e+02 -8.160000000000000000e+02
1.534900000000000000e+04 -1.120000000000000000e+02 5.920000000000000000e+02 -8.080000000000000000e+02
1.538900000000000000e+04 -1.120000000000000000e+02 5.840000000000000000e+02 -8.160000000000000000e+02
1.542900000000000000e+04 -1.120000000000000000e+02 5.920000000000000000e+02 -8.000000000000000000e+02
1.546900000000000000e+04 -1.040000000000000000e+02 6.080000000000000000e+02 -8.080000000000000000e+02
1.550900000000000000e+04 -1.120000000000000000e+02 6.080000000000000000e+02 -8.400000000000000000e+02
1.554900000000000000e+04 -1.280000000000000000e+02 6.000000000000000000e+02 -8.000000000000000000e+02
1.558900000000000000e+04 -1.280000000000000000e+02 6.080000000000000000e+02 -8.240000000000000000e+02
1.562900000000000000e+04 -8.800000000000000000e+01 5.920000000000000000e+02 -8.160000000000000000e+02
1.566900000000000000e+04 -9.600000000000000000e+01 6.000000000000000000e+02 -8.080000000000000000e+02
1.570900000000000000e+04 -1.040000000000000000e+02 6.000000000000000000e+02 -8.160000000000000000e+02
1.574900000000000000e+04 -1.040000000000000000e+02 5.920000000000000000e+02 -7.680000000000000000e+02
1.578900000000000000e+04 -1.120000000000000000e+02 5.920000000000000000e+02 -8.000000000000000000e+02
1.582900000000000000e+04 -9.600000000000000000e+01 5.840000000000000000e+02 -8.080000000000000000e+02
1.586900000000000000e+04 -1.040000000000000000e+02 5.920000000000000000e+02 -8.240000000000000000e+02
1.590100000000000000e+04 -9.600000000000000000e+01 5.920000000000000000e+02 -8.480000000000000000e+02
1.594100000000000000e+04 -1.040000000000000000e+02 5.760000000000000000e+02 -8.400000000000000000e+02
1.598100000000000000e+04 -1.120000000000000000e+02 5.920000000000000000e+02 -8.000000000000000000e+02
1.602100000000000000e+04 -1.200000000000000000e+02 5.920000000000000000e+02 -8.560000000000000000e+02
1.606100000000000000e+04 -1.040000000000000000e+02 5.920000000000000000e+02 -8.080000000000000000e+02
1.610100000000000000e+04 -1.120000000000000000e+02 6.000000000000000000e+02 -8.400000000000000000e+02
1.614100000000000000e+04 -1.040000000000000000e+02 5.920000000000000000e+02 -8.240000000000000000e+02
1.618100000000000000e+04 -1.040000000000000000e+02 5.920000000000000000e+02 -8.160000000000000000e+02
1.622100000000000000e+04 -1.040000000000000000e+02 5.920000000000000000e+02 -8.080000000000000000e+02
1.626100000000000000e+04 -1.120000000000000000e+02 5.920000000000000000e+02 -8.240000000000000000e+02
1.630100000000000000e+04 -1.120000000000000000e+02 5.920000000000000000e+02 -8.480000000000000000e+02
1.634100000000000000e+04 -1.040000000000000000e+02 5.920000000000000000e+02 -8.160000000000000000e+02
1.638100000000000000e+04 -1.040000000000000000e+02 5.920000000000000000e+02 -8.080000000000000000e+02
1.642100000000000000e+04 -1.040000000000000000e+02 5.760000000000000000e+02 -8.320000000000000000e+02
1.646100000000000000e+04 -1.120000000000000000e+02 5.840000000000000000e+02 -8.160000000000000000e+02
1.650100000000000000e+04 -1.120000000000000000e+02 5.840000000000000000e+02 -8.080000000000000000e+02
1.654100000000000000e+04 -1.120000000000000000e+02 5.920000000000000000e+02 -8.000000000000000000e+02
1.658100000000000000e+04 -1.200000000000000000e+02 5.920000000000000000e+02 -8.160000000000000000e+02
1.662100000000000000e+04 -1.200000000000000000e+02 5.840000000000000000e+02 -8.400000000000000000e+02
1.666100000000000000e+04 -1.120000000000000000e+02 5.920000000000000000e+02 -8.320000000000000000e+02
1.670100000000000000e+04 -1.040000000000000000e+02 6.080000000000000000e+02 -8.160000000000000000e+02
1.674100000000000000e+04 -1.120000000000000000e+02 5.920000000000000000e+02 -8.240000000000000000e+02
1.678100000000000000e+04 -1.200000000000000000e+02 5.920000000000000000e+02 -8.000000000000000000e+02
1.682100000000000000e+04 -1.200000000000000000e+02 5.840000000000000000e+02 -8.240000000000000000e+02
1.686100000000000000e+04 -1.200000000000000000e+02 5.840000000000000000e+02 -8.240000000000000000e+02
1.689300000000000000e+04 -1.120000000000000000e+02 5.840000000000000000e+02 -8.800000000000000000e+02
1.693300000000000000e+04 -1.200000000000000000e+02 5.840000000000000000e+02 -8.160000000000000000e+02
1.697300000000000000e+04 -1.120000000000000000e+02 5.680000000000000000e+02 -8.480000000000000000e+02
1.701300000000000000e+04 -9.600000000000000000e+01 5.920000000000000000e+02 -8.640000000000000000e+02
1.705300000000000000e+04 -8.800000000000000000e+01 5.840000000000000000e+02 -8.160000000000000000e+02
1.709300000000000000e+04 -1.120000000000000000e+02 5.840000000000000000e+02 -8.320000000000000000e+02
1.713300000000000000e+04 -1.040000000000000000e+02 5.840000000000000000e+02 -8.400000000000000000e+02
1.717300000000000000e+04 -1.120000000000000000e+02 5.680000000000000000e+02 -8.160000000000000000e+02
1.721300000000000000e+04 -1.360000000000000000e+02 5.760000000000000000e+02 -8.320000000000000000e+02
1.725300000000000000e+04 -1.120000000000000000e+02 5.840000000000000000e+02 -7.920000000000000000e+02
1.729300000000000000e+04 -1.040000000000000000e+02 5.840000000000000000e+02 -8.000000000000000000e+02
1.733300000000000000e+04 -1.280000000000000000e+02 5.760000000000000000e+02 -8.080000000000000000e+02
1.737300000000000000e+04 -1.120000000000000000e+02 5.760000000000000000e+02 -8.160000000000000000e+02
1.741300000000000000e+04 -1.120000000000000000e+02 5.680000000000000000e+02 -8.160000000000000000e+02
1.745300000000000000e+04 -1.120000000000000000e+02 5.840000000000000000e+02 -8.240000000000000000e+02
1.749300000000000000e+04 -8.800000000000000000e+01 6.080000000000000000e+02 -8.320000000000000000e+02
1.753300000000000000e+04 -1.040000000000000000e+02 5.840000000000000000e+02 -8.160000000000000000e+02
1.757300000000000000e+04 -1.040000000000000000e+02 5.840000000000000000e+02 -8.240000000000000000e+02
1.761300000000000000e+04 -1.200000000000000000e+02 5.840000000000000000e+02 -8.000000000000000000e+02
1.765300000000000000e+04 -1.120000000000000000e+02 5.680000000000000000e+02 -8.240000000000000000e+02
1.769300000000000000e+04 -1.200000000000000000e+02 5.840000000000000000e+02 -8.400000000000000000e+02
1.773300000000000000e+04 -1.040000000000000000e+02 5.760000000000000000e+02 -8.320000000000000000e+02
1.777300000000000000e+04 -9.600000000000000000e+01 5.840000000000000000e+02 -8.080000000000000000e+02
1.781300000000000000e+04 -9.600000000000000000e+01 5.680000000000000000e+02 -8.320000000000000000e+02
1.785300000000000000e+04 -1.040000000000000000e+02 5.760000000000000000e+02 -8.000000000000000000e+02
1.788500000000000000e+04 -1.120000000000000000e+02 5.840000000000000000e+02 -8.080000000000000000e+02
1.792500000000000000e+04 -1.120000000000000000e+02 5.840000000000000000e+02 -8.320000000000000000e+02
1.796500000000000000e+04 -1.120000000000000000e+02 5.440000000000000000e+02 -8.480000000000000000e+02
1.800500000000000000e+04 -1.120000000000000000e+02 5.680000000000000000e+02 -8.640000000000000000e+02
1.804500000000000000e+04 -1.200000000000000000e+02 5.840000000000000000e+02 -8.400000000000000000e+02
1.808500000000000000e+04 -1.040000000000000000e+02 5.680000000000000000e+02 -8.720000000000000000e+02
1.812500000000000000e+04 -9.600000000000000000e+01 5.520000000000000000e+02 -8.000000000000000000e+02
1.816500000000000000e+04 -1.040000000000000000e+02 5.600000000000000000e+02 -8.720000000000000000e+02
1.820500000000000000e+04 -1.040000000000000000e+02 5.520000000000000000e+02 -8.480000000000000000e+02
1.824500000000000000e+04 -1.120000000000000000e+02 5.440000000000000000e+02 -8.320000000000000000e+02
1.828500000000000000e+04 -1.040000000000000000e+02 5.280000000000000000e+02 -8.880000000000000000e+02
1.832500000000000000e+04 -1.200000000000000000e+02 5.440000000000000000e+02 -8.480000000000000000e+02
1.836500000000000000e+04 -1.120000000000000000e+02 5.280000000000000000e+02 -8.640000000000000000e+02
1.840500000000000000e+04 -1.040000000000000000e+02 5.280000000000000000e+02 -8.800000000000000000e+02
1.844500000000000000e+04 -1.040000000000000000e+02 5.680000000000000000e+02 -8.480000000000000000e+02
1.848500000000000000e+04 -1.040000000000000000e+02 5.760000000000000000e+02 -8.240000000000000000e+02
1.852500000000000000e+04 -1.120000000000000000e+02 5.840000000000000000e+02 -8.160000000000000000e+02
1.856500000000000000e+04 -9.600000000000000000e+01 5.520000000000000000e+02 -8.320000000000000000e+02
1.860500000000000000e+04 -1.120000000000000000e+02 5.440000000000000000e+02 -8.640000000000000000e+02
1.864500000000000000e+04 -1.120000000000000000e+02 5.600000000000000000e+02 -8.400000000000000000e+02
1.868500000000000000e+04 -1.120000000000000000e+02 5.520000000000000000e+02 -8.560000000000000000e+02
1.872500000000000000e+04 -1.040000000000000000e+02 5.440000000000000000e+02 -8.640000000000000000e+02
1.876500000000000000e+04 -1.040000000000000000e+02 5.440000000000000000e+02 -8.480000000000000000e+02
1.880500000000000000e+04 -9.600000000000000000e+01 5.440000000000000000e+02 -8.480000000000000000e+02
1.884500000000000000e+04 -9.600000000000000000e+01 5.440000000000000000e+02 -8.640000000000000000e+02
1.887700000000000000e+04 -9.600000000000000000e+01 5.440000000000000000e+02 -8.560000000000000000e+02
1.891700000000000000e+04 -9.600000000000000000e+01 5.440000000000000000e+02 -8.560000000000000000e+02
1.895700000000000000e+04 -8.800000000000000000e+01 5.440000000000000000e+02 -8.640000000000000000e+02
1.899700000000000000e+04 -9.600000000000000000e+01 5.360000000000000000e+02 -8.640000000000000000e+02
1.903700000000000000e+04 -9.600000000000000000e+01 5.440000000000000000e+02 -8.640000000000000000e+02
1.907700000000000000e+04 -9.600000000000000000e+01 5.360000000000000000e+02 -8.640000000000000000e+02
1.911700000000000000e+04 -9.600000000000000000e+01 5.360000000000000000e+02 -8.480000000000000000e+02
1.915700000000000000e+04 -9.600000000000000000e+01 5.440000000000000000e+02 -8.480000000000000000e+02
1.919700000000000000e+04 -9.600000000000000000e+01 5.280000000000000000e+02 -8.640000000000000000e+02
1.923700000000000000e+04 -7.200000000000000000e+01 5.120000000000000000e+02 -8.640000000000000000e+02
1.927700000000000000e+04 -8.000000000000000000e+01 5.200000000000000000e+02 -8.560000000000000000e+02
1.931700000000000000e+04 -7.200000000000000000e+01 5.280000000000000000e+02 -8.560000000000000000e+02
1.935700000000000000e+04 -7.200000000000000000e+01 5.280000000000000000e+02 -8.720000000000000000e+02
1.939700000000000000e+04 -8.000000000000000000e+01 5.280000000000000000e+02 -8.480000000000000000e+02
1.943700000000000000e+04 -8.800000000000000000e+01 5.280000000000000000e+02 -8.640000000000000000e+02
1.947700000000000000e+04 -8.000000000000000000e+01 5.360000000000000000e+02 -8.160000000000000000e+02
1.951700000000000000e+04 -6.400000000000000000e+01 5.440000000000000000e+02 -8.400000000000000000e+02
1.955700000000000000e+04 -7.200000000000000000e+01 5.360000000000000000e+02 -8.480000000000000000e+02
1.959700000000000000e+04 -8.000000000000000000e+01 5.360000000000000000e+02 -8.880000000000000000e+02
1.963700000000000000e+04 -8.800000000000000000e+01 5.360000000000000000e+02 -8.560000000000000000e+02
1.967700000000000000e+04 -9.600000000000000000e+01 5.360000000000000000e+02 -8.640000000000000000e+02
1.971700000000000000e+04 -8.000000000000000000e+01 5.440000000000000000e+02 -8.800000000000000000e+02
1.975700000000000000e+04 -1.040000000000000000e+02 5.440000000000000000e+02 -8.560000000000000000e+02
1.979700000000000000e+04 -1.040000000000000000e+02 5.360000000000000000e+02 -8.160000000000000000e+02
1.983700000000000000e+04 -1.040000000000000000e+02 5.280000000000000000e+02 -8.640000000000000000e+02
