2.700000000000000000e+01 4.000000000000000000e+01 -8.000000000000000000e+00 -1.032000000000000000e+03
6.700000000000000000e+01 8.000000000000000000e+00 -3.200000000000000000e+01 -1.024000000000000000e+03
1.070000000000000000e+02 8.000000000000000000e+00 -3.200000000000000000e+01 -1.024000000000000000e+03
1.470000000000000000e+02 1.600000000000000000e+01 -3.200000000000000000e+01 -1.048000000000000000e+03
1.870000000000000000e+02 8.000000000000000000e+00 -4.800000000000000000e+01 -1.024000000000000000e+03
2.270000000000000000e+02 1.600000000000000000e+01 -3.200000000000000000e+01 -1.032000000000000000e+03
2.670000000000000000e+02 1.600000000000000000e+01 -4.800000000000000000e+01 -1.024000000000000000e+03
3.070000000000000000e+02 1.600000000000000000e+01 -2.400000000000000000e+01 -1.048000000000000000e+03
3.470000000000000000e+02 8.000000000000000000e+00 -8.000000000000000000e+00 -1.056000000000000000e+03
3.870000000000000000e+02 8.000000000000000000e+00 -1.600000000000000000e+01 -1.048000000000000000e+03
4.270000000000000000e+02 2.400000000000000000e+01 -2.400000000000000000e+01 -1.040000000000000000e+03
4.670000000000000000e+02 8.000000000000000000e+00 -2.400000000000000000e+01 -1.056000000000000000e+03
5.070000000000000000e+02 8.000000000000000000e+00 -2.400000000000000000e+01 -1.024000000000000000e+03
5.470000000000000000e+02 8.000000000000000000e+00 -2.400000000000000000e+01 -1.032000000000000000e+03
5.870000000000000000e+02 1.600000000000000000e+01 -2.400000000000000000e+01 -1.040000000000000000e+03
6.270000000000000000e+02 2.400000000000000000e+01 -2.400000000000000000e+01 -1.040000000000000000e+03
6.670000000000000000e+02 2.400000000000000000e+01 -3.200000000000000000e+01 -1.040000000000000000e+03
7.070000000000000000e+02 1.600000000000000000e+01 -2.400000000000000000e+01 -1.048000000000000000e+03
7.470000000000000000e+02 2.400000000000000000e+01 -3.200000000000000000e+01 -1.048000000000000000e+03
7.870000000000000000e+02 2.400000000000000000e+01 -3.200000000000000000e+01 -1.040000000000000000e+03
8.270000000000000000e+02 2.400000000000000000e+01 -4.000000000000000000e+01 -1.040000000000000000e+03
8.670000000000000000e+02 2.400000000000000000e+01 -3.200000000000000000e+01 -1.048000000000000000e+03
9.070000000000000000e+02 1.600000000000000000e+01 -3.200000000000000000e+01 -1.040000000000000000e+03
9.470000000000000000e+02 2.400000000000000000e+01 -3.200000000000000000e+01 -1.032000000000000000e+03
9.870000000000000000e+02 2.400000000000000000e+01 -3.200000000000000000e+01 -1.040000000000000000e+03
1.021000000000000000e+03 1.600000000000000000e+01 -3.200000000000000000e+01 -1.040000000000000000e+03
1.061000000000000000e+03 0.000000000000000000e+00 -2.400000000000000000e+01 -1.032000000000000000e+03
1.101000000000000000e+03 0.000000000000000000e+00 -3.200000000000000000e+01 -1.024000000000000000e+03
1.141000000000000000e+03 3.200000000000000000e+01 -3.200000000000000000e+01 -1.032000000000000000e+03
1.181000000000000000e+03 7.200000000000000000e+01 -4.800000000000000000e+01 -1.072000000000000000e+03
1.221000000000000000e+03 4.000000000000000000e+01 -4.000000000000000000e+01 -1.032000000000000000e+03
1.261000000000000000e+03 3.200000000000000000e+01 -3.200000000000000000e+01 -1.000000000000000000e+03
1.301000000000000000e+03 3.200000000000000000e+01 -4.000000000000000000e+01 -1.040000000000000000e+03
1.341000000000000000e+03 2.400000000000000000e+01 -4.000000000000000000e+01 -1.024000000000000000e+03
1.381000000000000000e+03 2.400000000000000000e+01 -3.200000000000000000e+01 -1.032000000000000000e+03
1.421000000000000000e+03 2.400000000000000000e+01 -3.200000000000000000e+01 -1.040000000000000000e+03
1.461000000000000000e+03 4.000000000000000000e+01 -3.200000000000000000e+01 -1.032000000000000000e+03
1.501000000000000000e+03 2.400000000000000000e+01 -3.200000000000000000e+01 -1.040000000000000000e+03
1.541000000000000000e+03 4.800000000000000000e+01 -3.200000000000000000e+01 -9.920000000000000000e+02
1.581000000000000000e+03 2.400000000000000000e+01 -4.000000000000000000e+01 -1.024000000000000000e+03
1.621000000000000000e+03 3.200000000000000000e+01 -3.200000000000000000e+01 -1.024000000000000000e+03
1.661000000000000000e+03 2.400000000000000000e+01 -4.000000000000000000e+01 -1.024000000000000000e+03
1.701000000000000000e+03 1.600000000000000000e+01 -4.800000000000000000e+01 -1.080000000000000000e+03
1.741000000000000000e+03 1.600000000000000000e+01 -3.200000000000000000e+01 -1.056000000000000000e+03
1.781000000000000000e+03 1.600000000000000000e+01 -3.200000000000000000e+01 -1.048000000000000000e+03
1.821000000000000000e+03 2.400000000000000000e+01 -3.200000000000000000e+01 -1.016000000000000000e+03
1.861000000000000000e+03 2.400000000000000000e+01 -2.400000000000000000e+01 -1.048000000000000000e+03
1.901000000000000000e+03 2.400000000000000000e+01 -3.200000000000000000e+01 -1.040000000000000000e+03
1.941000000000000000e+03 1.600000000000000000e+01 -3.200000000000000000e+01 -1.040000000000000000e+03
1.981000000000000000e+03 1.600000000000000000e+01 -4.000000000000000000e+01 -1.024000000000000000e+03
2.014000000000000000e+03 1.600000000000000000e+01 -4.000000000000000000e+01 -1.048000000000000000e+03
2.054000000000000000e+03 8.000000000000000000e+00 -4.000000000000000000e+01 -1.000000000000000000e+03
2.094000000000000000e+03 1.600000000000000000e+01 -2.400000000000000000e+01 -1.152000000000000000e+03
2.134000000000000000e+03 1.600000000000000000e+01 -3.200000000000000000e+01 -1.056000000000000000e+03
2.174000000000000000e+03 0.000000000000000000e+00 -3.200000000000000000e+01 -1.080000000000000000e+03
2.214000000000000000e+03 1.600000000000000000e+01 -1.600000000000000000e+01 -1.032000000000000000e+03
2.254000000000000000e+03 1.600000000000000000e+01 -2.400000000000000000e+01 -1.024000000000000000e+03
2.294000000000000000e+03 1.600000000000000000e+01 -2.400000000000000000e+01 -1.016000000000000000e+03
2.334000000000000000e+03 1.600000000000000000e+01 -2.400000000000000000e+01 -1.072000000000000000e+03
2.374000000000000000e+03 8.000000000000000000e+00 -2.400000000000000000e+01 -1.008000000000000000e+03
2.414000000000000000e+03 3.200000000000000000e+01 -3.200000000000000000e+01 -1.008000000000000000e+03
2.454000000000000000e+03 2.400000000000000000e+01 -3.200000000000000000e+01 -1.032000000000000000e+03
2.494000000000000000e+03 1.600000000000000000e+01 -3.200000000000000000e+01 -1.040000000000000000e+03
2.534000000000000000e+03 2.400000000000000000e+01 -2.400000000000000000e+01 -1.040000000000000000e+03
2.574000000000000000e+03 8.000000000000000000e+00 -3.200000000000000000e+01 -1.024000000000000000e+03
2.614000000000000000e+03 1.600000000000000000e+01 -2.400000000000000000e+01 -1.040000000000000000e+03
2.654000000000000000e+03 1.600000000000000000e+01 -3.200000000000000000e+01 -1.024000000000000000e+03
2.694000000000000000e+03 1.600000000000000000e+01 -2.400000000000000000e+01 -1.032000000000000000e+03
2.734000000000000000e+03 1.600000000000000000e+01 -3.200000000000000000e+01 -1.024000000000000000e+03
2.774000000000000000e+03 1.600000000000000000e+01 -3.200000000000000000e+01 -1.032000000000000000e+03
2.814000000000000000e+03 1.600000000000000000e+01 -3.200000000000000000e+01 -1.024000000000000000e+03
2.854000000000000000e+03 1.600000000000000000e+01 -3.200000000000000000e+01 -1.040000000000000000e+03
2.894000000000000000e+03 8.000000000000000000e+00 -2.400000000000000000e+01 -1.040000000000000000e+03
2.934000000000000000e+03 1.600000000000000000e+01 -2.400000000000000000e+01 -1.048000000000000000e+03
2.974000000000000000e+03 1.600000000000000000e+01 -3.200000000000000000e+01 -1.040000000000000000e+03
3.006000000000000000e+03 1.600000000000000000e+01 -3.200000000000000000e+01 -1.040000000000000000e+03
3.046000000000000000e+03 1.600000000000000000e+01 -4.000000000000000000e+01 -1.024000000000000000e+03
3.086000000000000000e+03 0.000000000000000000e+00 -2.400000000000000000e+01 -9.760000000000000000e+02
3.126000000000000000e+03 0.000000000000000000e+00 -2.400000000000000000e+01 -1.016000000000000000e+03
3.166000000000000000e+03 8.000000000000000000e+00 -4.000000000000000000e+01 -1.064000000000000000e+03
3.206000000000000000e+03 8.000000000000000000e+00 -3.200000000000000000e+01 -1.048000000000000000e+03
3.246000000000000000e+03 1.600000000000000000e+01 -4.800000000000000000e+01 -1.032000000000000000e+03
3.286000000000000000e+03 1.600000000000000000e+01 -4.000000000000000000e+01 -1.016000000000000000e+03
3.326000000000000000e+03 2.400000000000000000e+01 -3.200000000000000000e+01 -1.032000000000000000e+03
3.366000000000000000e+03 2.400000000000000000e+01 -3.200000000000000000e+01 -1.032000000000000000e+03
3.406000000000000000e+03 3.200000000000000000e+01 -4.800000000000000000e+01 -1.048000000000000000e+03
3.446000000000000000e+03 2.400000000000000000e+01 -4.000000000000000000e+01 -1.016000000000000000e+03
3.486000000000000000e+03 3.200000000000000000e+01 -3.200000000000000000e+01 -1.032000000000000000e+03
3.526000000000000000e+03 2.400000000000000000e+01 -8.000000000000000000e+00 -1.024000000000000000e+03
3.566000000000000000e+03 1.600000000000000000e+01 -2.400000000000000000e+01 -1.072000000000000000e+03
3.606000000000000000e+03 1.600000000000000000e+01 -2.400000000000000000e+01 -1.016000000000000000e+03
3.646000000000000000e+03 1.600000000000000000e+01 -2.400000000000000000e+01 -1.064000000000000000e+03
3.686000000000000000e+03 1.600000000000000000e+01 -3.200000000000000000e+01 -1.056000000000000000e+03
3.726000000000000000e+03 1.600000000000000000e+01 -2.400000000000000000e+01 -1.040000000000000000e+03
3.766000000000000000e+03 1.600000000000000000e+01 -3.200000000000000000e+01 -1.040000000000000000e+03
3.806000000000000000e+03 1.600000000000000000e+01 -4.000000000000000000e+01 -1.000000000000000000e+03
3.846000000000000000e+03 8.000000000000000000e+00 -3.200000000000000000e+01 -1.024000000000000000e+03
3.886000000000000000e+03 -8.000000000000000000e+00 -3.200000000000000000e+01 -1.024000000000000000e+03
3.926000000000000000e+03 0.000000000000000000e+00 -4.000000000000000000e+01 -1.032000000000000000e+03
3.966000000000000000e+03 8.000000000000000000e+00 -3.200000000000000000e+01 -1.024000000000000000e+03
3.999000000000000000e+03 1.600000000000000000e+01 -4.000000000000000000e+01 -1.016000000000000000e+03
4.039000000000000000e+03 1.600000000000000000e+01 -3.200000000000000000e+01 -1.040000000000000000e+03
4.079000000000000000e+03 0.000000000000000000e+00 -4.000000000000000000e+01 -1.000000000000000000e+03
4.119000000000000000e+03 8.000000000000000000e+00 -3.200000000000000000e+01 -1.040000000000000000e+03
4.159000000000000000e+03 8.000000000000000000e+00 -2.400000000000000000e+01 -1.040000000000000000e+03
4.199000000000000000e+03 8.000000000000000000e+00 -3.200000000000000000e+01 -9.920000000000000000e+02
4.239000000000000000e+03 1.600000000000000000e+01 -4.000000000000000000e+01 -1.032000000000000000e+03
4.279000000000000000e+03 2.400000000000000000e+01 -3.200000000000000000e+01 -1.024000000000000000e+03
4.319000000000000000e+03 2.400000000000000000e+01 -4.000000000000000000e+01 -1.040000000000000000e+03
4.359000000000000000e+03 3.200000000000000000e+01 -4.000000000000000000e+01 -1.032000000000000000e+03
4.399000000000000000e+03 2.400000000000000000e+01 -4.000000000000000000e+01 -1.040000000000000000e+03
4.439000000000000000e+03 2.400000000000000000e+01 -4.000000000000000000e+01 -1.048000000000000000e+03
4.479000000000000000e+03 1.600000000000000000e+01 -4.000000000000000000e+01 -1.048000000000000000e+03
4.519000000000000000e+03 1.600000000000000000e+01 -3.200000000000000000e+01 -1.048000000000000000e+03
4.559000000000000000e+03 0.000000000000000000e+00 -4.000000000000000000e+01 -1.032000000000000000e+03
4.599000000000000000e+03 8.000000000000000000e+00 -1.600000000000000000e+01 -1.048000000000000000e+03
4.639000000000000000e+03 8.000000000000000000e+00 -2.400000000000000000e+01 -1.040000000000000000e+03
4.679000000000000000e+03 1.600000000000000000e+01 -2.400000000000000000e+01 -1.048000000000000000e+03
4.719000000000000000e+03 2.400000000000000000e+01 -3.200000000000000000e+01 -1.024000000000000000e+03
4.759000000000000000e+03 2.400000000000000000e+01 -4.000000000000000000e+01 -1.016000000000000000e+03
4.799000000000000000e+03 2.400000000000000000e+01 -3.200000000000000000e+01 -1.048000000000000000e+03
4.839000000000000000e+03 4.000000000000000000e+01 -3.200000000000000000e+01 -1.024000000000000000e+03
4.879000000000000000e+03 0.000000000000000000e+00 -4.000000000000000000e+01 -1.032000000000000000e+03
4.919000000000000000e+03 3.200000000000000000e+01 -2.400000000000000000e+01 -1.048000000000000000e+03
4.959000000000000000e+03 2.400000000000000000e+01 -3.200000000000000000e+01 -1.040000000000000000e+03
4.992000000000000000e+03 2.400000000000000000e+01 -1.600000000000000000e+01 -1.000000000000000000e+03
5.032000000000000000e+03 2.400000000000000000e+01 -2.400000000000000000e+01 -1.048000000000000000e+03
5.072000000000000000e+03 0.000000000000000000e+00 -1.600000000000000000e+01 -1.048000000000000000e+03
5.112000000000000000e+03 8.000000000000000000e+00 -2.400000000000000000e+01 -1.016000000000000000e+03
5.152000000000000000e+03 0.000000000000000000e+00 -3.200000000000000000e+01 -1.016000000000000000e+03
5.192000000000000000e+03 1.600000000000000000e+01 -4.000000000000000000e+01 -1.032000000000000000e+03
5.232000000000000000e+03 1.600000000000000000e+01 -3.200000000000000000e+01 -1.040000000000000000e+03
5.272000000000000000e+03 8.000000000000000000e+00 -4.000000000000000000e+01 -1.008000000000000000e+03
5.312000000000000000e+03 8.000000000000000000e+00 -4.000000000000000000e+01 -1.032000000000000000e+03
5.352000000000000000e+03 3.200000000000000000e+01 -3.200000000000000000e+01 -1.016000000000000000e+03
5.392000000000000000e+03 2.400000000000000000e+01 -4.000000000000000000e+01 -1.032000000000000000e+03
5.432000000000000000e+03 1.600000000000000000e+01 -3.200000000000000000e+01 -1.032000000000000000e+03
5.472000000000000000e+03 0.000000000000000000e+00 -3.200000000000000000e+01 -1.048000000000000000e+03
5.512000000000000000e+03 8.000000000000000000e+00 -3.200000000000000000e+01 -1.040000000000000000e+03
5.552000000000000000e+03 3.200000000000000000e+01 -8.000000000000000000e+00 -1.032000000000000000e+03
5.592000000000000000e+03 2.400000000000000000e+01 -2.400000000000000000e+01 -1.048000000000000000e+03
5.632000000000000000e+03 1.600000000000000000e+01 -2.400000000000000000e+01 -1.056000000000000000e+03
5.672000000000000000e+03 2.400000000000000000e+01 -2.400000000000000000e+01 -1.000000000000000000e+03
5.712000000000000000e+03 2.400000000000000000e+01 -2.400000000000000000e+01 -1.040000000000000000e+03
5.752000000000000000e+03 1.600000000000000000e+01 -3.200000000000000000e+01 -1.032000000000000000e+03
5.792000000000000000e+03 2.400000000000000000e+01 -8.000000000000000000e+00 -1.056000000000000000e+03
5.832000000000000000e+03 2.400000000000000000e+01 -1.600000000000000000e+01 -1.048000000000000000e+03
5.872000000000000000e+03 2.400000000000000000e+01 -2.400000000000000000e+01 -1.048000000000000000e+03
5.912000000000000000e+03 8.000000000000000000e+00 -4.000000000000000000e+01 -1.032000000000000000e+03
5.952000000000000000e+03 8.000000000000000000e+00 -3.200000000000000000e+01 -1.032000000000000000e+03
5.986000000000000000e+03 8.000000000000000000e+00 -3.200000000000000000e+01 -1.032000000000000000e+03
6.026000000000000000e+03 1.600000000000000000e+01 -3.200000000000000000e+01 -1.040000000000000000e+03
6.066000000000000000e+03 -1.600000000000000000e+01 -4.800000000000000000e+01 -1.040000000000000000e+03
6.106000000000000000e+03 0.000000000000000000e+00 -4.000000000000000000e+01 -1.032000000000000000e+03
6.146000000000000000e+03 0.000000000000000000e+00 -4.000000000000000000e+01 -1.024000000000000000e+03
6.186000000000000000e+03 -8.000000000000000000e+00 -4.000000000000000000e+01 -1.056000000000000000e+03
6.226000000000000000e+03 8.000000000000000000e+00 -4.000000000000000000e+01 -1.024000000000000000e+03
6.266000000000000000e+03 1.600000000000000000e+01 -4.800000000000000000e+01 -1.032000000000000000e+03
6.306000000000000000e+03 1.600000000000000000e+01 -4.000000000000000000e+01 -1.040000000000000000e+03
6.346000000000000000e+03 2.400000000000000000e+01 -4.000000000000000000e+01 -1.008000000000000000e+03
6.386000000000000000e+03 1.600000000000000000e+01 -3.200000000000000000e+01 -1.040000000000000000e+03
6.426000000000000000e+03 2.400000000000000000e+01 -3.200000000000000000e+01 -1.048000000000000000e+03
6.466000000000000000e+03 3.200000000000000000e+01 -2.400000000000000000e+01 -1.032000000000000000e+03
6.506000000000000000e+03 2.400000000000000000e+01 -3.200000000000000000e+01 -1.032000000000000000e+03
6.546000000000000000e+03 2.400000000000000000e+01 -3.200000000000000000e+01 -1.032000000000000000e+03
6.586000000000000000e+03 2.400000000000000000e+01 -3.200000000000000000e+01 -1.032000000000000000e+03
6.626000000000000000e+03 1.600000000000000000e+01 -3.200000000000000000e+01 -1.032000000000000000e+03
6.666000000000000000e+03 1.600000000000000000e+01 -3.200000000000000000e+01 -1.056000000000000000e+03
6.706000000000000000e+03 1.600000000000000000e+01 -3.200000000000000000e+01 -1.032000000000000000e+03
6.746000000000000000e+03 1.600000000000000000e+01 -3.200000000000000000e+01 -1.040000000000000000e+03
6.786000000000000000e+03 2.400000000000000000e+01 -3.200000000000000000e+01 -1.032000000000000000e+03
6.826000000000000000e+03 1.600000000000000000e+01 -3.200000000000000000e+01 -1.040000000000000000e+03
6.866000000000000000e+03 1.600000000000000000e+01 -3.200000000000000000e+01 -1.024000000000000000e+03
6.906000000000000000e+03 2.400000000000000000e+01 -3.200000000000000000e+01 -1.040000000000000000e+03
6.946000000000000000e+03 1.600000000000000000e+01 -2.400000000000000000e+01 -1.024000000000000000e+03
6.978000000000000000e+03 1.600000000000000000e+01 -3.200000000000000000e+01 -1.048000000000000000e+03
7.018000000000000000e+03 1.600000000000000000e+01 -3.200000000000000000e+01 -1.032000000000000000e+03
7.058000000000000000e+03 8.000000000000000000e+00 -3.200000000000000000e+01 -1.040000000000000000e+03
7.098000000000000000e+03 3.200000000000000000e+01 -4.000000000000000000e+01 -1.032000000000000000e+03
7.138000000000000000e+03 3.200000000000000000e+01 -3.200000000000000000e+01 -9.920000000000000000e+02
7.178000000000000000e+03 2.400000000000000000e+01 -3.200000000000000000e+01 -1.000000000000000000e+03
7.218000000000000000e+03 2.400000000000000000e+01 -4.000000000000000000e+01 -1.040000000000000000e+03
7.258000000000000000e+03 2.400000000000000000e+01 -3.200000000000000000e+01 -1.024000000000000000e+03
7.298000000000000000e+03 1.600000000000000000e+01 -3.200000000000000000e+01 -1.024000000000000000e+03
7.338000000000000000e+03 1.600000000000000000e+01 -3.200000000000000000e+01 -1.024000000000000000e+03
7.378000000000000000e+03 8.000000000000000000e+00 -2.400000000000000000e+01 -1.032000000000000000e+03
7.418000000000000000e+03 8.000000000000000000e+00 -3.200000000000000000e+01 -1.032000000000000000e+03
7.458000000000000000e+03 1.600000000000000000e+01 -2.400000000000000000e+01 -1.024000000000000000e+03
7.498000000000000000e+03 2.400000000000000000e+01 -2.400000000000000000e+01 -1.048000000000000000e+03
7.538000000000000000e+03 2.400000000000000000e+01 -2.400000000000000000e+01 -1.040000000000000000e+03
7.578000000000000000e+03 8.000000000000000000e+00 -3.200000000000000000e+01 -1.032000000000000000e+03
7.618000000000000000e+03 1.600000000000000000e+01 -3.200000000000000000e+01 -1.048000000000000000e+03
7.658000000000000000e+03 2.400000000000000000e+01 -3.200000000000000000e+01 -1.024000000000000000e+03
7.698000000000000000e+03 3.200000000000000000e+01 -2.400000000000000000e+01 -1.048000000000000000e+03
7.738000000000000000e+03 8.000000000000000000e+00 -2.400000000000000000e+01 -1.120000000000000000e+03
7.778000000000000000e+03 0.000000000000000000e+00 -2.400000000000000000e+01 -1.032000000000000000e+03
7.818000000000000000e+03 1.600000000000000000e+01 -2.400000000000000000e+01 -1.032000000000000000e+03
7.858000000000000000e+03 1.600000000000000000e+01 -3.200000000000000000e+01 -1.032000000000000000e+03
7.898000000000000000e+03 1.600000000000000000e+01 -3.200000000000000000e+01 -1.040000000000000000e+03
7.938000000000000000e+03 1.600000000000000000e+01 0.000000000000000000e+00 -1.048000000000000000e+03
7.971000000000000000e+03 1.600000000000000000e+01 -1.600000000000000000e+01 -1.040000000000000000e+03
8.011000000000000000e+03 1.600000000000000000e+01 -2.400000000000000000e+01 -1.048000000000000000e+03
8.051000000000000000e+03 1.600000000000000000e+01 -1.600000000000000000e+01 -1.056000000000000000e+03
8.091000000000000000e+03 2.400000000000000000e+01 -2.400000000000000000e+01 -1.024000000000000000e+03
8.131000000000000000e+03 1.600000000000000000e+01 -2.400000000000000000e+01 -1.024000000000000000e+03
8.171000000000000000e+03 3.200000000000000000e+01 -3.200000000000000000e+01 -1.072000000000000000e+03
8.211000000000000000e+03 3.200000000000000000e+01 -1.600000000000000000e+01 -1.024000000000000000e+03
8.251000000000000000e+03 -8.000000000000000000e+00 -2.400000000000000000e+01 -1.040000000000000000e+03
8.291000000000000000e+03 0.000000000000000000e+00 -8.000000000000000000e+00 -1.016000000000000000e+03
8.331000000000000000e+03 1.600000000000000000e+01 -2.400000000000000000e+01 -1.056000000000000000e+03
8.371000000000000000e+03 1.600000000000000000e+01 -3.200000000000000000e+01 -1.048000000000000000e+03
8.411000000000000000e+03 2.400000000000000000e+01 -3.200000000000000000e+01 -1.040000000000000000e+03
8.451000000000000000e+03 3.200000000000000000e+01 -3.200000000000000000e+01 -9.920000000000000000e+02
8.491000000000000000e+03 2.400000000000000000e+01 -3.200000000000000000e+01 -1.032000000000000000e+03
8.531000000000000000e+03 2.400000000000000000e+01 -3.200000000000000000e+01 -1.024000000000000000e+03
8.571000000000000000e+03 2.400000000000000000e+01 -4.800000000000000000e+01 -1.040000000000000000e+03
8.611000000000000000e+03 1.600000000000000000e+01 -2.400000000000000000e+01 -1.056000000000000000e+03
8.651000000000000000e+03 8.000000000000000000e+00 -8.000000000000000000e+00 -1.040000000000000000e+03
8.691000000000000000e+03 1.600000000000000000e+01 -2.400000000000000000e+01 -1.016000000000000000e+03
8.731000000000000000e+03 2.400000000000000000e+01 -3.200000000000000000e+01 -1.040000000000000000e+03
8.771000000000000000e+03 2.400000000000000000e+01 -2.400000000000000000e+01 -1.056000000000000000e+03
8.811000000000000000e+03 2.400000000000000000e+01 -3.200000000000000000e+01 -1.048000000000000000e+03
8.851000000000000000e+03 1.600000000000000000e+01 -3.200000000000000000e+01 -1.040000000000000000e+03
8.891000000000000000e+03 1.600000000000000000e+01 -2.400000000000000000e+01 -1.048000000000000000e+03
8.931000000000000000e+03 2.400000000000000000e+01 -2.400000000000000000e+01 -9.920000000000000000e+02
8.964000000000000000e+03 1.600000000000000000e+01 -4.000000000000000000e+01 -1.024000000000000000e+03
9.004000000000000000e+03 1.600000000000000000e+01 -4.000000000000000000e+01 -1.032000000000000000e+03
9.044000000000000000e+03 2.400000000000000000e+01 -3.200000000000000000e+01 -1.032000000000000000e+03
9.084000000000000000e+03 3.200000000000000000e+01 -2.400000000000000000e+01 -1.000000000000000000e+03
9.124000000000000000e+03 2.400000000000000000e+01 -3.200000000000000000e+01 -9.920000000000000000e+02
9.164000000000000000e+03 1.600000000000000000e+01 -3.200000000000000000e+01 -1.016000000000000000e+03
9.204000000000000000e+03 2.400000000000000000e+01 -3.200000000000000000e+01 -1.048000000000000000e+03
9.244000000000000000e+03 0.000000000000000000e+00 -2.400000000000000000e+01 -1.040000000000000000e+03
9.284000000000000000e+03 0.000000000000000000e+00 -2.400000000000000000e+01 -1.024000000000000000e+03
9.324000000000000000e+03 8.000000000000000000e+00 -2.400000000000000000e+01 -1.032000000000000000e+03
9.364000000000000000e+03 1.600000000000000000e+01 -3.200000000000000000e+01 -1.040000000000000000e+03
9.404000000000000000e+03 2.400000000000000000e+01 -3.200000000000000000e+01 -1.040000000000000000e+03
9.444000000000000000e+03 1.600000000000000000e+01 -3.200000000000000000e+01 -1.032000000000000000e+03
9.484000000000000000e+03 3.200000000000000000e+01 -3.200000000000000000e+01 -1.032000000000000000e+03
9.524000000000000000e+03 8.000000000000000000e+00 -1.600000000000000000e+01 -1.024000000000000000e+03
9.564000000000000000e+03 8.000000000000000000e+00 -1.600000000000000000e+01 -1.024000000000000000e+03
9.604000000000000000e+03 1.600000000000000000e+01 -2.400000000000000000e+01 -1.064000000000000000e+03
9.644000000000000000e+03 4.000000000000000000e+01 -3.200000000000000000e+01 -1.016000000000000000e+03
9.684000000000000000e+03 2.400000000000000000e+01 -2.400000000000000000e+01 -1.024000000000000000e+03
9.724000000000000000e+03 2.400000000000000000e+01 -3.200000000000000000e+01 -1.040000000000000000e+03
9.764000000000000000e+03 2.400000000000000000e+01 -3.200000000000000000e+01 -1.032000000000000000e+03
9.804000000000000000e+03 1.600000000000000000e+01 -4.800000000000000000e+01 -1.040000000000000000e+03
9.844000000000000000e+03 1.600000000000000000e+01 -4.000000000000000000e+01 -1.016000000000000000e+03
9.884000000000000000e+03 1.600000000000000000e+01 -4.000000000000000000e+01 -1.040000000000000000e+03
9.924000000000000000e+03 2.400000000000000000e+01 -4.800000000000000000e+01 -1.040000000000000000e+03
9.956000000000000000e+03 2.400000000000000000e+01 -4.000000000000000000e+01 -1.040000000000000000e+03
9.996000000000000000e+03 2.400000000000000000e+01 -4.000000000000000000e+01 -1.024000000000000000e+03
1.003600000000000000e+04 1.600000000000000000e+01 -4.800000000000000000e+01 -1.024000000000000000e+03
1.007600000000000000e+04 8.000000000000000000e+00 -4.800000000000000000e+01 -1.040000000000000000e+03
1.011600000000000000e+04 8.000000000000000000e+00 -4.000000000000000000e+01 -1.032000000000000000e+03
1.015600000000000000e+04 1.600000000000000000e+01 -3.200000000000000000e+01 -1.024000000000000000e+03
1.019600000000000000e+04 1.600000000000000000e+01 -3.200000000000000000e+01 -1.016000000000000000e+03
1.023600000000000000e+04 1.600000000000000000e+01 -3.200000000000000000e+01 -1.032000000000000000e+03
1.027600000000000000e+04 1.600000000000000000e+01 -4.000000000000000000e+01 -1.008000000000000000e+03
1.031600000000000000e+04 1.600000000000000000e+01 -4.000000000000000000e+01 -9.840000000000000000e+02
1.035600000000000000e+04 1.600000000000000000e+01 -3.200000000000000000e+01 -1.024000000000000000e+03
1.039600000000000000e+04 3.200000000000000000e+01 -2.400000000000000000e+01 -1.056000000000000000e+03
1.043600000000000000e+04 2.400000000000000000e+01 -3.200000000000000000e+01 -1.056000000000000000e+03
1.047600000000000000e+04 2.400000000000000000e+01 -8.000000000000000000e+00 -1.032000000000000000e+03
1.051600000000000000e+04 1.600000000000000000e+01 -2.400000000000000000e+01 -1.040000000000000000e+03
1.055600000000000000e+04 1.600000000000000000e+01 -2.400000000000000000e+01 -1.032000000000000000e+03
1.059600000000000000e+04 8.000000000000000000e+00 -2.400000000000000000e+01 -9.920000000000000000e+02
1.063600000000000000e+04 2.400000000000000000e+01 -4.800000000000000000e+01 -1.040000000000000000e+03
1.067600000000000000e+04 2.400000000000000000e+01 -4.000000000000000000e+01 -1.024000000000000000e+03
1.071600000000000000e+04 1.600000000000000000e+01 -4.000000000000000000e+01 -1.032000000000000000e+03
1.075600000000000000e+04 2.400000000000000000e+01 -3.200000000000000000e+01 -1.040000000000000000e+03
1.079600000000000000e+04 1.600000000000000000e+01 -3.200000000000000000e+01 -1.048000000000000000e+03
1.083600000000000000e+04 1.600000000000000000e+01 -4.000000000000000000e+01 -1.040000000000000000e+03
1.087600000000000000e+04 1.600000000000000000e+01 -3.200000000000000000e+01 -1.032000000000000000e+03
1.091600000000000000e+04 3.200000000000000000e+01 -3.200000000000000000e+01 -1.040000000000000000e+03
1.095000000000000000e+04 2.400000000000000000e+01 -4.800000000000000000e+01 -1.024000000000000000e+03
1.099000000000000000e+04 1.600000000000000000e+01 -4.800000000000000000e+01 -1.040000000000000000e+03
1.103000000000000000e+04 0.000000000000000000e+00 -3.200000000000000000e+01 -1.040000000000000000e+03
1.107000000000000000e+04 0.000000000000000000e+00 -3.200000000000000000e+01 -1.016000000000000000e+03
1.111000000000000000e+04 -1.600000000000000000e+01 -3.200000000000000000e+01 -1.008000000000000000e+03
1.115000000000000000e+04 0.000000000000000000e+00 -3.200000000000000000e+01 -1.032000000000000000e+03
1.119000000000000000e+04 8.000000000000000000e+00 -4.000000000000000000e+01 -1.024000000000000000e+03
1.123000000000000000e+04 1.600000000000000000e+01 -3.200000000000000000e+01 -1.056000000000000000e+03
1.127000000000000000e+04 1.600000000000000000e+01 -3.200000000000000000e+01 -1.040000000000000000e+03
1.131000000000000000e+04 2.400000000000000000e+01 -4.000000000000000000e+01 -1.040000000000000000e+03
1.135000000000000000e+04 2.400000000000000000e+01 -3.200000000000000000e+01 -1.008000000000000000e+03
1.139000000000000000e+04 2.400000000000000000e+01 -2.400000000000000000e+01 -1.016000000000000000e+03
1.143000000000000000e+04 2.400000000000000000e+01 -4.000000000000000000e+01 -1.040000000000000000e+03
1.147000000000000000e+04 2.400000000000000000e+01 -5.600000000000000000e+01 -1.040000000000000000e+03
1.151000000000000000e+04 2.400000000000000000e+01 -6.400000000000000000e+01 -1.040000000000000000e+03
1.155000000000000000e+04 1.600000000000000000e+01 -8.800000000000000000e+01 -1.024000000000000000e+03
1.159000000000000000e+04 2.400000000000000000e+01 -4.800000000000000000e+01 -1.032000000000000000e+03
1.163000000000000000e+04 2.400000000000000000e+01 -4.000000000000000000e+01 -1.040000000000000000e+03
1.167000000000000000e+04 1.600000000000000000e+01 -3.200000000000000000e+01 -1.024000000000000000e+03
1.171000000000000000e+04 2.400000000000000000e+01 -3.200000000000000000e+01 -1.056000000000000000e+03
1.175000000000000000e+04 1.600000000000000000e+01 -3.200000000000000000e+01 -1.048000000000000000e+03
1.179000000000000000e+04 1.600000000000000000e+01 -3.200000000000000000e+01 -1.040000000000000000e+03
1.183000000000000000e+04 1.600000000000000000e+01 -2.400000000000000000e+01 -1.048000000000000000e+03
1.187000000000000000e+04 8.000000000000000000e+00 -3.200000000000000000e+01 -1.032000000000000000e+03
1.191000000000000000e+04 8.000000000000000000e+00 -2.400000000000000000e+01 -1.032000000000000000e+03
1.194200000000000000e+04 1.600000000000000000e+01 -2.400000000000000000e+01 -1.016000000000000000e+03
1.198200000000000000e+04 1.600000000000000000e+01 -2.400000000000000000e+01 -1.040000000000000000e+03
1.202200000000000000e+04 4.000000000000000000e+01 -4.000000000000000000e+01 -1.048000000000000000e+03
1.206200000000000000e+04 2.400000000000000000e+01 -3.200000000000000000e+01 -1.048000000000000000e+03
1.210200000000000000e+04 0.000000000000000000e+00 -4.800000000000000000e+01 -1.048000000000000000e+03
1.214200000000000000e+04 8.000000000000000000e+00 -1.600000000000000000e+01 -1.016000000000000000e+03
1.218200000000000000e+04 8.000000000000000000e+00 -2.400000000000000000e+01 -1.000000000000000000e+03
1.222200000000000000e+04 1.600000000000000000e+01 -2.400000000000000000e+01 -1.032000000000000000e+03
1.226200000000000000e+04 1.600000000000000000e+01 -2.400000000000000000e+01 -1.008000000000000000e+03
1.230200000000000000e+04 1.600000000000000000e+01 -4.000000000000000000e+01 -1.064000000000000000e+03
1.234200000000000000e+04 8.000000000000000000e+00 -4.000000000000000000e+01 -1.040000000000000000e+03
1.238200000000000000e+04 1.600000000000000000e+01 -3.200000000000000000e+01 -1.040000000000000000e+03
1.242200000000000000e+04 1.600000000000000000e+01 -3.200000000000000000e+01 -1.040000000000000000e+03
1.246200000000000000e+04 3.200000000000000000e+01 -3.200000000000000000e+01 -1.000000000000000000e+03
1.250200000000000000e+04 2.400000000000000000e+01 -3.200000000000000000e+01 -1.024000000000000000e+03
1.254200000000000000e+04 0.000000000000000000e+00 -4.000000000000000000e+01 -1.080000000000000000e+03
1.258200000000000000e+04 0.000000000000000000e+00 -4.000000000000000000e+01 -1.024000000000000000e+03
1.262200000000000000e+04 0.000000000000000000e+00 -3.200000000000000000e+01 -1.024000000000000000e+03
1.266200000000000000e+04 8.000000000000000000e+00 -3.200000000000000000e+01 -1.120000000000000000e+03
1.270200000000000000e+04 3.200000000000000000e+01 -2.400000000000000000e+01 -1.088000000000000000e+03
1.274200000000000000e+04 0.000000000000000000e+00 -2.400000000000000000e+01 -1.056000000000000000e+03
1.278200000000000000e+04 8.000000000000000000e+00 -2.400000000000000000e+01 -1.032000000000000000e+03
1.282200000000000000e+04 8.000000000000000000e+00 -2.400000000000000000e+01 -1.024000000000000000e+03
1.286200000000000000e+04 1.600000000000000000e+01 -3.200000000000000000e+01 -1.000000000000000000e+03
1.290200000000000000e+04 2.400000000000000000e+01 -3.200000000000000000e+01 -1.032000000000000000e+03
1.293500000000000000e+04 2.400000000000000000e+01 -3.200000000000000000e+01 -1.040000000000000000e+03
1.297500000000000000e+04 8.000000000000000000e+00 -3.200000000000000000e+01 -1.032000000000000000e+03
1.301500000000000000e+04 1.600000000000000000e+01 -3.200000000000000000e+01 -9.920000000000000000e+02
1.305500000000000000e+04 1.600000000000000000e+01 -5.600000000000000000e+01 -1.040000000000000000e+03
1.309500000000000000e+04 1.600000000000000000e+01 -4.800000000000000000e+01 -1.016000000000000000e+03
1.313500000000000000e+04 1.600000000000000000e+01 -4.000000000000000000e+01 -1.040000000000000000e+03
1.317500000000000000e+04 1.600000000000000000e+01 -4.000000000000000000e+01 -1.032000000000000000e+03
1.321500000000000000e+04 1.600000000000000000e+01 -3.200000000000000000e+01 -1.040000000000000000e+03
1.325500000000000000e+04 1.600000000000000000e+01 -3.200000000000000000e+01 -1.056000000000000000e+03
1.329500000000000000e+04 8.000000000000000000e+00 -3.200000000000000000e+01 -1.016000000000000000e+03
1.333500000000000000e+04 8.000000000000000000e+00 -3.200000000000000000e+01 -1.040000000000000000e+03
1.337500000000000000e+04 1.600000000000000000e+01 -2.400000000000000000e+01 -1.024000000000000000e+03
1.341500000000000000e+04 1.600000000000000000e+01 -3.200000000000000000e+01 -1.032000000000000000e+03
1.345500000000000000e+04 0.000000000000000000e+00 -8.000000000000000000e+00 -1.040000000000000000e+03
1.349500000000000000e+04 0.000000000000000000e+00 -8.000000000000000000e+00 -1.040000000000000000e+03
1.353500000000000000e+04 2.400000000000000000e+01 0.000000000000000000e+00 -1.040000000000000000e+03
1.357500000000000000e+04 2.400000000000000000e+01 -1.600000000000000000e+01 -1.032000000000000000e+03
1.361500000000000000e+04 1.600000000000000000e+01 -2.400000000000000000e+01 -1.048000000000000000e+03
1.365500000000000000e+04 2.400000000000000000e+01 -3.200000000000000000e+01 -9.840000000000000000e+02
1.369500000000000000e+04 2.400000000000000000e+01 -3.200000000000000000e+01 -1.040000000000000000e+03
1.373500000000000000e+04 1.600000000000000000e+01 -3.200000000000000000e+01 -1.040000000000000000e+03
1.377500000000000000e+04 1.600000000000000000e+01 -3.200000000000000000e+01 -1.040000000000000000e+03
1.381500000000000000e+04 1.600000000000000000e+01 -2.400000000000000000e+01 -1.040000000000000000e+03
1.385500000000000000e+04 3.200000000000000000e+01 -4.000000000000000000e+01 -1.016000000000000000e+03
1.389500000000000000e+04 3.200000000000000000e+01 -2.400000000000000000e+01 -1.048000000000000000e+03
1.392700000000000000e+04 2.400000000000000000e+01 -4.000000000000000000e+01 -1.048000000000000000e+03
1.396700000000000000e+04 2.400000000000000000e+01 -4.000000000000000000e+01 -1.032000000000000000e+03
1.400700000000000000e+04 0.000000000000000000e+00 -8.000000000000000000e+00 -1.016000000000000000e+03
1.404700000000000000e+04 -3.200000000000000000e+01 -1.600000000000000000e+01 -9.920000000000000000e+02
1.408700000000000000e+04 0.000000000000000000e+00 -2.400000000000000000e+01 -1.064000000000000000e+03
1.412700000000000000e+04 -8.000000000000000000e+00 -2.400000000000000000e+01 -1.024000000000000000e+03
1.416700000000000000e+04 0.000000000000000000e+00 -3.200000000000000000e+01 -1.024000000000000000e+03
1.420700000000000000e+04 8.000000000000000000e+00 -4.000000000000000000e+01 -1.040000000000000000e+03
1.424700000000000000e+04 8.000000000000000000e+00 -3.200000000000000000e+01 -1.040000000000000000e+03
1.428700000000000000e+04 3.200000000000000000e+01 -3.200000000000000000e+01 -1.032000000000000000e+03
1.432700000000000000e+04 2.400000000000000000e+01 -3.200000000000000000e+01 -1.016000000000000000e+03
1.436700000000000000e+04 2.400000000000000000e+01 -3.200000000000000000e+01 -1.032000000000000000e+03
1.440700000000000000e+04 1.600000000000000000e+01 -3.200000000000000000e+01 -1.056000000000000000e+03
1.444700000000000000e+04 1.600000000000000000e+01 -3.200000000000000000e+01 -1.024000000000000000e+03
1.448700000000000000e+04 1.600000000000000000e+01 -4.000000000000000000e+01 -1.032000000000000000e+03
1.452700000000000000e+04 8.000000000000000000e+00 -3.200000000000000000e+01 -1.024000000000000000e+03
1.456700000000000000e+04 1.600000000000000000e+01 -1.600000000000000000e+01 -1.024000000000000000e+03
1.460700000000000000e+04 0.000000000000000000e+00 -2.400000000000000000e+01 -1.032000000000000000e+03
1.464700000000000000e+04 8.000000000000000000e+00 -4.000000000000000000e+01 -1.032000000000000000e+03
1.468700000000000000e+04 8.000000000000000000e+00 -3.200000000000000000e+01 -1.040000000000000000e+03
1.472700000000000000e+04 8.000000000000000000e+00 -4.000000000000000000e+01 -1.040000000000000000e+03
1.476700000000000000e+04 1.600000000000000000e+01 -3.200000000000000000e+01 -1.040000000000000000e+03
1.480700000000000000e+04 1.600000000000000000e+01 -3.200000000000000000e+01 -1.024000000000000000e+03
1.484700000000000000e+04 1.600000000000000000e+01 -2.400000000000000000e+01 -1.040000000000000000e+03
1.488700000000000000e+04 1.600000000000000000e+01 -3.200000000000000000e+01 -1.072000000000000000e+03
1.492000000000000000e+04 2.400000000000000000e+01 -3.200000000000000000e+01 -1.024000000000000000e+03
1.496000000000000000e+04 2.400000000000000000e+01 -3.200000000000000000e+01 -1.040000000000000000e+03
1.500000000000000000e+04 1.600000000000000000e+01 -2.400000000000000000e+01 -1.072000000000000000e+03
1.504000000000000000e+04 2.400000000000000000e+01 -5.600000000000000000e+01 -1.024000000000000000e+03
1.508000000000000000e+04 2.400000000000000000e+01 -4.000000000000000000e+01 -1.008000000000000000e+03
1.512000000000000000e+04 1.600000000000000000e+01 -4.000000000000000000e+01 -1.016000000000000000e+03
1.516000000000000000e+04 8.000000000000000000e+00 -3.200000000000000000e+01 -1.040000000000000000e+03
1.520000000000000000e+04 2.400000000000000000e+01 -3.200000000000000000e+01 -1.064000000000000000e+03
1.524000000000000000e+04 1.600000000000000000e+01 -3.200000000000000000e+01 -1.016000000000000000e+03
1.528000000000000000e+04 3.200000000000000000e+01 -4.000000000000000000e+01 -1.040000000000000000e+03
1.532000000000000000e+04 2.400000000000000000e+01 -3.200000000000000000e+01 -1.024000000000000000e+03
1.536000000000000000e+04 8.000000000000000000e+00 -3.200000000000000000e+01 -1.024000000000000000e+03
1.540000000000000000e+04 8.000000000000000000e+00 -4.000000000000000000e+01 -1.016000000000000000e+03
1.544000000000000000e+04 1.600000000000000000e+01 -3.200000000000000000e+01 -1.000000000000000000e+03
1.548000000000000000e+04 2.400000000000000000e+01 -3.200000000000000000e+01 -1.048000000000000000e+03
1.552000000000000000e+04 2.400000000000000000e+01 -3.200000000000000000e+01 -1.056000000000000000e+03
1.556000000000000000e+04 1.600000000000000000e+01 -4.000000000000000000e+01 -1.032000000000000000e+03
1.560000000000000000e+04 1.600000000000000000e+01 -4.000000000000000000e+01 -1.024000000000000000e+03
1.564000000000000000e+04 1.600000000000000000e+01 -3.200000000000000000e+01 -1.024000000000000000e+03
1.568000000000000000e+04 1.600000000000000000e+01 -4.000000000000000000e+01 -1.040000000000000000e+03
1.572000000000000000e+04 -8.000000000000000000e+00 -4.000000000000000000e+01 -1.008000000000000000e+03
1.576000000000000000e+04 0.000000000000000000e+00 -3.200000000000000000e+01 -1.024000000000000000e+03
1.580000000000000000e+04 0.000000000000000000e+00 -1.600000000000000000e+01 -1.008000000000000000e+03
1.584000000000000000e+04 8.000000000000000000e+00 -2.400000000000000000e+01 -1.016000000000000000e+03
1.588000000000000000e+04 1.600000000000000000e+01 -2.400000000000000000e+01 -1.032000000000000000e+03
1.591300000000000000e+04 2.400000000000000000e+01 -3.200000000000000000e+01 -1.040000000000000000e+03
1.595300000000000000e+04 2.400000000000000000e+01 -3.200000000000000000e+01 -1.024000000000000000e+03
1.599300000000000000e+04 3.200000000000000000e+01 -4.000000000000000000e+01 -1.024000000000000000e+03
1.603300000000000000e+04 3.200000000000000000e+01 -3.200000000000000000e+01 -1.056000000000000000e+03
1.607300000000000000e+04 3.200000000000000000e+01 -4.800000000000000000e+01 -1.080000000000000000e+03
1.611300000000000000e+04 -8.000000000000000000e+00 -4.000000000000000000e+01 -1.032000000000000000e+03
1.615300000000000000e+04 1.600000000000000000e+01 -3.200000000000000000e+01 -1.064000000000000000e+03
1.619300000000000000e+04 1.600000000000000000e+01 -3.200000000000000000e+01 -1.040000000000000000e+03
1.623300000000000000e+04 1.600000000000000000e+01 -3.200000000000000000e+01 -1.024000000000000000e+03
1.627300000000000000e+04 1.600000000000000000e+01 0.000000000000000000e+00 -1.056000000000000000e+03
1.631300000000000000e+04 1.600000000000000000e+01 -1.600000000000000000e+01 -1.032000000000000000e+03
1.635300000000000000e+04 1.600000000000000000e+01 -2.400000000000000000e+01 -1.024000000000000000e+03
1.639300000000000000e+04 1.600000000000000000e+01 -3.200000000000000000e+01 -1.040000000000000000e+03
1.643300000000000000e+04 3.200000000000000000e+01 -3.200000000000000000e+01 -1.048000000000000000e+03
1.647300000000000000e+04 2.400000000000000000e+01 -3.200000000000000000e+01 -1.024000000000000000e+03
1.651300000000000000e+04 2.400000000000000000e+01 -3.200000000000000000e+01 -1.056000000000000000e+03
1.655300000000000000e+04 1.600000000000000000e+01 -3.200000000000000000e+01 -1.040000000000000000e+03
1.659300000000000000e+04 1.600000000000000000e+01 -4.800000000000000000e+01 -1.008000000000000000e+03
1.663300000000000000e+04 2.400000000000000000e+01 -4.000000000000000000e+01 -1.024000000000000000e+03
1.667300000000000000e+04 2.400000000000000000e+01 -3.200000000000000000e+01 -1.032000000000000000e+03
1.671300000000000000e+04 2.400000000000000000e+01 -4.000000000000000000e+01 -1.024000000000000000e+03
1.675300000000000000e+04 1.600000000000000000e+01 -4.000000000000000000e+01 -1.032000000000000000e+03
1.679300000000000000e+04 1.600000000000000000e+01 -4.000000000000000000e+01 -1.040000000000000000e+03
1.683300000000000000e+04 1.600000000000000000e+01 -3.200000000000000000e+01 -1.032000000000000000e+03
1.687300000000000000e+04 8.000000000000000000e+00 -3.200000000000000000e+01 -1.032000000000000000e+03
1.690600000000000000e+04 -1.600000000000000000e+01 -3.200000000000000000e+01 -1.024000000000000000e+03
1.694600000000000000e+04 -1.600000000000000000e+01 -4.000000000000000000e+01 -1.032000000000000000e+03
1.698600000000000000e+04 1.600000000000000000e+01 -4.000000000000000000e+01 -1.040000000000000000e+03
1.702600000000000000e+04 8.000000000000000000e+00 -3.200000000000000000e+01 -1.008000000000000000e+03
1.706600000000000000e+04 1.600000000000000000e+01 -3.200000000000000000e+01 -1.040000000000000000e+03
1.710600000000000000e+04 8.000000000000000000e+00 -4.800000000000000000e+01 -1.048000000000000000e+03
1.714600000000000000e+04 1.600000000000000000e+01 -4.000000000000000000e+01 -1.040000000000000000e+03
1.718600000000000000e+04 1.600000000000000000e+01 -3.200000000000000000e+01 -1.056000000000000000e+03
1.722600000000000000e+04 1.600000000000000000e+01 -3.200000000000000000e+01 -1.048000000000000000e+03
1.726600000000000000e+04 1.600000000000000000e+01 -3.200000000000000000e+01 -1.008000000000000000e+03
1.730600000000000000e+04 0.000000000000000000e+00 -3.200000000000000000e+01 -1.024000000000000000e+03
1.734600000000000000e+04 -8.000000000000000000e+00 -3.200000000000000000e+01 -1.048000000000000000e+03
1.738600000000000000e+04 8.000000000000000000e+00 -4.000000000000000000e+01 -1.016000000000000000e+03
1.742600000000000000e+04 1.600000000000000000e+01 -3.200000000000000000e+01 -1.032000000000000000e+03
1.746600000000000000e+04 1.600000000000000000e+01 -2.400000000000000000e+01 -1.040000000000000000e+03
1.750600000000000000e+04 8.000000000000000000e+00 -4.000000000000000000e+01 -1.024000000000000000e+03
1.754600000000000000e+04 1.600000000000000000e+01 -3.200000000000000000e+01 -1.056000000000000000e+03
1.758600000000000000e+04 3.200000000000000000e+01 -3.200000000000000000e+01 -9.760000000000000000e+02
1.762600000000000000e+04 2.400000000000000000e+01 -3.200000000000000000e+01 -1.016000000000000000e+03
1.766600000000000000e+04 1.600000000000000000e+01 -1.600000000000000000e+01 -1.032000000000000000e+03
1.770600000000000000e+04 8.000000000000000000e+00 -2.400000000000000000e+01 -1.032000000000000000e+03
1.774600000000000000e+04 8.000000000000000000e+00 -3.200000000000000000e+01 -1.040000000000000000e+03
1.778600000000000000e+04 1.600000000000000000e+01 -3.200000000000000000e+01 -1.048000000000000000e+03
1.782600000000000000e+04 0.000000000000000000e+00 -4.800000000000000000e+01 -1.016000000000000000e+03
1.786600000000000000e+04 8.000000000000000000e+00 -4.000000000000000000e+01 -1.032000000000000000e+03
1.789900000000000000e+04 1.600000000000000000e+01 -3.200000000000000000e+01 -1.024000000000000000e+03
1.793900000000000000e+04 8.000000000000000000e+00 -3.200000000000000000e+01 -1.056000000000000000e+03
1.797900000000000000e+04 0.000000000000000000e+00 -3.200000000000000000e+01 -1.008000000000000000e+03
1.801900000000000000e+04 8.000000000000000000e+00 -3.200000000000000000e+01 -1.032000000000000000e+03
1.805900000000000000e+04 8.000000000000000000e+00 -3.200000000000000000e+01 -1.024000000000000000e+03
1.809900000000000000e+04 0.000000000000000000e+00 -3.200000000000000000e+01 -1.032000000000000000e+03
1.813900000000000000e+04 8.000000000000000000e+00 -3.200000000000000000e+01 -1.040000000000000000e+03
1.817900000000000000e+04 1.600000000000000000e+01 -2.400000000000000000e+01 -1.048000000000000000e+03
1.821900000000000000e+04 1.600000000000000000e+01 -2.400000000000000000e+01 -1.024000000000000000e+03
1.825900000000000000e+04 2.400000000000000000e+01 -3.200000000000000000e+01 -1.032000000000000000e+03
1.829900000000000000e+04 1.600000000000000000e+01 -4.000000000000000000e+01 -1.032000000000000000e+03
1.833900000000000000e+04 8.000000000000000000e+00 -3.200000000000000000e+01 -1.040000000000000000e+03
1.837900000000000000e+04 1.600000000000000000e+01 -3.200000000000000000e+01 -1.032000000000000000e+03
1.841900000000000000e+04 1.600000000000000000e+01 -2.400000000000000000e+01 -1.000000000000000000e+03
1.845900000000000000e+04 2.400000000000000000e+01 0.000000000000000000e+00 -9.520000000000000000e+02
1.849900000000000000e+04 2.400000000000000000e+01 -2.400000000000000000e+01 -1.048000000000000000e+03
1.853900000000000000e+04 1.600000000000000000e+01 -3.200000000000000000e+01 -1.024000000000000000e+03
1.857900000000000000e+04 1.600000000000000000e+01 -2.400000000000000000e+01 -1.048000000000000000e+03
1.861900000000000000e+04 1.600000000000000000e+01 -3.200000000000000000e+01 -1.032000000000000000e+03
1.865900000000000000e+04 1.600000000000000000e+01 -4.000000000000000000e+01 -1.032000000000000000e+03
1.869900000000000000e+04 1.600000000000000000e+01 -4.000000000000000000e+01 -9.760000000000000000e+02
1.873900000000000000e+04 2.400000000000000000e+01 -3.200000000000000000e+01 -1.056000000000000000e+03
1.877900000000000000e+04 2.400000000000000000e+01 -3.200000000000000000e+01 -1.032000000000000000e+03
1.881900000000000000e+04 2.400000000000000000e+01 -2.400000000000000000e+01 -1.032000000000000000e+03
1.885900000000000000e+04 2.400000000000000000e+01 -3.200000000000000000e+01 -1.032000000000000000e+03
1.889100000000000000e+04 1.600000000000000000e+01 -3.200000000000000000e+01 -1.048000000000000000e+03
1.893100000000000000e+04 1.600000000000000000e+01 -2.400000000000000000e+01 -1.032000000000000000e+03
1.897100000000000000e+04 2.400000000000000000e+01 -2.400000000000000000e+01 -1.072000000000000000e+03
1.901100000000000000e+04 2.400000000000000000e+01 -2.400000000000000000e+01 -1.048000000000000000e+03
1.905100000000000000e+04 3.200000000000000000e+01 -3.200000000000000000e+01 -1.080000000000000000e+03
1.909100000000000000e+04 1.600000000000000000e+01 -2.400000000000000000e+01 -1.032000000000000000e+03
1.913100000000000000e+04 2.400000000000000000e+01 -2.400000000000000000e+01 -1.024000000000000000e+03
1.917100000000000000e+04 2.400000000000000000e+01 -2.400000000000000000e+01 -1.024000000000000000e+03
1.921100000000000000e+04 1.600000000000000000e+01 -2.400000000000000000e+01 -1.008000000000000000e+03
1.925100000000000000e+04 1.600000000000000000e+01 -3.200000000000000000e+01 -1.024000000000000000e+03
1.929100000000000000e+04 1.600000000000000000e+01 -3.200000000000000000e+01 -1.024000000000000000e+03
1.933100000000000000e+04 8.000000000000000000e+00 -3.200000000000000000e+01 -1.040000000000000000e+03
1.937100000000000000e+04 1.600000000000000000e+01 -3.200000000000000000e+01 -1.056000000000000000e+03
1.941100000000000000e+04 1.600000000000000000e+01 -2.400000000000000000e+01 -1.024000000000000000e+03
1.945100000000000000e+04 2.400000000000000000e+01 -3.200000000000000000e+01 -1.056000000000000000e+03
1.949100000000000000e+04 2.400000000000000000e+01 -2.400000000000000000e+01 -1.056000000000000000e+03
1.953100000000000000e+04 1.600000000000000000e+01 0.000000000000000000e+00 -1.056000000000000000e+03
1.957100000000000000e+04 8.000000000000000000e+00 -2.400000000000000000e+01 -1.040000000000000000e+03
1.961100000000000000e+04 8.000000000000000000e+00 -2.400000000000000000e+01 -1.040000000000000000e+03
1.965100000000000000e+04 8.000000000000000000e+00 -2.400000000000000000e+01 -1.040000000000000000e+03
1.969100000000000000e+04 8.000000000000000000e+00 -3.200000000000000000e+01 -1.024000000000000000e+03
1.973100000000000000e+04 1.600000000000000000e+01 -3.200000000000000000e+01 -1.040000000000000000e+03
1.977100000000000000e+04 1.600000000000000000e+01 -4.000000000000000000e+01 -1.032000000000000000e+03
1.981100000000000000e+04 1.600000000000000000e+01 -4.000000000000000000e+01 -1.032000000000000000e+03
1.985100000000000000e+04 -1.600000000000000000e+01 -1.600000000000000000e+01 -1.048000000000000000e+03
