5.000000000000000000e+01 -7.200000000000000000e+01 5.440000000000000000e+02 -1.000000000000000000e+03
9.000000000000000000e+01 -1.000000000000000000e+03 1.040000000000000000e+02 -2.000000000000000000e+02
1.300000000000000000e+02 -9.920000000000000000e+02 1.120000000000000000e+02 -1.680000000000000000e+02
1.700000000000000000e+02 -1.000000000000000000e+03 9.600000000000000000e+01 -1.200000000000000000e+02
2.100000000000000000e+02 -1.000000000000000000e+03 1.200000000000000000e+02 -2.000000000000000000e+02
2.500000000000000000e+02 -9.920000000000000000e+02 1.120000000000000000e+02 -1.520000000000000000e+02
2.900000000000000000e+02 -9.920000000000000000e+02 8.800000000000000000e+01 -1.520000000000000000e+02
3.300000000000000000e+02 -9.920000000000000000e+02 1.040000000000000000e+02 -1.840000000000000000e+02
3.700000000000000000e+02 -9.920000000000000000e+02 1.200000000000000000e+02 -1.680000000000000000e+02
4.100000000000000000e+02 -1.000000000000000000e+03 1.120000000000000000e+02 -1.680000000000000000e+02
4.500000000000000000e+02 -1.024000000000000000e+03 1.120000000000000000e+02 -1.680000000000000000e+02
4.900000000000000000e+02 -1.016000000000000000e+03 1.120000000000000000e+02 -2.400000000000000000e+02
5.300000000000000000e+02 -1.000000000000000000e+03 1.120000000000000000e+02 -1.600000000000000000e+02
5.700000000000000000e+02 -1.000000000000000000e+03 1.120000000000000000e+02 -1.760000000000000000e+02
6.100000000000000000e+02 -9.920000000000000000e+02 1.120000000000000000e+02 -1.840000000000000000e+02
6.500000000000000000e+02 -9.920000000000000000e+02 1.120000000000000000e+02 -1.840000000000000000e+02
6.900000000000000000e+02 -9.920000000000000000e+02 9.600000000000000000e+01 -1.840000000000000000e+02
7.300000000000000000e+02 -1.000000000000000000e+03 1.040000000000000000e+02 -1.760000000000000000e+02
7.700000000000000000e+02 -9.920000000000000000e+02 1.040000000000000000e+02 -1.840000000000000000e+02
8.100000000000000000e+02 -1.000000000000000000e+03 1.120000000000000000e+02 -2.000000000000000000e+02
8.500000000000000000e+02 -9.920000000000000000e+02 1.120000000000000000e+02 -2.000000000000000000e+02
8.900000000000000000e+02 -1.000000000000000000e+03 9.600000000000000000e+01 -1.840000000000000000e+02
9.300000000000000000e+02 -1.000000000000000000e+03 1.040000000000000000e+02 -1.680000000000000000e+02
9.700000000000000000e+02 -1.008000000000000000e+03 1.040000000000000000e+02 -1.680000000000000000e+02
1.010000000000000000e+03 -1.000000000000000000e+03 1.040000000000000000e+02 -1.760000000000000000e+02
1.042000000000000000e+03 -1.008000000000000000e+03 1.120000000000000000e+02 -1.840000000000000000e+02
1.082000000000000000e+03 -1.008000000000000000e+03 1.040000000000000000e+02 -1.600000000000000000e+02
1.122000000000000000e+03 -1.000000000000000000e+03 1.040000000000000000e+02 -1.680000000000000000e+02
1.162000000000000000e+03 -1.000000000000000000e+03 9.600000000000000000e+01 -1.440000000000000000e+02
1.202000000000000000e+03 -1.000000000000000000e+03 1.040000000000000000e+02 -1.760000000000000000e+02
1.242000000000000000e+03 -1.000000000000000000e+03 1.120000000000000000e+02 -1.760000000000000000e+02
1.282000000000000000e+03 -1.000000000000000000e+03 1.120000000000000000e+02 -1.920000000000000000e+02
1.322000000000000000e+03 -9.920000000000000000e+02 1.200000000000000000e+02 -1.760000000000000000e+02
1.362000000000000000e+03 -1.000000000000000000e+03 1.040000000000000000e+02 -1.600000000000000000e+02
1.402000000000000000e+03 -1.000000000000000000e+03 1.120000000000000000e+02 -1.680000000000000000e+02
1.442000000000000000e+03 -1.000000000000000000e+03 1.120000000000000000e+02 -1.600000000000000000e+02
1.482000000000000000e+03 -9.920000000000000000e+02 1.280000000000000000e+02 -1.920000000000000000e+02
1.522000000000000000e+03 -1.000000000000000000e+03 1.200000000000000000e+02 -1.600000000000000000e+02
1.562000000000000000e+03 -1.000000000000000000e+03 1.120000000000000000e+02 -1.760000000000000000e+02
1.602000000000000000e+03 -9.920000000000000000e+02 1.120000000000000000e+02 -1.760000000000000000e+02
1.642000000000000000e+03 -9.920000000000000000e+02 1.200000000000000000e+02 -1.920000000000000000e+02
1.682000000000000000e+03 -9.920000000000000000e+02 1.120000000000000000e+02 -1.760000000000000000e+02
1.722000000000000000e+03 -1.016000000000000000e+03 1.280000000000000000e+02 -1.760000000000000000e+02
1.762000000000000000e+03 -1.008000000000000000e+03 1.360000000000000000e+02 -1.600000000000000000e+02
1.802000000000000000e+03 -1.024000000000000000e+03 1.200000000000000000e+02 -1.760000000000000000e+02
1.842000000000000000e+03 -1.008000000000000000e+03 1.120000000000000000e+02 -2.080000000000000000e+02
1.882000000000000000e+03 -1.000000000000000000e+03 1.200000000000000000e+02 -1.920000000000000000e+02
1.922000000000000000e+03 -1.000000000000000000e+03 1.120000000000000000e+02 -1.680000000000000000e+02
1.962000000000000000e+03 -1.008000000000000000e+03 1.120000000000000000e+02 -1.680000000000000000e+02
2.002000000000000000e+03 -1.008000000000000000e+03 1.040000000000000000e+02 -1.840000000000000000e+02
2.034000000000000000e+03 -1.008000000000000000e+03 1.040000000000000000e+02 -2.000000000000000000e+02
2.074000000000000000e+03 -9.840000000000000000e+02 1.120000000000000000e+02 -1.120000000000000000e+02
2.114000000000000000e+03 -9.840000000000000000e+02 9.600000000000000000e+01 -1.920000000000000000e+02
2.154000000000000000e+03 -9.920000000000000000e+02 1.040000000000000000e+02 -1.760000000000000000e+02
2.194000000000000000e+03 -1.000000000000000000e+03 1.120000000000000000e+02 -1.840000000000000000e+02
2.234000000000000000e+03 -1.000000000000000000e+03 1.200000000000000000e+02 -1.680000000000000000e+02
2.274000000000000000e+03 -9.840000000000000000e+02 1.040000000000000000e+02 -1.760000000000000000e+02
2.314000000000000000e+03 -9.920000000000000000e+02 1.120000000000000000e+02 -1.920000000000000000e+02
2.354000000000000000e+03 -9.920000000000000000e+02 1.120000000000000000e+02 -1.920000000000000000e+02
2.394000000000000000e+03 -9.920000000000000000e+02 1.200000000000000000e+02 -2.000000000000000000e+02
2.434000000000000000e+03 -1.000000000000000000e+03 1.120000000000000000e+02 -1.840000000000000000e+02
2.474000000000000000e+03 -1.008000000000000000e+03 1.360000000000000000e+02 -1.680000000000000000e+02
2.514000000000000000e+03 -1.000000000000000000e+03 1.280000000000000000e+02 -2.000000000000000000e+02
2.554000000000000000e+03 -1.000000000000000000e+03 1.200000000000000000e+02 -1.920000000000000000e+02
2.594000000000000000e+03 -9.760000000000000000e+02 1.360000000000000000e+02 -1.760000000000000000e+02
2.634000000000000000e+03 -9.840000000000000000e+02 1.200000000000000000e+02 -1.760000000000000000e+02
2.674000000000000000e+03 -9.840000000000000000e+02 1.120000000000000000e+02 -2.000000000000000000e+02
2.714000000000000000e+03 -1.000000000000000000e+03 1.120000000000000000e+02 -1.760000000000000000e+02
2.754000000000000000e+03 -9.840000000000000000e+02 1.200000000000000000e+02 -1.760000000000000000e+02
2.794000000000000000e+03 -9.920000000000000000e+02 1.200000000000000000e+02 -1.760000000000000000e+02
2.834000000000000000e+03 -1.000000000000000000e+03 1.280000000000000000e+02 -1.440000000000000000e+02
2.874000000000000000e+03 -1.000000000000000000e+03 1.280000000000000000e+02 -2.080000000000000000e+02
2.914000000000000000e+03 -9.920000000000000000e+02 1.280000000000000000e+02 -2.000000000000000000e+02
2.954000000000000000e+03 -1.000000000000000000e+03 1.120000000000000000e+02 -1.760000000000000000e+02
2.994000000000000000e+03 -1.000000000000000000e+03 1.040000000000000000e+02 -1.840000000000000000e+02
3.027000000000000000e+03 -1.000000000000000000e+03 1.040000000000000000e+02 -1.920000000000000000e+02
3.067000000000000000e+03 -9.920000000000000000e+02 8.800000000000000000e+01 -1.280000000000000000e+02
3.107000000000000000e+03 -9.920000000000000000e+02 1.040000000000000000e+02 -1.920000000000000000e+02
3.147000000000000000e+03 -9.840000000000000000e+02 1.120000000000000000e+02 -1.920000000000000000e+02
3.187000000000000000e+03 -9.920000000000000000e+02 1.120000000000000000e+02 -2.560000000000000000e+02
3.227000000000000000e+03 -9.920000000000000000e+02 1.120000000000000000e+02 -1.600000000000000000e+02
3.267000000000000000e+03 -1.000000000000000000e+03 1.120000000000000000e+02 -2.000000000000000000e+02
3.307000000000000000e+03 -1.016000000000000000e+03 1.040000000000000000e+02 -1.680000000000000000e+02
3.347000000000000000e+03 -1.032000000000000000e+03 1.040000000000000000e+02 -2.160000000000000000e+02
3.387000000000000000e+03 -1.024000000000000000e+03 1.040000000000000000e+02 -1.920000000000000000e+02
3.427000000000000000e+03 -1.008000000000000000e+03 1.200000000000000000e+02 -1.760000000000000000e+02
3.467000000000000000e+03 -1.000000000000000000e+03 1.120000000000000000e+02 -1.920000000000000000e+02
3.507000000000000000e+03 -1.000000000000000000e+03 1.200000000000000000e+02 -2.080000000000000000e+02
3.547000000000000000e+03 -1.000000000000000000e+03 1.040000000000000000e+02 -1.840000000000000000e+02
3.587000000000000000e+03 -1.000000000000000000e+03 1.280000000000000000e+02 -1.680000000000000000e+02
3.627000000000000000e+03 -1.000000000000000000e+03 1.280000000000000000e+02 -1.760000000000000000e+02
3.667000000000000000e+03 -1.000000000000000000e+03 1.200000000000000000e+02 -1.920000000000000000e+02
3.707000000000000000e+03 -1.000000000000000000e+03 1.120000000000000000e+02 -1.840000000000000000e+02
3.747000000000000000e+03 -9.920000000000000000e+02 1.040000000000000000e+02 -1.840000000000000000e+02
3.787000000000000000e+03 -1.000000000000000000e+03 1.040000000000000000e+02 -1.600000000000000000e+02
3.827000000000000000e+03 -1.000000000000000000e+03 1.040000000000000000e+02 -1.920000000000000000e+02
3.867000000000000000e+03 -1.000000000000000000e+03 1.040000000000000000e+02 -1.840000000000000000e+02
3.907000000000000000e+03 -1.000000000000000000e+03 1.120000000000000000e+02 -1.760000000000000000e+02
3.947000000000000000e+03 -9.920000000000000000e+02 1.120000000000000000e+02 -2.400000000000000000e+02
3.987000000000000000e+03 -1.000000000000000000e+03 1.200000000000000000e+02 -1.680000000000000000e+02
4.019000000000000000e+03 -1.000000000000000000e+03 1.200000000000000000e+02 -1.840000000000000000e+02
4.059000000000000000e+03 -9.840000000000000000e+02 1.120000000000000000e+02 -1.680000000000000000e+02
4.099000000000000000e+03 -9.920000000000000000e+02 1.120000000000000000e+02 -1.680000000000000000e+02
4.139000000000000000e+03 -1.008000000000000000e+03 1.200000000000000000e+02 -1.920000000000000000e+02
4.179000000000000000e+03 -1.024000000000000000e+03 1.360000000000000000e+02 -2.000000000000000000e+02
4.219000000000000000e+03 -1.016000000000000000e+03 1.200000000000000000e+02 -2.000000000000000000e+02
4.259000000000000000e+03 -1.000000000000000000e+03 1.120000000000000000e+02 -1.520000000000000000e+02
4.299000000000000000e+03 -1.000000000000000000e+03 1.040000000000000000e+02 -1.600000000000000000e+02
4.339000000000000000e+03 -1.000000000000000000e+03 1.040000000000000000e+02 -1.440000000000000000e+02
4.379000000000000000e+03 -9.920000000000000000e+02 1.200000000000000000e+02 -1.760000000000000000e+02
4.419000000000000000e+03 -1.000000000000000000e+03 1.200000000000000000e+02 -1.920000000000000000e+02
4.459000000000000000e+03 -1.000000000000000000e+03 1.120000000000000000e+02 -1.840000000000000000e+02
4.499000000000000000e+03 -9.920000000000000000e+02 1.040000000000000000e+02 -1.760000000000000000e+02
4.539000000000000000e+03 -1.000000000000000000e+03 1.280000000000000000e+02 -1.840000000000000000e+02
4.579000000000000000e+03 -1.000000000000000000e+03 1.200000000000000000e+02 -1.840000000000000000e+02
4.619000000000000000e+03 -9.920000000000000000e+02 1.200000000000000000e+02 -1.360000000000000000e+02
4.659000000000000000e+03 -1.000000000000000000e+03 1.120000000000000000e+02 -2.000000000000000000e+02
4.699000000000000000e+03 -9.920000000000000000e+02 1.200000000000000000e+02 -2.000000000000000000e+02
4.739000000000000000e+03 -9.840000000000000000e+02 1.040000000000000000e+02 -1.840000000000000000e+02
4.779000000000000000e+03 -9.760000000000000000e+02 1.200000000000000000e+02 -1.760000000000000000e+02
4.819000000000000000e+03 -1.000000000000000000e+03 1.200000000000000000e+02 -1.840000000000000000e+02
4.859000000000000000e+03 -1.000000000000000000e+03 1.200000000000000000e+02 -1.920000000000000000e+02
4.899000000000000000e+03 -1.000000000000000000e+03 1.200000000000000000e+02 -1.840000000000000000e+02
4.939000000000000000e+03 -9.840000000000000000e+02 1.200000000000000000e+02 -1.680000000000000000e+02
4.979000000000000000e+03 -9.760000000000000000e+02 1.200000000000000000e+02 -1.760000000000000000e+02
5.010000000000000000e+03 -9.840000000000000000e+02 1.040000000000000000e+02 -1.840000000000000000e+02
5.050000000000000000e+03 -9.920000000000000000e+02 1.040000000000000000e+02 -2.240000000000000000e+02
5.090000000000000000e+03 -9.920000000000000000e+02 1.120000000000000000e+02 -1.840000000000000000e+02
5.130000000000000000e+03 -1.008000000000000000e+03 1.200000000000000000e+02 -1.680000000000000000e+02
5.170000000000000000e+03 -1.008000000000000000e+03 1.200000000000000000e+02 -1.840000000000000000e+02
5.210000000000000000e+03 -1.000000000000000000e+03 1.200000000000000000e+02 -1.760000000000000000e+02
5.250000000000000000e+03 -1.008000000000000000e+03 1.120000000000000000e+02 -1.840000000000000000e+02
5.290000000000000000e+03 -1.000000000000000000e+03 1.040000000000000000e+02 -2.000000000000000000e+02
5.330000000000000000e+03 -1.000000000000000000e+03 1.040000000000000000e+02 -1.840000000000000000e+02
5.370000000000000000e+03 -1.008000000000000000e+03 1.040000000000000000e+02 -1.840000000000000000e+02
5.410000000000000000e+03 -1.008000000000000000e+03 9.600000000000000000e+01 -1.680000000000000000e+02
5.450000000000000000e+03 -1.032000000000000000e+03 1.120000000000000000e+02 -1.760000000000000000e+02
5.490000000000000000e+03 -1.016000000000000000e+03 1.120000000000000000e+02 -1.840000000000000000e+02
5.530000000000000000e+03 -1.000000000000000000e+03 1.120000000000000000e+02 -1.680000000000000000e+02
5.570000000000000000e+03 -1.000000000000000000e+03 1.120000000000000000e+02 -1.440000000000000000e+02
5.610000000000000000e+03 -1.000000000000000000e+03 1.120000000000000000e+02 -1.760000000000000000e+02
5.650000000000000000e+03 -9.920000000000000000e+02 1.120000000000000000e+02 -1.760000000000000000e+02
5.690000000000000000e+03 -1.000000000000000000e+03 1.120000000000000000e+02 -1.840000000000000000e+02
5.730000000000000000e+03 -1.008000000000000000e+03 1.120000000000000000e+02 -1.760000000000000000e+02
5.770000000000000000e+03 -9.840000000000000000e+02 1.040000000000000000e+02 -1.920000000000000000e+02
5.810000000000000000e+03 -9.920000000000000000e+02 1.040000000000000000e+02 -2.000000000000000000e+02
5.850000000000000000e+03 -9.920000000000000000e+02 1.120000000000000000e+02 -1.760000000000000000e+02
5.890000000000000000e+03 -1.008000000000000000e+03 1.120000000000000000e+02 -1.760000000000000000e+02
5.930000000000000000e+03 -1.000000000000000000e+03 1.040000000000000000e+02 -1.680000000000000000e+02
5.970000000000000000e+03 -1.000000000000000000e+03 1.280000000000000000e+02 -1.840000000000000000e+02
6.002000000000000000e+03 -9.920000000000000000e+02 1.200000000000000000e+02 -1.920000000000000000e+02
6.042000000000000000e+03 -1.000000000000000000e+03 1.760000000000000000e+02 -1.920000000000000000e+02
6.082000000000000000e+03 -1.000000000000000000e+03 1.440000000000000000e+02 -1.280000000000000000e+02
6.122000000000000000e+03 -1.000000000000000000e+03 1.280000000000000000e+02 -1.600000000000000000e+02
6.162000000000000000e+03 -1.000000000000000000e+03 1.200000000000000000e+02 -1.680000000000000000e+02
6.202000000000000000e+03 -9.840000000000000000e+02 1.200000000000000000e+02 -2.080000000000000000e+02
6.242000000000000000e+03 -9.920000000000000000e+02 1.200000000000000000e+02 -1.760000000000000000e+02
6.282000000000000000e+03 -9.920000000000000000e+02 1.040000000000000000e+02 -1.600000000000000000e+02
6.322000000000000000e+03 -9.920000000000000000e+02 1.040000000000000000e+02 -1.760000000000000000e+02
6.362000000000000000e+03 -9.920000000000000000e+02 9.600000000000000000e+01 -1.760000000000000000e+02
6.402000000000000000e+03 -1.000000000000000000e+03 1.120000000000000000e+02 -1.840000000000000000e+02
6.442000000000000000e+03 -1.000000000000000000e+03 1.120000000000000000e+02 -1.760000000000000000e+02
6.482000000000000000e+03 -1.000000000000000000e+03 1.120000000000000000e+02 -1.680000000000000000e+02
6.522000000000000000e+03 -1.000000000000000000e+03 1.120000000000000000e+02 -1.920000000000000000e+02
6.562000000000000000e+03 -9.920000000000000000e+02 1.440000000000000000e+02 -1.760000000000000000e+02
6.602000000000000000e+03 -1.000000000000000000e+03 1.280000000000000000e+02 -1.760000000000000000e+02
6.642000000000000000e+03 -1.000000000000000000e+03 1.280000000000000000e+02 -1.680000000000000000e+02
6.682000000000000000e+03 -1.008000000000000000e+03 1.040000000000000000e+02 -1.760000000000000000e+02
6.722000000000000000e+03 -1.008000000000000000e+03 1.040000000000000000e+02 -1.600000000000000000e+02
6.762000000000000000e+03 -1.000000000000000000e+03 1.120000000000000000e+02 -1.680000000000000000e+02
6.802000000000000000e+03 -1.000000000000000000e+03 1.200000000000000000e+02 -1.600000000000000000e+02
6.842000000000000000e+03 -1.000000000000000000e+03 1.120000000000000000e+02 -1.920000000000000000e+02
6.882000000000000000e+03 -1.008000000000000000e+03 1.120000000000000000e+02 -1.760000000000000000e+02
6.922000000000000000e+03 -1.008000000000000000e+03 1.120000000000000000e+02 -1.600000000000000000e+02
6.962000000000000000e+03 -1.000000000000000000e+03 1.120000000000000000e+02 -1.840000000000000000e+02
6.994000000000000000e+03 -1.008000000000000000e+03 1.120000000000000000e+02 -1.920000000000000000e+02
7.034000000000000000e+03 -1.008000000000000000e+03 1.200000000000000000e+02 -1.840000000000000000e+02
7.074000000000000000e+03 -1.000000000000000000e+03 1.040000000000000000e+02 -1.840000000000000000e+02
7.114000000000000000e+03 -1.008000000000000000e+03 1.120000000000000000e+02 -1.760000000000000000e+02
7.154000000000000000e+03 -1.008000000000000000e+03 1.120000000000000000e+02 -1.600000000000000000e+02
7.194000000000000000e+03 -1.000000000000000000e+03 9.600000000000000000e+01 -1.760000000000000000e+02
7.234000000000000000e+03 -1.008000000000000000e+03 9.600000000000000000e+01 -1.360000000000000000e+02
7.274000000000000000e+03 -1.008000000000000000e+03 1.280000000000000000e+02 -1.840000000000000000e+02
7.314000000000000000e+03 -1.000000000000000000e+03 1.280000000000000000e+02 -1.760000000000000000e+02
7.354000000000000000e+03 -1.000000000000000000e+03 1.200000000000000000e+02 -1.840000000000000000e+02
7.394000000000000000e+03 -1.000000000000000000e+03 1.200000000000000000e+02 -1.760000000000000000e+02
7.434000000000000000e+03 -1.008000000000000000e+03 1.120000000000000000e+02 -1.680000000000000000e+02
7.474000000000000000e+03 -9.920000000000000000e+02 1.040000000000000000e+02 -1.840000000000000000e+02
7.514000000000000000e+03 -9.920000000000000000e+02 1.280000000000000000e+02 -1.440000000000000000e+02
7.554000000000000000e+03 -9.920000000000000000e+02 1.040000000000000000e+02 -1.600000000000000000e+02
7.594000000000000000e+03 -9.840000000000000000e+02 1.120000000000000000e+02 -1.920000000000000000e+02
7.634000000000000000e+03 -9.600000000000000000e+02 1.120000000000000000e+02 -1.840000000000000000e+02
7.674000000000000000e+03 -9.840000000000000000e+02 1.200000000000000000e+02 -1.680000000000000000e+02
7.714000000000000000e+03 -9.840000000000000000e+02 1.120000000000000000e+02 -1.680000000000000000e+02
7.754000000000000000e+03 -9.840000000000000000e+02 1.200000000000000000e+02 -2.160000000000000000e+02
7.794000000000000000e+03 -9.920000000000000000e+02 1.200000000000000000e+02 -1.760000000000000000e+02
7.834000000000000000e+03 -9.920000000000000000e+02 1.200000000000000000e+02 -1.680000000000000000e+02
7.874000000000000000e+03 -1.000000000000000000e+03 1.040000000000000000e+02 -1.600000000000000000e+02
7.914000000000000000e+03 -1.000000000000000000e+03 1.040000000000000000e+02 -1.680000000000000000e+02
7.954000000000000000e+03 -9.920000000000000000e+02 1.040000000000000000e+02 -1.680000000000000000e+02
7.986000000000000000e+03 -1.000000000000000000e+03 1.040000000000000000e+02 -1.760000000000000000e+02
8.026000000000000000e+03 -9.920000000000000000e+02 1.120000000000000000e+02 -2.080000000000000000e+02
8.066000000000000000e+03 -9.760000000000000000e+02 1.040000000000000000e+02 -2.000000000000000000e+02
8.106000000000000000e+03 -1.008000000000000000e+03 1.200000000000000000e+02 -1.760000000000000000e+02
8.146000000000000000e+03 -1.016000000000000000e+03 1.200000000000000000e+02 -2.240000000000000000e+02
8.186000000000000000e+03 -1.000000000000000000e+03 1.120000000000000000e+02 -2.160000000000000000e+02
8.226000000000000000e+03 -9.840000000000000000e+02 1.200000000000000000e+02 -1.840000000000000000e+02
8.266000000000000000e+03 -1.008000000000000000e+03 1.200000000000000000e+02 -1.760000000000000000e+02
8.306000000000000000e+03 -1.008000000000000000e+03 1.200000000000000000e+02 -1.840000000000000000e+02
8.346000000000000000e+03 -9.920000000000000000e+02 1.120000000000000000e+02 -1.840000000000000000e+02
8.386000000000000000e+03 -1.000000000000000000e+03 1.120000000000000000e+02 -1.920000000000000000e+02
8.426000000000000000e+03 -9.920000000000000000e+02 1.280000000000000000e+02 -1.760000000000000000e+02
8.466000000000000000e+03 -9.920000000000000000e+02 1.200000000000000000e+02 -1.920000000000000000e+02
8.506000000000000000e+03 -1.000000000000000000e+03 1.120000000000000000e+02 -1.760000000000000000e+02
8.546000000000000000e+03 -1.000000000000000000e+03 1.120000000000000000e+02 -1.600000000000000000e+02
8.586000000000000000e+03 -1.000000000000000000e+03 1.120000000000000000e+02 -1.520000000000000000e+02
8.626000000000000000e+03 -9.920000000000000000e+02 1.200000000000000000e+02 -1.680000000000000000e+02
8.666000000000000000e+03 -1.000000000000000000e+03 1.360000000000000000e+02 -1.520000000000000000e+02
8.706000000000000000e+03 -9.920000000000000000e+02 1.120000000000000000e+02 -1.840000000000000000e+02
8.746000000000000000e+03 -9.920000000000000000e+02 1.120000000000000000e+02 -2.080000000000000000e+02
8.786000000000000000e+03 -9.920000000000000000e+02 1.120000000000000000e+02 -1.920000000000000000e+02
8.826000000000000000e+03 -9.920000000000000000e+02 1.120000000000000000e+02 -2.480000000000000000e+02
8.866000000000000000e+03 -1.008000000000000000e+03 1.040000000000000000e+02 -2.160000000000000000e+02
8.906000000000000000e+03 -1.000000000000000000e+03 1.280000000000000000e+02 -2.080000000000000000e+02
8.946000000000000000e+03 -1.000000000000000000e+03 1.360000000000000000e+02 -2.000000000000000000e+02
8.979000000000000000e+03 -1.000000000000000000e+03 1.280000000000000000e+02 -1.920000000000000000e+02
9.019000000000000000e+03 -9.920000000000000000e+02 1.200000000000000000e+02 -1.440000000000000000e+02
9.059000000000000000e+03 -9.920000000000000000e+02 1.280000000000000000e+02 -1.760000000000000000e+02
9.099000000000000000e+03 -9.920000000000000000e+02 1.360000000000000000e+02 -2.000000000000000000e+02
9.139000000000000000e+03 -9.760000000000000000e+02 1.280000000000000000e+02 -1.760000000000000000e+02
9.179000000000000000e+03 -9.840000000000000000e+02 1.200000000000000000e+02 -1.600000000000000000e+02
9.219000000000000000e+03 -1.000000000000000000e+03 1.360000000000000000e+02 -1.680000000000000000e+02
9.259000000000000000e+03 -1.000000000000000000e+03 1.360000000000000000e+02 -1.600000000000000000e+02
9.299000000000000000e+03 -1.008000000000000000e+03 1.200000000000000000e+02 -1.440000000000000000e+02
9.339000000000000000e+03 -1.008000000000000000e+03 1.200000000000000000e+02 -1.440000000000000000e+02
9.379000000000000000e+03 -1.008000000000000000e+03 1.040000000000000000e+02 -1.360000000000000000e+02
9.419000000000000000e+03 -9.920000000000000000e+02 1.120000000000000000e+02 -1.440000000000000000e+02
9.459000000000000000e+03 -1.000000000000000000e+03 1.440000000000000000e+02 -1.520000000000000000e+02
9.499000000000000000e+03 -9.920000000000000000e+02 1.440000000000000000e+02 -1.760000000000000000e+02
9.539000000000000000e+03 -1.000000000000000000e+03 1.280000000000000000e+02 -2.000000000000000000e+02
9.579000000000000000e+03 -1.000000000000000000e+03 1.120000000000000000e+02 -1.840000000000000000e+02
9.619000000000000000e+03 -9.920000000000000000e+02 1.120000000000000000e+02 -1.520000000000000000e+02
9.659000000000000000e+03 -1.016000000000000000e+03 1.280000000000000000e+02 -1.680000000000000000e+02
9.699000000000000000e+03 -1.008000000000000000e+03 1.200000000000000000e+02 -1.600000000000000000e+02
9.739000000000000000e+03 -1.008000000000000000e+03 1.120000000000000000e+02 -1.520000000000000000e+02
9.779000000000000000e+03 -1.008000000000000000e+03 1.040000000000000000e+02 -1.520000000000000000e+02
9.819000000000000000e+03 -1.000000000000000000e+03 1.120000000000000000e+02 -1.920000000000000000e+02
9.859000000000000000e+03 -1.008000000000000000e+03 1.200000000000000000e+02 -1.520000000000000000e+02
9.899000000000000000e+03 -1.008000000000000000e+03 1.200000000000000000e+02 -1.680000000000000000e+02
9.939000000000000000e+03 -1.000000000000000000e+03 1.280000000000000000e+02 -1.680000000000000000e+02
9.971000000000000000e+03 -1.008000000000000000e+03 1.200000000000000000e+02 -1.680000000000000000e+02
1.001100000000000000e+04 -1.000000000000000000e+03 1.040000000000000000e+02 -1.280000000000000000e+02
1.005100000000000000e+04 -1.016000000000000000e+03 1.120000000000000000e+02 -1.440000000000000000e+02
1.009100000000000000e+04 -1.000000000000000000e+03 1.120000000000000000e+02 -1.680000000000000000e+02
1.013100000000000000e+04 -1.000000000000000000e+03 1.440000000000000000e+02 -1.360000000000000000e+02
1.017100000000000000e+04 -1.008000000000000000e+03 1.200000000000000000e+02 -1.520000000000000000e+02
1.021100000000000000e+04 -1.000000000000000000e+03 1.200000000000000000e+02 -1.520000000000000000e+02
1.025100000000000000e+04 -1.000000000000000000e+03 1.280000000000000000e+02 -1.680000000000000000e+02
1.029100000000000000e+04 -1.000000000000000000e+03 1.200000000000000000e+02 -1.520000000000000000e+02
1.033100000000000000e+04 -9.840000000000000000e+02 1.200000000000000000e+02 -1.760000000000000000e+02
1.037100000000000000e+04 -9.920000000000000000e+02 1.200000000000000000e+02 -1.680000000000000000e+02
1.041100000000000000e+04 -1.000000000000000000e+03 1.200000000000000000e+02 -1.520000000000000000e+02
1.045100000000000000e+04 -1.000000000000000000e+03 1.200000000000000000e+02 -1.520000000000000000e+02
1.049100000000000000e+04 -1.000000000000000000e+03 1.120000000000000000e+02 -1.440000000000000000e+02
1.053100000000000000e+04 -1.000000000000000000e+03 1.120000000000000000e+02 -1.520000000000000000e+02
1.057100000000000000e+04 -1.000000000000000000e+03 1.120000000000000000e+02 -1.440000000000000000e+02
1.061100000000000000e+04 -1.000000000000000000e+03 1.120000000000000000e+02 -1.520000000000000000e+02
1.065100000000000000e+04 -1.008000000000000000e+03 1.040000000000000000e+02 -1.840000000000000000e+02
1.069100000000000000e+04 -1.000000000000000000e+03 1.120000000000000000e+02 -1.440000000000000000e+02
1.073100000000000000e+04 -1.000000000000000000e+03 1.200000000000000000e+02 -1.360000000000000000e+02
1.077100000000000000e+04 -1.000000000000000000e+03 1.120000000000000000e+02 -1.280000000000000000e+02
1.081100000000000000e+04 -1.000000000000000000e+03 1.120000000000000000e+02 -1.520000000000000000e+02
1.085100000000000000e+04 -1.008000000000000000e+03 1.120000000000000000e+02 -1.440000000000000000e+02
1.089100000000000000e+04 -1.024000000000000000e+03 1.200000000000000000e+02 -1.600000000000000000e+02
1.093100000000000000e+04 -1.008000000000000000e+03 1.120000000000000000e+02 -1.600000000000000000e+02
1.096200000000000000e+04 -1.000000000000000000e+03 1.200000000000000000e+02 -1.680000000000000000e+02
1.100200000000000000e+04 -1.000000000000000000e+03 1.200000000000000000e+02 -1.600000000000000000e+02
1.104200000000000000e+04 -1.040000000000000000e+03 1.120000000000000000e+02 -1.600000000000000000e+02
1.108200000000000000e+04 -1.032000000000000000e+03 1.120000000000000000e+02 -1.200000000000000000e+02
1.112200000000000000e+04 -1.016000000000000000e+03 1.120000000000000000e+02 -1.520000000000000000e+02
1.116200000000000000e+04 -9.760000000000000000e+02 1.200000000000000000e+02 -1.440000000000000000e+02
1.120200000000000000e+04 -9.920000000000000000e+02 1.360000000000000000e+02 -1.600000000000000000e+02
1.124200000000000000e+04 -9.920000000000000000e+02 1.280000000000000000e+02 -1.840000000000000000e+02
1.128200000000000000e+04 -1.016000000000000000e+03 1.280000000000000000e+02 -1.520000000000000000e+02
1.132200000000000000e+04 -1.016000000000000000e+03 1.280000000000000000e+02 -1.600000000000000000e+02
1.136200000000000000e+04 -1.008000000000000000e+03 1.120000000000000000e+02 -1.280000000000000000e+02
1.140200000000000000e+04 -1.008000000000000000e+03 1.120000000000000000e+02 -1.440000000000000000e+02
1.144200000000000000e+04 -1.000000000000000000e+03 1.200000000000000000e+02 -1.360000000000000000e+02
1.148200000000000000e+04 -1.008000000000000000e+03 1.120000000000000000e+02 -1.760000000000000000e+02
1.152200000000000000e+04 -1.000000000000000000e+03 1.040000000000000000e+02 -1.040000000000000000e+02
1.156200000000000000e+04 -1.000000000000000000e+03 1.120000000000000000e+02 -1.280000000000000000e+02
1.160200000000000000e+04 -1.000000000000000000e+03 1.120000000000000000e+02 -1.360000000000000000e+02
1.164200000000000000e+04 -1.000000000000000000e+03 1.040000000000000000e+02 -1.520000000000000000e+02
1.168200000000000000e+04 -1.000000000000000000e+03 1.280000000000000000e+02 -1.520000000000000000e+02
1.172200000000000000e+04 -9.840000000000000000e+02 1.200000000000000000e+02 -1.520000000000000000e+02
1.176200000000000000e+04 -9.920000000000000000e+02 1.120000000000000000e+02 -1.360000000000000000e+02
1.180200000000000000e+04 -1.000000000000000000e+03 1.200000000000000000e+02 -1.680000000000000000e+02
1.184200000000000000e+04 -9.920000000000000000e+02 1.200000000000000000e+02 -1.520000000000000000e+02
1.188200000000000000e+04 -1.000000000000000000e+03 1.040000000000000000e+02 -1.600000000000000000e+02
1.192200000000000000e+04 -1.000000000000000000e+03 1.360000000000000000e+02 -1.360000000000000000e+02
1.195500000000000000e+04 -1.000000000000000000e+03 1.200000000000000000e+02 -1.280000000000000000e+02
1.199500000000000000e+04 -9.760000000000000000e+02 1.440000000000000000e+02 -1.600000000000000000e+02
1.203500000000000000e+04 -1.008000000000000000e+03 1.280000000000000000e+02 -1.280000000000000000e+02
1.207500000000000000e+04 -1.000000000000000000e+03 1.200000000000000000e+02 -1.440000000000000000e+02
1.211500000000000000e+04 -1.008000000000000000e+03 1.200000000000000000e+02 -1.040000000000000000e+02
1.215500000000000000e+04 -9.840000000000000000e+02 1.200000000000000000e+02 -1.520000000000000000e+02
1.219500000000000000e+04 -9.920000000000000000e+02 1.120000000000000000e+02 -1.600000000000000000e+02
1.223500000000000000e+04 -1.000000000000000000e+03 1.200000000000000000e+02 -1.680000000000000000e+02
1.227500000000000000e+04 -1.008000000000000000e+03 1.120000000000000000e+02 -1.440000000000000000e+02
1.231500000000000000e+04 -1.000000000000000000e+03 1.040000000000000000e+02 -1.680000000000000000e+02
1.235500000000000000e+04 -1.016000000000000000e+03 1.120000000000000000e+02 -1.840000000000000000e+02
1.239500000000000000e+04 -1.008000000000000000e+03 1.120000000000000000e+02 -1.680000000000000000e+02
1.243500000000000000e+04 -1.000000000000000000e+03 1.200000000000000000e+02 -1.440000000000000000e+02
1.247500000000000000e+04 -1.008000000000000000e+03 1.280000000000000000e+02 -1.360000000000000000e+02
1.251500000000000000e+04 -1.000000000000000000e+03 1.280000000000000000e+02 -1.520000000000000000e+02
1.255500000000000000e+04 -1.008000000000000000e+03 1.120000000000000000e+02 -1.520000000000000000e+02
1.259500000000000000e+04 -1.024000000000000000e+03 1.280000000000000000e+02 -1.120000000000000000e+02
1.263500000000000000e+04 -1.016000000000000000e+03 1.200000000000000000e+02 -1.600000000000000000e+02
1.267500000000000000e+04 -1.008000000000000000e+03 1.120000000000000000e+02 -1.840000000000000000e+02
1.271500000000000000e+04 -1.000000000000000000e+03 1.280000000000000000e+02 -1.840000000000000000e+02
1.275500000000000000e+04 -1.000000000000000000e+03 1.120000000000000000e+02 -1.360000000000000000e+02
1.279500000000000000e+04 -1.000000000000000000e+03 1.120000000000000000e+02 -1.680000000000000000e+02
1.283500000000000000e+04 -9.920000000000000000e+02 1.120000000000000000e+02 -1.600000000000000000e+02
1.287500000000000000e+04 -1.000000000000000000e+03 1.120000000000000000e+02 -1.280000000000000000e+02
1.291500000000000000e+04 -1.000000000000000000e+03 1.120000000000000000e+02 -1.520000000000000000e+02
1.294600000000000000e+04 -9.920000000000000000e+02 1.040000000000000000e+02 -1.520000000000000000e+02
1.298600000000000000e+04 -1.000000000000000000e+03 1.040000000000000000e+02 -2.000000000000000000e+02
1.302600000000000000e+04 -1.016000000000000000e+03 1.040000000000000000e+02 -1.440000000000000000e+02
1.306600000000000000e+04 -9.920000000000000000e+02 1.040000000000000000e+02 -1.680000000000000000e+02
1.310600000000000000e+04 -9.920000000000000000e+02 1.040000000000000000e+02 -1.520000000000000000e+02
1.314600000000000000e+04 -1.000000000000000000e+03 1.040000000000000000e+02 -1.520000000000000000e+02
1.318600000000000000e+04 -1.000000000000000000e+03 1.040000000000000000e+02 -1.600000000000000000e+02
1.322600000000000000e+04 -1.000000000000000000e+03 1.040000000000000000e+02 -1.600000000000000000e+02
1.326600000000000000e+04 -1.000000000000000000e+03 1.200000000000000000e+02 -1.440000000000000000e+02
1.330600000000000000e+04 -1.000000000000000000e+03 1.120000000000000000e+02 -1.680000000000000000e+02
1.334600000000000000e+04 -9.920000000000000000e+02 1.120000000000000000e+02 -1.520000000000000000e+02
1.338600000000000000e+04 -9.920000000000000000e+02 1.120000000000000000e+02 -1.520000000000000000e+02
1.342600000000000000e+04 -9.920000000000000000e+02 1.120000000000000000e+02 -1.440000000000000000e+02
1.346600000000000000e+04 -1.000000000000000000e+03 1.200000000000000000e+02 -1.600000000000000000e+02
1.350600000000000000e+04 -1.024000000000000000e+03 1.120000000000000000e+02 -1.440000000000000000e+02
1.354600000000000000e+04 -1.008000000000000000e+03 1.120000000000000000e+02 -1.120000000000000000e+02
1.358600000000000000e+04 -1.016000000000000000e+03 1.200000000000000000e+02 -1.440000000000000000e+02
1.362600000000000000e+04 -1.008000000000000000e+03 1.200000000000000000e+02 -1.600000000000000000e+02
1.366600000000000000e+04 -1.000000000000000000e+03 1.280000000000000000e+02 -1.520000000000000000e+02
1.370600000000000000e+04 -1.016000000000000000e+03 1.200000000000000000e+02 -1.520000000000000000e+02
1.374600000000000000e+04 -1.008000000000000000e+03 1.200000000000000000e+02 -1.920000000000000000e+02
1.378600000000000000e+04 -1.000000000000000000e+03 1.280000000000000000e+02 -1.600000000000000000e+02
1.382600000000000000e+04 -1.000000000000000000e+03 1.280000000000000000e+02 -1.440000000000000000e+02
1.386600000000000000e+04 -9.920000000000000000e+02 1.200000000000000000e+02 -1.840000000000000000e+02
1.390600000000000000e+04 -9.920000000000000000e+02 1.200000000000000000e+02 -1.680000000000000000e+02
1.394000000000000000e+04 -9.920000000000000000e+02 1.200000000000000000e+02 -1.680000000000000000e+02
1.398000000000000000e+04 -1.000000000000000000e+03 1.200000000000000000e+02 -1.520000000000000000e+02
1.402000000000000000e+04 -9.920000000000000000e+02 1.120000000000000000e+02 -1.920000000000000000e+02
1.406000000000000000e+04 -9.840000000000000000e+02 1.200000000000000000e+02 -1.680000000000000000e+02
1.410000000000000000e+04 -9.840000000000000000e+02 1.440000000000000000e+02 -1.680000000000000000e+02
1.414000000000000000e+04 -9.920000000000000000e+02 1.440000000000000000e+02 -1.680000000000000000e+02
1.418000000000000000e+04 -9.920000000000000000e+02 1.360000000000000000e+02 -1.520000000000000000e+02
1.422000000000000000e+04 -9.920000000000000000e+02 1.120000000000000000e+02 -1.280000000000000000e+02
1.426000000000000000e+04 -1.000000000000000000e+03 1.280000000000000000e+02 -1.680000000000000000e+02
1.430000000000000000e+04 -1.000000000000000000e+03 1.280000000000000000e+02 -1.520000000000000000e+02
1.434000000000000000e+04 -1.000000000000000000e+03 1.520000000000000000e+02 -1.600000000000000000e+02
1.438000000000000000e+04 -1.008000000000000000e+03 1.200000000000000000e+02 -1.760000000000000000e+02
1.442000000000000000e+04 -1.008000000000000000e+03 1.200000000000000000e+02 -1.600000000000000000e+02
1.446000000000000000e+04 -9.920000000000000000e+02 1.200000000000000000e+02 -1.680000000000000000e+02
1.450000000000000000e+04 -9.760000000000000000e+02 1.200000000000000000e+02 -1.360000000000000000e+02
1.454000000000000000e+04 -9.680000000000000000e+02 1.360000000000000000e+02 -1.280000000000000000e+02
1.458000000000000000e+04 -9.840000000000000000e+02 1.280000000000000000e+02 -1.520000000000000000e+02
1.462000000000000000e+04 -9.920000000000000000e+02 1.200000000000000000e+02 -1.760000000000000000e+02
1.466000000000000000e+04 -9.920000000000000000e+02 1.200000000000000000e+02 -1.520000000000000000e+02
1.470000000000000000e+04 -9.760000000000000000e+02 1.040000000000000000e+02 -2.080000000000000000e+02
1.474000000000000000e+04 -9.840000000000000000e+02 1.040000000000000000e+02 -1.680000000000000000e+02
1.478000000000000000e+04 -9.920000000000000000e+02 1.200000000000000000e+02 -1.760000000000000000e+02
1.482000000000000000e+04 -9.920000000000000000e+02 1.200000000000000000e+02 -1.440000000000000000e+02
1.486000000000000000e+04 -9.920000000000000000e+02 1.360000000000000000e+02 -1.760000000000000000e+02
1.490000000000000000e+04 -1.000000000000000000e+03 1.280000000000000000e+02 -1.760000000000000000e+02
1.493100000000000000e+04 -1.000000000000000000e+03 1.200000000000000000e+02 -1.680000000000000000e+02
1.497100000000000000e+04 -9.840000000000000000e+02 1.040000000000000000e+02 -2.400000000000000000e+02
1.501100000000000000e+04 -9.840000000000000000e+02 1.120000000000000000e+02 -1.440000000000000000e+02
1.505100000000000000e+04 -9.920000000000000000e+02 1.200000000000000000e+02 -1.680000000000000000e+02
1.509100000000000000e+04 -1.000000000000000000e+03 1.200000000000000000e+02 -1.360000000000000000e+02
1.513100000000000000e+04 -1.008000000000000000e+03 1.040000000000000000e+02 -1.520000000000000000e+02
1.517100000000000000e+04 -1.000000000000000000e+03 1.360000000000000000e+02 -1.440000000000000000e+02
1.521100000000000000e+04 -9.920000000000000000e+02 1.200000000000000000e+02 -1.680000000000000000e+02
1.525100000000000000e+04 -1.000000000000000000e+03 1.120000000000000000e+02 -1.840000000000000000e+02
1.529100000000000000e+04 -1.008000000000000000e+03 1.280000000000000000e+02 -1.440000000000000000e+02
1.533100000000000000e+04 -9.920000000000000000e+02 1.200000000000000000e+02 -1.680000000000000000e+02
1.537100000000000000e+04 -9.920000000000000000e+02 1.200000000000000000e+02 -1.520000000000000000e+02
1.541100000000000000e+04 -1.008000000000000000e+03 1.200000000000000000e+02 -1.440000000000000000e+02
1.545100000000000000e+04 -9.920000000000000000e+02 1.200000000000000000e+02 -1.600000000000000000e+02
1.549100000000000000e+04 -9.920000000000000000e+02 1.360000000000000000e+02 -1.680000000000000000e+02
1.553100000000000000e+04 -1.000000000000000000e+03 1.200000000000000000e+02 -1.680000000000000000e+02
1.557100000000000000e+04 -1.008000000000000000e+03 9.600000000000000000e+01 -1.600000000000000000e+02
1.561100000000000000e+04 -1.000000000000000000e+03 1.120000000000000000e+02 -1.360000000000000000e+02
1.565100000000000000e+04 -9.920000000000000000e+02 1.120000000000000000e+02 -1.760000000000000000e+02
1.569100000000000000e+04 -1.000000000000000000e+03 1.120000000000000000e+02 -1.600000000000000000e+02
1.573100000000000000e+04 -9.920000000000000000e+02 1.360000000000000000e+02 -1.600000000000000000e+02
1.577100000000000000e+04 -9.840000000000000000e+02 1.280000000000000000e+02 -1.520000000000000000e+02
1.581100000000000000e+04 -1.000000000000000000e+03 1.120000000000000000e+02 -1.600000000000000000e+02
1.585100000000000000e+04 -9.920000000000000000e+02 1.120000000000000000e+02 -1.760000000000000000e+02
1.589100000000000000e+04 -9.920000000000000000e+02 1.120000000000000000e+02 -1.440000000000000000e+02
1.592300000000000000e+04 -1.000000000000000000e+03 9.600000000000000000e+01 -1.600000000000000000e+02
1.596300000000000000e+04 -9.920000000000000000e+02 1.280000000000000000e+02 -1.840000000000000000e+02
1.600300000000000000e+04 -9.600000000000000000e+02 1.120000000000000000e+02 -1.760000000000000000e+02
1.604300000000000000e+04 -9.360000000000000000e+02 9.600000000000000000e+01 -1.520000000000000000e+02
1.608300000000000000e+04 -9.760000000000000000e+02 1.040000000000000000e+02 -1.120000000000000000e+02
1.612300000000000000e+04 -9.760000000000000000e+02 1.280000000000000000e+02 -1.520000000000000000e+02
1.616300000000000000e+04 -9.920000000000000000e+02 1.280000000000000000e+02 -1.840000000000000000e+02
1.620300000000000000e+04 -9.920000000000000000e+02 1.200000000000000000e+02 -1.760000000000000000e+02
1.624300000000000000e+04 -9.920000000000000000e+02 1.280000000000000000e+02 -1.360000000000000000e+02
1.628300000000000000e+04 -9.840000000000000000e+02 1.280000000000000000e+02 -1.520000000000000000e+02
1.632300000000000000e+04 -1.008000000000000000e+03 1.280000000000000000e+02 -1.760000000000000000e+02
1.636300000000000000e+04 -1.000000000000000000e+03 1.280000000000000000e+02 -2.080000000000000000e+02
1.640300000000000000e+04 -9.920000000000000000e+02 1.280000000000000000e+02 -1.680000000000000000e+02
1.644300000000000000e+04 -9.920000000000000000e+02 1.200000000000000000e+02 -1.600000000000000000e+02
1.648300000000000000e+04 -1.000000000000000000e+03 1.200000000000000000e+02 -1.520000000000000000e+02
1.652300000000000000e+04 -9.760000000000000000e+02 1.200000000000000000e+02 -1.520000000000000000e+02
1.656300000000000000e+04 -9.920000000000000000e+02 1.440000000000000000e+02 -1.520000000000000000e+02
1.660300000000000000e+04 -9.920000000000000000e+02 1.360000000000000000e+02 -1.600000000000000000e+02
1.664300000000000000e+04 -1.000000000000000000e+03 1.120000000000000000e+02 -1.760000000000000000e+02
1.668300000000000000e+04 -1.000000000000000000e+03 1.040000000000000000e+02 -1.600000000000000000e+02
1.672300000000000000e+04 -9.920000000000000000e+02 1.120000000000000000e+02 -1.680000000000000000e+02
1.676300000000000000e+04 -1.000000000000000000e+03 1.200000000000000000e+02 -1.680000000000000000e+02
1.680300000000000000e+04 -9.920000000000000000e+02 1.120000000000000000e+02 -1.600000000000000000e+02
1.684300000000000000e+04 -1.000000000000000000e+03 1.200000000000000000e+02 -1.680000000000000000e+02
1.688300000000000000e+04 -9.920000000000000000e+02 1.200000000000000000e+02 -1.360000000000000000e+02
1.691500000000000000e+04 -9.920000000000000000e+02 1.200000000000000000e+02 -1.600000000000000000e+02
1.695500000000000000e+04 -9.920000000000000000e+02 1.280000000000000000e+02 -1.680000000000000000e+02
1.699500000000000000e+04 -9.840000000000000000e+02 1.040000000000000000e+02 -2.000000000000000000e+02
1.703500000000000000e+04 -9.920000000000000000e+02 1.120000000000000000e+02 -1.040000000000000000e+02
1.707500000000000000e+04 -1.008000000000000000e+03 1.040000000000000000e+02 -1.520000000000000000e+02
1.711500000000000000e+04 -1.008000000000000000e+03 1.040000000000000000e+02 -1.760000000000000000e+02
1.715500000000000000e+04 -1.000000000000000000e+03 1.200000000000000000e+02 -2.080000000000000000e+02
1.719500000000000000e+04 -1.000000000000000000e+03 1.280000000000000000e+02 -1.680000000000000000e+02
1.723500000000000000e+04 -1.000000000000000000e+03 1.440000000000000000e+02 -1.520000000000000000e+02
1.727500000000000000e+04 -9.920000000000000000e+02 1.280000000000000000e+02 -1.840000000000000000e+02
1.731500000000000000e+04 -9.920000000000000000e+02 1.280000000000000000e+02 -1.600000000000000000e+02
1.735500000000000000e+04 -9.920000000000000000e+02 1.360000000000000000e+02 -1.760000000000000000e+02
1.739500000000000000e+04 -1.000000000000000000e+03 1.360000000000000000e+02 -1.520000000000000000e+02
1.743500000000000000e+04 -1.008000000000000000e+03 1.360000000000000000e+02 -1.360000000000000000e+02
1.747500000000000000e+04 -1.000000000000000000e+03 1.200000000000000000e+02 -1.760000000000000000e+02
1.751500000000000000e+04 -1.000000000000000000e+03 1.120000000000000000e+02 -1.760000000000000000e+02
1.755500000000000000e+04 -1.000000000000000000e+03 1.200000000000000000e+02 -1.600000000000000000e+02
1.759500000000000000e+04 -1.000000000000000000e+03 1.200000000000000000e+02 -1.440000000000000000e+02
1.763500000000000000e+04 -9.920000000000000000e+02 1.200000000000000000e+02 -1.600000000000000000e+02
1.767500000000000000e+04 -9.920000000000000000e+02 1.120000000000000000e+02 -1.120000000000000000e+02
1.771500000000000000e+04 -9.920000000000000000e+02 1.120000000000000000e+02 -1.600000000000000000e+02
1.775500000000000000e+04 -1.000000000000000000e+03 1.120000000000000000e+02 -1.840000000000000000e+02
1.779500000000000000e+04 -9.920000000000000000e+02 1.200000000000000000e+02 -1.520000000000000000e+02
1.783500000000000000e+04 -9.920000000000000000e+02 1.200000000000000000e+02 -1.520000000000000000e+02
1.787500000000000000e+04 -9.920000000000000000e+02 1.200000000000000000e+02 -1.760000000000000000e+02
1.790700000000000000e+04 -1.000000000000000000e+03 1.200000000000000000e+02 -1.600000000000000000e+02
1.794700000000000000e+04 -9.920000000000000000e+02 1.120000000000000000e+02 -1.440000000000000000e+02
1.798700000000000000e+04 -1.000000000000000000e+03 1.120000000000000000e+02 -1.520000000000000000e+02
1.802700000000000000e+04 -9.920000000000000000e+02 1.120000000000000000e+02 -1.920000000000000000e+02
1.806700000000000000e+04 -9.840000000000000000e+02 1.040000000000000000e+02 -1.760000000000000000e+02
1.810700000000000000e+04 -9.920000000000000000e+02 1.120000000000000000e+02 -1.600000000000000000e+02
1.814700000000000000e+04 -9.920000000000000000e+02 1.200000000000000000e+02 -1.680000000000000000e+02
1.818700000000000000e+04 -1.000000000000000000e+03 1.120000000000000000e+02 -1.680000000000000000e+02
1.822700000000000000e+04 -1.000000000000000000e+03 1.120000000000000000e+02 -1.920000000000000000e+02
1.826700000000000000e+04 -1.000000000000000000e+03 1.120000000000000000e+02 -1.760000000000000000e+02
1.830700000000000000e+04 -1.008000000000000000e+03 1.120000000000000000e+02 -1.600000000000000000e+02
1.834700000000000000e+04 -1.008000000000000000e+03 1.200000000000000000e+02 -1.840000000000000000e+02
1.838700000000000000e+04 -1.000000000000000000e+03 1.200000000000000000e+02 -1.440000000000000000e+02
1.842700000000000000e+04 -9.920000000000000000e+02 1.200000000000000000e+02 -1.680000000000000000e+02
1.846700000000000000e+04 -1.000000000000000000e+03 1.280000000000000000e+02 -1.520000000000000000e+02
1.850700000000000000e+04 -1.000000000000000000e+03 1.360000000000000000e+02 -1.600000000000000000e+02
1.854700000000000000e+04 -1.008000000000000000e+03 1.440000000000000000e+02 -2.080000000000000000e+02
1.858700000000000000e+04 -9.840000000000000000e+02 1.040000000000000000e+02 -1.600000000000000000e+02
1.862700000000000000e+04 -9.920000000000000000e+02 1.120000000000000000e+02 -1.600000000000000000e+02
1.866700000000000000e+04 -1.000000000000000000e+03 1.120000000000000000e+02 -1.840000000000000000e+02
1.870700000000000000e+04 -1.008000000000000000e+03 1.200000000000000000e+02 -1.680000000000000000e+02
1.874700000000000000e+04 -1.008000000000000000e+03 1.200000000000000000e+02 -2.000000000000000000e+02
1.878700000000000000e+04 -1.000000000000000000e+03 1.120000000000000000e+02 -1.760000000000000000e+02
1.882700000000000000e+04 -9.920000000000000000e+02 1.200000000000000000e+02 -1.760000000000000000e+02
1.886700000000000000e+04 -9.840000000000000000e+02 1.120000000000000000e+02 -1.760000000000000000e+02
1.890000000000000000e+04 -9.920000000000000000e+02 1.200000000000000000e+02 -1.680000000000000000e+02
1.894000000000000000e+04 -1.000000000000000000e+03 1.120000000000000000e+02 -2.000000000000000000e+02
1.898000000000000000e+04 -1.000000000000000000e+03 1.120000000000000000e+02 -1.840000000000000000e+02
1.902000000000000000e+04 -1.000000000000000000e+03 1.200000000000000000e+02 -1.760000000000000000e+02
1.906000000000000000e+04 -1.000000000000000000e+03 1.200000000000000000e+02 -1.840000000000000000e+02
1.910000000000000000e+04 -9.920000000000000000e+02 1.120000000000000000e+02 -1.760000000000000000e+02
1.914000000000000000e+04 -1.000000000000000000e+03 1.200000000000000000e+02 -1.440000000000000000e+02
1.918000000000000000e+04 -1.008000000000000000e+03 1.520000000000000000e+02 -1.680000000000000000e+02
1.922000000000000000e+04 -1.008000000000000000e+03 1.360000000000000000e+02 -1.680000000000000000e+02
1.926000000000000000e+04 -1.008000000000000000e+03 1.280000000000000000e+02 -1.680000000000000000e+02
1.930000000000000000e+04 -1.024000000000000000e+03 1.200000000000000000e+02 -1.920000000000000000e+02
1.934000000000000000e+04 -1.016000000000000000e+03 1.200000000000000000e+02 -1.760000000000000000e+02
1.938000000000000000e+04 -1.008000000000000000e+03 1.120000000000000000e+02 -1.760000000000000000e+02
1.942000000000000000e+04 -1.000000000000000000e+03 1.200000000000000000e+02 -1.680000000000000000e+02
1.946000000000000000e+04 -9.920000000000000000e+02 1.200000000000000000e+02 -1.440000000000000000e+02
1.950000000000000000e+04 -1.016000000000000000e+03 1.200000000000000000e+02 -1.760000000000000000e+02
1.954000000000000000e+04 -1.016000000000000000e+03 1.280000000000000000e+02 -1.760000000000000000e+02
1.958000000000000000e+04 -1.000000000000000000e+03 1.280000000000000000e+02 -1.920000000000000000e+02
1.962000000000000000e+04 -1.000000000000000000e+03 1.120000000000000000e+02 -1.760000000000000000e+02
1.966000000000000000e+04 -1.000000000000000000e+03 1.120000000000000000e+02 -1.920000000000000000e+02
1.970000000000000000e+04 -1.008000000000000000e+03 1.200000000000000000e+02 -1.840000000000000000e+02
1.974000000000000000e+04 -1.000000000000000000e+03 1.200000000000000000e+02 -1.600000000000000000e+02
1.978000000000000000e+04 -9.920000000000000000e+02 1.280000000000000000e+02 -1.600000000000000000e+02
1.982000000000000000e+04 -9.920000000000000000e+02 1.200000000000000000e+02 -1.680000000000000000e+02
1.986000000000000000e+04 -9.920000000000000000e+02 1.360000000000000000e+02 -2.000000000000000000e+02
