2.600000000000000000e+01 8.000000000000000000e+00 -2.400000000000000000e+01 -1.024000000000000000e+03
6.600000000000000000e+01 2.400000000000000000e+01 -2.400000000000000000e+01 -1.032000000000000000e+03
1.060000000000000000e+02 2.400000000000000000e+01 -2.400000000000000000e+01 -1.008000000000000000e+03
1.460000000000000000e+02 2.400000000000000000e+01 -3.200000000000000000e+01 -1.024000000000000000e+03
1.860000000000000000e+02 1.600000000000000000e+01 -3.200000000000000000e+01 -1.024000000000000000e+03
2.260000000000000000e+02 1.600000000000000000e+01 -2.400000000000000000e+01 -1.032000000000000000e+03
2.660000000000000000e+02 1.600000000000000000e+01 -3.200000000000000000e+01 -1.016000000000000000e+03
3.060000000000000000e+02 8.000000000000000000e+00 -2.400000000000000000e+01 -1.048000000000000000e+03
3.460000000000000000e+02 1.600000000000000000e+01 -1.600000000000000000e+01 -1.016000000000000000e+03
3.860000000000000000e+02 1.600000000000000000e+01 -2.400000000000000000e+01 -1.032000000000000000e+03
4.260000000000000000e+02 3.200000000000000000e+01 -4.000000000000000000e+01 -1.024000000000000000e+03
4.660000000000000000e+02 3.200000000000000000e+01 -2.400000000000000000e+01 -1.096000000000000000e+03
5.060000000000000000e+02 1.600000000000000000e+01 -2.400000000000000000e+01 -1.024000000000000000e+03
5.460000000000000000e+02 2.400000000000000000e+01 -1.600000000000000000e+01 -1.040000000000000000e+03
5.860000000000000000e+02 1.600000000000000000e+01 -1.600000000000000000e+01 -1.048000000000000000e+03
6.260000000000000000e+02 2.400000000000000000e+01 -2.400000000000000000e+01 -1.048000000000000000e+03
6.660000000000000000e+02 2.400000000000000000e+01 -2.400000000000000000e+01 -1.040000000000000000e+03
7.060000000000000000e+02 1.600000000000000000e+01 -1.600000000000000000e+01 -1.032000000000000000e+03
7.460000000000000000e+02 1.600000000000000000e+01 -1.600000000000000000e+01 -1.032000000000000000e+03
7.860000000000000000e+02 2.400000000000000000e+01 -4.000000000000000000e+01 -1.032000000000000000e+03
8.260000000000000000e+02 1.600000000000000000e+01 -3.200000000000000000e+01 -1.032000000000000000e+03
8.660000000000000000e+02 1.600000000000000000e+01 -2.400000000000000000e+01 -1.040000000000000000e+03
9.060000000000000000e+02 1.600000000000000000e+01 -2.400000000000000000e+01 -1.016000000000000000e+03
9.460000000000000000e+02 8.000000000000000000e+00 -2.400000000000000000e+01 -1.016000000000000000e+03
9.860000000000000000e+02 1.600000000000000000e+01 -2.400000000000000000e+01 -1.008000000000000000e+03
1.017000000000000000e+03 8.000000000000000000e+00 -2.400000000000000000e+01 -9.840000000000000000e+02
1.057000000000000000e+03 1.600000000000000000e+01 -2.400000000000000000e+01 -1.016000000000000000e+03
1.097000000000000000e+03 -6.080000000000000000e+02 1.840000000000000000e+02 -1.064000000000000000e+03
1.137000000000000000e+03 -1.160000000000000000e+03 5.840000000000000000e+02 -1.344000000000000000e+03
1.177000000000000000e+03 -1.240000000000000000e+03 1.056000000000000000e+03 -1.432000000000000000e+03
1.217000000000000000e+03 -5.520000000000000000e+02 -3.120000000000000000e+02 -3.120000000000000000e+02
1.257000000000000000e+03 6.880000000000000000e+02 -9.600000000000000000e+02 -8.480000000000000000e+02
1.297000000000000000e+03 1.496000000000000000e+03 -7.760000000000000000e+02 -1.160000000000000000e+03
1.337000000000000000e+03 1.232000000000000000e+03 -5.600000000000000000e+02 -8.720000000000000000e+02
1.377000000000000000e+03 6.320000000000000000e+02 -3.040000000000000000e+02 -1.016000000000000000e+03
1.417000000000000000e+03 3.280000000000000000e+02 -1.600000000000000000e+02 -1.040000000000000000e+03
1.457000000000000000e+03 1.600000000000000000e+02 -8.800000000000000000e+01 -1.024000000000000000e+03
1.497000000000000000e+03 8.800000000000000000e+01 -5.600000000000000000e+01 -1.040000000000000000e+03
1.537000000000000000e+03 4.800000000000000000e+01 -4.000000000000000000e+01 -1.040000000000000000e+03
1.577000000000000000e+03 3.200000000000000000e+01 -2.400000000000000000e+01 -1.032000000000000000e+03
1.617000000000000000e+03 2.400000000000000000e+01 -1.600000000000000000e+01 -1.008000000000000000e+03
1.657000000000000000e+03 3.200000000000000000e+01 -2.400000000000000000e+01 -1.016000000000000000e+03
1.697000000000000000e+03 1.600000000000000000e+01 -2.400000000000000000e+01 -1.040000000000000000e+03
1.737000000000000000e+03 1.600000000000000000e+01 -2.400000000000000000e+01 -1.024000000000000000e+03
1.777000000000000000e+03 1.600000000000000000e+01 -3.200000000000000000e+01 -1.032000000000000000e+03
1.817000000000000000e+03 2.400000000000000000e+01 -2.400000000000000000e+01 -1.024000000000000000e+03
1.857000000000000000e+03 1.600000000000000000e+01 -4.000000000000000000e+01 -1.008000000000000000e+03
1.897000000000000000e+03 8.000000000000000000e+00 -3.200000000000000000e+01 -1.024000000000000000e+03
1.937000000000000000e+03 1.600000000000000000e+01 -3.200000000000000000e+01 -1.016000000000000000e+03
1.977000000000000000e+03 1.600000000000000000e+01 -3.200000000000000000e+01 -1.024000000000000000e+03
2.010000000000000000e+03 1.600000000000000000e+01 -2.400000000000000000e+01 -1.032000000000000000e+03
2.050000000000000000e+03 1.600000000000000000e+01 -2.400000000000000000e+01 -1.048000000000000000e+03
2.090000000000000000e+03 0.000000000000000000e+00 -2.400000000000000000e+01 -1.048000000000000000e+03
2.130000000000000000e+03 8.000000000000000000e+00 -2.400000000000000000e+01 -1.040000000000000000e+03
2.170000000000000000e+03 8.000000000000000000e+00 -2.400000000000000000e+01 -1.056000000000000000e+03
2.210000000000000000e+03 8.000000000000000000e+00 -1.600000000000000000e+01 -1.016000000000000000e+03
2.250000000000000000e+03 8.000000000000000000e+00 -8.000000000000000000e+00 -9.760000000000000000e+02
2.290000000000000000e+03 8.000000000000000000e+00 -1.600000000000000000e+01 -1.008000000000000000e+03
2.330000000000000000e+03 8.000000000000000000e+00 -1.600000000000000000e+01 -1.032000000000000000e+03
2.370000000000000000e+03 0.000000000000000000e+00 -1.600000000000000000e+01 -1.008000000000000000e+03
2.410000000000000000e+03 1.600000000000000000e+01 -2.400000000000000000e+01 -1.032000000000000000e+03
2.450000000000000000e+03 2.400000000000000000e+01 -2.400000000000000000e+01 -1.040000000000000000e+03
2.490000000000000000e+03 1.600000000000000000e+01 -2.400000000000000000e+01 -9.920000000000000000e+02
2.530000000000000000e+03 2.400000000000000000e+01 -2.400000000000000000e+01 -1.024000000000000000e+03
2.570000000000000000e+03 1.600000000000000000e+01 -1.600000000000000000e+01 -1.032000000000000000e+03
2.610000000000000000e+03 1.600000000000000000e+01 -1.600000000000000000e+01 -1.024000000000000000e+03
2.650000000000000000e+03 1.600000000000000000e+01 -1.600000000000000000e+01 -1.024000000000000000e+03
2.690000000000000000e+03 2.400000000000000000e+01 0.000000000000000000e+00 -1.024000000000000000e+03
2.730000000000000000e+03 2.400000000000000000e+01 -1.600000000000000000e+01 -1.024000000000000000e+03
2.770000000000000000e+03 2.400000000000000000e+01 -1.600000000000000000e+01 -1.040000000000000000e+03
2.810000000000000000e+03 8.000000000000000000e+00 -1.600000000000000000e+01 -1.048000000000000000e+03
2.850000000000000000e+03 1.600000000000000000e+01 -8.000000000000000000e+00 -1.040000000000000000e+03
2.890000000000000000e+03 1.600000000000000000e+01 -1.600000000000000000e+01 -1.040000000000000000e+03
2.930000000000000000e+03 1.600000000000000000e+01 -1.600000000000000000e+01 -1.040000000000000000e+03
2.970000000000000000e+03 8.000000000000000000e+00 -1.600000000000000000e+01 -1.032000000000000000e+03
3.001000000000000000e+03 2.400000000000000000e+01 -2.400000000000000000e+01 -1.024000000000000000e+03
3.041000000000000000e+03 1.600000000000000000e+01 -2.400000000000000000e+01 -1.048000000000000000e+03
3.081000000000000000e+03 8.000000000000000000e+00 -3.200000000000000000e+01 -1.024000000000000000e+03
3.121000000000000000e+03 1.600000000000000000e+01 -3.200000000000000000e+01 -1.032000000000000000e+03
3.161000000000000000e+03 1.600000000000000000e+01 -3.200000000000000000e+01 -1.040000000000000000e+03
3.201000000000000000e+03 1.600000000000000000e+01 -2.400000000000000000e+01 -1.032000000000000000e+03
3.241000000000000000e+03 2.400000000000000000e+01 -1.600000000000000000e+01 -1.032000000000000000e+03
3.281000000000000000e+03 1.600000000000000000e+01 -2.400000000000000000e+01 -1.016000000000000000e+03
3.321000000000000000e+03 2.400000000000000000e+01 -3.200000000000000000e+01 -1.040000000000000000e+03
3.361000000000000000e+03 2.400000000000000000e+01 -2.400000000000000000e+01 -1.032000000000000000e+03
3.401000000000000000e+03 8.000000000000000000e+00 -1.600000000000000000e+01 -1.056000000000000000e+03
3.441000000000000000e+03 1.600000000000000000e+01 -2.400000000000000000e+01 -1.024000000000000000e+03
3.481000000000000000e+03 2.400000000000000000e+01 -2.400000000000000000e+01 -1.024000000000000000e+03
3.521000000000000000e+03 3.200000000000000000e+01 -2.400000000000000000e+01 -1.016000000000000000e+03
3.561000000000000000e+03 1.600000000000000000e+01 -1.600000000000000000e+01 -1.016000000000000000e+03
3.601000000000000000e+03 3.200000000000000000e+01 -2.400000000000000000e+01 -1.048000000000000000e+03
3.641000000000000000e+03 2.400000000000000000e+01 -2.400000000000000000e+01 -1.008000000000000000e+03
3.681000000000000000e+03 1.600000000000000000e+01 -3.200000000000000000e+01 -1.048000000000000000e+03
3.721000000000000000e+03 2.400000000000000000e+01 -1.600000000000000000e+01 -1.024000000000000000e+03
3.761000000000000000e+03 1.600000000000000000e+01 -2.400000000000000000e+01 -1.040000000000000000e+03
3.801000000000000000e+03 1.600000000000000000e+01 -2.400000000000000000e+01 -1.032000000000000000e+03
3.841000000000000000e+03 2.400000000000000000e+01 -1.600000000000000000e+01 -1.048000000000000000e+03
3.881000000000000000e+03 1.600000000000000000e+01 -2.400000000000000000e+01 -1.040000000000000000e+03
3.921000000000000000e+03 3.200000000000000000e+01 -2.400000000000000000e+01 -1.008000000000000000e+03
3.961000000000000000e+03 1.600000000000000000e+01 -2.400000000000000000e+01 -1.024000000000000000e+03
3.993000000000000000e+03 1.600000000000000000e+01 -3.200000000000000000e+01 -1.040000000000000000e+03
4.033000000000000000e+03 1.600000000000000000e+01 -4.000000000000000000e+01 -1.032000000000000000e+03
4.073000000000000000e+03 1.600000000000000000e+01 -2.400000000000000000e+01 -1.016000000000000000e+03
4.113000000000000000e+03 1.600000000000000000e+01 -3.200000000000000000e+01 -1.024000000000000000e+03
4.153000000000000000e+03 1.600000000000000000e+01 -3.200000000000000000e+01 -1.016000000000000000e+03
4.193000000000000000e+03 1.600000000000000000e+01 -2.400000000000000000e+01 -1.024000000000000000e+03
4.233000000000000000e+03 1.600000000000000000e+01 -3.200000000000000000e+01 -1.024000000000000000e+03
4.273000000000000000e+03 1.600000000000000000e+01 -3.200000000000000000e+01 -1.040000000000000000e+03
4.313000000000000000e+03 1.600000000000000000e+01 -3.200000000000000000e+01 -1.016000000000000000e+03
4.353000000000000000e+03 1.600000000000000000e+01 -2.400000000000000000e+01 -1.032000000000000000e+03
4.393000000000000000e+03 1.600000000000000000e+01 -2.400000000000000000e+01 -1.032000000000000000e+03
4.433000000000000000e+03 3.200000000000000000e+01 -2.400000000000000000e+01 -1.016000000000000000e+03
4.473000000000000000e+03 1.600000000000000000e+01 -3.200000000000000000e+01 -1.056000000000000000e+03
4.513000000000000000e+03 1.600000000000000000e+01 -2.400000000000000000e+01 -1.024000000000000000e+03
4.553000000000000000e+03 1.600000000000000000e+01 -1.600000000000000000e+01 -1.016000000000000000e+03
4.593000000000000000e+03 1.600000000000000000e+01 -2.400000000000000000e+01 -1.016000000000000000e+03
4.633000000000000000e+03 1.600000000000000000e+01 -2.400000000000000000e+01 -1.048000000000000000e+03
4.673000000000000000e+03 1.600000000000000000e+01 -2.400000000000000000e+01 -1.032000000000000000e+03
4.713000000000000000e+03 2.400000000000000000e+01 -2.400000000000000000e+01 -1.064000000000000000e+03
4.753000000000000000e+03 2.400000000000000000e+01 -2.400000000000000000e+01 -1.032000000000000000e+03
4.793000000000000000e+03 2.400000000000000000e+01 -1.600000000000000000e+01 -1.048000000000000000e+03
4.833000000000000000e+03 1.600000000000000000e+01 -1.600000000000000000e+01 -1.008000000000000000e+03
4.873000000000000000e+03 8.000000000000000000e+00 -2.400000000000000000e+01 -1.040000000000000000e+03
4.913000000000000000e+03 1.600000000000000000e+01 -2.400000000000000000e+01 -1.024000000000000000e+03
4.953000000000000000e+03 1.600000000000000000e+01 -2.400000000000000000e+01 -1.040000000000000000e+03
4.985000000000000000e+03 2.400000000000000000e+01 -2.400000000000000000e+01 -1.064000000000000000e+03
5.025000000000000000e+03 1.600000000000000000e+01 -3.200000000000000000e+01 -9.920000000000000000e+02
5.065000000000000000e+03 1.600000000000000000e+01 -1.600000000000000000e+01 -1.032000000000000000e+03
5.105000000000000000e+03 1.600000000000000000e+01 -2.400000000000000000e+01 -1.048000000000000000e+03
5.145000000000000000e+03 3.200000000000000000e+01 -8.000000000000000000e+00 -1.040000000000000000e+03
5.185000000000000000e+03 2.400000000000000000e+01 -1.600000000000000000e+01 -1.040000000000000000e+03
5.225000000000000000e+03 1.600000000000000000e+01 -1.600000000000000000e+01 -1.064000000000000000e+03
5.265000000000000000e+03 8.000000000000000000e+00 -8.000000000000000000e+00 -1.032000000000000000e+03
5.305000000000000000e+03 2.400000000000000000e+01 -1.600000000000000000e+01 -1.024000000000000000e+03
5.345000000000000000e+03 2.400000000000000000e+01 -1.600000000000000000e+01 -1.032000000000000000e+03
5.385000000000000000e+03 2.400000000000000000e+01 -2.400000000000000000e+01 -1.024000000000000000e+03
5.425000000000000000e+03 1.600000000000000000e+01 -3.200000000000000000e+01 -1.032000000000000000e+03
5.465000000000000000e+03 2.400000000000000000e+01 -3.200000000000000000e+01 -1.048000000000000000e+03
5.505000000000000000e+03 2.400000000000000000e+01 -2.400000000000000000e+01 -1.032000000000000000e+03
5.545000000000000000e+03 1.600000000000000000e+01 -2.400000000000000000e+01 -1.032000000000000000e+03
5.585000000000000000e+03 1.600000000000000000e+01 -2.400000000000000000e+01 -1.032000000000000000e+03
5.625000000000000000e+03 1.600000000000000000e+01 -2.400000000000000000e+01 -1.040000000000000000e+03
5.665000000000000000e+03 2.400000000000000000e+01 -2.400000000000000000e+01 -1.016000000000000000e+03
5.705000000000000000e+03 1.600000000000000000e+01 -2.400000000000000000e+01 -1.024000000000000000e+03
5.745000000000000000e+03 1.600000000000000000e+01 -2.400000000000000000e+01 -1.032000000000000000e+03
5.785000000000000000e+03 1.600000000000000000e+01 -2.400000000000000000e+01 -1.048000000000000000e+03
5.825000000000000000e+03 2.400000000000000000e+01 -2.400000000000000000e+01 -1.040000000000000000e+03
5.865000000000000000e+03 1.600000000000000000e+01 -2.400000000000000000e+01 -1.032000000000000000e+03
5.905000000000000000e+03 8.000000000000000000e+00 -2.400000000000000000e+01 -1.040000000000000000e+03
5.945000000000000000e+03 1.600000000000000000e+01 -1.600000000000000000e+01 -1.040000000000000000e+03
6.969000000000000000e+03 1.600000000000000000e+01 -3.200000000000000000e+01 -1.048000000000000000e+03
7.009000000000000000e+03 1.600000000000000000e+01 -2.400000000000000000e+01 -1.024000000000000000e+03
7.049000000000000000e+03 2.400000000000000000e+01 -2.400000000000000000e+01 -1.040000000000000000e+03
7.089000000000000000e+03 2.400000000000000000e+01 -2.400000000000000000e+01 -1.016000000000000000e+03
7.129000000000000000e+03 3.200000000000000000e+01 -2.400000000000000000e+01 -1.024000000000000000e+03
7.169000000000000000e+03 2.400000000000000000e+01 -2.400000000000000000e+01 -1.024000000000000000e+03
7.209000000000000000e+03 1.600000000000000000e+01 -2.400000000000000000e+01 -1.016000000000000000e+03
7.249000000000000000e+03 2.400000000000000000e+01 -2.400000000000000000e+01 -1.032000000000000000e+03
7.289000000000000000e+03 1.600000000000000000e+01 -2.400000000000000000e+01 -1.032000000000000000e+03
7.329000000000000000e+03 1.600000000000000000e+01 -2.400000000000000000e+01 -1.040000000000000000e+03
7.369000000000000000e+03 1.600000000000000000e+01 -3.200000000000000000e+01 -1.032000000000000000e+03
7.409000000000000000e+03 2.400000000000000000e+01 -2.400000000000000000e+01 -1.024000000000000000e+03
7.449000000000000000e+03 4.800000000000000000e+01 -2.400000000000000000e+01 -1.040000000000000000e+03
7.489000000000000000e+03 2.400000000000000000e+01 -2.400000000000000000e+01 -1.016000000000000000e+03
7.529000000000000000e+03 2.400000000000000000e+01 -3.200000000000000000e+01 -1.024000000000000000e+03
7.569000000000000000e+03 2.400000000000000000e+01 -2.400000000000000000e+01 -1.056000000000000000e+03
7.609000000000000000e+03 2.400000000000000000e+01 -2.400000000000000000e+01 -1.032000000000000000e+03
7.649000000000000000e+03 1.600000000000000000e+01 -3.200000000000000000e+01 -1.048000000000000000e+03
7.689000000000000000e+03 8.000000000000000000e+00 -2.400000000000000000e+01 -1.032000000000000000e+03
7.729000000000000000e+03 8.000000000000000000e+00 -3.200000000000000000e+01 -1.008000000000000000e+03
7.769000000000000000e+03 1.600000000000000000e+01 -3.200000000000000000e+01 -1.024000000000000000e+03
7.809000000000000000e+03 8.000000000000000000e+00 -3.200000000000000000e+01 -1.032000000000000000e+03
7.849000000000000000e+03 8.000000000000000000e+00 -3.200000000000000000e+01 -1.008000000000000000e+03
7.889000000000000000e+03 8.000000000000000000e+00 -3.200000000000000000e+01 -1.024000000000000000e+03
7.929000000000000000e+03 1.600000000000000000e+01 -3.200000000000000000e+01 -1.040000000000000000e+03
7.960000000000000000e+03 1.600000000000000000e+01 -2.400000000000000000e+01 -1.056000000000000000e+03
8.000000000000000000e+03 1.600000000000000000e+01 -1.600000000000000000e+01 -1.032000000000000000e+03
8.040000000000000000e+03 1.600000000000000000e+01 -8.000000000000000000e+00 -1.040000000000000000e+03
8.080000000000000000e+03 2.400000000000000000e+01 -1.600000000000000000e+01 -1.032000000000000000e+03
8.120000000000000000e+03 1.600000000000000000e+01 -8.000000000000000000e+00 -1.000000000000000000e+03
8.160000000000000000e+03 1.600000000000000000e+01 -1.600000000000000000e+01 -1.024000000000000000e+03
8.200000000000000000e+03 2.400000000000000000e+01 -1.600000000000000000e+01 -1.040000000000000000e+03
8.240000000000000000e+03 1.600000000000000000e+01 -1.600000000000000000e+01 -1.040000000000000000e+03
8.280000000000000000e+03 1.600000000000000000e+01 -1.600000000000000000e+01 -1.016000000000000000e+03
8.320000000000000000e+03 2.400000000000000000e+01 -1.600000000000000000e+01 -1.016000000000000000e+03
8.360000000000000000e+03 2.400000000000000000e+01 -3.200000000000000000e+01 -1.008000000000000000e+03
8.400000000000000000e+03 2.400000000000000000e+01 -2.400000000000000000e+01 -1.032000000000000000e+03
8.440000000000000000e+03 3.200000000000000000e+01 -2.400000000000000000e+01 -1.040000000000000000e+03
8.480000000000000000e+03 3.200000000000000000e+01 -8.000000000000000000e+00 -1.056000000000000000e+03
8.520000000000000000e+03 2.400000000000000000e+01 -8.000000000000000000e+00 -1.024000000000000000e+03
8.560000000000000000e+03 2.400000000000000000e+01 -1.600000000000000000e+01 -1.048000000000000000e+03
8.600000000000000000e+03 1.600000000000000000e+01 -1.600000000000000000e+01 -1.040000000000000000e+03
8.640000000000000000e+03 1.600000000000000000e+01 -1.600000000000000000e+01 -1.032000000000000000e+03
8.680000000000000000e+03 8.000000000000000000e+00 -2.400000000000000000e+01 -1.008000000000000000e+03
8.720000000000000000e+03 1.600000000000000000e+01 -2.400000000000000000e+01 -1.032000000000000000e+03
8.760000000000000000e+03 1.600000000000000000e+01 -2.400000000000000000e+01 -1.048000000000000000e+03
8.800000000000000000e+03 1.600000000000000000e+01 -2.400000000000000000e+01 -1.048000000000000000e+03
8.840000000000000000e+03 2.400000000000000000e+01 -2.400000000000000000e+01 -1.016000000000000000e+03
8.880000000000000000e+03 1.600000000000000000e+01 -2.400000000000000000e+01 -1.024000000000000000e+03
8.920000000000000000e+03 8.000000000000000000e+00 -1.600000000000000000e+01 -1.032000000000000000e+03
8.952000000000000000e+03 1.600000000000000000e+01 -2.400000000000000000e+01 -1.016000000000000000e+03
8.992000000000000000e+03 8.000000000000000000e+00 -2.400000000000000000e+01 -1.016000000000000000e+03
9.032000000000000000e+03 8.000000000000000000e+00 -3.200000000000000000e+01 -1.032000000000000000e+03
9.072000000000000000e+03 1.600000000000000000e+01 -2.400000000000000000e+01 -1.032000000000000000e+03
9.112000000000000000e+03 1.600000000000000000e+01 -2.400000000000000000e+01 -1.064000000000000000e+03
9.152000000000000000e+03 1.600000000000000000e+01 -2.400000000000000000e+01 -1.024000000000000000e+03
9.192000000000000000e+03 1.600000000000000000e+01 -3.200000000000000000e+01 -1.016000000000000000e+03
9.232000000000000000e+03 1.600000000000000000e+01 -2.400000000000000000e+01 -1.040000000000000000e+03
9.272000000000000000e+03 1.600000000000000000e+01 -2.400000000000000000e+01 -1.048000000000000000e+03
9.312000000000000000e+03 1.600000000000000000e+01 -2.400000000000000000e+01 -1.040000000000000000e+03
9.352000000000000000e+03 8.000000000000000000e+00 -1.600000000000000000e+01 -1.056000000000000000e+03
9.392000000000000000e+03 1.600000000000000000e+01 -1.600000000000000000e+01 -1.024000000000000000e+03
9.432000000000000000e+03 1.600000000000000000e+01 -2.400000000000000000e+01 -1.032000000000000000e+03
9.472000000000000000e+03 8.000000000000000000e+00 -4.000000000000000000e+01 -1.024000000000000000e+03
9.512000000000000000e+03 1.600000000000000000e+01 -4.000000000000000000e+01 -1.024000000000000000e+03
9.552000000000000000e+03 8.000000000000000000e+00 -3.200000000000000000e+01 -1.032000000000000000e+03
9.592000000000000000e+03 2.400000000000000000e+01 -3.200000000000000000e+01 -1.024000000000000000e+03
9.632000000000000000e+03 1.600000000000000000e+01 -2.400000000000000000e+01 -1.040000000000000000e+03
9.672000000000000000e+03 2.400000000000000000e+01 -2.400000000000000000e+01 -1.056000000000000000e+03
9.712000000000000000e+03 8.000000000000000000e+00 -2.400000000000000000e+01 -1.032000000000000000e+03
9.752000000000000000e+03 8.000000000000000000e+00 -3.200000000000000000e+01 -1.016000000000000000e+03
9.792000000000000000e+03 8.000000000000000000e+00 -4.000000000000000000e+01 -1.040000000000000000e+03
9.832000000000000000e+03 2.400000000000000000e+01 -2.400000000000000000e+01 -1.032000000000000000e+03
9.872000000000000000e+03 2.400000000000000000e+01 -2.400000000000000000e+01 -1.024000000000000000e+03
9.912000000000000000e+03 2.400000000000000000e+01 -2.400000000000000000e+01 -1.016000000000000000e+03
9.943000000000000000e+03 8.000000000000000000e+00 -2.400000000000000000e+01 -1.024000000000000000e+03
9.983000000000000000e+03 8.000000000000000000e+00 -2.400000000000000000e+01 -1.016000000000000000e+03
1.002300000000000000e+04 0.000000000000000000e+00 -2.400000000000000000e+01 -1.024000000000000000e+03
1.006300000000000000e+04 1.600000000000000000e+01 -3.200000000000000000e+01 -1.000000000000000000e+03
1.010300000000000000e+04 1.600000000000000000e+01 -2.400000000000000000e+01 -1.040000000000000000e+03
1.014300000000000000e+04 1.600000000000000000e+01 -3.200000000000000000e+01 -1.040000000000000000e+03
1.018300000000000000e+04 1.600000000000000000e+01 -2.400000000000000000e+01 -1.032000000000000000e+03
1.022300000000000000e+04 1.600000000000000000e+01 -2.400000000000000000e+01 -1.032000000000000000e+03
1.026300000000000000e+04 1.600000000000000000e+01 -2.400000000000000000e+01 -1.016000000000000000e+03
1.030300000000000000e+04 1.600000000000000000e+01 -2.400000000000000000e+01 -1.024000000000000000e+03
1.034300000000000000e+04 1.600000000000000000e+01 -3.200000000000000000e+01 -1.056000000000000000e+03
1.038300000000000000e+04 2.400000000000000000e+01 -3.200000000000000000e+01 -1.032000000000000000e+03
1.042300000000000000e+04 1.600000000000000000e+01 -3.200000000000000000e+01 -1.032000000000000000e+03
1.046300000000000000e+04 1.600000000000000000e+01 -1.600000000000000000e+01 -1.024000000000000000e+03
1.050300000000000000e+04 1.600000000000000000e+01 -3.200000000000000000e+01 -1.024000000000000000e+03
1.054300000000000000e+04 2.400000000000000000e+01 -1.600000000000000000e+01 -1.024000000000000000e+03
1.058300000000000000e+04 1.600000000000000000e+01 -1.600000000000000000e+01 -1.032000000000000000e+03
1.062300000000000000e+04 8.000000000000000000e+00 -2.400000000000000000e+01 -1.040000000000000000e+03
1.066300000000000000e+04 1.600000000000000000e+01 -1.600000000000000000e+01 -1.032000000000000000e+03
1.070300000000000000e+04 1.600000000000000000e+01 -2.400000000000000000e+01 -1.016000000000000000e+03
1.074300000000000000e+04 1.600000000000000000e+01 -2.400000000000000000e+01 -1.016000000000000000e+03
1.078300000000000000e+04 1.600000000000000000e+01 -1.600000000000000000e+01 -1.032000000000000000e+03
1.082300000000000000e+04 2.400000000000000000e+01 -3.200000000000000000e+01 -1.024000000000000000e+03
1.086300000000000000e+04 1.600000000000000000e+01 -1.600000000000000000e+01 -1.016000000000000000e+03
1.090300000000000000e+04 1.600000000000000000e+01 -3.200000000000000000e+01 -1.016000000000000000e+03
1.093500000000000000e+04 3.200000000000000000e+01 -2.400000000000000000e+01 -1.032000000000000000e+03
1.097500000000000000e+04 1.600000000000000000e+01 -2.400000000000000000e+01 -1.024000000000000000e+03
1.101500000000000000e+04 3.200000000000000000e+01 -3.200000000000000000e+01 -1.040000000000000000e+03
1.105500000000000000e+04 2.400000000000000000e+01 -2.400000000000000000e+01 -1.048000000000000000e+03
1.109500000000000000e+04 1.600000000000000000e+01 -2.400000000000000000e+01 -9.920000000000000000e+02
1.113500000000000000e+04 1.600000000000000000e+01 -2.400000000000000000e+01 -9.920000000000000000e+02
1.117500000000000000e+04 1.600000000000000000e+01 -2.400000000000000000e+01 -1.032000000000000000e+03
1.121500000000000000e+04 0.000000000000000000e+00 -3.200000000000000000e+01 -1.024000000000000000e+03
1.125500000000000000e+04 1.600000000000000000e+01 -3.200000000000000000e+01 -1.032000000000000000e+03
1.129500000000000000e+04 1.600000000000000000e+01 -1.600000000000000000e+01 -1.040000000000000000e+03
1.133500000000000000e+04 1.600000000000000000e+01 -1.600000000000000000e+01 -1.032000000000000000e+03
1.137500000000000000e+04 8.000000000000000000e+00 -2.400000000000000000e+01 -1.040000000000000000e+03
1.141500000000000000e+04 8.000000000000000000e+00 -2.400000000000000000e+01 -1.032000000000000000e+03
1.145500000000000000e+04 8.000000000000000000e+00 -3.200000000000000000e+01 -1.024000000000000000e+03
1.149500000000000000e+04 1.600000000000000000e+01 -3.200000000000000000e+01 -1.048000000000000000e+03
1.153500000000000000e+04 1.600000000000000000e+01 -2.400000000000000000e+01 -1.032000000000000000e+03
1.157500000000000000e+04 1.600000000000000000e+01 -1.600000000000000000e+01 -1.048000000000000000e+03
1.161500000000000000e+04 8.000000000000000000e+00 -2.400000000000000000e+01 -1.032000000000000000e+03
1.165500000000000000e+04 2.400000000000000000e+01 -1.600000000000000000e+01 -1.032000000000000000e+03
1.169500000000000000e+04 2.400000000000000000e+01 -2.400000000000000000e+01 -1.032000000000000000e+03
1.173500000000000000e+04 2.400000000000000000e+01 -2.400000000000000000e+01 -1.056000000000000000e+03
1.177500000000000000e+04 0.000000000000000000e+00 -2.400000000000000000e+01 -1.056000000000000000e+03
1.181500000000000000e+04 1.600000000000000000e+01 -2.400000000000000000e+01 -1.016000000000000000e+03
1.185500000000000000e+04 1.600000000000000000e+01 -2.400000000000000000e+01 -1.024000000000000000e+03
1.189500000000000000e+04 8.000000000000000000e+00 -2.400000000000000000e+01 -1.032000000000000000e+03
1.192700000000000000e+04 1.600000000000000000e+01 -3.200000000000000000e+01 -1.016000000000000000e+03
1.196700000000000000e+04 1.600000000000000000e+01 -4.000000000000000000e+01 -1.040000000000000000e+03
1.200700000000000000e+04 2.400000000000000000e+01 -3.200000000000000000e+01 -1.016000000000000000e+03
1.204700000000000000e+04 3.200000000000000000e+01 -1.600000000000000000e+01 -9.920000000000000000e+02
1.208700000000000000e+04 1.600000000000000000e+01 -2.400000000000000000e+01 -1.048000000000000000e+03
1.212700000000000000e+04 1.600000000000000000e+01 -2.400000000000000000e+01 -1.024000000000000000e+03
1.216700000000000000e+04 1.600000000000000000e+01 -2.400000000000000000e+01 -1.024000000000000000e+03
1.220700000000000000e+04 8.000000000000000000e+00 -4.000000000000000000e+01 -1.024000000000000000e+03
1.224700000000000000e+04 8.000000000000000000e+00 -3.200000000000000000e+01 -1.016000000000000000e+03
1.228700000000000000e+04 8.000000000000000000e+00 -1.600000000000000000e+01 -1.024000000000000000e+03
1.232700000000000000e+04 1.600000000000000000e+01 -2.400000000000000000e+01 -1.040000000000000000e+03
1.236700000000000000e+04 1.600000000000000000e+01 -2.400000000000000000e+01 -1.024000000000000000e+03
1.240700000000000000e+04 1.600000000000000000e+01 -2.400000000000000000e+01 -1.032000000000000000e+03
1.244700000000000000e+04 8.000000000000000000e+00 -2.400000000000000000e+01 -1.048000000000000000e+03
1.248700000000000000e+04 1.600000000000000000e+01 -1.600000000000000000e+01 -1.040000000000000000e+03
1.252700000000000000e+04 2.400000000000000000e+01 -2.400000000000000000e+01 -1.032000000000000000e+03
1.256700000000000000e+04 2.400000000000000000e+01 -2.400000000000000000e+01 -1.048000000000000000e+03
1.260700000000000000e+04 2.400000000000000000e+01 -2.400000000000000000e+01 -1.032000000000000000e+03
1.264700000000000000e+04 2.400000000000000000e+01 -2.400000000000000000e+01 -1.008000000000000000e+03
1.268700000000000000e+04 2.400000000000000000e+01 -2.400000000000000000e+01 -1.032000000000000000e+03
1.272700000000000000e+04 2.400000000000000000e+01 -2.400000000000000000e+01 -1.056000000000000000e+03
1.276700000000000000e+04 1.600000000000000000e+01 -1.600000000000000000e+01 -1.024000000000000000e+03
1.280700000000000000e+04 1.600000000000000000e+01 -2.400000000000000000e+01 -1.016000000000000000e+03
1.284700000000000000e+04 1.600000000000000000e+01 -2.400000000000000000e+01 -1.032000000000000000e+03
1.288700000000000000e+04 1.600000000000000000e+01 -1.600000000000000000e+01 -1.032000000000000000e+03
1.192700000000000000e+04 1.600000000000000000e+01 -3.200000000000000000e+01 -1.016000000000000000e+03
1.196700000000000000e+04 1.600000000000000000e+01 -4.000000000000000000e+01 -1.040000000000000000e+03
1.200700000000000000e+04 2.400000000000000000e+01 -3.200000000000000000e+01 -1.016000000000000000e+03
1.204700000000000000e+04 3.200000000000000000e+01 -1.600000000000000000e+01 -9.920000000000000000e+02
1.208700000000000000e+04 1.600000000000000000e+01 -2.400000000000000000e+01 -1.048000000000000000e+03
1.212700000000000000e+04 1.600000000000000000e+01 -2.400000000000000000e+01 -1.024000000000000000e+03
1.216700000000000000e+04 1.600000000000000000e+01 -2.400000000000000000e+01 -1.024000000000000000e+03
1.220700000000000000e+04 8.000000000000000000e+00 -4.000000000000000000e+01 -1.024000000000000000e+03
1.224700000000000000e+04 8.000000000000000000e+00 -3.200000000000000000e+01 -1.016000000000000000e+03
1.228700000000000000e+04 8.000000000000000000e+00 -1.600000000000000000e+01 -1.024000000000000000e+03
1.232700000000000000e+04 1.600000000000000000e+01 -2.400000000000000000e+01 -1.040000000000000000e+03
1.236700000000000000e+04 1.600000000000000000e+01 -2.400000000000000000e+01 -1.024000000000000000e+03
1.240700000000000000e+04 1.600000000000000000e+01 -2.400000000000000000e+01 -1.032000000000000000e+03
1.244700000000000000e+04 8.000000000000000000e+00 -2.400000000000000000e+01 -1.048000000000000000e+03
1.248700000000000000e+04 1.600000000000000000e+01 -1.600000000000000000e+01 -1.040000000000000000e+03
1.252700000000000000e+04 2.400000000000000000e+01 -2.400000000000000000e+01 -1.032000000000000000e+03
1.256700000000000000e+04 2.400000000000000000e+01 -2.400000000000000000e+01 -1.048000000000000000e+03
1.260700000000000000e+04 2.400000000000000000e+01 -2.400000000000000000e+01 -1.032000000000000000e+03
1.264700000000000000e+04 2.400000000000000000e+01 -2.400000000000000000e+01 -1.008000000000000000e+03
1.268700000000000000e+04 2.400000000000000000e+01 -2.400000000000000000e+01 -1.032000000000000000e+03
1.272700000000000000e+04 2.400000000000000000e+01 -2.400000000000000000e+01 -1.056000000000000000e+03
1.276700000000000000e+04 1.600000000000000000e+01 -1.600000000000000000e+01 -1.024000000000000000e+03
1.280700000000000000e+04 1.600000000000000000e+01 -2.400000000000000000e+01 -1.016000000000000000e+03
1.284700000000000000e+04 1.600000000000000000e+01 -2.400000000000000000e+01 -1.032000000000000000e+03
1.288700000000000000e+04 1.600000000000000000e+01 -1.600000000000000000e+01 -1.032000000000000000e+03
1.490100000000000000e+04 8.000000000000000000e+00 -4.000000000000000000e+01 -1.048000000000000000e+03
1.494100000000000000e+04 8.000000000000000000e+00 -2.400000000000000000e+01 -1.016000000000000000e+03
1.498100000000000000e+04 1.600000000000000000e+01 -1.600000000000000000e+01 -1.032000000000000000e+03
1.502100000000000000e+04 1.600000000000000000e+01 -1.600000000000000000e+01 -1.032000000000000000e+03
1.506100000000000000e+04 8.000000000000000000e+00 -1.600000000000000000e+01 -1.016000000000000000e+03
1.510100000000000000e+04 8.000000000000000000e+00 -8.000000000000000000e+00 -1.032000000000000000e+03
1.514100000000000000e+04 1.600000000000000000e+01 -1.600000000000000000e+01 -1.008000000000000000e+03
1.518100000000000000e+04 8.000000000000000000e+00 -1.600000000000000000e+01 -1.032000000000000000e+03
1.522100000000000000e+04 8.000000000000000000e+00 -2.400000000000000000e+01 -1.024000000000000000e+03
1.526100000000000000e+04 0.000000000000000000e+00 -1.600000000000000000e+01 -1.024000000000000000e+03
1.530100000000000000e+04 1.600000000000000000e+01 -2.400000000000000000e+01 -1.032000000000000000e+03
1.534100000000000000e+04 2.400000000000000000e+01 -1.600000000000000000e+01 -1.008000000000000000e+03
1.538100000000000000e+04 2.400000000000000000e+01 -2.400000000000000000e+01 -1.024000000000000000e+03
1.542100000000000000e+04 2.400000000000000000e+01 -2.400000000000000000e+01 -1.024000000000000000e+03
1.546100000000000000e+04 1.600000000000000000e+01 -2.400000000000000000e+01 -1.048000000000000000e+03
1.550100000000000000e+04 1.600000000000000000e+01 -4.000000000000000000e+01 -1.016000000000000000e+03
1.554100000000000000e+04 8.000000000000000000e+00 -2.400000000000000000e+01 -1.048000000000000000e+03
1.558100000000000000e+04 2.400000000000000000e+01 -1.600000000000000000e+01 -1.048000000000000000e+03
1.562100000000000000e+04 1.600000000000000000e+01 -1.600000000000000000e+01 -1.040000000000000000e+03
1.566100000000000000e+04 8.000000000000000000e+00 -1.600000000000000000e+01 -1.040000000000000000e+03
1.570100000000000000e+04 1.600000000000000000e+01 -2.400000000000000000e+01 -1.032000000000000000e+03
1.574100000000000000e+04 1.600000000000000000e+01 -2.400000000000000000e+01 -1.040000000000000000e+03
1.578100000000000000e+04 8.000000000000000000e+00 -3.200000000000000000e+01 -1.040000000000000000e+03
1.582100000000000000e+04 1.600000000000000000e+01 -2.400000000000000000e+01 -1.024000000000000000e+03
1.586100000000000000e+04 2.400000000000000000e+01 -3.200000000000000000e+01 -1.040000000000000000e+03
1.589300000000000000e+04 1.600000000000000000e+01 -2.400000000000000000e+01 -1.032000000000000000e+03
1.593300000000000000e+04 1.600000000000000000e+01 -4.000000000000000000e+01 -1.032000000000000000e+03
1.597300000000000000e+04 2.400000000000000000e+01 -2.400000000000000000e+01 -1.040000000000000000e+03
1.601300000000000000e+04 2.400000000000000000e+01 -8.000000000000000000e+00 -1.064000000000000000e+03
1.605300000000000000e+04 2.400000000000000000e+01 -2.400000000000000000e+01 -1.024000000000000000e+03
1.609300000000000000e+04 8.000000000000000000e+00 -1.600000000000000000e+01 -1.032000000000000000e+03
1.613300000000000000e+04 2.400000000000000000e+01 -2.400000000000000000e+01 -1.040000000000000000e+03
1.617300000000000000e+04 1.600000000000000000e+01 -1.600000000000000000e+01 -1.032000000000000000e+03
1.621300000000000000e+04 1.600000000000000000e+01 -2.400000000000000000e+01 -1.048000000000000000e+03
1.625300000000000000e+04 2.400000000000000000e+01 -2.400000000000000000e+01 -1.016000000000000000e+03
1.629300000000000000e+04 3.200000000000000000e+01 -1.600000000000000000e+01 -1.048000000000000000e+03
1.633300000000000000e+04 2.400000000000000000e+01 -2.400000000000000000e+01 -1.024000000000000000e+03
1.637300000000000000e+04 2.400000000000000000e+01 -3.200000000000000000e+01 -1.008000000000000000e+03
1.641300000000000000e+04 2.400000000000000000e+01 -3.200000000000000000e+01 -1.024000000000000000e+03
1.645300000000000000e+04 2.400000000000000000e+01 -2.400000000000000000e+01 -1.032000000000000000e+03
1.649300000000000000e+04 8.000000000000000000e+00 -2.400000000000000000e+01 -1.048000000000000000e+03
1.653300000000000000e+04 1.600000000000000000e+01 -2.400000000000000000e+01 -1.024000000000000000e+03
1.657300000000000000e+04 2.400000000000000000e+01 -3.200000000000000000e+01 -1.048000000000000000e+03
1.661300000000000000e+04 1.600000000000000000e+01 -3.200000000000000000e+01 -1.024000000000000000e+03
1.665300000000000000e+04 2.400000000000000000e+01 -2.400000000000000000e+01 -1.040000000000000000e+03
1.669300000000000000e+04 2.400000000000000000e+01 -2.400000000000000000e+01 -1.056000000000000000e+03
1.673300000000000000e+04 1.600000000000000000e+01 -2.400000000000000000e+01 -1.040000000000000000e+03
1.677300000000000000e+04 1.600000000000000000e+01 -2.400000000000000000e+01 -1.056000000000000000e+03
1.681300000000000000e+04 1.600000000000000000e+01 -2.400000000000000000e+01 -1.040000000000000000e+03
1.685300000000000000e+04 1.600000000000000000e+01 -3.200000000000000000e+01 -1.056000000000000000e+03
1.688500000000000000e+04 0.000000000000000000e+00 -1.600000000000000000e+01 -1.032000000000000000e+03
1.692500000000000000e+04 8.000000000000000000e+00 -2.400000000000000000e+01 -1.032000000000000000e+03
1.696500000000000000e+04 2.400000000000000000e+01 -2.400000000000000000e+01 -1.032000000000000000e+03
1.700500000000000000e+04 2.400000000000000000e+01 -2.400000000000000000e+01 -1.008000000000000000e+03
1.704500000000000000e+04 3.200000000000000000e+01 -2.400000000000000000e+01 -1.040000000000000000e+03
1.708500000000000000e+04 2.400000000000000000e+01 -3.200000000000000000e+01 -1.056000000000000000e+03
1.712500000000000000e+04 1.600000000000000000e+01 -3.200000000000000000e+01 -1.000000000000000000e+03
1.716500000000000000e+04 2.400000000000000000e+01 -2.400000000000000000e+01 -1.040000000000000000e+03
1.720500000000000000e+04 2.400000000000000000e+01 -3.200000000000000000e+01 -1.032000000000000000e+03
1.724500000000000000e+04 1.600000000000000000e+01 -2.400000000000000000e+01 -1.032000000000000000e+03
1.728500000000000000e+04 8.000000000000000000e+00 -3.200000000000000000e+01 -1.048000000000000000e+03
1.732500000000000000e+04 1.600000000000000000e+01 -3.200000000000000000e+01 -1.040000000000000000e+03
1.736500000000000000e+04 2.400000000000000000e+01 -2.400000000000000000e+01 -1.032000000000000000e+03
1.740500000000000000e+04 2.400000000000000000e+01 -3.200000000000000000e+01 -1.040000000000000000e+03
1.744500000000000000e+04 2.400000000000000000e+01 -2.400000000000000000e+01 -1.024000000000000000e+03
1.748500000000000000e+04 2.400000000000000000e+01 -3.200000000000000000e+01 -1.032000000000000000e+03
1.752500000000000000e+04 1.600000000000000000e+01 -2.400000000000000000e+01 -1.024000000000000000e+03
1.756500000000000000e+04 1.600000000000000000e+01 -2.400000000000000000e+01 -1.056000000000000000e+03
1.760500000000000000e+04 8.000000000000000000e+00 -2.400000000000000000e+01 -1.024000000000000000e+03
1.764500000000000000e+04 8.000000000000000000e+00 -2.400000000000000000e+01 -1.024000000000000000e+03
1.768500000000000000e+04 1.600000000000000000e+01 -2.400000000000000000e+01 -9.920000000000000000e+02
1.772500000000000000e+04 1.600000000000000000e+01 -2.400000000000000000e+01 -1.024000000000000000e+03
1.776500000000000000e+04 1.600000000000000000e+01 -2.400000000000000000e+01 -1.072000000000000000e+03
1.780500000000000000e+04 2.400000000000000000e+01 -2.400000000000000000e+01 -1.032000000000000000e+03
1.784500000000000000e+04 1.600000000000000000e+01 -2.400000000000000000e+01 -1.048000000000000000e+03
1.787600000000000000e+04 8.000000000000000000e+00 -2.400000000000000000e+01 -1.032000000000000000e+03
1.791600000000000000e+04 2.400000000000000000e+01 -1.600000000000000000e+01 -1.016000000000000000e+03
1.795600000000000000e+04 1.600000000000000000e+01 8.000000000000000000e+00 -1.032000000000000000e+03
1.799600000000000000e+04 1.600000000000000000e+01 0.000000000000000000e+00 -1.040000000000000000e+03
1.803600000000000000e+04 8.000000000000000000e+00 -1.600000000000000000e+01 -1.024000000000000000e+03
1.807600000000000000e+04 8.000000000000000000e+00 -1.600000000000000000e+01 -1.032000000000000000e+03
1.811600000000000000e+04 1.600000000000000000e+01 -2.400000000000000000e+01 -1.024000000000000000e+03
1.815600000000000000e+04 2.400000000000000000e+01 -2.400000000000000000e+01 -1.040000000000000000e+03
1.819600000000000000e+04 1.600000000000000000e+01 -1.600000000000000000e+01 -1.016000000000000000e+03
1.823600000000000000e+04 1.600000000000000000e+01 -1.600000000000000000e+01 -1.024000000000000000e+03
1.827600000000000000e+04 1.600000000000000000e+01 -2.400000000000000000e+01 -1.016000000000000000e+03
1.831600000000000000e+04 1.600000000000000000e+01 -2.400000000000000000e+01 -1.016000000000000000e+03
1.835600000000000000e+04 1.600000000000000000e+01 -2.400000000000000000e+01 -1.016000000000000000e+03
1.839600000000000000e+04 8.000000000000000000e+00 -2.400000000000000000e+01 -1.040000000000000000e+03
1.843600000000000000e+04 2.400000000000000000e+01 -3.200000000000000000e+01 -1.024000000000000000e+03
1.847600000000000000e+04 2.400000000000000000e+01 -3.200000000000000000e+01 -1.032000000000000000e+03
1.851600000000000000e+04 2.400000000000000000e+01 -1.600000000000000000e+01 -1.024000000000000000e+03
1.855600000000000000e+04 2.400000000000000000e+01 -1.600000000000000000e+01 -1.024000000000000000e+03
1.859600000000000000e+04 2.400000000000000000e+01 -2.400000000000000000e+01 -1.024000000000000000e+03
1.863600000000000000e+04 1.600000000000000000e+01 -2.400000000000000000e+01 -1.008000000000000000e+03
1.867600000000000000e+04 1.600000000000000000e+01 -2.400000000000000000e+01 -1.016000000000000000e+03
1.871600000000000000e+04 1.600000000000000000e+01 -2.400000000000000000e+01 -1.016000000000000000e+03
1.875600000000000000e+04 1.600000000000000000e+01 -2.400000000000000000e+01 -1.024000000000000000e+03
1.879600000000000000e+04 1.600000000000000000e+01 -2.400000000000000000e+01 -1.040000000000000000e+03
1.883600000000000000e+04 0.000000000000000000e+00 -3.200000000000000000e+01 -1.016000000000000000e+03
1.886700000000000000e+04 8.000000000000000000e+00 -3.200000000000000000e+01 -1.040000000000000000e+03
1.890700000000000000e+04 1.600000000000000000e+01 -2.400000000000000000e+01 -1.016000000000000000e+03
1.894700000000000000e+04 4.000000000000000000e+01 -1.600000000000000000e+01 -1.056000000000000000e+03
1.898700000000000000e+04 2.400000000000000000e+01 -8.000000000000000000e+00 -1.024000000000000000e+03
1.902700000000000000e+04 2.400000000000000000e+01 -1.600000000000000000e+01 -1.016000000000000000e+03
1.906700000000000000e+04 2.400000000000000000e+01 -1.600000000000000000e+01 -1.032000000000000000e+03
1.910700000000000000e+04 1.600000000000000000e+01 -1.600000000000000000e+01 -1.024000000000000000e+03
1.914700000000000000e+04 2.400000000000000000e+01 -2.400000000000000000e+01 -1.040000000000000000e+03
1.918700000000000000e+04 2.400000000000000000e+01 -1.600000000000000000e+01 -1.040000000000000000e+03
1.922700000000000000e+04 1.600000000000000000e+01 -1.600000000000000000e+01 -1.032000000000000000e+03
1.926700000000000000e+04 1.600000000000000000e+01 -2.400000000000000000e+01 -1.024000000000000000e+03
1.930700000000000000e+04 1.600000000000000000e+01 -3.200000000000000000e+01 -1.040000000000000000e+03
1.934700000000000000e+04 2.400000000000000000e+01 -2.400000000000000000e+01 -1.032000000000000000e+03
1.938700000000000000e+04 1.600000000000000000e+01 -2.400000000000000000e+01 -1.048000000000000000e+03
1.942700000000000000e+04 3.200000000000000000e+01 -1.600000000000000000e+01 -1.032000000000000000e+03
1.946700000000000000e+04 2.400000000000000000e+01 -2.400000000000000000e+01 -1.032000000000000000e+03
1.950700000000000000e+04 2.400000000000000000e+01 -1.600000000000000000e+01 -1.032000000000000000e+03
1.954700000000000000e+04 2.400000000000000000e+01 -2.400000000000000000e+01 -1.040000000000000000e+03
1.958700000000000000e+04 2.400000000000000000e+01 -2.400000000000000000e+01 -1.024000000000000000e+03
1.962700000000000000e+04 2.400000000000000000e+01 -2.400000000000000000e+01 -1.024000000000000000e+03
1.966700000000000000e+04 2.400000000000000000e+01 -1.600000000000000000e+01 -1.040000000000000000e+03
1.970700000000000000e+04 2.400000000000000000e+01 -1.600000000000000000e+01 -1.032000000000000000e+03
1.974700000000000000e+04 2.400000000000000000e+01 -1.600000000000000000e+01 -1.040000000000000000e+03
1.978700000000000000e+04 1.600000000000000000e+01 -3.200000000000000000e+01 -1.024000000000000000e+03
1.982700000000000000e+04 1.600000000000000000e+01 -3.200000000000000000e+01 -1.040000000000000000e+03
1.985900000000000000e+04 1.600000000000000000e+01 -2.400000000000000000e+01 -1.032000000000000000e+03
1.989900000000000000e+04 8.000000000000000000e+00 -3.200000000000000000e+01 -1.032000000000000000e+03
1.993900000000000000e+04 2.400000000000000000e+01 -2.400000000000000000e+01 -1.016000000000000000e+03
1.997900000000000000e+04 1.600000000000000000e+01 -1.600000000000000000e+01 -1.056000000000000000e+03
2.001900000000000000e+04 2.400000000000000000e+01 -2.400000000000000000e+01 -1.016000000000000000e+03
2.005900000000000000e+04 1.600000000000000000e+01 -1.600000000000000000e+01 -1.032000000000000000e+03
2.009900000000000000e+04 1.600000000000000000e+01 -1.600000000000000000e+01 -1.032000000000000000e+03
2.013900000000000000e+04 1.600000000000000000e+01 -3.200000000000000000e+01 -1.024000000000000000e+03
2.017900000000000000e+04 8.000000000000000000e+00 -3.200000000000000000e+01 -1.024000000000000000e+03
2.021900000000000000e+04 8.000000000000000000e+00 -2.400000000000000000e+01 -1.040000000000000000e+03
2.025900000000000000e+04 8.000000000000000000e+00 -3.200000000000000000e+01 -1.032000000000000000e+03
2.029900000000000000e+04 1.600000000000000000e+01 -3.200000000000000000e+01 -1.032000000000000000e+03
2.033900000000000000e+04 1.600000000000000000e+01 -2.400000000000000000e+01 -1.008000000000000000e+03
2.037900000000000000e+04 1.600000000000000000e+01 -2.400000000000000000e+01 -1.032000000000000000e+03
2.041900000000000000e+04 2.400000000000000000e+01 -1.600000000000000000e+01 -1.032000000000000000e+03
2.045900000000000000e+04 2.400000000000000000e+01 -1.600000000000000000e+01 -1.040000000000000000e+03
2.049900000000000000e+04 2.400000000000000000e+01 -1.600000000000000000e+01 -1.024000000000000000e+03
2.053900000000000000e+04 2.400000000000000000e+01 -1.600000000000000000e+01 -1.024000000000000000e+03
2.057900000000000000e+04 2.400000000000000000e+01 -2.400000000000000000e+01 -1.024000000000000000e+03
2.061900000000000000e+04 2.400000000000000000e+01 -2.400000000000000000e+01 -1.032000000000000000e+03
2.065900000000000000e+04 2.400000000000000000e+01 -1.600000000000000000e+01 -1.032000000000000000e+03
2.069900000000000000e+04 2.400000000000000000e+01 -1.600000000000000000e+01 -1.024000000000000000e+03
2.073900000000000000e+04 1.600000000000000000e+01 -1.600000000000000000e+01 -1.032000000000000000e+03
2.077900000000000000e+04 8.000000000000000000e+00 -2.400000000000000000e+01 -1.016000000000000000e+03
2.081900000000000000e+04 8.000000000000000000e+00 -2.400000000000000000e+01 -1.016000000000000000e+03
