2.500000000000000000e+01 -8.000000000000000000e+00 5.760000000000000000e+02 -8.320000000000000000e+02
6.500000000000000000e+01 -1.840000000000000000e+02 8.560000000000000000e+02 -7.840000000000000000e+02
1.050000000000000000e+02 -2.320000000000000000e+02 8.720000000000000000e+02 -7.520000000000000000e+02
1.450000000000000000e+02 -3.120000000000000000e+02 8.560000000000000000e+02 -6.560000000000000000e+02
1.850000000000000000e+02 -3.360000000000000000e+02 7.920000000000000000e+02 -6.400000000000000000e+02
2.250000000000000000e+02 -4.000000000000000000e+02 7.040000000000000000e+02 -6.160000000000000000e+02
2.650000000000000000e+02 -4.640000000000000000e+02 6.320000000000000000e+02 -5.440000000000000000e+02
3.050000000000000000e+02 -5.120000000000000000e+02 5.840000000000000000e+02 -4.720000000000000000e+02
3.450000000000000000e+02 -5.520000000000000000e+02 4.880000000000000000e+02 -3.920000000000000000e+02
3.850000000000000000e+02 -6.320000000000000000e+02 4.800000000000000000e+02 -3.760000000000000000e+02
4.250000000000000000e+02 -6.720000000000000000e+02 4.400000000000000000e+02 -3.440000000000000000e+02
4.650000000000000000e+02 -6.960000000000000000e+02 3.680000000000000000e+02 -2.400000000000000000e+02
5.050000000000000000e+02 -7.360000000000000000e+02 4.240000000000000000e+02 -2.720000000000000000e+02
5.450000000000000000e+02 -8.240000000000000000e+02 5.040000000000000000e+02 -2.560000000000000000e+02
5.850000000000000000e+02 -8.400000000000000000e+02 4.400000000000000000e+02 -1.680000000000000000e+02
6.250000000000000000e+02 -8.800000000000000000e+02 4.080000000000000000e+02 -2.880000000000000000e+02
6.650000000000000000e+02 -9.040000000000000000e+02 3.280000000000000000e+02 -3.600000000000000000e+02
7.050000000000000000e+02 -9.120000000000000000e+02 2.960000000000000000e+02 -2.960000000000000000e+02
7.450000000000000000e+02 -9.360000000000000000e+02 3.440000000000000000e+02 -1.680000000000000000e+02
7.850000000000000000e+02 -9.360000000000000000e+02 3.680000000000000000e+02 -1.360000000000000000e+02
8.250000000000000000e+02 -9.280000000000000000e+02 3.440000000000000000e+02 -2.560000000000000000e+02
8.650000000000000000e+02 -9.360000000000000000e+02 3.120000000000000000e+02 -2.320000000000000000e+02
9.050000000000000000e+02 -9.360000000000000000e+02 3.360000000000000000e+02 -2.480000000000000000e+02
9.450000000000000000e+02 -9.360000000000000000e+02 3.360000000000000000e+02 -2.480000000000000000e+02
9.850000000000000000e+02 -9.440000000000000000e+02 3.040000000000000000e+02 -2.400000000000000000e+02
1.019000000000000000e+03 -9.440000000000000000e+02 3.600000000000000000e+02 -2.320000000000000000e+02
1.059000000000000000e+03 -9.280000000000000000e+02 3.680000000000000000e+02 -2.320000000000000000e+02
1.099000000000000000e+03 -9.280000000000000000e+02 3.680000000000000000e+02 -2.800000000000000000e+02
1.139000000000000000e+03 -9.280000000000000000e+02 3.680000000000000000e+02 -2.960000000000000000e+02
1.179000000000000000e+03 -8.960000000000000000e+02 3.680000000000000000e+02 -3.280000000000000000e+02
1.219000000000000000e+03 -9.120000000000000000e+02 3.760000000000000000e+02 -2.160000000000000000e+02
1.259000000000000000e+03 -9.280000000000000000e+02 3.680000000000000000e+02 -2.080000000000000000e+02
1.299000000000000000e+03 -9.280000000000000000e+02 3.840000000000000000e+02 -2.000000000000000000e+02
1.339000000000000000e+03 -9.360000000000000000e+02 3.920000000000000000e+02 -2.000000000000000000e+02
1.379000000000000000e+03 -9.360000000000000000e+02 3.760000000000000000e+02 -1.840000000000000000e+02
1.419000000000000000e+03 -9.440000000000000000e+02 3.680000000000000000e+02 -1.600000000000000000e+02
1.459000000000000000e+03 -9.440000000000000000e+02 3.600000000000000000e+02 -1.520000000000000000e+02
1.499000000000000000e+03 -9.440000000000000000e+02 3.520000000000000000e+02 -1.200000000000000000e+02
1.539000000000000000e+03 -9.440000000000000000e+02 3.360000000000000000e+02 -2.240000000000000000e+02
1.579000000000000000e+03 -9.360000000000000000e+02 3.120000000000000000e+02 -2.320000000000000000e+02
1.619000000000000000e+03 -9.280000000000000000e+02 3.360000000000000000e+02 -1.920000000000000000e+02
1.659000000000000000e+03 -9.280000000000000000e+02 3.520000000000000000e+02 -1.920000000000000000e+02
1.699000000000000000e+03 -9.360000000000000000e+02 3.600000000000000000e+02 -1.920000000000000000e+02
1.739000000000000000e+03 -9.360000000000000000e+02 3.360000000000000000e+02 -2.560000000000000000e+02
1.779000000000000000e+03 -9.360000000000000000e+02 3.680000000000000000e+02 -2.000000000000000000e+02
1.819000000000000000e+03 -9.440000000000000000e+02 3.600000000000000000e+02 -1.600000000000000000e+02
1.859000000000000000e+03 -9.600000000000000000e+02 3.440000000000000000e+02 -1.680000000000000000e+02
1.899000000000000000e+03 -9.440000000000000000e+02 3.360000000000000000e+02 -1.440000000000000000e+02
1.939000000000000000e+03 -9.360000000000000000e+02 3.600000000000000000e+02 -2.000000000000000000e+02
1.979000000000000000e+03 -9.360000000000000000e+02 3.600000000000000000e+02 -1.840000000000000000e+02
2.011000000000000000e+03 -9.360000000000000000e+02 3.520000000000000000e+02 -2.000000000000000000e+02
2.051000000000000000e+03 -9.440000000000000000e+02 3.520000000000000000e+02 -1.920000000000000000e+02
2.091000000000000000e+03 -9.440000000000000000e+02 3.360000000000000000e+02 -1.920000000000000000e+02
2.131000000000000000e+03 -9.520000000000000000e+02 3.440000000000000000e+02 -1.920000000000000000e+02
2.171000000000000000e+03 -9.440000000000000000e+02 3.600000000000000000e+02 -1.680000000000000000e+02
2.211000000000000000e+03 -9.440000000000000000e+02 3.440000000000000000e+02 -1.840000000000000000e+02
2.251000000000000000e+03 -9.440000000000000000e+02 3.520000000000000000e+02 -2.240000000000000000e+02
2.291000000000000000e+03 -9.360000000000000000e+02 3.520000000000000000e+02 -2.480000000000000000e+02
2.331000000000000000e+03 -9.440000000000000000e+02 3.440000000000000000e+02 -2.240000000000000000e+02
2.371000000000000000e+03 -9.520000000000000000e+02 3.280000000000000000e+02 -2.000000000000000000e+02
2.411000000000000000e+03 -9.600000000000000000e+02 3.440000000000000000e+02 -2.320000000000000000e+02
2.451000000000000000e+03 -9.520000000000000000e+02 3.440000000000000000e+02 -2.480000000000000000e+02
2.491000000000000000e+03 -9.440000000000000000e+02 3.440000000000000000e+02 -2.080000000000000000e+02
2.531000000000000000e+03 -9.360000000000000000e+02 3.280000000000000000e+02 -2.320000000000000000e+02
2.571000000000000000e+03 -9.360000000000000000e+02 3.360000000000000000e+02 -2.400000000000000000e+02
2.611000000000000000e+03 -9.360000000000000000e+02 3.360000000000000000e+02 -2.640000000000000000e+02
2.651000000000000000e+03 -9.360000000000000000e+02 3.040000000000000000e+02 -2.240000000000000000e+02
2.691000000000000000e+03 -9.520000000000000000e+02 3.280000000000000000e+02 -2.800000000000000000e+02
2.731000000000000000e+03 -9.680000000000000000e+02 3.280000000000000000e+02 -2.400000000000000000e+02
2.771000000000000000e+03 -9.520000000000000000e+02 2.960000000000000000e+02 -2.640000000000000000e+02
2.811000000000000000e+03 -9.520000000000000000e+02 3.040000000000000000e+02 -2.560000000000000000e+02
2.851000000000000000e+03 -9.360000000000000000e+02 3.120000000000000000e+02 -2.640000000000000000e+02
2.891000000000000000e+03 -9.360000000000000000e+02 3.040000000000000000e+02 -2.480000000000000000e+02
2.931000000000000000e+03 -9.280000000000000000e+02 3.280000000000000000e+02 -2.480000000000000000e+02
2.971000000000000000e+03 -9.360000000000000000e+02 3.360000000000000000e+02 -2.320000000000000000e+02
3.003000000000000000e+03 -9.360000000000000000e+02 3.200000000000000000e+02 -2.560000000000000000e+02
3.043000000000000000e+03 -9.440000000000000000e+02 2.960000000000000000e+02 -2.480000000000000000e+02
3.083000000000000000e+03 -9.520000000000000000e+02 2.960000000000000000e+02 -2.560000000000000000e+02
3.123000000000000000e+03 -9.440000000000000000e+02 3.040000000000000000e+02 -2.400000000000000000e+02
3.163000000000000000e+03 -9.360000000000000000e+02 3.040000000000000000e+02 -2.160000000000000000e+02
3.203000000000000000e+03 -9.360000000000000000e+02 2.960000000000000000e+02 -2.880000000000000000e+02
3.243000000000000000e+03 -9.600000000000000000e+02 3.120000000000000000e+02 -2.560000000000000000e+02
3.283000000000000000e+03 -9.440000000000000000e+02 3.120000000000000000e+02 -2.800000000000000000e+02
3.323000000000000000e+03 -9.360000000000000000e+02 3.040000000000000000e+02 -2.720000000000000000e+02
3.363000000000000000e+03 -9.280000000000000000e+02 3.120000000000000000e+02 -2.240000000000000000e+02
3.403000000000000000e+03 -9.520000000000000000e+02 3.360000000000000000e+02 -2.800000000000000000e+02
3.443000000000000000e+03 -9.520000000000000000e+02 3.360000000000000000e+02 -2.640000000000000000e+02
3.483000000000000000e+03 -9.440000000000000000e+02 3.360000000000000000e+02 -2.480000000000000000e+02
3.523000000000000000e+03 -9.520000000000000000e+02 3.280000000000000000e+02 -2.800000000000000000e+02
3.563000000000000000e+03 -9.280000000000000000e+02 3.280000000000000000e+02 -2.560000000000000000e+02
3.603000000000000000e+03 -9.200000000000000000e+02 3.200000000000000000e+02 -2.880000000000000000e+02
3.643000000000000000e+03 -9.280000000000000000e+02 3.280000000000000000e+02 -2.880000000000000000e+02
3.683000000000000000e+03 -9.360000000000000000e+02 3.280000000000000000e+02 -2.320000000000000000e+02
3.723000000000000000e+03 -9.360000000000000000e+02 3.280000000000000000e+02 -2.800000000000000000e+02
3.763000000000000000e+03 -9.360000000000000000e+02 3.280000000000000000e+02 -3.120000000000000000e+02
3.803000000000000000e+03 -9.280000000000000000e+02 3.280000000000000000e+02 -2.720000000000000000e+02
3.843000000000000000e+03 -9.520000000000000000e+02 3.280000000000000000e+02 -2.880000000000000000e+02
3.883000000000000000e+03 -9.440000000000000000e+02 3.280000000000000000e+02 -2.640000000000000000e+02
3.923000000000000000e+03 -9.440000000000000000e+02 3.280000000000000000e+02 -2.480000000000000000e+02
3.963000000000000000e+03 -9.440000000000000000e+02 3.200000000000000000e+02 -2.560000000000000000e+02
3.994000000000000000e+03 -9.360000000000000000e+02 3.200000000000000000e+02 -2.320000000000000000e+02
4.034000000000000000e+03 -9.200000000000000000e+02 3.200000000000000000e+02 -2.640000000000000000e+02
4.074000000000000000e+03 -8.800000000000000000e+02 3.360000000000000000e+02 -2.080000000000000000e+02
4.114000000000000000e+03 -9.120000000000000000e+02 3.200000000000000000e+02 -2.640000000000000000e+02
4.154000000000000000e+03 -9.120000000000000000e+02 3.280000000000000000e+02 -2.720000000000000000e+02
4.194000000000000000e+03 -9.280000000000000000e+02 3.200000000000000000e+02 -2.880000000000000000e+02
4.234000000000000000e+03 -9.280000000000000000e+02 3.200000000000000000e+02 -2.640000000000000000e+02
4.274000000000000000e+03 -9.360000000000000000e+02 3.280000000000000000e+02 -2.560000000000000000e+02
4.314000000000000000e+03 -9.360000000000000000e+02 3.440000000000000000e+02 -2.560000000000000000e+02
4.354000000000000000e+03 -9.200000000000000000e+02 3.360000000000000000e+02 -2.400000000000000000e+02
4.394000000000000000e+03 -9.200000000000000000e+02 3.280000000000000000e+02 -2.320000000000000000e+02
4.434000000000000000e+03 -9.280000000000000000e+02 3.440000000000000000e+02 -2.240000000000000000e+02
4.474000000000000000e+03 -9.360000000000000000e+02 3.280000000000000000e+02 -2.400000000000000000e+02
4.514000000000000000e+03 -9.360000000000000000e+02 3.280000000000000000e+02 -2.320000000000000000e+02
4.554000000000000000e+03 -9.440000000000000000e+02 3.120000000000000000e+02 -2.640000000000000000e+02
4.594000000000000000e+03 -9.520000000000000000e+02 2.960000000000000000e+02 -2.640000000000000000e+02
4.634000000000000000e+03 -9.440000000000000000e+02 2.960000000000000000e+02 -2.400000000000000000e+02
4.674000000000000000e+03 -9.440000000000000000e+02 3.120000000000000000e+02 -2.560000000000000000e+02
4.714000000000000000e+03 -9.280000000000000000e+02 3.120000000000000000e+02 -2.560000000000000000e+02
4.754000000000000000e+03 -8.960000000000000000e+02 3.200000000000000000e+02 -2.560000000000000000e+02
4.794000000000000000e+03 -9.120000000000000000e+02 3.200000000000000000e+02 -2.800000000000000000e+02
4.834000000000000000e+03 -9.280000000000000000e+02 3.280000000000000000e+02 -2.400000000000000000e+02
4.874000000000000000e+03 -9.280000000000000000e+02 3.200000000000000000e+02 -2.400000000000000000e+02
4.914000000000000000e+03 -9.440000000000000000e+02 3.200000000000000000e+02 -2.720000000000000000e+02
4.954000000000000000e+03 -9.440000000000000000e+02 3.200000000000000000e+02 -2.400000000000000000e+02
4.986000000000000000e+03 -9.440000000000000000e+02 3.200000000000000000e+02 -2.480000000000000000e+02
5.026000000000000000e+03 -9.440000000000000000e+02 3.360000000000000000e+02 -2.720000000000000000e+02
5.066000000000000000e+03 -9.120000000000000000e+02 3.440000000000000000e+02 -2.400000000000000000e+02
5.106000000000000000e+03 -9.520000000000000000e+02 3.440000000000000000e+02 -2.160000000000000000e+02
5.146000000000000000e+03 -9.520000000000000000e+02 3.280000000000000000e+02 -2.480000000000000000e+02
5.186000000000000000e+03 -9.360000000000000000e+02 2.880000000000000000e+02 -2.640000000000000000e+02
5.226000000000000000e+03 -9.440000000000000000e+02 3.040000000000000000e+02 -2.720000000000000000e+02
5.266000000000000000e+03 -9.360000000000000000e+02 3.120000000000000000e+02 -2.560000000000000000e+02
5.306000000000000000e+03 -9.360000000000000000e+02 3.120000000000000000e+02 -2.320000000000000000e+02
5.346000000000000000e+03 -9.440000000000000000e+02 3.200000000000000000e+02 -3.200000000000000000e+02
5.386000000000000000e+03 -9.440000000000000000e+02 3.120000000000000000e+02 -2.560000000000000000e+02
5.426000000000000000e+03 -9.520000000000000000e+02 3.120000000000000000e+02 -2.640000000000000000e+02
5.466000000000000000e+03 -9.440000000000000000e+02 3.200000000000000000e+02 -2.160000000000000000e+02
5.506000000000000000e+03 -9.440000000000000000e+02 3.120000000000000000e+02 -2.720000000000000000e+02
5.546000000000000000e+03 -9.520000000000000000e+02 3.280000000000000000e+02 -2.640000000000000000e+02
5.586000000000000000e+03 -9.520000000000000000e+02 3.200000000000000000e+02 -2.640000000000000000e+02
5.626000000000000000e+03 -9.600000000000000000e+02 3.120000000000000000e+02 -2.160000000000000000e+02
5.666000000000000000e+03 -9.520000000000000000e+02 3.120000000000000000e+02 -2.480000000000000000e+02
5.706000000000000000e+03 -9.440000000000000000e+02 3.200000000000000000e+02 -2.480000000000000000e+02
5.746000000000000000e+03 -9.520000000000000000e+02 3.120000000000000000e+02 -2.640000000000000000e+02
5.786000000000000000e+03 -9.440000000000000000e+02 3.200000000000000000e+02 -2.560000000000000000e+02
5.826000000000000000e+03 -9.280000000000000000e+02 3.200000000000000000e+02 -2.400000000000000000e+02
5.866000000000000000e+03 -9.360000000000000000e+02 3.200000000000000000e+02 -2.720000000000000000e+02
5.906000000000000000e+03 -9.360000000000000000e+02 3.200000000000000000e+02 -2.480000000000000000e+02
5.946000000000000000e+03 -9.280000000000000000e+02 3.120000000000000000e+02 -2.160000000000000000e+02
5.977000000000000000e+03 -9.360000000000000000e+02 3.280000000000000000e+02 -2.480000000000000000e+02
6.017000000000000000e+03 -9.360000000000000000e+02 3.280000000000000000e+02 -2.240000000000000000e+02
6.057000000000000000e+03 -9.200000000000000000e+02 3.120000000000000000e+02 -2.240000000000000000e+02
6.097000000000000000e+03 -9.280000000000000000e+02 3.200000000000000000e+02 -2.080000000000000000e+02
6.137000000000000000e+03 -9.360000000000000000e+02 3.280000000000000000e+02 -2.480000000000000000e+02
6.177000000000000000e+03 -9.440000000000000000e+02 3.120000000000000000e+02 -2.240000000000000000e+02
6.217000000000000000e+03 -9.520000000000000000e+02 3.200000000000000000e+02 -2.640000000000000000e+02
6.257000000000000000e+03 -9.440000000000000000e+02 3.280000000000000000e+02 -2.000000000000000000e+02
6.297000000000000000e+03 -9.440000000000000000e+02 3.200000000000000000e+02 -2.640000000000000000e+02
6.337000000000000000e+03 -9.360000000000000000e+02 3.040000000000000000e+02 -2.400000000000000000e+02
6.377000000000000000e+03 -9.360000000000000000e+02 2.960000000000000000e+02 -2.160000000000000000e+02
6.417000000000000000e+03 -9.280000000000000000e+02 3.040000000000000000e+02 -2.400000000000000000e+02
6.457000000000000000e+03 -9.520000000000000000e+02 3.120000000000000000e+02 -2.640000000000000000e+02
6.497000000000000000e+03 -9.440000000000000000e+02 3.280000000000000000e+02 -2.160000000000000000e+02
6.537000000000000000e+03 -9.600000000000000000e+02 3.280000000000000000e+02 -2.560000000000000000e+02
6.577000000000000000e+03 -9.520000000000000000e+02 3.200000000000000000e+02 -2.640000000000000000e+02
6.617000000000000000e+03 -9.520000000000000000e+02 3.280000000000000000e+02 -2.320000000000000000e+02
6.657000000000000000e+03 -9.440000000000000000e+02 3.200000000000000000e+02 -2.640000000000000000e+02
6.697000000000000000e+03 -9.440000000000000000e+02 3.200000000000000000e+02 -2.480000000000000000e+02
6.737000000000000000e+03 -9.440000000000000000e+02 3.200000000000000000e+02 -2.480000000000000000e+02
6.777000000000000000e+03 -9.360000000000000000e+02 3.120000000000000000e+02 -2.480000000000000000e+02
6.817000000000000000e+03 -9.360000000000000000e+02 3.120000000000000000e+02 -2.640000000000000000e+02
6.857000000000000000e+03 -9.360000000000000000e+02 3.120000000000000000e+02 -2.480000000000000000e+02
6.897000000000000000e+03 -9.440000000000000000e+02 3.200000000000000000e+02 -2.560000000000000000e+02
6.937000000000000000e+03 -9.520000000000000000e+02 3.520000000000000000e+02 -2.480000000000000000e+02
6.970000000000000000e+03 -9.520000000000000000e+02 3.440000000000000000e+02 -2.640000000000000000e+02
7.010000000000000000e+03 -9.440000000000000000e+02 3.360000000000000000e+02 -2.480000000000000000e+02
7.050000000000000000e+03 -9.360000000000000000e+02 3.280000000000000000e+02 -2.720000000000000000e+02
7.090000000000000000e+03 -9.440000000000000000e+02 3.200000000000000000e+02 -2.560000000000000000e+02
7.130000000000000000e+03 -9.440000000000000000e+02 3.280000000000000000e+02 -2.640000000000000000e+02
7.170000000000000000e+03 -9.440000000000000000e+02 3.280000000000000000e+02 -2.400000000000000000e+02
7.210000000000000000e+03 -9.440000000000000000e+02 3.200000000000000000e+02 -2.400000000000000000e+02
7.250000000000000000e+03 -9.280000000000000000e+02 3.200000000000000000e+02 -2.480000000000000000e+02
7.290000000000000000e+03 -9.360000000000000000e+02 3.200000000000000000e+02 -2.400000000000000000e+02
7.330000000000000000e+03 -9.360000000000000000e+02 3.200000000000000000e+02 -2.640000000000000000e+02
7.370000000000000000e+03 -9.360000000000000000e+02 3.200000000000000000e+02 -2.560000000000000000e+02
7.410000000000000000e+03 -9.360000000000000000e+02 3.200000000000000000e+02 -2.560000000000000000e+02
7.450000000000000000e+03 -9.360000000000000000e+02 3.200000000000000000e+02 -2.320000000000000000e+02
7.490000000000000000e+03 -9.520000000000000000e+02 3.200000000000000000e+02 -2.240000000000000000e+02
7.530000000000000000e+03 -9.520000000000000000e+02 3.440000000000000000e+02 -2.560000000000000000e+02
7.570000000000000000e+03 -9.440000000000000000e+02 3.280000000000000000e+02 -2.560000000000000000e+02
7.610000000000000000e+03 -9.360000000000000000e+02 3.200000000000000000e+02 -2.320000000000000000e+02
7.650000000000000000e+03 -9.440000000000000000e+02 3.200000000000000000e+02 -2.960000000000000000e+02
7.690000000000000000e+03 -9.600000000000000000e+02 3.200000000000000000e+02 -2.400000000000000000e+02
7.730000000000000000e+03 -9.520000000000000000e+02 3.200000000000000000e+02 -2.560000000000000000e+02
7.770000000000000000e+03 -9.600000000000000000e+02 3.200000000000000000e+02 -2.400000000000000000e+02
7.810000000000000000e+03 -9.520000000000000000e+02 3.280000000000000000e+02 -2.480000000000000000e+02
7.850000000000000000e+03 -9.440000000000000000e+02 3.440000000000000000e+02 -2.320000000000000000e+02
7.890000000000000000e+03 -9.520000000000000000e+02 3.520000000000000000e+02 -2.160000000000000000e+02
7.930000000000000000e+03 -9.520000000000000000e+02 3.360000000000000000e+02 -2.400000000000000000e+02
7.961000000000000000e+03 -9.440000000000000000e+02 3.280000000000000000e+02 -3.280000000000000000e+02
8.001000000000000000e+03 -9.200000000000000000e+02 3.200000000000000000e+02 -2.400000000000000000e+02
8.041000000000000000e+03 -9.600000000000000000e+02 3.200000000000000000e+02 -2.000000000000000000e+02
8.081000000000000000e+03 -9.440000000000000000e+02 3.200000000000000000e+02 -2.640000000000000000e+02
8.121000000000000000e+03 -9.520000000000000000e+02 3.440000000000000000e+02 -2.400000000000000000e+02
8.161000000000000000e+03 -9.440000000000000000e+02 3.360000000000000000e+02 -2.400000000000000000e+02
8.201000000000000000e+03 -9.280000000000000000e+02 3.280000000000000000e+02 -2.560000000000000000e+02
8.241000000000000000e+03 -9.280000000000000000e+02 3.280000000000000000e+02 -2.480000000000000000e+02
8.281000000000000000e+03 -9.440000000000000000e+02 3.200000000000000000e+02 -2.480000000000000000e+02
8.321000000000000000e+03 -9.360000000000000000e+02 3.280000000000000000e+02 -1.920000000000000000e+02
8.361000000000000000e+03 -9.760000000000000000e+02 3.200000000000000000e+02 -2.480000000000000000e+02
8.401000000000000000e+03 -9.520000000000000000e+02 3.280000000000000000e+02 -2.560000000000000000e+02
8.441000000000000000e+03 -9.280000000000000000e+02 3.200000000000000000e+02 -3.040000000000000000e+02
8.481000000000000000e+03 -9.280000000000000000e+02 3.280000000000000000e+02 -2.720000000000000000e+02
8.521000000000000000e+03 -9.280000000000000000e+02 3.200000000000000000e+02 -2.400000000000000000e+02
8.561000000000000000e+03 -9.360000000000000000e+02 3.280000000000000000e+02 -2.800000000000000000e+02
8.601000000000000000e+03 -9.440000000000000000e+02 3.280000000000000000e+02 -2.240000000000000000e+02
8.641000000000000000e+03 -9.440000000000000000e+02 3.280000000000000000e+02 -2.560000000000000000e+02
8.681000000000000000e+03 -9.360000000000000000e+02 3.280000000000000000e+02 -2.320000000000000000e+02
8.721000000000000000e+03 -9.440000000000000000e+02 3.440000000000000000e+02 -2.480000000000000000e+02
8.761000000000000000e+03 -9.360000000000000000e+02 3.360000000000000000e+02 -2.320000000000000000e+02
8.801000000000000000e+03 -9.360000000000000000e+02 3.280000000000000000e+02 -2.320000000000000000e+02
8.841000000000000000e+03 -9.440000000000000000e+02 3.280000000000000000e+02 -2.560000000000000000e+02
8.881000000000000000e+03 -9.440000000000000000e+02 3.280000000000000000e+02 -2.640000000000000000e+02
8.921000000000000000e+03 -9.440000000000000000e+02 3.280000000000000000e+02 -2.560000000000000000e+02
8.953000000000000000e+03 -9.360000000000000000e+02 3.280000000000000000e+02 -2.560000000000000000e+02
8.993000000000000000e+03 -9.360000000000000000e+02 3.200000000000000000e+02 -2.640000000000000000e+02
9.033000000000000000e+03 -9.440000000000000000e+02 3.200000000000000000e+02 -2.160000000000000000e+02
9.073000000000000000e+03 -9.440000000000000000e+02 3.440000000000000000e+02 -2.560000000000000000e+02
9.113000000000000000e+03 -9.440000000000000000e+02 3.360000000000000000e+02 -2.560000000000000000e+02
9.153000000000000000e+03 -9.600000000000000000e+02 3.200000000000000000e+02 -2.560000000000000000e+02
9.193000000000000000e+03 -9.440000000000000000e+02 2.960000000000000000e+02 -2.960000000000000000e+02
9.233000000000000000e+03 -9.520000000000000000e+02 3.120000000000000000e+02 -2.560000000000000000e+02
9.273000000000000000e+03 -9.440000000000000000e+02 3.120000000000000000e+02 -2.560000000000000000e+02
9.313000000000000000e+03 -9.120000000000000000e+02 3.360000000000000000e+02 -2.080000000000000000e+02
9.353000000000000000e+03 -9.200000000000000000e+02 3.440000000000000000e+02 -2.720000000000000000e+02
9.393000000000000000e+03 -9.360000000000000000e+02 3.280000000000000000e+02 -2.720000000000000000e+02
9.433000000000000000e+03 -9.440000000000000000e+02 3.120000000000000000e+02 -2.960000000000000000e+02
9.473000000000000000e+03 -9.440000000000000000e+02 3.040000000000000000e+02 -2.880000000000000000e+02
9.513000000000000000e+03 -9.360000000000000000e+02 3.120000000000000000e+02 -2.480000000000000000e+02
9.553000000000000000e+03 -9.360000000000000000e+02 3.120000000000000000e+02 -2.240000000000000000e+02
9.593000000000000000e+03 -9.440000000000000000e+02 3.280000000000000000e+02 -2.480000000000000000e+02
9.633000000000000000e+03 -9.200000000000000000e+02 3.200000000000000000e+02 -2.560000000000000000e+02
9.673000000000000000e+03 -9.280000000000000000e+02 3.360000000000000000e+02 -2.480000000000000000e+02
9.713000000000000000e+03 -9.360000000000000000e+02 3.280000000000000000e+02 -2.240000000000000000e+02
9.753000000000000000e+03 -9.360000000000000000e+02 3.200000000000000000e+02 -2.480000000000000000e+02
9.793000000000000000e+03 -9.280000000000000000e+02 3.040000000000000000e+02 -2.320000000000000000e+02
9.833000000000000000e+03 -9.440000000000000000e+02 2.960000000000000000e+02 -2.480000000000000000e+02
9.873000000000000000e+03 -9.440000000000000000e+02 3.040000000000000000e+02 -2.320000000000000000e+02
9.913000000000000000e+03 -9.440000000000000000e+02 3.120000000000000000e+02 -2.480000000000000000e+02
9.944000000000000000e+03 -9.200000000000000000e+02 2.960000000000000000e+02 -2.880000000000000000e+02
9.984000000000000000e+03 -9.600000000000000000e+02 3.120000000000000000e+02 -2.640000000000000000e+02
1.002400000000000000e+04 -9.280000000000000000e+02 3.280000000000000000e+02 -2.640000000000000000e+02
1.006400000000000000e+04 -9.280000000000000000e+02 3.280000000000000000e+02 -2.560000000000000000e+02
1.010400000000000000e+04 -9.440000000000000000e+02 3.120000000000000000e+02 -2.560000000000000000e+02
1.014400000000000000e+04 -9.520000000000000000e+02 3.120000000000000000e+02 -2.320000000000000000e+02
1.018400000000000000e+04 -9.520000000000000000e+02 3.200000000000000000e+02 -2.320000000000000000e+02
1.022400000000000000e+04 -9.440000000000000000e+02 3.200000000000000000e+02 -2.640000000000000000e+02
1.026400000000000000e+04 -9.280000000000000000e+02 3.360000000000000000e+02 -2.560000000000000000e+02
1.030400000000000000e+04 -9.440000000000000000e+02 3.120000000000000000e+02 -2.320000000000000000e+02
1.034400000000000000e+04 -9.520000000000000000e+02 3.280000000000000000e+02 -1.920000000000000000e+02
1.038400000000000000e+04 -9.600000000000000000e+02 3.440000000000000000e+02 -2.480000000000000000e+02
1.042400000000000000e+04 -9.680000000000000000e+02 3.200000000000000000e+02 -2.080000000000000000e+02
1.046400000000000000e+04 -9.600000000000000000e+02 3.200000000000000000e+02 -2.400000000000000000e+02
1.050400000000000000e+04 -9.440000000000000000e+02 3.280000000000000000e+02 -2.880000000000000000e+02
1.054400000000000000e+04 -9.360000000000000000e+02 3.360000000000000000e+02 -2.080000000000000000e+02
1.058400000000000000e+04 -9.520000000000000000e+02 3.360000000000000000e+02 -2.240000000000000000e+02
1.062400000000000000e+04 -9.440000000000000000e+02 3.280000000000000000e+02 -2.240000000000000000e+02
1.066400000000000000e+04 -9.440000000000000000e+02 3.200000000000000000e+02 -2.720000000000000000e+02
1.070400000000000000e+04 -9.440000000000000000e+02 3.360000000000000000e+02 -2.800000000000000000e+02
1.074400000000000000e+04 -9.440000000000000000e+02 3.280000000000000000e+02 -2.400000000000000000e+02
1.078400000000000000e+04 -9.440000000000000000e+02 3.360000000000000000e+02 -2.400000000000000000e+02
1.082400000000000000e+04 -9.440000000000000000e+02 3.280000000000000000e+02 -2.240000000000000000e+02
1.086400000000000000e+04 -9.360000000000000000e+02 3.200000000000000000e+02 -2.240000000000000000e+02
1.090400000000000000e+04 -9.440000000000000000e+02 3.200000000000000000e+02 -2.480000000000000000e+02
1.093600000000000000e+04 -9.440000000000000000e+02 3.200000000000000000e+02 -2.480000000000000000e+02
1.097600000000000000e+04 -9.440000000000000000e+02 3.200000000000000000e+02 -2.560000000000000000e+02
1.101600000000000000e+04 -9.440000000000000000e+02 3.200000000000000000e+02 -2.480000000000000000e+02
1.105600000000000000e+04 -9.440000000000000000e+02 2.960000000000000000e+02 -2.240000000000000000e+02
1.109600000000000000e+04 -9.440000000000000000e+02 3.440000000000000000e+02 -2.480000000000000000e+02
1.113600000000000000e+04 -9.680000000000000000e+02 3.120000000000000000e+02 -2.560000000000000000e+02
1.117600000000000000e+04 -9.600000000000000000e+02 2.960000000000000000e+02 -2.560000000000000000e+02
1.121600000000000000e+04 -9.520000000000000000e+02 3.280000000000000000e+02 -2.240000000000000000e+02
1.125600000000000000e+04 -9.520000000000000000e+02 3.280000000000000000e+02 -2.400000000000000000e+02
1.129600000000000000e+04 -9.520000000000000000e+02 3.120000000000000000e+02 -2.720000000000000000e+02
1.133600000000000000e+04 -9.520000000000000000e+02 3.200000000000000000e+02 -2.320000000000000000e+02
1.137600000000000000e+04 -9.440000000000000000e+02 3.040000000000000000e+02 -2.480000000000000000e+02
1.141600000000000000e+04 -9.440000000000000000e+02 3.120000000000000000e+02 -2.400000000000000000e+02
1.145600000000000000e+04 -9.440000000000000000e+02 3.040000000000000000e+02 -2.800000000000000000e+02
1.149600000000000000e+04 -9.440000000000000000e+02 3.120000000000000000e+02 -2.480000000000000000e+02
1.153600000000000000e+04 -9.520000000000000000e+02 2.960000000000000000e+02 -2.400000000000000000e+02
1.157600000000000000e+04 -9.520000000000000000e+02 3.120000000000000000e+02 -2.640000000000000000e+02
1.161600000000000000e+04 -9.520000000000000000e+02 3.120000000000000000e+02 -2.400000000000000000e+02
1.165600000000000000e+04 -9.440000000000000000e+02 3.280000000000000000e+02 -2.160000000000000000e+02
1.169600000000000000e+04 -9.440000000000000000e+02 3.120000000000000000e+02 -2.560000000000000000e+02
1.173600000000000000e+04 -9.440000000000000000e+02 3.200000000000000000e+02 -2.560000000000000000e+02
1.177600000000000000e+04 -9.440000000000000000e+02 3.200000000000000000e+02 -2.160000000000000000e+02
1.181600000000000000e+04 -9.360000000000000000e+02 3.120000000000000000e+02 -2.800000000000000000e+02
1.185600000000000000e+04 -9.520000000000000000e+02 3.120000000000000000e+02 -2.160000000000000000e+02
1.189600000000000000e+04 -9.440000000000000000e+02 3.040000000000000000e+02 -2.400000000000000000e+02
1.192800000000000000e+04 -9.520000000000000000e+02 3.040000000000000000e+02 -2.400000000000000000e+02
1.196800000000000000e+04 -9.680000000000000000e+02 2.880000000000000000e+02 -2.160000000000000000e+02
1.200800000000000000e+04 -9.360000000000000000e+02 3.120000000000000000e+02 -1.920000000000000000e+02
1.204800000000000000e+04 -9.360000000000000000e+02 3.200000000000000000e+02 -2.960000000000000000e+02
1.208800000000000000e+04 -9.120000000000000000e+02 3.120000000000000000e+02 -2.640000000000000000e+02
1.212800000000000000e+04 -9.280000000000000000e+02 3.120000000000000000e+02 -2.400000000000000000e+02
1.216800000000000000e+04 -9.360000000000000000e+02 3.120000000000000000e+02 -2.320000000000000000e+02
1.220800000000000000e+04 -9.360000000000000000e+02 3.120000000000000000e+02 -2.320000000000000000e+02
1.224800000000000000e+04 -9.440000000000000000e+02 3.040000000000000000e+02 -2.560000000000000000e+02
1.228800000000000000e+04 -9.360000000000000000e+02 2.960000000000000000e+02 -2.480000000000000000e+02
1.232800000000000000e+04 -9.440000000000000000e+02 3.040000000000000000e+02 -2.480000000000000000e+02
1.236800000000000000e+04 -9.520000000000000000e+02 2.880000000000000000e+02 -2.560000000000000000e+02
1.240800000000000000e+04 -9.440000000000000000e+02 2.880000000000000000e+02 -2.480000000000000000e+02
1.244800000000000000e+04 -9.280000000000000000e+02 3.040000000000000000e+02 -2.400000000000000000e+02
1.248800000000000000e+04 -9.280000000000000000e+02 3.120000000000000000e+02 -2.560000000000000000e+02
1.252800000000000000e+04 -9.360000000000000000e+02 3.120000000000000000e+02 -2.400000000000000000e+02
1.256800000000000000e+04 -9.440000000000000000e+02 3.040000000000000000e+02 -2.560000000000000000e+02
1.260800000000000000e+04 -9.440000000000000000e+02 3.120000000000000000e+02 -2.560000000000000000e+02
1.264800000000000000e+04 -9.360000000000000000e+02 3.120000000000000000e+02 -2.560000000000000000e+02
1.268800000000000000e+04 -9.440000000000000000e+02 3.280000000000000000e+02 -2.400000000000000000e+02
1.272800000000000000e+04 -9.440000000000000000e+02 3.200000000000000000e+02 -2.480000000000000000e+02
1.276800000000000000e+04 -9.360000000000000000e+02 3.200000000000000000e+02 -2.480000000000000000e+02
1.280800000000000000e+04 -9.440000000000000000e+02 3.280000000000000000e+02 -2.480000000000000000e+02
1.284800000000000000e+04 -9.440000000000000000e+02 3.200000000000000000e+02 -2.480000000000000000e+02
1.288800000000000000e+04 -9.520000000000000000e+02 3.200000000000000000e+02 -2.320000000000000000e+02
1.192800000000000000e+04 -9.520000000000000000e+02 3.040000000000000000e+02 -2.400000000000000000e+02
1.196800000000000000e+04 -9.680000000000000000e+02 2.880000000000000000e+02 -2.160000000000000000e+02
1.200800000000000000e+04 -9.360000000000000000e+02 3.120000000000000000e+02 -1.920000000000000000e+02
1.204800000000000000e+04 -9.360000000000000000e+02 3.200000000000000000e+02 -2.960000000000000000e+02
1.208800000000000000e+04 -9.120000000000000000e+02 3.120000000000000000e+02 -2.640000000000000000e+02
1.212800000000000000e+04 -9.280000000000000000e+02 3.120000000000000000e+02 -2.400000000000000000e+02
1.216800000000000000e+04 -9.360000000000000000e+02 3.120000000000000000e+02 -2.320000000000000000e+02
1.220800000000000000e+04 -9.360000000000000000e+02 3.120000000000000000e+02 -2.320000000000000000e+02
1.224800000000000000e+04 -9.440000000000000000e+02 3.040000000000000000e+02 -2.560000000000000000e+02
1.228800000000000000e+04 -9.360000000000000000e+02 2.960000000000000000e+02 -2.480000000000000000e+02
1.232800000000000000e+04 -9.440000000000000000e+02 3.040000000000000000e+02 -2.480000000000000000e+02
1.236800000000000000e+04 -9.520000000000000000e+02 2.880000000000000000e+02 -2.560000000000000000e+02
1.240800000000000000e+04 -9.440000000000000000e+02 2.880000000000000000e+02 -2.480000000000000000e+02
1.244800000000000000e+04 -9.280000000000000000e+02 3.040000000000000000e+02 -2.400000000000000000e+02
1.248800000000000000e+04 -9.280000000000000000e+02 3.120000000000000000e+02 -2.560000000000000000e+02
1.252800000000000000e+04 -9.360000000000000000e+02 3.120000000000000000e+02 -2.400000000000000000e+02
1.256800000000000000e+04 -9.440000000000000000e+02 3.040000000000000000e+02 -2.560000000000000000e+02
1.260800000000000000e+04 -9.440000000000000000e+02 3.120000000000000000e+02 -2.560000000000000000e+02
1.264800000000000000e+04 -9.360000000000000000e+02 3.120000000000000000e+02 -2.560000000000000000e+02
1.268800000000000000e+04 -9.440000000000000000e+02 3.280000000000000000e+02 -2.400000000000000000e+02
1.272800000000000000e+04 -9.440000000000000000e+02 3.200000000000000000e+02 -2.480000000000000000e+02
1.276800000000000000e+04 -9.360000000000000000e+02 3.200000000000000000e+02 -2.480000000000000000e+02
1.280800000000000000e+04 -9.440000000000000000e+02 3.280000000000000000e+02 -2.480000000000000000e+02
1.284800000000000000e+04 -9.440000000000000000e+02 3.200000000000000000e+02 -2.480000000000000000e+02
1.288800000000000000e+04 -9.520000000000000000e+02 3.200000000000000000e+02 -2.320000000000000000e+02
1.589400000000000000e+04 -9.520000000000000000e+02 2.880000000000000000e+02 -2.560000000000000000e+02
1.593400000000000000e+04 -9.360000000000000000e+02 3.040000000000000000e+02 -2.240000000000000000e+02
1.597400000000000000e+04 -9.520000000000000000e+02 2.880000000000000000e+02 -2.320000000000000000e+02
1.601400000000000000e+04 -9.600000000000000000e+02 3.120000000000000000e+02 -2.240000000000000000e+02
1.605400000000000000e+04 -9.520000000000000000e+02 3.040000000000000000e+02 -2.080000000000000000e+02
1.609400000000000000e+04 -9.440000000000000000e+02 3.040000000000000000e+02 -2.160000000000000000e+02
1.613400000000000000e+04 -9.440000000000000000e+02 3.120000000000000000e+02 -2.640000000000000000e+02
1.617400000000000000e+04 -9.280000000000000000e+02 3.120000000000000000e+02 -2.320000000000000000e+02
1.621400000000000000e+04 -9.280000000000000000e+02 3.120000000000000000e+02 -2.400000000000000000e+02
1.625400000000000000e+04 -9.360000000000000000e+02 3.200000000000000000e+02 -2.480000000000000000e+02
1.629400000000000000e+04 -9.360000000000000000e+02 3.280000000000000000e+02 -2.240000000000000000e+02
1.633400000000000000e+04 -9.440000000000000000e+02 3.280000000000000000e+02 -2.400000000000000000e+02
1.637400000000000000e+04 -9.440000000000000000e+02 3.200000000000000000e+02 -2.000000000000000000e+02
1.641400000000000000e+04 -9.440000000000000000e+02 3.200000000000000000e+02 -2.480000000000000000e+02
1.645400000000000000e+04 -9.520000000000000000e+02 3.200000000000000000e+02 -2.000000000000000000e+02
1.649400000000000000e+04 -9.440000000000000000e+02 3.200000000000000000e+02 -2.320000000000000000e+02
1.653400000000000000e+04 -9.520000000000000000e+02 2.960000000000000000e+02 -2.240000000000000000e+02
1.657400000000000000e+04 -9.440000000000000000e+02 3.120000000000000000e+02 -2.320000000000000000e+02
1.661400000000000000e+04 -9.440000000000000000e+02 3.120000000000000000e+02 -2.400000000000000000e+02
1.665400000000000000e+04 -9.440000000000000000e+02 3.200000000000000000e+02 -2.320000000000000000e+02
1.669400000000000000e+04 -9.440000000000000000e+02 3.200000000000000000e+02 -2.240000000000000000e+02
1.673400000000000000e+04 -9.520000000000000000e+02 3.200000000000000000e+02 -2.240000000000000000e+02
1.677400000000000000e+04 -9.440000000000000000e+02 3.120000000000000000e+02 -2.400000000000000000e+02
1.681400000000000000e+04 -9.600000000000000000e+02 3.280000000000000000e+02 -2.320000000000000000e+02
1.685400000000000000e+04 -9.520000000000000000e+02 3.120000000000000000e+02 -2.240000000000000000e+02
1.688700000000000000e+04 -9.520000000000000000e+02 2.960000000000000000e+02 -2.320000000000000000e+02
1.692700000000000000e+04 -9.600000000000000000e+02 3.040000000000000000e+02 -2.080000000000000000e+02
1.696700000000000000e+04 -9.920000000000000000e+02 3.200000000000000000e+02 -2.160000000000000000e+02
1.700700000000000000e+04 -9.680000000000000000e+02 3.120000000000000000e+02 -2.400000000000000000e+02
1.704700000000000000e+04 -9.200000000000000000e+02 3.280000000000000000e+02 -2.240000000000000000e+02
1.708700000000000000e+04 -9.360000000000000000e+02 3.280000000000000000e+02 -2.320000000000000000e+02
1.712700000000000000e+04 -9.360000000000000000e+02 3.200000000000000000e+02 -2.320000000000000000e+02
1.716700000000000000e+04 -9.280000000000000000e+02 3.120000000000000000e+02 -2.160000000000000000e+02
1.720700000000000000e+04 -9.440000000000000000e+02 3.120000000000000000e+02 -2.160000000000000000e+02
1.724700000000000000e+04 -9.520000000000000000e+02 3.120000000000000000e+02 -2.240000000000000000e+02
1.728700000000000000e+04 -9.520000000000000000e+02 2.960000000000000000e+02 -2.160000000000000000e+02
1.732700000000000000e+04 -9.360000000000000000e+02 3.040000000000000000e+02 -2.480000000000000000e+02
1.736700000000000000e+04 -9.440000000000000000e+02 3.120000000000000000e+02 -2.160000000000000000e+02
1.740700000000000000e+04 -9.520000000000000000e+02 3.040000000000000000e+02 -2.160000000000000000e+02
1.744700000000000000e+04 -9.520000000000000000e+02 3.040000000000000000e+02 -2.240000000000000000e+02
1.748700000000000000e+04 -9.520000000000000000e+02 3.120000000000000000e+02 -2.320000000000000000e+02
1.752700000000000000e+04 -9.440000000000000000e+02 3.280000000000000000e+02 -2.480000000000000000e+02
1.756700000000000000e+04 -9.440000000000000000e+02 3.040000000000000000e+02 -2.480000000000000000e+02
1.760700000000000000e+04 -9.520000000000000000e+02 2.960000000000000000e+02 -2.480000000000000000e+02
1.764700000000000000e+04 -9.600000000000000000e+02 2.800000000000000000e+02 -2.480000000000000000e+02
1.768700000000000000e+04 -9.760000000000000000e+02 2.880000000000000000e+02 -2.320000000000000000e+02
1.772700000000000000e+04 -9.600000000000000000e+02 2.960000000000000000e+02 -2.320000000000000000e+02
1.776700000000000000e+04 -9.520000000000000000e+02 2.960000000000000000e+02 -2.560000000000000000e+02
1.780700000000000000e+04 -9.520000000000000000e+02 2.880000000000000000e+02 -1.760000000000000000e+02
1.784700000000000000e+04 -9.600000000000000000e+02 2.960000000000000000e+02 -2.000000000000000000e+02
1.787800000000000000e+04 -9.600000000000000000e+02 2.960000000000000000e+02 -2.560000000000000000e+02
1.791800000000000000e+04 -9.520000000000000000e+02 2.880000000000000000e+02 -2.320000000000000000e+02
1.795800000000000000e+04 -9.520000000000000000e+02 2.880000000000000000e+02 -3.200000000000000000e+02
1.799800000000000000e+04 -9.520000000000000000e+02 2.880000000000000000e+02 -2.640000000000000000e+02
1.803800000000000000e+04 -9.680000000000000000e+02 2.880000000000000000e+02 -2.400000000000000000e+02
1.807800000000000000e+04 -9.520000000000000000e+02 2.960000000000000000e+02 -2.000000000000000000e+02
1.811800000000000000e+04 -9.360000000000000000e+02 3.040000000000000000e+02 -2.080000000000000000e+02
1.815800000000000000e+04 -9.440000000000000000e+02 2.960000000000000000e+02 -2.720000000000000000e+02
1.819800000000000000e+04 -9.520000000000000000e+02 2.960000000000000000e+02 -2.240000000000000000e+02
1.823800000000000000e+04 -9.440000000000000000e+02 3.040000000000000000e+02 -2.480000000000000000e+02
1.827800000000000000e+04 -9.360000000000000000e+02 3.360000000000000000e+02 -2.720000000000000000e+02
1.831800000000000000e+04 -9.440000000000000000e+02 3.200000000000000000e+02 -2.480000000000000000e+02
1.835800000000000000e+04 -9.360000000000000000e+02 3.120000000000000000e+02 -2.640000000000000000e+02
1.839800000000000000e+04 -9.360000000000000000e+02 3.200000000000000000e+02 -3.120000000000000000e+02
1.843800000000000000e+04 -9.360000000000000000e+02 3.120000000000000000e+02 -2.480000000000000000e+02
1.847800000000000000e+04 -9.440000000000000000e+02 3.280000000000000000e+02 -2.640000000000000000e+02
1.851800000000000000e+04 -9.440000000000000000e+02 3.280000000000000000e+02 -2.160000000000000000e+02
1.855800000000000000e+04 -9.440000000000000000e+02 3.280000000000000000e+02 -2.080000000000000000e+02
1.859800000000000000e+04 -9.440000000000000000e+02 3.200000000000000000e+02 -2.400000000000000000e+02
1.863800000000000000e+04 -9.520000000000000000e+02 2.960000000000000000e+02 -2.560000000000000000e+02
1.867800000000000000e+04 -9.520000000000000000e+02 3.040000000000000000e+02 -2.480000000000000000e+02
1.871800000000000000e+04 -9.680000000000000000e+02 3.280000000000000000e+02 -2.640000000000000000e+02
1.875800000000000000e+04 -9.520000000000000000e+02 3.280000000000000000e+02 -2.240000000000000000e+02
1.879800000000000000e+04 -9.520000000000000000e+02 3.280000000000000000e+02 -2.480000000000000000e+02
1.883800000000000000e+04 -9.600000000000000000e+02 3.280000000000000000e+02 -2.240000000000000000e+02
1.887000000000000000e+04 -9.600000000000000000e+02 3.200000000000000000e+02 -2.240000000000000000e+02
1.891000000000000000e+04 -9.360000000000000000e+02 3.280000000000000000e+02 -2.400000000000000000e+02
1.895000000000000000e+04 -9.440000000000000000e+02 3.120000000000000000e+02 -2.800000000000000000e+02
1.899000000000000000e+04 -9.440000000000000000e+02 3.040000000000000000e+02 -2.560000000000000000e+02
1.903000000000000000e+04 -9.520000000000000000e+02 3.120000000000000000e+02 -2.080000000000000000e+02
1.907000000000000000e+04 -9.360000000000000000e+02 3.040000000000000000e+02 -2.240000000000000000e+02
1.911000000000000000e+04 -9.360000000000000000e+02 3.040000000000000000e+02 -2.400000000000000000e+02
1.915000000000000000e+04 -9.360000000000000000e+02 3.040000000000000000e+02 -2.720000000000000000e+02
1.919000000000000000e+04 -9.440000000000000000e+02 3.120000000000000000e+02 -2.160000000000000000e+02
1.923000000000000000e+04 -9.520000000000000000e+02 2.880000000000000000e+02 -2.080000000000000000e+02
1.927000000000000000e+04 -9.520000000000000000e+02 2.960000000000000000e+02 -2.400000000000000000e+02
1.931000000000000000e+04 -9.440000000000000000e+02 2.880000000000000000e+02 -2.720000000000000000e+02
1.935000000000000000e+04 -9.360000000000000000e+02 2.720000000000000000e+02 -1.360000000000000000e+02
1.939000000000000000e+04 -9.440000000000000000e+02 3.040000000000000000e+02 -1.520000000000000000e+02
1.943000000000000000e+04 -9.600000000000000000e+02 3.200000000000000000e+02 -2.880000000000000000e+02
1.947000000000000000e+04 -9.360000000000000000e+02 3.360000000000000000e+02 -2.400000000000000000e+02
1.951000000000000000e+04 -9.360000000000000000e+02 3.440000000000000000e+02 -2.240000000000000000e+02
1.955000000000000000e+04 -9.440000000000000000e+02 3.440000000000000000e+02 -2.400000000000000000e+02
1.959000000000000000e+04 -9.440000000000000000e+02 3.680000000000000000e+02 -2.080000000000000000e+02
1.963000000000000000e+04 -9.440000000000000000e+02 3.360000000000000000e+02 -1.920000000000000000e+02
1.967000000000000000e+04 -9.360000000000000000e+02 3.360000000000000000e+02 -2.080000000000000000e+02
1.971000000000000000e+04 -9.440000000000000000e+02 3.360000000000000000e+02 -2.160000000000000000e+02
1.975000000000000000e+04 -9.440000000000000000e+02 3.440000000000000000e+02 -2.080000000000000000e+02
1.979000000000000000e+04 -9.520000000000000000e+02 3.520000000000000000e+02 -2.160000000000000000e+02
1.983000000000000000e+04 -9.440000000000000000e+02 3.440000000000000000e+02 -1.840000000000000000e+02
1.986100000000000000e+04 -9.440000000000000000e+02 3.040000000000000000e+02 -2.240000000000000000e+02
1.990100000000000000e+04 -9.520000000000000000e+02 3.040000000000000000e+02 -2.800000000000000000e+02
1.994100000000000000e+04 -9.600000000000000000e+02 3.040000000000000000e+02 -2.720000000000000000e+02
1.998100000000000000e+04 -9.680000000000000000e+02 2.880000000000000000e+02 -3.200000000000000000e+02
2.002100000000000000e+04 -9.200000000000000000e+02 2.720000000000000000e+02 -3.120000000000000000e+02
2.006100000000000000e+04 -9.440000000000000000e+02 2.720000000000000000e+02 -2.000000000000000000e+02
2.010100000000000000e+04 -9.520000000000000000e+02 2.880000000000000000e+02 -2.240000000000000000e+02
2.014100000000000000e+04 -9.440000000000000000e+02 2.640000000000000000e+02 -2.960000000000000000e+02
2.018100000000000000e+04 -9.440000000000000000e+02 2.640000000000000000e+02 -3.280000000000000000e+02
2.022100000000000000e+04 -9.520000000000000000e+02 2.640000000000000000e+02 -2.960000000000000000e+02
2.026100000000000000e+04 -9.360000000000000000e+02 2.480000000000000000e+02 -2.640000000000000000e+02
2.030100000000000000e+04 -9.440000000000000000e+02 2.560000000000000000e+02 -2.560000000000000000e+02
2.034100000000000000e+04 -9.440000000000000000e+02 2.800000000000000000e+02 -2.320000000000000000e+02
2.038100000000000000e+04 -9.440000000000000000e+02 2.640000000000000000e+02 -3.040000000000000000e+02
2.042100000000000000e+04 -9.440000000000000000e+02 2.480000000000000000e+02 -3.360000000000000000e+02
2.046100000000000000e+04 -9.520000000000000000e+02 2.640000000000000000e+02 -2.960000000000000000e+02
2.050100000000000000e+04 -9.520000000000000000e+02 2.640000000000000000e+02 -2.640000000000000000e+02
2.054100000000000000e+04 -9.520000000000000000e+02 2.560000000000000000e+02 -2.720000000000000000e+02
2.058100000000000000e+04 -9.600000000000000000e+02 2.640000000000000000e+02 -2.960000000000000000e+02
2.062100000000000000e+04 -9.520000000000000000e+02 2.720000000000000000e+02 -2.720000000000000000e+02
2.066100000000000000e+04 -9.440000000000000000e+02 2.800000000000000000e+02 -2.720000000000000000e+02
2.070100000000000000e+04 -9.360000000000000000e+02 2.480000000000000000e+02 -2.800000000000000000e+02
2.074100000000000000e+04 -9.360000000000000000e+02 2.480000000000000000e+02 -2.560000000000000000e+02
2.078100000000000000e+04 -9.360000000000000000e+02 2.400000000000000000e+02 -3.120000000000000000e+02
2.082100000000000000e+04 -9.440000000000000000e+02 2.480000000000000000e+02 -2.960000000000000000e+02
2.085300000000000000e+04 -9.440000000000000000e+02 2.480000000000000000e+02 -3.360000000000000000e+02
2.089300000000000000e+04 -9.360000000000000000e+02 2.560000000000000000e+02 -3.200000000000000000e+02
2.093300000000000000e+04 -9.520000000000000000e+02 2.640000000000000000e+02 -3.360000000000000000e+02
2.097300000000000000e+04 -9.520000000000000000e+02 2.960000000000000000e+02 -2.960000000000000000e+02
2.101300000000000000e+04 -9.760000000000000000e+02 2.800000000000000000e+02 -2.960000000000000000e+02
2.105300000000000000e+04 -9.600000000000000000e+02 2.640000000000000000e+02 -2.640000000000000000e+02
2.109300000000000000e+04 -9.520000000000000000e+02 2.560000000000000000e+02 -3.200000000000000000e+02
2.113300000000000000e+04 -9.520000000000000000e+02 2.480000000000000000e+02 -3.040000000000000000e+02
2.117300000000000000e+04 -9.520000000000000000e+02 2.400000000000000000e+02 -2.960000000000000000e+02
2.121300000000000000e+04 -9.520000000000000000e+02 2.480000000000000000e+02 -3.040000000000000000e+02
2.125300000000000000e+04 -9.440000000000000000e+02 2.400000000000000000e+02 -2.960000000000000000e+02
2.129300000000000000e+04 -9.440000000000000000e+02 2.400000000000000000e+02 -3.040000000000000000e+02
2.133300000000000000e+04 -9.440000000000000000e+02 2.480000000000000000e+02 -3.040000000000000000e+02
2.137300000000000000e+04 -9.440000000000000000e+02 2.400000000000000000e+02 -2.960000000000000000e+02
2.141300000000000000e+04 -9.440000000000000000e+02 2.400000000000000000e+02 -3.040000000000000000e+02
2.145300000000000000e+04 -9.600000000000000000e+02 2.320000000000000000e+02 -3.200000000000000000e+02
2.149300000000000000e+04 -9.520000000000000000e+02 2.400000000000000000e+02 -2.960000000000000000e+02
2.153300000000000000e+04 -9.520000000000000000e+02 2.400000000000000000e+02 -3.040000000000000000e+02
2.157300000000000000e+04 -9.520000000000000000e+02 2.400000000000000000e+02 -3.040000000000000000e+02
2.161300000000000000e+04 -9.440000000000000000e+02 2.480000000000000000e+02 -3.120000000000000000e+02
2.165300000000000000e+04 -9.440000000000000000e+02 2.400000000000000000e+02 -3.040000000000000000e+02
2.169300000000000000e+04 -9.440000000000000000e+02 2.320000000000000000e+02 -3.200000000000000000e+02
2.173300000000000000e+04 -9.600000000000000000e+02 2.400000000000000000e+02 -3.120000000000000000e+02
2.177300000000000000e+04 -9.440000000000000000e+02 2.400000000000000000e+02 -3.200000000000000000e+02
2.181300000000000000e+04 -9.440000000000000000e+02 2.400000000000000000e+02 -3.440000000000000000e+02
