2.518812000000000000e+06 2.400000000000000000e+01 -2.400000000000000000e+01 -1.040000000000000000e+03
2.518852000000000000e+06 1.600000000000000000e+01 -3.200000000000000000e+01 -1.040000000000000000e+03
2.518892000000000000e+06 1.600000000000000000e+01 -2.400000000000000000e+01 -1.008000000000000000e+03
2.518932000000000000e+06 8.000000000000000000e+00 -1.600000000000000000e+01 -9.920000000000000000e+02
2.518972000000000000e+06 1.600000000000000000e+01 -1.600000000000000000e+01 -1.024000000000000000e+03
2.519012000000000000e+06 1.600000000000000000e+01 -3.200000000000000000e+01 -1.048000000000000000e+03
2.519052000000000000e+06 8.000000000000000000e+00 -3.200000000000000000e+01 -1.032000000000000000e+03
2.519092000000000000e+06 1.600000000000000000e+01 -3.200000000000000000e+01 -1.024000000000000000e+03
2.519132000000000000e+06 3.200000000000000000e+01 -2.400000000000000000e+01 -1.040000000000000000e+03
2.519172000000000000e+06 2.400000000000000000e+01 -3.200000000000000000e+01 -1.008000000000000000e+03
2.519212000000000000e+06 1.600000000000000000e+01 -2.400000000000000000e+01 -1.040000000000000000e+03
2.519252000000000000e+06 2.400000000000000000e+01 -2.400000000000000000e+01 -1.024000000000000000e+03
2.519292000000000000e+06 1.600000000000000000e+01 -1.600000000000000000e+01 -1.032000000000000000e+03
2.519332000000000000e+06 8.000000000000000000e+00 -2.400000000000000000e+01 -9.840000000000000000e+02
2.519372000000000000e+06 1.600000000000000000e+01 -1.600000000000000000e+01 -1.040000000000000000e+03
2.519412000000000000e+06 1.600000000000000000e+01 -1.600000000000000000e+01 -1.040000000000000000e+03
2.519452000000000000e+06 1.600000000000000000e+01 -2.400000000000000000e+01 -1.032000000000000000e+03
2.519492000000000000e+06 8.000000000000000000e+00 -3.200000000000000000e+01 -1.032000000000000000e+03
2.519532000000000000e+06 1.600000000000000000e+01 -3.200000000000000000e+01 -1.048000000000000000e+03
2.519572000000000000e+06 1.600000000000000000e+01 -3.200000000000000000e+01 -1.016000000000000000e+03
2.519612000000000000e+06 2.400000000000000000e+01 -4.800000000000000000e+01 -1.032000000000000000e+03
2.519652000000000000e+06 3.200000000000000000e+01 -2.400000000000000000e+01 -1.016000000000000000e+03
2.519692000000000000e+06 2.400000000000000000e+01 -2.400000000000000000e+01 -1.024000000000000000e+03
2.519732000000000000e+06 1.600000000000000000e+01 -2.400000000000000000e+01 -1.008000000000000000e+03
2.519772000000000000e+06 1.600000000000000000e+01 -2.400000000000000000e+01 -1.048000000000000000e+03
2.522777000000000000e+06 1.600000000000000000e+01 -2.400000000000000000e+01 -1.016000000000000000e+03
2.522817000000000000e+06 8.000000000000000000e+00 -2.400000000000000000e+01 -1.024000000000000000e+03
2.522857000000000000e+06 1.600000000000000000e+01 -1.600000000000000000e+01 -1.024000000000000000e+03
2.522897000000000000e+06 2.400000000000000000e+01 -1.600000000000000000e+01 -1.032000000000000000e+03
2.522937000000000000e+06 1.600000000000000000e+01 -1.600000000000000000e+01 -1.040000000000000000e+03
2.522977000000000000e+06 1.600000000000000000e+01 -1.600000000000000000e+01 -1.048000000000000000e+03
2.523017000000000000e+06 1.600000000000000000e+01 -2.400000000000000000e+01 -1.032000000000000000e+03
2.523057000000000000e+06 1.600000000000000000e+01 -2.400000000000000000e+01 -1.024000000000000000e+03
2.523097000000000000e+06 1.600000000000000000e+01 -2.400000000000000000e+01 -1.040000000000000000e+03
2.523137000000000000e+06 1.600000000000000000e+01 -3.200000000000000000e+01 -1.032000000000000000e+03
2.523177000000000000e+06 1.600000000000000000e+01 -2.400000000000000000e+01 -1.024000000000000000e+03
2.523217000000000000e+06 2.400000000000000000e+01 -2.400000000000000000e+01 -1.016000000000000000e+03
2.523257000000000000e+06 2.400000000000000000e+01 -2.400000000000000000e+01 -1.016000000000000000e+03
2.523297000000000000e+06 1.600000000000000000e+01 -1.600000000000000000e+01 -1.032000000000000000e+03
2.523337000000000000e+06 8.000000000000000000e+00 -2.400000000000000000e+01 -1.024000000000000000e+03
2.523377000000000000e+06 2.400000000000000000e+01 -2.400000000000000000e+01 -1.032000000000000000e+03
2.523417000000000000e+06 1.600000000000000000e+01 -2.400000000000000000e+01 -1.024000000000000000e+03
2.523457000000000000e+06 2.400000000000000000e+01 -2.400000000000000000e+01 -1.024000000000000000e+03
2.523497000000000000e+06 1.600000000000000000e+01 -2.400000000000000000e+01 -1.040000000000000000e+03
2.523537000000000000e+06 1.600000000000000000e+01 -2.400000000000000000e+01 -1.016000000000000000e+03
2.523577000000000000e+06 1.600000000000000000e+01 -2.400000000000000000e+01 -1.040000000000000000e+03
2.523617000000000000e+06 1.600000000000000000e+01 -1.600000000000000000e+01 -1.024000000000000000e+03
2.523657000000000000e+06 2.400000000000000000e+01 -2.400000000000000000e+01 -1.024000000000000000e+03
2.523697000000000000e+06 1.600000000000000000e+01 -2.400000000000000000e+01 -1.048000000000000000e+03
2.523737000000000000e+06 2.400000000000000000e+01 -2.400000000000000000e+01 -1.032000000000000000e+03
2.526742000000000000e+06 2.400000000000000000e+01 -2.400000000000000000e+01 -1.032000000000000000e+03
2.526782000000000000e+06 2.400000000000000000e+01 -2.400000000000000000e+01 -1.032000000000000000e+03
2.526822000000000000e+06 2.400000000000000000e+01 -2.400000000000000000e+01 -1.032000000000000000e+03
2.526862000000000000e+06 1.600000000000000000e+01 -2.400000000000000000e+01 -1.024000000000000000e+03
2.526902000000000000e+06 2.400000000000000000e+01 -1.600000000000000000e+01 -1.032000000000000000e+03
2.526942000000000000e+06 2.400000000000000000e+01 -2.400000000000000000e+01 -1.016000000000000000e+03
2.526982000000000000e+06 1.600000000000000000e+01 -2.400000000000000000e+01 -1.040000000000000000e+03
2.527022000000000000e+06 1.600000000000000000e+01 -3.200000000000000000e+01 -1.032000000000000000e+03
2.527062000000000000e+06 1.600000000000000000e+01 -1.600000000000000000e+01 -1.032000000000000000e+03
2.527102000000000000e+06 1.600000000000000000e+01 -2.400000000000000000e+01 -1.032000000000000000e+03
2.527142000000000000e+06 8.000000000000000000e+00 -2.400000000000000000e+01 -1.024000000000000000e+03
2.527182000000000000e+06 1.600000000000000000e+01 -3.200000000000000000e+01 -1.024000000000000000e+03
2.527222000000000000e+06 1.600000000000000000e+01 -2.400000000000000000e+01 -1.040000000000000000e+03
2.527262000000000000e+06 8.000000000000000000e+00 -2.400000000000000000e+01 -1.032000000000000000e+03
2.527302000000000000e+06 1.600000000000000000e+01 -3.200000000000000000e+01 -1.024000000000000000e+03
2.527342000000000000e+06 2.400000000000000000e+01 -2.400000000000000000e+01 -1.032000000000000000e+03
2.527382000000000000e+06 1.600000000000000000e+01 -2.400000000000000000e+01 -1.024000000000000000e+03
2.527422000000000000e+06 1.600000000000000000e+01 -3.200000000000000000e+01 -1.016000000000000000e+03
2.527462000000000000e+06 1.600000000000000000e+01 -2.400000000000000000e+01 -1.048000000000000000e+03
2.527502000000000000e+06 1.600000000000000000e+01 -2.400000000000000000e+01 -1.032000000000000000e+03
2.527542000000000000e+06 1.600000000000000000e+01 -3.200000000000000000e+01 -1.024000000000000000e+03
2.527582000000000000e+06 1.600000000000000000e+01 -2.400000000000000000e+01 -1.032000000000000000e+03
2.527622000000000000e+06 1.600000000000000000e+01 -2.400000000000000000e+01 -1.024000000000000000e+03
2.527662000000000000e+06 1.600000000000000000e+01 -2.400000000000000000e+01 -1.032000000000000000e+03
2.527702000000000000e+06 1.600000000000000000e+01 -2.400000000000000000e+01 -1.032000000000000000e+03
2.530708000000000000e+06 1.600000000000000000e+01 -3.200000000000000000e+01 -1.032000000000000000e+03
2.530748000000000000e+06 8.000000000000000000e+00 -2.400000000000000000e+01 -1.040000000000000000e+03
2.530788000000000000e+06 1.600000000000000000e+01 -3.200000000000000000e+01 -1.040000000000000000e+03
2.530828000000000000e+06 8.000000000000000000e+00 -2.400000000000000000e+01 -1.032000000000000000e+03
2.530868000000000000e+06 1.600000000000000000e+01 -2.400000000000000000e+01 -1.040000000000000000e+03
2.530908000000000000e+06 1.600000000000000000e+01 -2.400000000000000000e+01 -1.032000000000000000e+03
2.530948000000000000e+06 1.600000000000000000e+01 -2.400000000000000000e+01 -1.016000000000000000e+03
2.530988000000000000e+06 1.600000000000000000e+01 -1.600000000000000000e+01 -1.024000000000000000e+03
2.531028000000000000e+06 2.400000000000000000e+01 -2.400000000000000000e+01 -1.024000000000000000e+03
2.531068000000000000e+06 2.400000000000000000e+01 -2.400000000000000000e+01 -1.032000000000000000e+03
2.531108000000000000e+06 1.600000000000000000e+01 -2.400000000000000000e+01 -1.032000000000000000e+03
2.531148000000000000e+06 1.600000000000000000e+01 -2.400000000000000000e+01 -1.032000000000000000e+03
2.531188000000000000e+06 1.600000000000000000e+01 -2.400000000000000000e+01 -1.024000000000000000e+03
2.531228000000000000e+06 1.600000000000000000e+01 -3.200000000000000000e+01 -1.032000000000000000e+03
2.531268000000000000e+06 1.600000000000000000e+01 -2.400000000000000000e+01 -1.032000000000000000e+03
2.531308000000000000e+06 2.400000000000000000e+01 -2.400000000000000000e+01 -1.040000000000000000e+03
2.531348000000000000e+06 1.600000000000000000e+01 -3.200000000000000000e+01 -1.016000000000000000e+03
2.531388000000000000e+06 1.600000000000000000e+01 -2.400000000000000000e+01 -1.032000000000000000e+03
2.531428000000000000e+06 1.600000000000000000e+01 -2.400000000000000000e+01 -1.024000000000000000e+03
2.531468000000000000e+06 1.600000000000000000e+01 -2.400000000000000000e+01 -1.024000000000000000e+03
2.531508000000000000e+06 1.600000000000000000e+01 -2.400000000000000000e+01 -1.024000000000000000e+03
2.531548000000000000e+06 1.600000000000000000e+01 -3.200000000000000000e+01 -1.040000000000000000e+03
2.531588000000000000e+06 1.600000000000000000e+01 -3.200000000000000000e+01 -1.040000000000000000e+03
2.531628000000000000e+06 1.600000000000000000e+01 -2.400000000000000000e+01 -1.016000000000000000e+03
2.531668000000000000e+06 2.400000000000000000e+01 -2.400000000000000000e+01 -1.040000000000000000e+03
2.534672000000000000e+06 8.000000000000000000e+00 -2.400000000000000000e+01 -1.024000000000000000e+03
2.534712000000000000e+06 8.000000000000000000e+00 -2.400000000000000000e+01 -1.032000000000000000e+03
2.534752000000000000e+06 8.000000000000000000e+00 -2.400000000000000000e+01 -1.032000000000000000e+03
2.534792000000000000e+06 8.000000000000000000e+00 -2.400000000000000000e+01 -1.032000000000000000e+03
2.534832000000000000e+06 1.600000000000000000e+01 -2.400000000000000000e+01 -1.056000000000000000e+03
2.534872000000000000e+06 1.600000000000000000e+01 -3.200000000000000000e+01 -1.024000000000000000e+03
2.534912000000000000e+06 2.400000000000000000e+01 -3.200000000000000000e+01 -1.040000000000000000e+03
2.534952000000000000e+06 2.400000000000000000e+01 -3.200000000000000000e+01 -1.032000000000000000e+03
2.534992000000000000e+06 1.600000000000000000e+01 -3.200000000000000000e+01 -1.024000000000000000e+03
2.535032000000000000e+06 1.600000000000000000e+01 -1.600000000000000000e+01 -1.040000000000000000e+03
2.535072000000000000e+06 8.000000000000000000e+00 -2.400000000000000000e+01 -1.016000000000000000e+03
2.535112000000000000e+06 1.600000000000000000e+01 -2.400000000000000000e+01 -1.032000000000000000e+03
2.535152000000000000e+06 1.600000000000000000e+01 -2.400000000000000000e+01 -1.032000000000000000e+03
2.535192000000000000e+06 1.600000000000000000e+01 -2.400000000000000000e+01 -1.040000000000000000e+03
2.535232000000000000e+06 1.600000000000000000e+01 -2.400000000000000000e+01 -1.024000000000000000e+03
2.535272000000000000e+06 1.600000000000000000e+01 -2.400000000000000000e+01 -1.024000000000000000e+03
2.535312000000000000e+06 1.600000000000000000e+01 -2.400000000000000000e+01 -1.024000000000000000e+03
2.535352000000000000e+06 1.600000000000000000e+01 -3.200000000000000000e+01 -1.040000000000000000e+03
2.535392000000000000e+06 1.600000000000000000e+01 -3.200000000000000000e+01 -1.024000000000000000e+03
2.535432000000000000e+06 1.600000000000000000e+01 -2.400000000000000000e+01 -1.016000000000000000e+03
2.535472000000000000e+06 8.000000000000000000e+00 -2.400000000000000000e+01 -1.024000000000000000e+03
2.535512000000000000e+06 8.000000000000000000e+00 -2.400000000000000000e+01 -1.032000000000000000e+03
2.535552000000000000e+06 1.600000000000000000e+01 -2.400000000000000000e+01 -1.024000000000000000e+03
2.535592000000000000e+06 1.600000000000000000e+01 -2.400000000000000000e+01 -1.016000000000000000e+03
2.535632000000000000e+06 1.600000000000000000e+01 -2.400000000000000000e+01 -1.024000000000000000e+03
2.538637000000000000e+06 1.600000000000000000e+01 -2.400000000000000000e+01 -1.064000000000000000e+03
2.538677000000000000e+06 1.600000000000000000e+01 -3.200000000000000000e+01 -1.008000000000000000e+03
2.538717000000000000e+06 1.600000000000000000e+01 -3.200000000000000000e+01 -1.008000000000000000e+03
2.538757000000000000e+06 8.000000000000000000e+00 -2.400000000000000000e+01 -1.016000000000000000e+03
2.538797000000000000e+06 8.000000000000000000e+00 -8.000000000000000000e+00 -1.008000000000000000e+03
2.538837000000000000e+06 1.600000000000000000e+01 -1.600000000000000000e+01 -1.024000000000000000e+03
2.538877000000000000e+06 1.600000000000000000e+01 -2.400000000000000000e+01 -1.032000000000000000e+03
2.538917000000000000e+06 1.600000000000000000e+01 -2.400000000000000000e+01 -1.024000000000000000e+03
2.538957000000000000e+06 8.000000000000000000e+00 0.000000000000000000e+00 -1.024000000000000000e+03
2.538997000000000000e+06 2.400000000000000000e+01 -8.000000000000000000e+00 -1.032000000000000000e+03
2.539037000000000000e+06 1.600000000000000000e+01 -1.600000000000000000e+01 -1.040000000000000000e+03
2.539077000000000000e+06 1.600000000000000000e+01 -2.400000000000000000e+01 -1.032000000000000000e+03
2.539117000000000000e+06 1.600000000000000000e+01 -2.400000000000000000e+01 -1.016000000000000000e+03
2.539157000000000000e+06 0.000000000000000000e+00 -2.400000000000000000e+01 -1.040000000000000000e+03
2.539197000000000000e+06 1.600000000000000000e+01 -3.200000000000000000e+01 -1.056000000000000000e+03
2.539237000000000000e+06 1.600000000000000000e+01 -1.600000000000000000e+01 -1.032000000000000000e+03
2.539277000000000000e+06 1.600000000000000000e+01 -1.600000000000000000e+01 -1.032000000000000000e+03
2.539317000000000000e+06 1.600000000000000000e+01 -1.600000000000000000e+01 -1.056000000000000000e+03
2.539357000000000000e+06 3.200000000000000000e+01 -4.000000000000000000e+01 -1.040000000000000000e+03
2.539397000000000000e+06 1.600000000000000000e+01 -1.600000000000000000e+01 -1.024000000000000000e+03
2.539437000000000000e+06 1.600000000000000000e+01 -8.000000000000000000e+00 -1.032000000000000000e+03
2.539477000000000000e+06 2.400000000000000000e+01 -1.600000000000000000e+01 -1.040000000000000000e+03
2.539517000000000000e+06 1.600000000000000000e+01 -1.600000000000000000e+01 -1.048000000000000000e+03
2.539557000000000000e+06 8.000000000000000000e+00 -1.600000000000000000e+01 -1.032000000000000000e+03
2.539597000000000000e+06 8.000000000000000000e+00 -2.400000000000000000e+01 -1.024000000000000000e+03
