2.500000000000000000e+01 -6.400000000000000000e+01 5.760000000000000000e+02 -8.240000000000000000e+02
6.500000000000000000e+01 -4.800000000000000000e+01 4.960000000000000000e+02 -9.040000000000000000e+02
1.050000000000000000e+02 -5.600000000000000000e+01 5.040000000000000000e+02 -8.560000000000000000e+02
1.450000000000000000e+02 -4.000000000000000000e+01 5.360000000000000000e+02 -8.640000000000000000e+02
1.850000000000000000e+02 -5.600000000000000000e+01 5.280000000000000000e+02 -8.160000000000000000e+02
2.250000000000000000e+02 -4.800000000000000000e+01 5.200000000000000000e+02 -8.640000000000000000e+02
2.650000000000000000e+02 -4.800000000000000000e+01 5.360000000000000000e+02 -9.200000000000000000e+02
3.050000000000000000e+02 -3.200000000000000000e+01 5.440000000000000000e+02 -8.960000000000000000e+02
3.450000000000000000e+02 -2.400000000000000000e+01 5.200000000000000000e+02 -8.560000000000000000e+02
3.850000000000000000e+02 -8.000000000000000000e+00 5.120000000000000000e+02 -8.880000000000000000e+02
4.250000000000000000e+02 -8.000000000000000000e+00 4.960000000000000000e+02 -8.960000000000000000e+02
4.650000000000000000e+02 -2.400000000000000000e+01 5.280000000000000000e+02 -8.320000000000000000e+02
5.050000000000000000e+02 -4.000000000000000000e+01 5.680000000000000000e+02 -8.240000000000000000e+02
5.450000000000000000e+02 -2.400000000000000000e+01 5.680000000000000000e+02 -7.920000000000000000e+02
5.850000000000000000e+02 -2.400000000000000000e+01 5.440000000000000000e+02 -8.720000000000000000e+02
6.250000000000000000e+02 -3.200000000000000000e+01 5.440000000000000000e+02 -8.240000000000000000e+02
6.650000000000000000e+02 -3.200000000000000000e+01 5.520000000000000000e+02 -9.280000000000000000e+02
7.050000000000000000e+02 -4.800000000000000000e+01 5.520000000000000000e+02 -8.880000000000000000e+02
7.450000000000000000e+02 -6.400000000000000000e+01 5.600000000000000000e+02 -8.080000000000000000e+02
7.850000000000000000e+02 -6.400000000000000000e+01 5.440000000000000000e+02 -8.480000000000000000e+02
8.250000000000000000e+02 -7.200000000000000000e+01 5.360000000000000000e+02 -8.960000000000000000e+02
8.650000000000000000e+02 -7.200000000000000000e+01 5.360000000000000000e+02 -8.160000000000000000e+02
9.050000000000000000e+02 -5.600000000000000000e+01 5.600000000000000000e+02 -8.000000000000000000e+02
9.450000000000000000e+02 -4.800000000000000000e+01 5.600000000000000000e+02 -8.400000000000000000e+02
9.850000000000000000e+02 -6.400000000000000000e+01 5.520000000000000000e+02 -8.880000000000000000e+02
1.018000000000000000e+03 -7.200000000000000000e+01 5.280000000000000000e+02 -8.800000000000000000e+02
1.058000000000000000e+03 -7.200000000000000000e+01 5.440000000000000000e+02 -8.400000000000000000e+02
1.098000000000000000e+03 -8.800000000000000000e+01 5.520000000000000000e+02 -8.000000000000000000e+02
1.138000000000000000e+03 -8.000000000000000000e+01 5.440000000000000000e+02 -8.880000000000000000e+02
1.178000000000000000e+03 -9.600000000000000000e+01 5.680000000000000000e+02 -8.160000000000000000e+02
1.218000000000000000e+03 -8.000000000000000000e+01 5.280000000000000000e+02 -8.400000000000000000e+02
1.258000000000000000e+03 -5.600000000000000000e+01 5.520000000000000000e+02 -7.440000000000000000e+02
1.298000000000000000e+03 -6.400000000000000000e+01 6.160000000000000000e+02 -7.600000000000000000e+02
1.338000000000000000e+03 -8.000000000000000000e+01 5.840000000000000000e+02 -8.400000000000000000e+02
1.378000000000000000e+03 -7.200000000000000000e+01 5.440000000000000000e+02 -8.400000000000000000e+02
1.418000000000000000e+03 -8.000000000000000000e+01 5.440000000000000000e+02 -8.320000000000000000e+02
1.458000000000000000e+03 -8.000000000000000000e+01 5.440000000000000000e+02 -8.480000000000000000e+02
1.498000000000000000e+03 -8.800000000000000000e+01 5.600000000000000000e+02 -8.160000000000000000e+02
1.538000000000000000e+03 -8.800000000000000000e+01 5.360000000000000000e+02 -8.160000000000000000e+02
1.578000000000000000e+03 -1.040000000000000000e+02 5.360000000000000000e+02 -8.800000000000000000e+02
1.618000000000000000e+03 -1.040000000000000000e+02 5.680000000000000000e+02 -8.240000000000000000e+02
1.658000000000000000e+03 -1.040000000000000000e+02 5.680000000000000000e+02 -8.560000000000000000e+02
1.698000000000000000e+03 -8.800000000000000000e+01 5.760000000000000000e+02 -8.320000000000000000e+02
1.738000000000000000e+03 -6.400000000000000000e+01 5.920000000000000000e+02 -8.720000000000000000e+02
1.778000000000000000e+03 -6.400000000000000000e+01 5.440000000000000000e+02 -8.640000000000000000e+02
1.818000000000000000e+03 -5.600000000000000000e+01 5.520000000000000000e+02 -8.400000000000000000e+02
1.858000000000000000e+03 -7.200000000000000000e+01 5.200000000000000000e+02 -8.480000000000000000e+02
1.898000000000000000e+03 -8.000000000000000000e+01 5.200000000000000000e+02 -8.800000000000000000e+02
1.938000000000000000e+03 -8.800000000000000000e+01 5.440000000000000000e+02 -8.560000000000000000e+02
1.978000000000000000e+03 -9.600000000000000000e+01 5.760000000000000000e+02 -8.560000000000000000e+02
2.010000000000000000e+03 -7.200000000000000000e+01 5.760000000000000000e+02 -8.320000000000000000e+02
2.050000000000000000e+03 -8.800000000000000000e+01 6.160000000000000000e+02 -7.600000000000000000e+02
2.090000000000000000e+03 -8.800000000000000000e+01 6.160000000000000000e+02 -8.320000000000000000e+02
2.130000000000000000e+03 -8.000000000000000000e+01 6.000000000000000000e+02 -7.760000000000000000e+02
2.170000000000000000e+03 -1.040000000000000000e+02 5.440000000000000000e+02 -8.080000000000000000e+02
2.210000000000000000e+03 -1.040000000000000000e+02 5.440000000000000000e+02 -8.480000000000000000e+02
2.250000000000000000e+03 -8.800000000000000000e+01 5.760000000000000000e+02 -8.400000000000000000e+02
2.290000000000000000e+03 -8.800000000000000000e+01 5.600000000000000000e+02 -8.480000000000000000e+02
2.330000000000000000e+03 -8.000000000000000000e+01 5.600000000000000000e+02 -8.400000000000000000e+02
2.370000000000000000e+03 -8.000000000000000000e+01 5.520000000000000000e+02 -8.800000000000000000e+02
2.410000000000000000e+03 -7.200000000000000000e+01 5.680000000000000000e+02 -8.560000000000000000e+02
2.450000000000000000e+03 -8.000000000000000000e+01 5.760000000000000000e+02 -7.760000000000000000e+02
2.490000000000000000e+03 -9.600000000000000000e+01 5.920000000000000000e+02 -8.320000000000000000e+02
2.530000000000000000e+03 -8.800000000000000000e+01 5.680000000000000000e+02 -8.320000000000000000e+02
2.570000000000000000e+03 -9.600000000000000000e+01 5.840000000000000000e+02 -8.400000000000000000e+02
2.610000000000000000e+03 -8.800000000000000000e+01 5.680000000000000000e+02 -8.560000000000000000e+02
2.650000000000000000e+03 -5.600000000000000000e+01 5.920000000000000000e+02 -8.640000000000000000e+02
2.690000000000000000e+03 -6.400000000000000000e+01 5.760000000000000000e+02 -8.080000000000000000e+02
2.730000000000000000e+03 -8.000000000000000000e+01 5.760000000000000000e+02 -8.160000000000000000e+02
2.770000000000000000e+03 -8.800000000000000000e+01 5.920000000000000000e+02 -8.640000000000000000e+02
2.810000000000000000e+03 -8.000000000000000000e+01 6.000000000000000000e+02 -8.640000000000000000e+02
2.850000000000000000e+03 -8.000000000000000000e+01 5.920000000000000000e+02 -7.840000000000000000e+02
2.890000000000000000e+03 -8.800000000000000000e+01 5.760000000000000000e+02 -8.960000000000000000e+02
2.930000000000000000e+03 -9.600000000000000000e+01 5.440000000000000000e+02 -8.160000000000000000e+02
2.970000000000000000e+03 -9.600000000000000000e+01 5.440000000000000000e+02 -8.320000000000000000e+02
3.001000000000000000e+03 -8.800000000000000000e+01 5.520000000000000000e+02 -8.400000000000000000e+02
3.041000000000000000e+03 -9.600000000000000000e+01 5.360000000000000000e+02 -8.320000000000000000e+02
3.081000000000000000e+03 -1.040000000000000000e+02 5.680000000000000000e+02 -7.760000000000000000e+02
3.121000000000000000e+03 -8.800000000000000000e+01 6.800000000000000000e+02 -8.560000000000000000e+02
3.161000000000000000e+03 -9.600000000000000000e+01 6.400000000000000000e+02 -8.240000000000000000e+02
3.201000000000000000e+03 -9.600000000000000000e+01 6.080000000000000000e+02 -8.880000000000000000e+02
3.241000000000000000e+03 -9.600000000000000000e+01 5.840000000000000000e+02 -8.000000000000000000e+02
3.281000000000000000e+03 -9.600000000000000000e+01 6.160000000000000000e+02 -8.640000000000000000e+02
3.321000000000000000e+03 -1.040000000000000000e+02 6.080000000000000000e+02 -7.600000000000000000e+02
3.361000000000000000e+03 -1.120000000000000000e+02 6.000000000000000000e+02 -8.000000000000000000e+02
3.401000000000000000e+03 -1.200000000000000000e+02 5.440000000000000000e+02 -8.720000000000000000e+02
3.441000000000000000e+03 -1.120000000000000000e+02 5.280000000000000000e+02 -8.480000000000000000e+02
3.481000000000000000e+03 -1.040000000000000000e+02 5.520000000000000000e+02 -8.400000000000000000e+02
3.521000000000000000e+03 -1.040000000000000000e+02 5.600000000000000000e+02 -8.320000000000000000e+02
3.561000000000000000e+03 -1.040000000000000000e+02 5.760000000000000000e+02 -8.400000000000000000e+02
3.601000000000000000e+03 -9.600000000000000000e+01 5.600000000000000000e+02 -8.880000000000000000e+02
3.641000000000000000e+03 -9.600000000000000000e+01 5.680000000000000000e+02 -8.160000000000000000e+02
3.681000000000000000e+03 -1.040000000000000000e+02 5.600000000000000000e+02 -8.400000000000000000e+02
3.721000000000000000e+03 -1.200000000000000000e+02 5.680000000000000000e+02 -8.480000000000000000e+02
3.761000000000000000e+03 -1.040000000000000000e+02 5.520000000000000000e+02 -8.160000000000000000e+02
3.801000000000000000e+03 -1.040000000000000000e+02 5.520000000000000000e+02 -8.640000000000000000e+02
3.841000000000000000e+03 -1.120000000000000000e+02 5.520000000000000000e+02 -8.720000000000000000e+02
3.881000000000000000e+03 -1.120000000000000000e+02 5.520000000000000000e+02 -8.160000000000000000e+02
3.921000000000000000e+03 -1.040000000000000000e+02 5.440000000000000000e+02 -8.400000000000000000e+02
3.961000000000000000e+03 -1.120000000000000000e+02 5.600000000000000000e+02 -8.160000000000000000e+02
3.992000000000000000e+03 -1.040000000000000000e+02 5.600000000000000000e+02 -8.240000000000000000e+02
4.032000000000000000e+03 -1.040000000000000000e+02 5.280000000000000000e+02 -8.560000000000000000e+02
4.072000000000000000e+03 -8.800000000000000000e+01 5.520000000000000000e+02 -8.720000000000000000e+02
4.112000000000000000e+03 -9.600000000000000000e+01 5.520000000000000000e+02 -8.720000000000000000e+02
4.152000000000000000e+03 -8.800000000000000000e+01 5.440000000000000000e+02 -8.400000000000000000e+02
4.192000000000000000e+03 -1.040000000000000000e+02 5.520000000000000000e+02 -8.400000000000000000e+02
4.232000000000000000e+03 -1.120000000000000000e+02 5.520000000000000000e+02 -8.320000000000000000e+02
4.272000000000000000e+03 -1.120000000000000000e+02 5.520000000000000000e+02 -8.480000000000000000e+02
4.312000000000000000e+03 -1.040000000000000000e+02 5.360000000000000000e+02 -8.160000000000000000e+02
4.352000000000000000e+03 -1.040000000000000000e+02 5.520000000000000000e+02 -8.640000000000000000e+02
4.392000000000000000e+03 -1.040000000000000000e+02 5.520000000000000000e+02 -8.720000000000000000e+02
4.432000000000000000e+03 -9.600000000000000000e+01 5.440000000000000000e+02 -8.320000000000000000e+02
4.472000000000000000e+03 -1.040000000000000000e+02 5.520000000000000000e+02 -7.760000000000000000e+02
4.512000000000000000e+03 -1.040000000000000000e+02 5.600000000000000000e+02 -8.400000000000000000e+02
4.552000000000000000e+03 -9.600000000000000000e+01 5.760000000000000000e+02 -8.320000000000000000e+02
4.592000000000000000e+03 -1.040000000000000000e+02 5.920000000000000000e+02 -8.160000000000000000e+02
4.632000000000000000e+03 -1.120000000000000000e+02 5.920000000000000000e+02 -8.000000000000000000e+02
4.672000000000000000e+03 -1.120000000000000000e+02 5.840000000000000000e+02 -8.000000000000000000e+02
4.712000000000000000e+03 -1.120000000000000000e+02 5.680000000000000000e+02 -8.240000000000000000e+02
4.752000000000000000e+03 -1.120000000000000000e+02 5.600000000000000000e+02 -8.240000000000000000e+02
4.792000000000000000e+03 -1.280000000000000000e+02 5.600000000000000000e+02 -8.640000000000000000e+02
4.832000000000000000e+03 -1.200000000000000000e+02 5.600000000000000000e+02 -8.320000000000000000e+02
4.872000000000000000e+03 -8.800000000000000000e+01 5.520000000000000000e+02 -8.720000000000000000e+02
4.912000000000000000e+03 -8.000000000000000000e+01 5.600000000000000000e+02 -8.320000000000000000e+02
4.952000000000000000e+03 -9.600000000000000000e+01 5.760000000000000000e+02 -7.120000000000000000e+02
4.984000000000000000e+03 -1.280000000000000000e+02 5.840000000000000000e+02 -8.080000000000000000e+02
5.024000000000000000e+03 -1.200000000000000000e+02 6.160000000000000000e+02 -7.760000000000000000e+02
5.064000000000000000e+03 -9.600000000000000000e+01 5.840000000000000000e+02 -7.600000000000000000e+02
5.104000000000000000e+03 -9.600000000000000000e+01 5.920000000000000000e+02 -8.560000000000000000e+02
5.144000000000000000e+03 -9.600000000000000000e+01 5.920000000000000000e+02 -8.160000000000000000e+02
5.184000000000000000e+03 -6.400000000000000000e+01 5.920000000000000000e+02 -7.920000000000000000e+02
5.224000000000000000e+03 -8.000000000000000000e+01 5.840000000000000000e+02 -8.000000000000000000e+02
5.264000000000000000e+03 -9.600000000000000000e+01 5.840000000000000000e+02 -8.080000000000000000e+02
5.304000000000000000e+03 -1.120000000000000000e+02 5.920000000000000000e+02 -8.240000000000000000e+02
5.344000000000000000e+03 -1.040000000000000000e+02 5.920000000000000000e+02 -8.560000000000000000e+02
5.384000000000000000e+03 -1.040000000000000000e+02 5.840000000000000000e+02 -8.240000000000000000e+02
5.424000000000000000e+03 -1.040000000000000000e+02 6.000000000000000000e+02 -8.160000000000000000e+02
5.464000000000000000e+03 -1.040000000000000000e+02 5.840000000000000000e+02 -8.080000000000000000e+02
5.504000000000000000e+03 -1.040000000000000000e+02 5.920000000000000000e+02 -8.400000000000000000e+02
5.544000000000000000e+03 -1.040000000000000000e+02 5.840000000000000000e+02 -8.240000000000000000e+02
5.584000000000000000e+03 -8.800000000000000000e+01 5.920000000000000000e+02 -8.320000000000000000e+02
5.624000000000000000e+03 -8.800000000000000000e+01 6.000000000000000000e+02 -8.000000000000000000e+02
5.664000000000000000e+03 -1.120000000000000000e+02 6.000000000000000000e+02 -7.680000000000000000e+02
5.704000000000000000e+03 -1.040000000000000000e+02 5.840000000000000000e+02 -8.000000000000000000e+02
5.744000000000000000e+03 -9.600000000000000000e+01 5.760000000000000000e+02 -7.760000000000000000e+02
5.784000000000000000e+03 -1.040000000000000000e+02 5.760000000000000000e+02 -7.840000000000000000e+02
5.824000000000000000e+03 -9.600000000000000000e+01 5.840000000000000000e+02 -8.240000000000000000e+02
5.864000000000000000e+03 -1.040000000000000000e+02 5.920000000000000000e+02 -8.000000000000000000e+02
5.904000000000000000e+03 -9.600000000000000000e+01 6.000000000000000000e+02 -8.480000000000000000e+02
5.944000000000000000e+03 -1.120000000000000000e+02 5.840000000000000000e+02 -8.080000000000000000e+02
5.975000000000000000e+03 -1.040000000000000000e+02 5.920000000000000000e+02 -7.840000000000000000e+02
6.015000000000000000e+03 -1.040000000000000000e+02 6.000000000000000000e+02 -8.160000000000000000e+02
6.055000000000000000e+03 -1.040000000000000000e+02 6.000000000000000000e+02 -7.440000000000000000e+02
6.095000000000000000e+03 -9.600000000000000000e+01 6.000000000000000000e+02 -8.160000000000000000e+02
6.135000000000000000e+03 -9.600000000000000000e+01 6.000000000000000000e+02 -8.000000000000000000e+02
6.175000000000000000e+03 -9.600000000000000000e+01 5.920000000000000000e+02 -8.160000000000000000e+02
6.215000000000000000e+03 -9.600000000000000000e+01 5.920000000000000000e+02 -7.600000000000000000e+02
6.255000000000000000e+03 -1.040000000000000000e+02 6.000000000000000000e+02 -8.000000000000000000e+02
6.295000000000000000e+03 -1.040000000000000000e+02 6.080000000000000000e+02 -7.840000000000000000e+02
6.335000000000000000e+03 -1.040000000000000000e+02 6.400000000000000000e+02 -8.080000000000000000e+02
6.375000000000000000e+03 -1.200000000000000000e+02 6.000000000000000000e+02 -7.920000000000000000e+02
6.415000000000000000e+03 -1.120000000000000000e+02 6.160000000000000000e+02 -8.080000000000000000e+02
6.455000000000000000e+03 -1.120000000000000000e+02 6.080000000000000000e+02 -7.840000000000000000e+02
6.495000000000000000e+03 -1.120000000000000000e+02 6.080000000000000000e+02 -8.080000000000000000e+02
6.535000000000000000e+03 -1.120000000000000000e+02 6.080000000000000000e+02 -7.920000000000000000e+02
6.575000000000000000e+03 -1.120000000000000000e+02 6.000000000000000000e+02 -8.000000000000000000e+02
6.615000000000000000e+03 -1.040000000000000000e+02 6.000000000000000000e+02 -7.920000000000000000e+02
6.655000000000000000e+03 -1.040000000000000000e+02 6.080000000000000000e+02 -8.160000000000000000e+02
6.695000000000000000e+03 -1.120000000000000000e+02 6.000000000000000000e+02 -8.000000000000000000e+02
6.735000000000000000e+03 -1.040000000000000000e+02 6.080000000000000000e+02 -8.000000000000000000e+02
6.775000000000000000e+03 -9.600000000000000000e+01 6.080000000000000000e+02 -7.920000000000000000e+02
6.815000000000000000e+03 -1.040000000000000000e+02 6.080000000000000000e+02 -7.920000000000000000e+02
6.855000000000000000e+03 -1.040000000000000000e+02 6.080000000000000000e+02 -7.840000000000000000e+02
6.895000000000000000e+03 -1.040000000000000000e+02 6.240000000000000000e+02 -7.840000000000000000e+02
6.935000000000000000e+03 -1.440000000000000000e+02 6.240000000000000000e+02 -7.600000000000000000e+02
6.967000000000000000e+03 -1.280000000000000000e+02 6.320000000000000000e+02 -7.760000000000000000e+02
7.007000000000000000e+03 -1.200000000000000000e+02 6.240000000000000000e+02 -7.920000000000000000e+02
7.047000000000000000e+03 -1.200000000000000000e+02 6.240000000000000000e+02 -7.920000000000000000e+02
7.087000000000000000e+03 -1.120000000000000000e+02 6.080000000000000000e+02 -8.080000000000000000e+02
7.127000000000000000e+03 -1.120000000000000000e+02 6.160000000000000000e+02 -7.840000000000000000e+02
7.167000000000000000e+03 -1.120000000000000000e+02 6.080000000000000000e+02 -7.920000000000000000e+02
7.207000000000000000e+03 -1.120000000000000000e+02 6.160000000000000000e+02 -7.920000000000000000e+02
7.247000000000000000e+03 -1.040000000000000000e+02 6.160000000000000000e+02 -8.080000000000000000e+02
7.287000000000000000e+03 -1.040000000000000000e+02 6.160000000000000000e+02 -8.000000000000000000e+02
7.327000000000000000e+03 -1.120000000000000000e+02 6.240000000000000000e+02 -8.000000000000000000e+02
7.367000000000000000e+03 -1.040000000000000000e+02 6.240000000000000000e+02 -7.920000000000000000e+02
7.407000000000000000e+03 -1.120000000000000000e+02 6.240000000000000000e+02 -7.840000000000000000e+02
7.447000000000000000e+03 -1.120000000000000000e+02 6.160000000000000000e+02 -7.840000000000000000e+02
7.487000000000000000e+03 -1.120000000000000000e+02 6.160000000000000000e+02 -7.920000000000000000e+02
7.527000000000000000e+03 -1.280000000000000000e+02 6.240000000000000000e+02 -7.840000000000000000e+02
7.567000000000000000e+03 -1.200000000000000000e+02 6.240000000000000000e+02 -7.840000000000000000e+02
7.607000000000000000e+03 -1.120000000000000000e+02 6.240000000000000000e+02 -7.760000000000000000e+02
7.647000000000000000e+03 -1.120000000000000000e+02 6.160000000000000000e+02 -7.760000000000000000e+02
7.687000000000000000e+03 -8.800000000000000000e+01 6.320000000000000000e+02 -7.840000000000000000e+02
7.727000000000000000e+03 -8.800000000000000000e+01 6.320000000000000000e+02 -8.000000000000000000e+02
7.767000000000000000e+03 -9.600000000000000000e+01 6.240000000000000000e+02 -7.760000000000000000e+02
7.807000000000000000e+03 -1.200000000000000000e+02 6.160000000000000000e+02 -7.920000000000000000e+02
7.847000000000000000e+03 -1.200000000000000000e+02 6.240000000000000000e+02 -8.000000000000000000e+02
7.887000000000000000e+03 -1.120000000000000000e+02 6.240000000000000000e+02 -7.920000000000000000e+02
7.927000000000000000e+03 -1.200000000000000000e+02 6.240000000000000000e+02 -7.600000000000000000e+02
7.958000000000000000e+03 -1.200000000000000000e+02 6.240000000000000000e+02 -8.160000000000000000e+02
7.998000000000000000e+03 -1.120000000000000000e+02 6.240000000000000000e+02 -7.840000000000000000e+02
8.038000000000000000e+03 -8.800000000000000000e+01 6.480000000000000000e+02 -8.080000000000000000e+02
8.078000000000000000e+03 -8.000000000000000000e+01 6.480000000000000000e+02 -7.760000000000000000e+02
8.118000000000000000e+03 -1.120000000000000000e+02 6.400000000000000000e+02 -8.080000000000000000e+02
8.158000000000000000e+03 -1.200000000000000000e+02 6.320000000000000000e+02 -8.080000000000000000e+02
8.198000000000000000e+03 -1.200000000000000000e+02 6.400000000000000000e+02 -7.760000000000000000e+02
8.238000000000000000e+03 -1.200000000000000000e+02 6.560000000000000000e+02 -7.920000000000000000e+02
8.278000000000000000e+03 -9.600000000000000000e+01 6.400000000000000000e+02 -8.080000000000000000e+02
8.318000000000000000e+03 -1.040000000000000000e+02 6.480000000000000000e+02 -7.840000000000000000e+02
8.358000000000000000e+03 -1.280000000000000000e+02 6.400000000000000000e+02 -8.080000000000000000e+02
8.398000000000000000e+03 -1.200000000000000000e+02 6.400000000000000000e+02 -7.680000000000000000e+02
8.438000000000000000e+03 -1.200000000000000000e+02 6.320000000000000000e+02 -7.840000000000000000e+02
8.478000000000000000e+03 -1.280000000000000000e+02 6.480000000000000000e+02 -7.520000000000000000e+02
8.518000000000000000e+03 -1.280000000000000000e+02 6.160000000000000000e+02 -8.080000000000000000e+02
8.558000000000000000e+03 -1.200000000000000000e+02 6.160000000000000000e+02 -7.920000000000000000e+02
8.598000000000000000e+03 -1.200000000000000000e+02 6.240000000000000000e+02 -7.680000000000000000e+02
8.638000000000000000e+03 -1.200000000000000000e+02 6.320000000000000000e+02 -7.760000000000000000e+02
8.678000000000000000e+03 -1.120000000000000000e+02 6.320000000000000000e+02 -7.680000000000000000e+02
8.718000000000000000e+03 -1.200000000000000000e+02 6.320000000000000000e+02 -7.520000000000000000e+02
8.758000000000000000e+03 -1.200000000000000000e+02 6.160000000000000000e+02 -7.840000000000000000e+02
8.798000000000000000e+03 -1.040000000000000000e+02 6.320000000000000000e+02 -7.360000000000000000e+02
8.838000000000000000e+03 -1.040000000000000000e+02 6.320000000000000000e+02 -7.600000000000000000e+02
8.878000000000000000e+03 -1.120000000000000000e+02 6.320000000000000000e+02 -7.760000000000000000e+02
8.918000000000000000e+03 -1.120000000000000000e+02 6.320000000000000000e+02 -7.840000000000000000e+02
8.949000000000000000e+03 -1.280000000000000000e+02 6.320000000000000000e+02 -7.920000000000000000e+02
8.989000000000000000e+03 -1.200000000000000000e+02 6.320000000000000000e+02 -7.840000000000000000e+02
9.029000000000000000e+03 -1.200000000000000000e+02 6.400000000000000000e+02 -7.920000000000000000e+02
9.069000000000000000e+03 -1.040000000000000000e+02 6.320000000000000000e+02 -7.840000000000000000e+02
9.109000000000000000e+03 -1.280000000000000000e+02 6.400000000000000000e+02 -7.920000000000000000e+02
9.149000000000000000e+03 -1.200000000000000000e+02 6.240000000000000000e+02 -7.760000000000000000e+02
9.189000000000000000e+03 -1.200000000000000000e+02 6.320000000000000000e+02 -7.760000000000000000e+02
9.229000000000000000e+03 -1.200000000000000000e+02 6.400000000000000000e+02 -7.920000000000000000e+02
9.269000000000000000e+03 -1.200000000000000000e+02 6.320000000000000000e+02 -7.680000000000000000e+02
9.309000000000000000e+03 -1.120000000000000000e+02 6.320000000000000000e+02 -7.920000000000000000e+02
9.349000000000000000e+03 -1.120000000000000000e+02 6.320000000000000000e+02 -7.840000000000000000e+02
9.389000000000000000e+03 -1.280000000000000000e+02 6.160000000000000000e+02 -7.680000000000000000e+02
9.429000000000000000e+03 -1.280000000000000000e+02 6.160000000000000000e+02 -7.840000000000000000e+02
9.469000000000000000e+03 -1.280000000000000000e+02 6.320000000000000000e+02 -7.680000000000000000e+02
9.509000000000000000e+03 -1.360000000000000000e+02 6.320000000000000000e+02 -7.600000000000000000e+02
9.549000000000000000e+03 -1.360000000000000000e+02 6.400000000000000000e+02 -7.120000000000000000e+02
9.589000000000000000e+03 -1.280000000000000000e+02 6.320000000000000000e+02 -7.680000000000000000e+02
9.629000000000000000e+03 -1.280000000000000000e+02 6.560000000000000000e+02 -7.840000000000000000e+02
9.669000000000000000e+03 -1.200000000000000000e+02 6.720000000000000000e+02 -7.840000000000000000e+02
9.709000000000000000e+03 -1.280000000000000000e+02 6.560000000000000000e+02 -7.920000000000000000e+02
9.749000000000000000e+03 -1.200000000000000000e+02 6.480000000000000000e+02 -7.760000000000000000e+02
9.789000000000000000e+03 -1.200000000000000000e+02 6.320000000000000000e+02 -7.680000000000000000e+02
9.829000000000000000e+03 -1.120000000000000000e+02 6.480000000000000000e+02 -7.680000000000000000e+02
9.869000000000000000e+03 -1.120000000000000000e+02 6.400000000000000000e+02 -7.760000000000000000e+02
9.909000000000000000e+03 -1.120000000000000000e+02 6.320000000000000000e+02 -7.760000000000000000e+02
9.942000000000000000e+03 -1.040000000000000000e+02 6.320000000000000000e+02 -7.680000000000000000e+02
9.982000000000000000e+03 -1.120000000000000000e+02 6.320000000000000000e+02 -7.760000000000000000e+02
1.002200000000000000e+04 -8.000000000000000000e+01 6.400000000000000000e+02 -8.080000000000000000e+02
1.006200000000000000e+04 -9.600000000000000000e+01 6.400000000000000000e+02 -7.680000000000000000e+02
1.010200000000000000e+04 -1.120000000000000000e+02 6.240000000000000000e+02 -7.920000000000000000e+02
1.014200000000000000e+04 -1.120000000000000000e+02 6.400000000000000000e+02 -7.440000000000000000e+02
1.018200000000000000e+04 -1.200000000000000000e+02 6.560000000000000000e+02 -8.240000000000000000e+02
1.022200000000000000e+04 -1.200000000000000000e+02 6.560000000000000000e+02 -8.160000000000000000e+02
1.026200000000000000e+04 -1.280000000000000000e+02 6.480000000000000000e+02 -7.760000000000000000e+02
1.030200000000000000e+04 -1.360000000000000000e+02 6.400000000000000000e+02 -8.080000000000000000e+02
1.034200000000000000e+04 -1.280000000000000000e+02 6.240000000000000000e+02 -7.840000000000000000e+02
1.038200000000000000e+04 -1.200000000000000000e+02 6.560000000000000000e+02 -8.000000000000000000e+02
1.042200000000000000e+04 -1.120000000000000000e+02 6.560000000000000000e+02 -7.680000000000000000e+02
1.046200000000000000e+04 -1.200000000000000000e+02 6.560000000000000000e+02 -7.520000000000000000e+02
1.050200000000000000e+04 -1.200000000000000000e+02 6.480000000000000000e+02 -7.760000000000000000e+02
1.054200000000000000e+04 -1.280000000000000000e+02 6.400000000000000000e+02 -7.600000000000000000e+02
1.058200000000000000e+04 -1.120000000000000000e+02 6.320000000000000000e+02 -7.840000000000000000e+02
1.062200000000000000e+04 -1.120000000000000000e+02 6.240000000000000000e+02 -7.840000000000000000e+02
1.066200000000000000e+04 -1.040000000000000000e+02 6.240000000000000000e+02 -7.760000000000000000e+02
1.070200000000000000e+04 -1.120000000000000000e+02 6.080000000000000000e+02 -7.920000000000000000e+02
1.074200000000000000e+04 -1.360000000000000000e+02 6.160000000000000000e+02 -7.760000000000000000e+02
1.078200000000000000e+04 -1.200000000000000000e+02 6.240000000000000000e+02 -7.840000000000000000e+02
1.082200000000000000e+04 -1.200000000000000000e+02 6.240000000000000000e+02 -8.240000000000000000e+02
1.086200000000000000e+04 -1.120000000000000000e+02 6.240000000000000000e+02 -7.760000000000000000e+02
1.090200000000000000e+04 -1.120000000000000000e+02 6.240000000000000000e+02 -7.840000000000000000e+02
1.093300000000000000e+04 -1.200000000000000000e+02 6.240000000000000000e+02 -7.920000000000000000e+02
1.097300000000000000e+04 -1.040000000000000000e+02 6.160000000000000000e+02 -8.000000000000000000e+02
1.101300000000000000e+04 -1.200000000000000000e+02 6.320000000000000000e+02 -7.760000000000000000e+02
1.105300000000000000e+04 -1.200000000000000000e+02 6.320000000000000000e+02 -7.440000000000000000e+02
1.109300000000000000e+04 -1.200000000000000000e+02 6.400000000000000000e+02 -7.680000000000000000e+02
1.113300000000000000e+04 -1.120000000000000000e+02 6.240000000000000000e+02 -7.840000000000000000e+02
1.117300000000000000e+04 -1.040000000000000000e+02 6.320000000000000000e+02 -8.000000000000000000e+02
1.121300000000000000e+04 -1.040000000000000000e+02 6.320000000000000000e+02 -8.000000000000000000e+02
1.125300000000000000e+04 -9.600000000000000000e+01 6.400000000000000000e+02 -7.760000000000000000e+02
1.129300000000000000e+04 -8.000000000000000000e+01 6.240000000000000000e+02 -7.840000000000000000e+02
1.133300000000000000e+04 -9.600000000000000000e+01 6.400000000000000000e+02 -7.760000000000000000e+02
1.137300000000000000e+04 -9.600000000000000000e+01 6.400000000000000000e+02 -7.840000000000000000e+02
1.141300000000000000e+04 -1.040000000000000000e+02 6.320000000000000000e+02 -7.840000000000000000e+02
1.145300000000000000e+04 -1.120000000000000000e+02 6.400000000000000000e+02 -7.520000000000000000e+02
1.149300000000000000e+04 -8.800000000000000000e+01 6.400000000000000000e+02 -7.920000000000000000e+02
1.153300000000000000e+04 -8.800000000000000000e+01 6.480000000000000000e+02 -8.240000000000000000e+02
1.157300000000000000e+04 -8.800000000000000000e+01 6.400000000000000000e+02 -8.080000000000000000e+02
1.161300000000000000e+04 -8.800000000000000000e+01 6.400000000000000000e+02 -7.840000000000000000e+02
1.165300000000000000e+04 -8.800000000000000000e+01 6.400000000000000000e+02 -7.840000000000000000e+02
1.169300000000000000e+04 -8.800000000000000000e+01 6.480000000000000000e+02 -7.680000000000000000e+02
1.173300000000000000e+04 -8.800000000000000000e+01 6.400000000000000000e+02 -7.600000000000000000e+02
1.177300000000000000e+04 -9.600000000000000000e+01 6.400000000000000000e+02 -7.680000000000000000e+02
1.181300000000000000e+04 -8.800000000000000000e+01 6.400000000000000000e+02 -7.680000000000000000e+02
1.185300000000000000e+04 -9.600000000000000000e+01 6.480000000000000000e+02 -7.440000000000000000e+02
1.189300000000000000e+04 -8.800000000000000000e+01 6.400000000000000000e+02 -7.840000000000000000e+02
1.192400000000000000e+04 -8.000000000000000000e+01 6.320000000000000000e+02 -7.760000000000000000e+02
1.196400000000000000e+04 -8.800000000000000000e+01 6.240000000000000000e+02 -7.840000000000000000e+02
1.200400000000000000e+04 -8.800000000000000000e+01 6.480000000000000000e+02 -7.760000000000000000e+02
1.204400000000000000e+04 -9.600000000000000000e+01 6.560000000000000000e+02 -7.360000000000000000e+02
1.208400000000000000e+04 -9.600000000000000000e+01 6.480000000000000000e+02 -7.840000000000000000e+02
1.212400000000000000e+04 -8.000000000000000000e+01 6.480000000000000000e+02 -7.680000000000000000e+02
1.216400000000000000e+04 -8.800000000000000000e+01 6.320000000000000000e+02 -7.520000000000000000e+02
1.220400000000000000e+04 -1.120000000000000000e+02 6.640000000000000000e+02 -7.760000000000000000e+02
1.224400000000000000e+04 -1.120000000000000000e+02 6.640000000000000000e+02 -7.680000000000000000e+02
1.228400000000000000e+04 -1.040000000000000000e+02 6.560000000000000000e+02 -7.840000000000000000e+02
1.232400000000000000e+04 -1.040000000000000000e+02 6.320000000000000000e+02 -7.280000000000000000e+02
1.236400000000000000e+04 -1.120000000000000000e+02 6.400000000000000000e+02 -7.680000000000000000e+02
1.240400000000000000e+04 -1.040000000000000000e+02 6.480000000000000000e+02 -7.600000000000000000e+02
1.244400000000000000e+04 -1.120000000000000000e+02 6.560000000000000000e+02 -7.520000000000000000e+02
1.248400000000000000e+04 -1.040000000000000000e+02 6.640000000000000000e+02 -7.600000000000000000e+02
1.252400000000000000e+04 -1.040000000000000000e+02 6.640000000000000000e+02 -7.760000000000000000e+02
1.256400000000000000e+04 -9.600000000000000000e+01 6.560000000000000000e+02 -8.080000000000000000e+02
1.260400000000000000e+04 -9.600000000000000000e+01 6.480000000000000000e+02 -7.680000000000000000e+02
1.264400000000000000e+04 -1.200000000000000000e+02 6.400000000000000000e+02 -7.520000000000000000e+02
1.268400000000000000e+04 -1.120000000000000000e+02 6.400000000000000000e+02 -7.520000000000000000e+02
1.272400000000000000e+04 -1.120000000000000000e+02 6.400000000000000000e+02 -7.680000000000000000e+02
1.276400000000000000e+04 -1.040000000000000000e+02 6.400000000000000000e+02 -7.920000000000000000e+02
1.280400000000000000e+04 -9.600000000000000000e+01 6.480000000000000000e+02 -7.440000000000000000e+02
1.284400000000000000e+04 -1.040000000000000000e+02 6.560000000000000000e+02 -7.600000000000000000e+02
1.288400000000000000e+04 -9.600000000000000000e+01 6.560000000000000000e+02 -7.840000000000000000e+02
1.291600000000000000e+04 -1.040000000000000000e+02 6.560000000000000000e+02 -7.520000000000000000e+02
1.295600000000000000e+04 -1.200000000000000000e+02 6.560000000000000000e+02 -7.520000000000000000e+02
1.299600000000000000e+04 -1.040000000000000000e+02 6.560000000000000000e+02 -7.760000000000000000e+02
1.303600000000000000e+04 -9.600000000000000000e+01 6.720000000000000000e+02 -7.520000000000000000e+02
1.307600000000000000e+04 -1.120000000000000000e+02 6.640000000000000000e+02 -7.600000000000000000e+02
1.311600000000000000e+04 -1.040000000000000000e+02 6.640000000000000000e+02 -7.600000000000000000e+02
1.315600000000000000e+04 -1.040000000000000000e+02 6.560000000000000000e+02 -7.680000000000000000e+02
1.319600000000000000e+04 -1.040000000000000000e+02 6.720000000000000000e+02 -7.520000000000000000e+02
1.323600000000000000e+04 -9.600000000000000000e+01 6.400000000000000000e+02 -7.440000000000000000e+02
1.327600000000000000e+04 -8.800000000000000000e+01 6.480000000000000000e+02 -7.600000000000000000e+02
1.331600000000000000e+04 -9.600000000000000000e+01 6.560000000000000000e+02 -7.680000000000000000e+02
1.335600000000000000e+04 -9.600000000000000000e+01 6.560000000000000000e+02 -7.760000000000000000e+02
1.339600000000000000e+04 -1.040000000000000000e+02 6.560000000000000000e+02 -7.360000000000000000e+02
1.343600000000000000e+04 -1.120000000000000000e+02 6.800000000000000000e+02 -7.520000000000000000e+02
1.347600000000000000e+04 -1.360000000000000000e+02 6.640000000000000000e+02 -7.360000000000000000e+02
1.351600000000000000e+04 -1.200000000000000000e+02 6.560000000000000000e+02 -7.680000000000000000e+02
1.355600000000000000e+04 -1.200000000000000000e+02 6.640000000000000000e+02 -7.520000000000000000e+02
1.359600000000000000e+04 -1.120000000000000000e+02 6.560000000000000000e+02 -7.440000000000000000e+02
1.363600000000000000e+04 -1.200000000000000000e+02 6.640000000000000000e+02 -7.520000000000000000e+02
1.367600000000000000e+04 -1.200000000000000000e+02 6.800000000000000000e+02 -7.600000000000000000e+02
1.371600000000000000e+04 -1.120000000000000000e+02 6.720000000000000000e+02 -7.440000000000000000e+02
1.375600000000000000e+04 -1.040000000000000000e+02 6.640000000000000000e+02 -7.360000000000000000e+02
1.379600000000000000e+04 -1.040000000000000000e+02 6.640000000000000000e+02 -7.520000000000000000e+02
1.383600000000000000e+04 -1.040000000000000000e+02 6.640000000000000000e+02 -7.520000000000000000e+02
1.387600000000000000e+04 -1.040000000000000000e+02 6.640000000000000000e+02 -7.680000000000000000e+02
1.390700000000000000e+04 -1.040000000000000000e+02 6.560000000000000000e+02 -7.360000000000000000e+02
1.394700000000000000e+04 -8.800000000000000000e+01 6.560000000000000000e+02 -7.440000000000000000e+02
1.398700000000000000e+04 -9.600000000000000000e+01 6.640000000000000000e+02 -7.680000000000000000e+02
1.402700000000000000e+04 -1.120000000000000000e+02 6.720000000000000000e+02 -7.440000000000000000e+02
1.406700000000000000e+04 -1.040000000000000000e+02 6.560000000000000000e+02 -7.600000000000000000e+02
1.410700000000000000e+04 -1.040000000000000000e+02 6.560000000000000000e+02 -7.680000000000000000e+02
1.414700000000000000e+04 -1.200000000000000000e+02 6.560000000000000000e+02 -7.520000000000000000e+02
1.418700000000000000e+04 -1.120000000000000000e+02 6.480000000000000000e+02 -7.680000000000000000e+02
1.422700000000000000e+04 -1.120000000000000000e+02 6.800000000000000000e+02 -7.360000000000000000e+02
1.426700000000000000e+04 -1.040000000000000000e+02 6.640000000000000000e+02 -7.600000000000000000e+02
1.430700000000000000e+04 -1.040000000000000000e+02 6.640000000000000000e+02 -7.440000000000000000e+02
1.434700000000000000e+04 -1.040000000000000000e+02 6.560000000000000000e+02 -7.760000000000000000e+02
1.438700000000000000e+04 -1.120000000000000000e+02 6.640000000000000000e+02 -7.600000000000000000e+02
1.442700000000000000e+04 -9.600000000000000000e+01 6.720000000000000000e+02 -7.680000000000000000e+02
1.446700000000000000e+04 -9.600000000000000000e+01 6.880000000000000000e+02 -7.440000000000000000e+02
1.450700000000000000e+04 -1.200000000000000000e+02 6.720000000000000000e+02 -7.600000000000000000e+02
1.454700000000000000e+04 -1.120000000000000000e+02 6.800000000000000000e+02 -7.440000000000000000e+02
1.458700000000000000e+04 -1.040000000000000000e+02 6.640000000000000000e+02 -7.600000000000000000e+02
1.462700000000000000e+04 -1.040000000000000000e+02 6.640000000000000000e+02 -7.600000000000000000e+02
1.466700000000000000e+04 -1.040000000000000000e+02 6.720000000000000000e+02 -7.840000000000000000e+02
1.470700000000000000e+04 -1.040000000000000000e+02 6.640000000000000000e+02 -7.360000000000000000e+02
1.474700000000000000e+04 -1.040000000000000000e+02 6.640000000000000000e+02 -7.680000000000000000e+02
1.478700000000000000e+04 -1.120000000000000000e+02 6.720000000000000000e+02 -7.520000000000000000e+02
1.482700000000000000e+04 -1.040000000000000000e+02 6.560000000000000000e+02 -7.520000000000000000e+02
1.486700000000000000e+04 -1.280000000000000000e+02 6.560000000000000000e+02 -7.760000000000000000e+02
1.490000000000000000e+04 -1.120000000000000000e+02 6.640000000000000000e+02 -7.520000000000000000e+02
1.494000000000000000e+04 -1.040000000000000000e+02 6.720000000000000000e+02 -7.600000000000000000e+02
1.498000000000000000e+04 -1.040000000000000000e+02 6.480000000000000000e+02 -7.360000000000000000e+02
1.502000000000000000e+04 -9.600000000000000000e+01 6.640000000000000000e+02 -7.920000000000000000e+02
1.506000000000000000e+04 -1.040000000000000000e+02 6.640000000000000000e+02 -7.520000000000000000e+02
1.510000000000000000e+04 -1.200000000000000000e+02 6.480000000000000000e+02 -7.120000000000000000e+02
1.514000000000000000e+04 -1.040000000000000000e+02 6.720000000000000000e+02 -7.360000000000000000e+02
1.518000000000000000e+04 -9.600000000000000000e+01 6.720000000000000000e+02 -7.520000000000000000e+02
1.522000000000000000e+04 -1.040000000000000000e+02 6.560000000000000000e+02 -7.520000000000000000e+02
1.526000000000000000e+04 -1.040000000000000000e+02 6.640000000000000000e+02 -7.280000000000000000e+02
1.530000000000000000e+04 -1.120000000000000000e+02 6.560000000000000000e+02 -7.600000000000000000e+02
1.534000000000000000e+04 -1.200000000000000000e+02 6.640000000000000000e+02 -7.360000000000000000e+02
1.538000000000000000e+04 -1.120000000000000000e+02 6.560000000000000000e+02 -7.280000000000000000e+02
1.542000000000000000e+04 -1.120000000000000000e+02 6.720000000000000000e+02 -7.360000000000000000e+02
1.546000000000000000e+04 -1.120000000000000000e+02 6.640000000000000000e+02 -7.760000000000000000e+02
1.550000000000000000e+04 -1.120000000000000000e+02 6.480000000000000000e+02 -7.760000000000000000e+02
1.554000000000000000e+04 -1.280000000000000000e+02 6.400000000000000000e+02 -7.680000000000000000e+02
1.558000000000000000e+04 -1.200000000000000000e+02 6.320000000000000000e+02 -7.760000000000000000e+02
1.562000000000000000e+04 -1.200000000000000000e+02 6.400000000000000000e+02 -7.840000000000000000e+02
1.566000000000000000e+04 -1.120000000000000000e+02 6.320000000000000000e+02 -7.600000000000000000e+02
1.570000000000000000e+04 -1.040000000000000000e+02 6.320000000000000000e+02 -8.080000000000000000e+02
1.574000000000000000e+04 -1.040000000000000000e+02 6.320000000000000000e+02 -7.360000000000000000e+02
1.578000000000000000e+04 -1.040000000000000000e+02 6.160000000000000000e+02 -7.600000000000000000e+02
1.582000000000000000e+04 -1.040000000000000000e+02 6.320000000000000000e+02 -7.520000000000000000e+02
1.586000000000000000e+04 -8.800000000000000000e+01 6.320000000000000000e+02 -7.440000000000000000e+02
1.589100000000000000e+04 -1.200000000000000000e+02 6.480000000000000000e+02 -7.920000000000000000e+02
1.593100000000000000e+04 -1.200000000000000000e+02 6.480000000000000000e+02 -7.760000000000000000e+02
1.597100000000000000e+04 -9.600000000000000000e+01 6.560000000000000000e+02 -7.600000000000000000e+02
1.601100000000000000e+04 -9.600000000000000000e+01 6.400000000000000000e+02 -7.280000000000000000e+02
1.605100000000000000e+04 -1.040000000000000000e+02 6.560000000000000000e+02 -7.600000000000000000e+02
1.609100000000000000e+04 -1.040000000000000000e+02 6.480000000000000000e+02 -7.440000000000000000e+02
1.613100000000000000e+04 -1.120000000000000000e+02 6.560000000000000000e+02 -7.520000000000000000e+02
1.617100000000000000e+04 -1.200000000000000000e+02 6.400000000000000000e+02 -7.680000000000000000e+02
1.621100000000000000e+04 -1.120000000000000000e+02 6.480000000000000000e+02 -7.760000000000000000e+02
1.625100000000000000e+04 -8.800000000000000000e+01 6.480000000000000000e+02 -7.760000000000000000e+02
1.629100000000000000e+04 -1.040000000000000000e+02 6.560000000000000000e+02 -7.680000000000000000e+02
1.633100000000000000e+04 -1.120000000000000000e+02 6.480000000000000000e+02 -7.760000000000000000e+02
1.637100000000000000e+04 -1.280000000000000000e+02 6.560000000000000000e+02 -7.840000000000000000e+02
1.641100000000000000e+04 -1.200000000000000000e+02 6.480000000000000000e+02 -7.760000000000000000e+02
1.645100000000000000e+04 -1.200000000000000000e+02 6.400000000000000000e+02 -8.000000000000000000e+02
1.649100000000000000e+04 -1.200000000000000000e+02 6.400000000000000000e+02 -7.760000000000000000e+02
1.653100000000000000e+04 -1.040000000000000000e+02 6.480000000000000000e+02 -7.520000000000000000e+02
1.657100000000000000e+04 -1.120000000000000000e+02 6.480000000000000000e+02 -7.760000000000000000e+02
1.661100000000000000e+04 -1.120000000000000000e+02 6.240000000000000000e+02 -7.680000000000000000e+02
1.665100000000000000e+04 -1.120000000000000000e+02 6.400000000000000000e+02 -7.680000000000000000e+02
1.669100000000000000e+04 -1.120000000000000000e+02 6.320000000000000000e+02 -7.760000000000000000e+02
1.673100000000000000e+04 -1.200000000000000000e+02 6.560000000000000000e+02 -7.760000000000000000e+02
1.677100000000000000e+04 -1.200000000000000000e+02 6.320000000000000000e+02 -7.680000000000000000e+02
1.681100000000000000e+04 -1.120000000000000000e+02 6.400000000000000000e+02 -7.600000000000000000e+02
1.685100000000000000e+04 -1.120000000000000000e+02 6.480000000000000000e+02 -8.080000000000000000e+02
1.688200000000000000e+04 -1.040000000000000000e+02 6.560000000000000000e+02 -7.680000000000000000e+02
1.692200000000000000e+04 -1.120000000000000000e+02 6.560000000000000000e+02 -7.680000000000000000e+02
1.696200000000000000e+04 -1.200000000000000000e+02 6.480000000000000000e+02 -7.440000000000000000e+02
1.700200000000000000e+04 -1.280000000000000000e+02 6.480000000000000000e+02 -7.760000000000000000e+02
1.704200000000000000e+04 -1.200000000000000000e+02 6.720000000000000000e+02 -7.680000000000000000e+02
1.708200000000000000e+04 -1.360000000000000000e+02 6.640000000000000000e+02 -7.520000000000000000e+02
1.712200000000000000e+04 -1.200000000000000000e+02 6.560000000000000000e+02 -7.600000000000000000e+02
1.716200000000000000e+04 -1.200000000000000000e+02 6.640000000000000000e+02 -7.520000000000000000e+02
1.720200000000000000e+04 -1.200000000000000000e+02 6.640000000000000000e+02 -7.120000000000000000e+02
1.724200000000000000e+04 -1.120000000000000000e+02 6.480000000000000000e+02 -7.600000000000000000e+02
1.728200000000000000e+04 -1.120000000000000000e+02 6.480000000000000000e+02 -7.680000000000000000e+02
1.732200000000000000e+04 -1.200000000000000000e+02 6.480000000000000000e+02 -7.440000000000000000e+02
1.736200000000000000e+04 -1.120000000000000000e+02 6.400000000000000000e+02 -7.760000000000000000e+02
1.740200000000000000e+04 -9.600000000000000000e+01 6.400000000000000000e+02 -7.680000000000000000e+02
1.744200000000000000e+04 -9.600000000000000000e+01 6.480000000000000000e+02 -7.840000000000000000e+02
1.748200000000000000e+04 -1.040000000000000000e+02 6.400000000000000000e+02 -7.920000000000000000e+02
1.752200000000000000e+04 -1.120000000000000000e+02 6.400000000000000000e+02 -7.600000000000000000e+02
1.756200000000000000e+04 -1.120000000000000000e+02 6.240000000000000000e+02 -7.680000000000000000e+02
1.760200000000000000e+04 -1.200000000000000000e+02 6.320000000000000000e+02 -7.600000000000000000e+02
1.764200000000000000e+04 -1.120000000000000000e+02 6.560000000000000000e+02 -7.920000000000000000e+02
1.768200000000000000e+04 -1.120000000000000000e+02 6.560000000000000000e+02 -7.600000000000000000e+02
1.772200000000000000e+04 -1.040000000000000000e+02 6.480000000000000000e+02 -7.760000000000000000e+02
1.776200000000000000e+04 -1.040000000000000000e+02 6.560000000000000000e+02 -7.760000000000000000e+02
1.780200000000000000e+04 -1.120000000000000000e+02 6.480000000000000000e+02 -7.840000000000000000e+02
1.784200000000000000e+04 -1.200000000000000000e+02 6.480000000000000000e+02 -7.840000000000000000e+02
1.787300000000000000e+04 -1.120000000000000000e+02 6.560000000000000000e+02 -7.520000000000000000e+02
1.791300000000000000e+04 -1.200000000000000000e+02 6.560000000000000000e+02 -7.520000000000000000e+02
1.795300000000000000e+04 -1.200000000000000000e+02 6.480000000000000000e+02 -7.520000000000000000e+02
1.799300000000000000e+04 -1.040000000000000000e+02 6.400000000000000000e+02 -7.760000000000000000e+02
1.803300000000000000e+04 -1.200000000000000000e+02 6.160000000000000000e+02 -7.360000000000000000e+02
1.807300000000000000e+04 -1.120000000000000000e+02 6.320000000000000000e+02 -7.760000000000000000e+02
1.811300000000000000e+04 -1.200000000000000000e+02 6.400000000000000000e+02 -7.360000000000000000e+02
1.815300000000000000e+04 -1.200000000000000000e+02 6.400000000000000000e+02 -7.680000000000000000e+02
1.819300000000000000e+04 -1.200000000000000000e+02 6.400000000000000000e+02 -7.840000000000000000e+02
1.823300000000000000e+04 -1.200000000000000000e+02 6.400000000000000000e+02 -7.680000000000000000e+02
1.827300000000000000e+04 -1.200000000000000000e+02 6.640000000000000000e+02 -7.600000000000000000e+02
1.831300000000000000e+04 -1.280000000000000000e+02 6.560000000000000000e+02 -7.520000000000000000e+02
1.835300000000000000e+04 -1.280000000000000000e+02 6.480000000000000000e+02 -7.680000000000000000e+02
1.839300000000000000e+04 -1.280000000000000000e+02 6.400000000000000000e+02 -7.680000000000000000e+02
1.843300000000000000e+04 -1.120000000000000000e+02 6.240000000000000000e+02 -7.680000000000000000e+02
1.847300000000000000e+04 -8.000000000000000000e+01 6.400000000000000000e+02 -7.520000000000000000e+02
1.851300000000000000e+04 -9.600000000000000000e+01 6.480000000000000000e+02 -7.840000000000000000e+02
1.855300000000000000e+04 -1.120000000000000000e+02 6.480000000000000000e+02 -7.760000000000000000e+02
1.859300000000000000e+04 -1.120000000000000000e+02 6.560000000000000000e+02 -7.600000000000000000e+02
1.863300000000000000e+04 -1.120000000000000000e+02 6.480000000000000000e+02 -7.680000000000000000e+02
1.867300000000000000e+04 -1.120000000000000000e+02 6.400000000000000000e+02 -7.680000000000000000e+02
1.871300000000000000e+04 -1.120000000000000000e+02 6.400000000000000000e+02 -7.600000000000000000e+02
1.875300000000000000e+04 -1.120000000000000000e+02 6.400000000000000000e+02 -7.680000000000000000e+02
1.879300000000000000e+04 -1.120000000000000000e+02 6.400000000000000000e+02 -7.760000000000000000e+02
1.883300000000000000e+04 -1.200000000000000000e+02 6.480000000000000000e+02 -7.680000000000000000e+02
1.886500000000000000e+04 -1.200000000000000000e+02 6.480000000000000000e+02 -7.680000000000000000e+02
1.890500000000000000e+04 -1.200000000000000000e+02 6.560000000000000000e+02 -7.680000000000000000e+02
1.894500000000000000e+04 -1.200000000000000000e+02 6.480000000000000000e+02 -7.680000000000000000e+02
1.898500000000000000e+04 -1.120000000000000000e+02 6.480000000000000000e+02 -7.760000000000000000e+02
1.902500000000000000e+04 -1.120000000000000000e+02 6.480000000000000000e+02 -7.760000000000000000e+02
1.906500000000000000e+04 -1.200000000000000000e+02 6.400000000000000000e+02 -7.760000000000000000e+02
1.910500000000000000e+04 -1.200000000000000000e+02 6.480000000000000000e+02 -7.680000000000000000e+02
1.914500000000000000e+04 -1.120000000000000000e+02 6.400000000000000000e+02 -7.680000000000000000e+02
1.918500000000000000e+04 -1.200000000000000000e+02 6.400000000000000000e+02 -7.680000000000000000e+02
1.922500000000000000e+04 -1.200000000000000000e+02 6.400000000000000000e+02 -7.840000000000000000e+02
1.926500000000000000e+04 -1.200000000000000000e+02 6.400000000000000000e+02 -7.840000000000000000e+02
1.930500000000000000e+04 -1.120000000000000000e+02 6.480000000000000000e+02 -7.600000000000000000e+02
1.934500000000000000e+04 -1.200000000000000000e+02 6.480000000000000000e+02 -7.680000000000000000e+02
1.938500000000000000e+04 -1.200000000000000000e+02 6.480000000000000000e+02 -7.920000000000000000e+02
1.942500000000000000e+04 -1.200000000000000000e+02 6.480000000000000000e+02 -7.520000000000000000e+02
1.946500000000000000e+04 -1.280000000000000000e+02 6.400000000000000000e+02 -7.680000000000000000e+02
1.950500000000000000e+04 -1.120000000000000000e+02 6.160000000000000000e+02 -8.480000000000000000e+02
1.954500000000000000e+04 -1.040000000000000000e+02 6.320000000000000000e+02 -7.520000000000000000e+02
1.958500000000000000e+04 -8.800000000000000000e+01 6.400000000000000000e+02 -7.840000000000000000e+02
1.962500000000000000e+04 -1.040000000000000000e+02 6.560000000000000000e+02 -7.760000000000000000e+02
1.966500000000000000e+04 -1.120000000000000000e+02 6.560000000000000000e+02 -7.680000000000000000e+02
1.970500000000000000e+04 -1.120000000000000000e+02 6.560000000000000000e+02 -8.160000000000000000e+02
1.974500000000000000e+04 -1.200000000000000000e+02 6.480000000000000000e+02 -7.600000000000000000e+02
1.978500000000000000e+04 -1.200000000000000000e+02 6.480000000000000000e+02 -8.080000000000000000e+02
1.982500000000000000e+04 -1.200000000000000000e+02 6.560000000000000000e+02 -7.840000000000000000e+02
