7.100000000000000000e+01 0.000000000000000000e+00 1.000000000000000000e+03 -1.680000000000000000e+02
1.110000000000000000e+02 0.000000000000000000e+00 1.000000000000000000e+03 -1.440000000000000000e+02
1.510000000000000000e+02 0.000000000000000000e+00 1.000000000000000000e+03 -1.520000000000000000e+02
1.910000000000000000e+02 0.000000000000000000e+00 9.920000000000000000e+02 -1.280000000000000000e+02
2.310000000000000000e+02 0.000000000000000000e+00 9.920000000000000000e+02 -1.200000000000000000e+02
2.710000000000000000e+02 -8.000000000000000000e+00 9.920000000000000000e+02 -1.520000000000000000e+02
3.110000000000000000e+02 8.000000000000000000e+00 9.920000000000000000e+02 -1.440000000000000000e+02
3.510000000000000000e+02 0.000000000000000000e+00 1.016000000000000000e+03 -1.200000000000000000e+02
3.910000000000000000e+02 -8.000000000000000000e+00 9.920000000000000000e+02 -1.360000000000000000e+02
4.310000000000000000e+02 0.000000000000000000e+00 9.920000000000000000e+02 -1.280000000000000000e+02
4.710000000000000000e+02 0.000000000000000000e+00 1.000000000000000000e+03 -1.440000000000000000e+02
5.110000000000000000e+02 0.000000000000000000e+00 1.000000000000000000e+03 -1.200000000000000000e+02
5.510000000000000000e+02 0.000000000000000000e+00 1.000000000000000000e+03 -1.360000000000000000e+02
5.910000000000000000e+02 0.000000000000000000e+00 1.000000000000000000e+03 -1.280000000000000000e+02
6.310000000000000000e+02 -1.600000000000000000e+01 1.000000000000000000e+03 -1.200000000000000000e+02
6.710000000000000000e+02 -8.000000000000000000e+00 9.840000000000000000e+02 -1.840000000000000000e+02
7.110000000000000000e+02 -8.000000000000000000e+00 9.760000000000000000e+02 -1.280000000000000000e+02
7.510000000000000000e+02 -1.600000000000000000e+01 9.920000000000000000e+02 -1.920000000000000000e+02
7.910000000000000000e+02 -8.000000000000000000e+00 9.840000000000000000e+02 -1.360000000000000000e+02
8.310000000000000000e+02 -3.200000000000000000e+01 1.008000000000000000e+03 -1.200000000000000000e+02
8.710000000000000000e+02 -2.400000000000000000e+01 1.000000000000000000e+03 -1.280000000000000000e+02
9.110000000000000000e+02 -8.000000000000000000e+00 1.000000000000000000e+03 -1.360000000000000000e+02
9.510000000000000000e+02 -8.000000000000000000e+00 1.000000000000000000e+03 -1.360000000000000000e+02
9.910000000000000000e+02 0.000000000000000000e+00 1.000000000000000000e+03 -1.120000000000000000e+02
1.031000000000000000e+03 1.600000000000000000e+01 9.680000000000000000e+02 -1.440000000000000000e+02
1.062000000000000000e+03 8.000000000000000000e+00 9.840000000000000000e+02 -1.200000000000000000e+02
1.102000000000000000e+03 -8.000000000000000000e+00 1.000000000000000000e+03 -1.120000000000000000e+02
1.142000000000000000e+03 0.000000000000000000e+00 9.840000000000000000e+02 -1.120000000000000000e+02
1.182000000000000000e+03 -8.000000000000000000e+00 1.000000000000000000e+03 -4.000000000000000000e+01
1.222000000000000000e+03 0.000000000000000000e+00 1.008000000000000000e+03 -8.000000000000000000e+01
1.262000000000000000e+03 0.000000000000000000e+00 1.008000000000000000e+03 -1.280000000000000000e+02
1.302000000000000000e+03 0.000000000000000000e+00 1.008000000000000000e+03 -1.200000000000000000e+02
1.342000000000000000e+03 0.000000000000000000e+00 1.000000000000000000e+03 -1.360000000000000000e+02
1.382000000000000000e+03 0.000000000000000000e+00 1.000000000000000000e+03 -1.360000000000000000e+02
1.422000000000000000e+03 8.000000000000000000e+00 1.000000000000000000e+03 -1.360000000000000000e+02
1.462000000000000000e+03 8.000000000000000000e+00 9.920000000000000000e+02 -1.200000000000000000e+02
1.502000000000000000e+03 0.000000000000000000e+00 1.000000000000000000e+03 -1.200000000000000000e+02
1.542000000000000000e+03 0.000000000000000000e+00 9.920000000000000000e+02 -8.000000000000000000e+01
1.582000000000000000e+03 0.000000000000000000e+00 9.920000000000000000e+02 -1.360000000000000000e+02
1.622000000000000000e+03 -1.600000000000000000e+01 1.008000000000000000e+03 -9.600000000000000000e+01
1.662000000000000000e+03 -8.000000000000000000e+00 1.016000000000000000e+03 -9.600000000000000000e+01
1.702000000000000000e+03 0.000000000000000000e+00 1.016000000000000000e+03 -1.120000000000000000e+02
1.742000000000000000e+03 -8.000000000000000000e+00 1.008000000000000000e+03 -9.600000000000000000e+01
1.782000000000000000e+03 1.600000000000000000e+01 1.008000000000000000e+03 -1.120000000000000000e+02
1.822000000000000000e+03 8.000000000000000000e+00 1.000000000000000000e+03 -8.800000000000000000e+01
1.862000000000000000e+03 2.400000000000000000e+01 1.000000000000000000e+03 -1.200000000000000000e+02
1.902000000000000000e+03 1.600000000000000000e+01 1.000000000000000000e+03 -1.120000000000000000e+02
1.942000000000000000e+03 1.600000000000000000e+01 1.000000000000000000e+03 -9.600000000000000000e+01
1.982000000000000000e+03 1.600000000000000000e+01 1.000000000000000000e+03 -1.040000000000000000e+02
2.022000000000000000e+03 1.600000000000000000e+01 1.008000000000000000e+03 -1.280000000000000000e+02
2.053000000000000000e+03 8.000000000000000000e+00 9.920000000000000000e+02 -1.040000000000000000e+02
2.093000000000000000e+03 8.000000000000000000e+00 9.920000000000000000e+02 -8.800000000000000000e+01
2.133000000000000000e+03 8.000000000000000000e+00 1.000000000000000000e+03 -6.400000000000000000e+01
2.173000000000000000e+03 8.000000000000000000e+00 1.000000000000000000e+03 -8.000000000000000000e+01
2.213000000000000000e+03 8.000000000000000000e+00 9.920000000000000000e+02 -1.040000000000000000e+02
2.253000000000000000e+03 2.400000000000000000e+01 9.840000000000000000e+02 -1.280000000000000000e+02
2.293000000000000000e+03 1.600000000000000000e+01 1.000000000000000000e+03 -8.800000000000000000e+01
2.333000000000000000e+03 8.000000000000000000e+00 1.000000000000000000e+03 -1.280000000000000000e+02
2.373000000000000000e+03 8.000000000000000000e+00 1.000000000000000000e+03 -1.040000000000000000e+02
2.413000000000000000e+03 1.600000000000000000e+01 9.920000000000000000e+02 -8.000000000000000000e+01
2.453000000000000000e+03 1.600000000000000000e+01 1.000000000000000000e+03 -1.200000000000000000e+02
2.493000000000000000e+03 8.000000000000000000e+00 1.000000000000000000e+03 -1.120000000000000000e+02
2.533000000000000000e+03 8.000000000000000000e+00 1.000000000000000000e+03 -9.600000000000000000e+01
2.573000000000000000e+03 8.000000000000000000e+00 1.008000000000000000e+03 -1.200000000000000000e+02
2.613000000000000000e+03 -8.000000000000000000e+00 1.008000000000000000e+03 -1.120000000000000000e+02
2.653000000000000000e+03 0.000000000000000000e+00 1.000000000000000000e+03 -9.600000000000000000e+01
2.693000000000000000e+03 8.000000000000000000e+00 9.840000000000000000e+02 -1.280000000000000000e+02
2.733000000000000000e+03 1.600000000000000000e+01 9.840000000000000000e+02 -9.600000000000000000e+01
2.773000000000000000e+03 0.000000000000000000e+00 1.000000000000000000e+03 -1.040000000000000000e+02
2.813000000000000000e+03 2.400000000000000000e+01 1.000000000000000000e+03 -1.120000000000000000e+02
2.853000000000000000e+03 1.600000000000000000e+01 1.000000000000000000e+03 -8.800000000000000000e+01
2.893000000000000000e+03 0.000000000000000000e+00 1.000000000000000000e+03 -1.280000000000000000e+02
2.933000000000000000e+03 8.000000000000000000e+00 1.016000000000000000e+03 -1.120000000000000000e+02
2.973000000000000000e+03 8.000000000000000000e+00 1.008000000000000000e+03 -9.600000000000000000e+01
3.013000000000000000e+03 2.400000000000000000e+01 1.008000000000000000e+03 -1.120000000000000000e+02
3.047000000000000000e+03 1.600000000000000000e+01 1.000000000000000000e+03 -7.200000000000000000e+01
3.087000000000000000e+03 0.000000000000000000e+00 9.920000000000000000e+02 -1.200000000000000000e+02
3.127000000000000000e+03 2.400000000000000000e+01 9.840000000000000000e+02 -4.000000000000000000e+01
3.167000000000000000e+03 0.000000000000000000e+00 1.000000000000000000e+03 -1.040000000000000000e+02
3.207000000000000000e+03 -8.000000000000000000e+00 1.016000000000000000e+03 -1.040000000000000000e+02
3.247000000000000000e+03 2.400000000000000000e+01 9.920000000000000000e+02 -1.040000000000000000e+02
3.287000000000000000e+03 1.600000000000000000e+01 9.920000000000000000e+02 -1.120000000000000000e+02
3.327000000000000000e+03 1.600000000000000000e+01 9.840000000000000000e+02 -1.200000000000000000e+02
3.367000000000000000e+03 8.000000000000000000e+00 9.920000000000000000e+02 -1.120000000000000000e+02
3.407000000000000000e+03 2.400000000000000000e+01 9.920000000000000000e+02 -1.120000000000000000e+02
3.447000000000000000e+03 8.000000000000000000e+00 9.760000000000000000e+02 -9.600000000000000000e+01
3.487000000000000000e+03 0.000000000000000000e+00 1.008000000000000000e+03 -8.800000000000000000e+01
3.527000000000000000e+03 8.000000000000000000e+00 1.000000000000000000e+03 -1.040000000000000000e+02
3.567000000000000000e+03 0.000000000000000000e+00 1.000000000000000000e+03 -1.200000000000000000e+02
3.607000000000000000e+03 0.000000000000000000e+00 1.000000000000000000e+03 -9.600000000000000000e+01
3.647000000000000000e+03 8.000000000000000000e+00 1.016000000000000000e+03 -1.040000000000000000e+02
3.687000000000000000e+03 8.000000000000000000e+00 1.016000000000000000e+03 -8.000000000000000000e+01
3.727000000000000000e+03 0.000000000000000000e+00 1.008000000000000000e+03 -1.120000000000000000e+02
3.767000000000000000e+03 -8.000000000000000000e+00 9.920000000000000000e+02 -1.120000000000000000e+02
3.807000000000000000e+03 0.000000000000000000e+00 9.760000000000000000e+02 -1.280000000000000000e+02
3.847000000000000000e+03 0.000000000000000000e+00 9.920000000000000000e+02 -1.120000000000000000e+02
3.887000000000000000e+03 2.400000000000000000e+01 1.000000000000000000e+03 -1.200000000000000000e+02
3.927000000000000000e+03 2.400000000000000000e+01 1.000000000000000000e+03 -9.600000000000000000e+01
3.967000000000000000e+03 1.600000000000000000e+01 1.008000000000000000e+03 -1.040000000000000000e+02
4.007000000000000000e+03 5.600000000000000000e+01 1.000000000000000000e+03 -1.040000000000000000e+02
4.038000000000000000e+03 1.600000000000000000e+01 9.920000000000000000e+02 -8.800000000000000000e+01
4.078000000000000000e+03 1.600000000000000000e+01 9.920000000000000000e+02 -1.040000000000000000e+02
4.118000000000000000e+03 3.200000000000000000e+01 1.008000000000000000e+03 -1.040000000000000000e+02
4.158000000000000000e+03 3.200000000000000000e+01 1.016000000000000000e+03 -9.600000000000000000e+01
4.198000000000000000e+03 2.400000000000000000e+01 1.008000000000000000e+03 -9.600000000000000000e+01
4.238000000000000000e+03 1.600000000000000000e+01 1.000000000000000000e+03 -1.040000000000000000e+02
4.278000000000000000e+03 1.600000000000000000e+01 1.000000000000000000e+03 -1.200000000000000000e+02
4.318000000000000000e+03 8.000000000000000000e+00 9.920000000000000000e+02 -8.000000000000000000e+01
4.358000000000000000e+03 8.000000000000000000e+00 1.000000000000000000e+03 -9.600000000000000000e+01
4.398000000000000000e+03 8.000000000000000000e+00 1.008000000000000000e+03 -1.120000000000000000e+02
4.438000000000000000e+03 -8.000000000000000000e+00 1.000000000000000000e+03 -1.120000000000000000e+02
4.478000000000000000e+03 0.000000000000000000e+00 1.000000000000000000e+03 -9.600000000000000000e+01
4.518000000000000000e+03 2.400000000000000000e+01 1.000000000000000000e+03 -1.120000000000000000e+02
4.558000000000000000e+03 3.200000000000000000e+01 1.000000000000000000e+03 -1.040000000000000000e+02
4.598000000000000000e+03 2.400000000000000000e+01 1.000000000000000000e+03 -1.040000000000000000e+02
4.638000000000000000e+03 1.600000000000000000e+01 1.000000000000000000e+03 -1.440000000000000000e+02
4.678000000000000000e+03 4.800000000000000000e+01 9.920000000000000000e+02 -9.600000000000000000e+01
4.718000000000000000e+03 3.200000000000000000e+01 9.760000000000000000e+02 -1.040000000000000000e+02
4.758000000000000000e+03 2.400000000000000000e+01 9.840000000000000000e+02 -1.040000000000000000e+02
4.798000000000000000e+03 1.600000000000000000e+01 9.920000000000000000e+02 -9.600000000000000000e+01
4.838000000000000000e+03 8.000000000000000000e+00 9.920000000000000000e+02 -1.120000000000000000e+02
4.878000000000000000e+03 1.600000000000000000e+01 9.840000000000000000e+02 -1.200000000000000000e+02
4.918000000000000000e+03 2.400000000000000000e+01 9.840000000000000000e+02 -1.120000000000000000e+02
4.958000000000000000e+03 1.600000000000000000e+01 9.920000000000000000e+02 -1.120000000000000000e+02
4.998000000000000000e+03 2.400000000000000000e+01 9.760000000000000000e+02 -1.200000000000000000e+02
5.030000000000000000e+03 1.600000000000000000e+01 9.840000000000000000e+02 -1.120000000000000000e+02
5.070000000000000000e+03 3.200000000000000000e+01 9.920000000000000000e+02 -1.680000000000000000e+02
5.110000000000000000e+03 2.400000000000000000e+01 1.000000000000000000e+03 -1.200000000000000000e+02
5.150000000000000000e+03 0.000000000000000000e+00 9.840000000000000000e+02 -1.520000000000000000e+02
5.190000000000000000e+03 -8.000000000000000000e+00 1.008000000000000000e+03 -1.200000000000000000e+02
5.230000000000000000e+03 -1.600000000000000000e+01 1.000000000000000000e+03 -1.680000000000000000e+02
5.270000000000000000e+03 1.600000000000000000e+01 1.000000000000000000e+03 -1.040000000000000000e+02
5.310000000000000000e+03 1.600000000000000000e+01 1.000000000000000000e+03 -1.120000000000000000e+02
5.350000000000000000e+03 2.400000000000000000e+01 1.008000000000000000e+03 -1.120000000000000000e+02
5.390000000000000000e+03 8.000000000000000000e+00 1.008000000000000000e+03 -1.040000000000000000e+02
5.430000000000000000e+03 0.000000000000000000e+00 1.000000000000000000e+03 -1.120000000000000000e+02
5.470000000000000000e+03 1.600000000000000000e+01 1.000000000000000000e+03 -8.000000000000000000e+01
5.510000000000000000e+03 1.600000000000000000e+01 9.840000000000000000e+02 -8.000000000000000000e+01
5.550000000000000000e+03 1.600000000000000000e+01 1.008000000000000000e+03 -1.360000000000000000e+02
5.590000000000000000e+03 8.000000000000000000e+00 1.008000000000000000e+03 -1.120000000000000000e+02
5.630000000000000000e+03 0.000000000000000000e+00 1.008000000000000000e+03 -1.040000000000000000e+02
5.670000000000000000e+03 8.000000000000000000e+00 1.024000000000000000e+03 -9.600000000000000000e+01
5.710000000000000000e+03 1.600000000000000000e+01 1.008000000000000000e+03 -1.200000000000000000e+02
5.750000000000000000e+03 8.000000000000000000e+00 1.000000000000000000e+03 -7.200000000000000000e+01
5.790000000000000000e+03 2.400000000000000000e+01 1.016000000000000000e+03 -9.600000000000000000e+01
5.830000000000000000e+03 8.000000000000000000e+00 1.024000000000000000e+03 -8.800000000000000000e+01
5.870000000000000000e+03 -8.000000000000000000e+00 1.008000000000000000e+03 -1.600000000000000000e+02
5.910000000000000000e+03 0.000000000000000000e+00 1.016000000000000000e+03 -1.520000000000000000e+02
5.950000000000000000e+03 8.000000000000000000e+00 9.920000000000000000e+02 -1.120000000000000000e+02
5.990000000000000000e+03 8.000000000000000000e+00 9.760000000000000000e+02 -1.120000000000000000e+02
6.021000000000000000e+03 0.000000000000000000e+00 9.840000000000000000e+02 -1.200000000000000000e+02
6.061000000000000000e+03 4.000000000000000000e+01 1.000000000000000000e+03 -1.520000000000000000e+02
6.101000000000000000e+03 3.200000000000000000e+01 1.000000000000000000e+03 -1.120000000000000000e+02
6.141000000000000000e+03 1.600000000000000000e+01 1.000000000000000000e+03 -1.200000000000000000e+02
6.181000000000000000e+03 8.000000000000000000e+00 1.008000000000000000e+03 -1.120000000000000000e+02
6.221000000000000000e+03 0.000000000000000000e+00 1.000000000000000000e+03 -1.280000000000000000e+02
6.261000000000000000e+03 8.000000000000000000e+00 9.760000000000000000e+02 -1.200000000000000000e+02
6.301000000000000000e+03 8.000000000000000000e+00 9.920000000000000000e+02 -1.040000000000000000e+02
6.341000000000000000e+03 1.600000000000000000e+01 9.920000000000000000e+02 -1.040000000000000000e+02
6.381000000000000000e+03 8.000000000000000000e+00 9.920000000000000000e+02 -1.360000000000000000e+02
6.421000000000000000e+03 1.600000000000000000e+01 1.000000000000000000e+03 -1.440000000000000000e+02
6.461000000000000000e+03 1.600000000000000000e+01 1.000000000000000000e+03 -9.600000000000000000e+01
6.501000000000000000e+03 -8.000000000000000000e+00 9.920000000000000000e+02 -3.200000000000000000e+01
6.541000000000000000e+03 0.000000000000000000e+00 1.000000000000000000e+03 -8.800000000000000000e+01
6.581000000000000000e+03 8.000000000000000000e+00 1.000000000000000000e+03 -1.200000000000000000e+02
6.621000000000000000e+03 1.600000000000000000e+01 1.000000000000000000e+03 -9.600000000000000000e+01
6.661000000000000000e+03 8.000000000000000000e+00 9.920000000000000000e+02 -9.600000000000000000e+01
6.701000000000000000e+03 8.000000000000000000e+00 1.000000000000000000e+03 -8.800000000000000000e+01
6.741000000000000000e+03 8.000000000000000000e+00 1.000000000000000000e+03 -1.040000000000000000e+02
6.781000000000000000e+03 8.000000000000000000e+00 1.000000000000000000e+03 -1.120000000000000000e+02
6.821000000000000000e+03 8.000000000000000000e+00 1.000000000000000000e+03 -1.040000000000000000e+02
6.861000000000000000e+03 8.000000000000000000e+00 1.000000000000000000e+03 -8.800000000000000000e+01
6.901000000000000000e+03 8.000000000000000000e+00 1.000000000000000000e+03 -9.600000000000000000e+01
6.941000000000000000e+03 8.000000000000000000e+00 1.000000000000000000e+03 -1.120000000000000000e+02
6.981000000000000000e+03 8.000000000000000000e+00 9.920000000000000000e+02 -8.800000000000000000e+01
7.013000000000000000e+03 8.000000000000000000e+00 1.000000000000000000e+03 -1.040000000000000000e+02
7.053000000000000000e+03 1.600000000000000000e+01 9.920000000000000000e+02 -8.800000000000000000e+01
7.093000000000000000e+03 1.600000000000000000e+01 9.920000000000000000e+02 -8.800000000000000000e+01
7.133000000000000000e+03 8.000000000000000000e+00 9.920000000000000000e+02 -7.200000000000000000e+01
7.173000000000000000e+03 1.600000000000000000e+01 1.000000000000000000e+03 -8.800000000000000000e+01
7.213000000000000000e+03 1.600000000000000000e+01 1.016000000000000000e+03 -1.040000000000000000e+02
7.253000000000000000e+03 1.600000000000000000e+01 1.008000000000000000e+03 -7.200000000000000000e+01
7.293000000000000000e+03 8.000000000000000000e+00 1.008000000000000000e+03 -1.040000000000000000e+02
7.333000000000000000e+03 1.600000000000000000e+01 1.008000000000000000e+03 -1.120000000000000000e+02
7.373000000000000000e+03 1.600000000000000000e+01 1.000000000000000000e+03 -1.040000000000000000e+02
7.413000000000000000e+03 1.600000000000000000e+01 1.000000000000000000e+03 -8.000000000000000000e+01
7.453000000000000000e+03 8.000000000000000000e+00 1.008000000000000000e+03 -8.800000000000000000e+01
7.493000000000000000e+03 4.000000000000000000e+01 9.920000000000000000e+02 -7.200000000000000000e+01
7.533000000000000000e+03 3.200000000000000000e+01 1.000000000000000000e+03 -1.120000000000000000e+02
7.573000000000000000e+03 3.200000000000000000e+01 1.000000000000000000e+03 -1.040000000000000000e+02
7.613000000000000000e+03 -8.000000000000000000e+00 1.008000000000000000e+03 -8.800000000000000000e+01
7.653000000000000000e+03 0.000000000000000000e+00 1.016000000000000000e+03 -9.600000000000000000e+01
7.693000000000000000e+03 8.000000000000000000e+00 1.008000000000000000e+03 -8.800000000000000000e+01
7.733000000000000000e+03 8.000000000000000000e+00 1.000000000000000000e+03 -4.000000000000000000e+01
7.773000000000000000e+03 1.600000000000000000e+01 1.000000000000000000e+03 -1.520000000000000000e+02
7.813000000000000000e+03 1.600000000000000000e+01 1.000000000000000000e+03 -6.400000000000000000e+01
7.853000000000000000e+03 1.600000000000000000e+01 1.000000000000000000e+03 -1.360000000000000000e+02
7.893000000000000000e+03 8.000000000000000000e+00 1.000000000000000000e+03 -6.400000000000000000e+01
7.933000000000000000e+03 -2.400000000000000000e+01 1.000000000000000000e+03 -8.800000000000000000e+01
7.973000000000000000e+03 -8.000000000000000000e+00 1.000000000000000000e+03 -1.280000000000000000e+02
8.006000000000000000e+03 8.000000000000000000e+00 1.000000000000000000e+03 -7.200000000000000000e+01
8.046000000000000000e+03 2.400000000000000000e+01 1.000000000000000000e+03 -9.600000000000000000e+01
8.086000000000000000e+03 1.600000000000000000e+01 1.000000000000000000e+03 -7.200000000000000000e+01
8.126000000000000000e+03 2.400000000000000000e+01 1.000000000000000000e+03 -8.800000000000000000e+01
8.166000000000000000e+03 2.400000000000000000e+01 1.024000000000000000e+03 -1.040000000000000000e+02
8.206000000000000000e+03 2.400000000000000000e+01 1.024000000000000000e+03 -1.040000000000000000e+02
8.246000000000000000e+03 1.600000000000000000e+01 1.016000000000000000e+03 -1.040000000000000000e+02
8.286000000000000000e+03 8.000000000000000000e+00 1.008000000000000000e+03 -8.800000000000000000e+01
8.326000000000000000e+03 1.600000000000000000e+01 1.024000000000000000e+03 -9.600000000000000000e+01
8.366000000000000000e+03 1.600000000000000000e+01 1.008000000000000000e+03 -1.200000000000000000e+02
8.406000000000000000e+03 8.000000000000000000e+00 1.016000000000000000e+03 -1.040000000000000000e+02
8.446000000000000000e+03 1.600000000000000000e+01 1.008000000000000000e+03 -9.600000000000000000e+01
8.486000000000000000e+03 1.600000000000000000e+01 9.920000000000000000e+02 -1.200000000000000000e+02
8.526000000000000000e+03 2.400000000000000000e+01 1.016000000000000000e+03 -1.280000000000000000e+02
8.566000000000000000e+03 3.200000000000000000e+01 1.008000000000000000e+03 -9.600000000000000000e+01
8.606000000000000000e+03 1.600000000000000000e+01 1.008000000000000000e+03 -9.600000000000000000e+01
8.646000000000000000e+03 2.400000000000000000e+01 1.024000000000000000e+03 -1.040000000000000000e+02
8.686000000000000000e+03 3.200000000000000000e+01 1.016000000000000000e+03 -1.120000000000000000e+02
8.726000000000000000e+03 1.600000000000000000e+01 1.008000000000000000e+03 -1.040000000000000000e+02
8.766000000000000000e+03 1.600000000000000000e+01 1.000000000000000000e+03 -1.040000000000000000e+02
8.806000000000000000e+03 1.600000000000000000e+01 1.000000000000000000e+03 -9.600000000000000000e+01
8.846000000000000000e+03 1.600000000000000000e+01 1.000000000000000000e+03 -1.120000000000000000e+02
8.886000000000000000e+03 8.000000000000000000e+00 1.000000000000000000e+03 -1.040000000000000000e+02
8.926000000000000000e+03 2.400000000000000000e+01 1.016000000000000000e+03 -1.120000000000000000e+02
8.966000000000000000e+03 2.400000000000000000e+01 1.008000000000000000e+03 -1.280000000000000000e+02
8.998000000000000000e+03 1.600000000000000000e+01 1.000000000000000000e+03 -8.800000000000000000e+01
9.038000000000000000e+03 2.400000000000000000e+01 1.000000000000000000e+03 -7.200000000000000000e+01
9.078000000000000000e+03 2.400000000000000000e+01 1.000000000000000000e+03 -9.600000000000000000e+01
9.118000000000000000e+03 1.600000000000000000e+01 1.000000000000000000e+03 -1.280000000000000000e+02
9.158000000000000000e+03 1.600000000000000000e+01 9.920000000000000000e+02 -9.600000000000000000e+01
9.198000000000000000e+03 8.000000000000000000e+00 1.000000000000000000e+03 -9.600000000000000000e+01
9.238000000000000000e+03 1.600000000000000000e+01 1.016000000000000000e+03 -1.040000000000000000e+02
9.278000000000000000e+03 8.000000000000000000e+00 1.008000000000000000e+03 -1.280000000000000000e+02
9.318000000000000000e+03 8.000000000000000000e+00 1.016000000000000000e+03 -8.000000000000000000e+01
9.358000000000000000e+03 8.000000000000000000e+00 1.016000000000000000e+03 -8.800000000000000000e+01
9.398000000000000000e+03 1.600000000000000000e+01 1.008000000000000000e+03 -7.200000000000000000e+01
9.438000000000000000e+03 8.000000000000000000e+00 1.008000000000000000e+03 -9.600000000000000000e+01
9.478000000000000000e+03 8.000000000000000000e+00 1.000000000000000000e+03 -1.040000000000000000e+02
9.518000000000000000e+03 8.000000000000000000e+00 1.000000000000000000e+03 -9.600000000000000000e+01
9.558000000000000000e+03 -8.000000000000000000e+00 1.000000000000000000e+03 -9.600000000000000000e+01
9.598000000000000000e+03 0.000000000000000000e+00 1.000000000000000000e+03 -9.600000000000000000e+01
9.638000000000000000e+03 -8.000000000000000000e+00 1.008000000000000000e+03 -1.040000000000000000e+02
9.678000000000000000e+03 -8.000000000000000000e+00 1.008000000000000000e+03 -9.600000000000000000e+01
9.718000000000000000e+03 -8.000000000000000000e+00 1.008000000000000000e+03 -8.800000000000000000e+01
9.758000000000000000e+03 0.000000000000000000e+00 9.760000000000000000e+02 -9.600000000000000000e+01
9.798000000000000000e+03 1.600000000000000000e+01 9.840000000000000000e+02 -9.600000000000000000e+01
9.838000000000000000e+03 -8.000000000000000000e+00 9.840000000000000000e+02 -1.520000000000000000e+02
9.878000000000000000e+03 8.000000000000000000e+00 9.920000000000000000e+02 -8.000000000000000000e+01
9.918000000000000000e+03 8.000000000000000000e+00 9.920000000000000000e+02 -9.600000000000000000e+01
9.958000000000000000e+03 1.600000000000000000e+01 9.920000000000000000e+02 -9.600000000000000000e+01
9.989000000000000000e+03 1.600000000000000000e+01 1.000000000000000000e+03 -8.800000000000000000e+01
1.002900000000000000e+04 2.400000000000000000e+01 1.000000000000000000e+03 -1.040000000000000000e+02
1.006900000000000000e+04 8.000000000000000000e+00 1.000000000000000000e+03 -6.400000000000000000e+01
1.010900000000000000e+04 -1.600000000000000000e+01 1.000000000000000000e+03 -8.800000000000000000e+01
1.014900000000000000e+04 0.000000000000000000e+00 9.920000000000000000e+02 -7.200000000000000000e+01
1.018900000000000000e+04 2.400000000000000000e+01 1.000000000000000000e+03 -1.200000000000000000e+02
1.022900000000000000e+04 1.600000000000000000e+01 1.000000000000000000e+03 -9.600000000000000000e+01
1.026900000000000000e+04 1.600000000000000000e+01 1.000000000000000000e+03 -1.040000000000000000e+02
1.030900000000000000e+04 0.000000000000000000e+00 1.000000000000000000e+03 -8.000000000000000000e+01
1.034900000000000000e+04 8.000000000000000000e+00 1.024000000000000000e+03 -5.600000000000000000e+01
1.038900000000000000e+04 0.000000000000000000e+00 1.008000000000000000e+03 -1.120000000000000000e+02
1.042900000000000000e+04 0.000000000000000000e+00 1.008000000000000000e+03 -9.600000000000000000e+01
1.046900000000000000e+04 2.400000000000000000e+01 1.008000000000000000e+03 -1.040000000000000000e+02
1.050900000000000000e+04 1.600000000000000000e+01 1.008000000000000000e+03 -1.040000000000000000e+02
1.054900000000000000e+04 8.000000000000000000e+00 9.920000000000000000e+02 -5.600000000000000000e+01
1.058900000000000000e+04 1.600000000000000000e+01 9.920000000000000000e+02 -1.040000000000000000e+02
1.062900000000000000e+04 1.600000000000000000e+01 9.920000000000000000e+02 -4.800000000000000000e+01
1.066900000000000000e+04 3.200000000000000000e+01 1.008000000000000000e+03 -1.040000000000000000e+02
1.070900000000000000e+04 2.400000000000000000e+01 1.000000000000000000e+03 -9.600000000000000000e+01
1.074900000000000000e+04 1.600000000000000000e+01 1.000000000000000000e+03 -1.120000000000000000e+02
1.078900000000000000e+04 1.600000000000000000e+01 9.840000000000000000e+02 -1.040000000000000000e+02
1.082900000000000000e+04 8.000000000000000000e+00 9.920000000000000000e+02 -8.000000000000000000e+01
1.086900000000000000e+04 8.000000000000000000e+00 1.000000000000000000e+03 -8.800000000000000000e+01
1.090900000000000000e+04 8.000000000000000000e+00 1.000000000000000000e+03 -9.600000000000000000e+01
1.094900000000000000e+04 2.400000000000000000e+01 1.000000000000000000e+03 -1.120000000000000000e+02
1.098100000000000000e+04 1.600000000000000000e+01 1.000000000000000000e+03 -1.040000000000000000e+02
1.102100000000000000e+04 8.000000000000000000e+00 1.008000000000000000e+03 -1.600000000000000000e+02
1.106100000000000000e+04 8.000000000000000000e+00 1.008000000000000000e+03 -8.800000000000000000e+01
1.110100000000000000e+04 8.000000000000000000e+00 1.016000000000000000e+03 -8.800000000000000000e+01
1.114100000000000000e+04 8.000000000000000000e+00 1.024000000000000000e+03 -1.200000000000000000e+02
1.118100000000000000e+04 1.600000000000000000e+01 1.008000000000000000e+03 -8.800000000000000000e+01
1.122100000000000000e+04 1.600000000000000000e+01 1.000000000000000000e+03 -7.200000000000000000e+01
1.126100000000000000e+04 8.000000000000000000e+00 1.032000000000000000e+03 -1.120000000000000000e+02
1.130100000000000000e+04 -8.000000000000000000e+00 1.024000000000000000e+03 -1.040000000000000000e+02
1.134100000000000000e+04 0.000000000000000000e+00 1.008000000000000000e+03 -1.040000000000000000e+02
1.138100000000000000e+04 8.000000000000000000e+00 1.008000000000000000e+03 -1.120000000000000000e+02
1.142100000000000000e+04 8.000000000000000000e+00 1.016000000000000000e+03 -1.120000000000000000e+02
1.146100000000000000e+04 -1.600000000000000000e+01 1.008000000000000000e+03 -1.280000000000000000e+02
1.150100000000000000e+04 0.000000000000000000e+00 1.000000000000000000e+03 -1.040000000000000000e+02
1.154100000000000000e+04 -8.000000000000000000e+00 1.000000000000000000e+03 -7.200000000000000000e+01
1.158100000000000000e+04 0.000000000000000000e+00 1.000000000000000000e+03 -8.000000000000000000e+01
1.162100000000000000e+04 0.000000000000000000e+00 1.000000000000000000e+03 -1.040000000000000000e+02
1.166100000000000000e+04 8.000000000000000000e+00 1.000000000000000000e+03 -1.040000000000000000e+02
1.170100000000000000e+04 8.000000000000000000e+00 1.016000000000000000e+03 -6.400000000000000000e+01
1.174100000000000000e+04 1.600000000000000000e+01 1.016000000000000000e+03 -1.040000000000000000e+02
1.178100000000000000e+04 1.600000000000000000e+01 1.008000000000000000e+03 -1.200000000000000000e+02
1.182100000000000000e+04 8.000000000000000000e+00 1.008000000000000000e+03 -9.600000000000000000e+01
1.186100000000000000e+04 8.000000000000000000e+00 1.008000000000000000e+03 -9.600000000000000000e+01
1.190100000000000000e+04 8.000000000000000000e+00 1.040000000000000000e+03 -1.120000000000000000e+02
1.194100000000000000e+04 8.000000000000000000e+00 1.024000000000000000e+03 -1.040000000000000000e+02
1.197300000000000000e+04 0.000000000000000000e+00 1.016000000000000000e+03 -1.120000000000000000e+02
1.201300000000000000e+04 1.600000000000000000e+01 1.024000000000000000e+03 -1.040000000000000000e+02
1.205300000000000000e+04 -8.000000000000000000e+00 1.016000000000000000e+03 -1.280000000000000000e+02
1.209300000000000000e+04 0.000000000000000000e+00 1.008000000000000000e+03 -1.440000000000000000e+02
1.213300000000000000e+04 8.000000000000000000e+00 1.016000000000000000e+03 -6.400000000000000000e+01
1.217300000000000000e+04 0.000000000000000000e+00 1.024000000000000000e+03 -7.200000000000000000e+01
1.221300000000000000e+04 8.000000000000000000e+00 1.016000000000000000e+03 -1.200000000000000000e+02
1.225300000000000000e+04 8.000000000000000000e+00 1.008000000000000000e+03 -1.040000000000000000e+02
1.229300000000000000e+04 0.000000000000000000e+00 9.920000000000000000e+02 -1.120000000000000000e+02
1.233300000000000000e+04 0.000000000000000000e+00 9.840000000000000000e+02 -8.800000000000000000e+01
1.237300000000000000e+04 0.000000000000000000e+00 9.920000000000000000e+02 -8.000000000000000000e+01
1.241300000000000000e+04 8.000000000000000000e+00 1.000000000000000000e+03 -1.040000000000000000e+02
1.245300000000000000e+04 8.000000000000000000e+00 1.024000000000000000e+03 -9.600000000000000000e+01
1.249300000000000000e+04 1.600000000000000000e+01 1.016000000000000000e+03 -1.040000000000000000e+02
1.253300000000000000e+04 1.600000000000000000e+01 1.000000000000000000e+03 -8.800000000000000000e+01
1.257300000000000000e+04 8.000000000000000000e+00 1.008000000000000000e+03 -8.800000000000000000e+01
1.261300000000000000e+04 8.000000000000000000e+00 1.000000000000000000e+03 -9.600000000000000000e+01
1.265300000000000000e+04 8.000000000000000000e+00 1.008000000000000000e+03 -9.600000000000000000e+01
1.269300000000000000e+04 8.000000000000000000e+00 1.000000000000000000e+03 -8.800000000000000000e+01
1.273300000000000000e+04 8.000000000000000000e+00 1.008000000000000000e+03 -9.600000000000000000e+01
1.277300000000000000e+04 8.000000000000000000e+00 1.000000000000000000e+03 -8.800000000000000000e+01
1.281300000000000000e+04 1.600000000000000000e+01 1.000000000000000000e+03 -1.120000000000000000e+02
1.285300000000000000e+04 1.600000000000000000e+01 1.000000000000000000e+03 -1.040000000000000000e+02
1.289300000000000000e+04 1.600000000000000000e+01 9.840000000000000000e+02 -1.520000000000000000e+02
1.293300000000000000e+04 1.600000000000000000e+01 9.920000000000000000e+02 -8.000000000000000000e+01
1.296500000000000000e+04 8.000000000000000000e+00 1.000000000000000000e+03 -8.000000000000000000e+01
1.300500000000000000e+04 8.000000000000000000e+00 9.840000000000000000e+02 -9.600000000000000000e+01
1.304500000000000000e+04 3.200000000000000000e+01 9.920000000000000000e+02 -1.120000000000000000e+02
1.308500000000000000e+04 1.600000000000000000e+01 1.000000000000000000e+03 -6.400000000000000000e+01
1.312500000000000000e+04 8.000000000000000000e+00 1.000000000000000000e+03 -9.600000000000000000e+01
1.316500000000000000e+04 8.000000000000000000e+00 1.000000000000000000e+03 -8.800000000000000000e+01
1.320500000000000000e+04 8.000000000000000000e+00 1.000000000000000000e+03 -1.040000000000000000e+02
1.324500000000000000e+04 1.600000000000000000e+01 1.000000000000000000e+03 -1.040000000000000000e+02
1.328500000000000000e+04 8.000000000000000000e+00 1.000000000000000000e+03 -9.600000000000000000e+01
1.332500000000000000e+04 1.600000000000000000e+01 1.000000000000000000e+03 -1.120000000000000000e+02
1.336500000000000000e+04 8.000000000000000000e+00 1.000000000000000000e+03 -7.200000000000000000e+01
1.340500000000000000e+04 8.000000000000000000e+00 1.000000000000000000e+03 -9.600000000000000000e+01
1.344500000000000000e+04 1.600000000000000000e+01 1.000000000000000000e+03 -9.600000000000000000e+01
1.348500000000000000e+04 -8.000000000000000000e+00 1.008000000000000000e+03 -1.120000000000000000e+02
1.352500000000000000e+04 -8.000000000000000000e+00 9.920000000000000000e+02 -1.280000000000000000e+02
1.356500000000000000e+04 0.000000000000000000e+00 9.920000000000000000e+02 -1.120000000000000000e+02
1.360500000000000000e+04 8.000000000000000000e+00 9.920000000000000000e+02 -1.040000000000000000e+02
1.364500000000000000e+04 0.000000000000000000e+00 9.920000000000000000e+02 -9.600000000000000000e+01
1.368500000000000000e+04 -8.000000000000000000e+00 9.920000000000000000e+02 -9.600000000000000000e+01
1.372500000000000000e+04 -8.000000000000000000e+00 9.840000000000000000e+02 -1.040000000000000000e+02
1.376500000000000000e+04 0.000000000000000000e+00 9.920000000000000000e+02 -9.600000000000000000e+01
1.380500000000000000e+04 8.000000000000000000e+00 1.000000000000000000e+03 -3.200000000000000000e+01
1.384500000000000000e+04 8.000000000000000000e+00 1.024000000000000000e+03 -9.600000000000000000e+01
1.388500000000000000e+04 1.600000000000000000e+01 1.008000000000000000e+03 -5.600000000000000000e+01
1.392500000000000000e+04 8.000000000000000000e+00 1.000000000000000000e+03 -1.040000000000000000e+02
1.395700000000000000e+04 2.400000000000000000e+01 9.840000000000000000e+02 -9.600000000000000000e+01
1.399700000000000000e+04 2.400000000000000000e+01 9.920000000000000000e+02 -1.200000000000000000e+02
1.403700000000000000e+04 -8.000000000000000000e+00 1.008000000000000000e+03 -1.280000000000000000e+02
1.407700000000000000e+04 -1.600000000000000000e+01 1.000000000000000000e+03 -9.600000000000000000e+01
1.411700000000000000e+04 -8.000000000000000000e+00 9.920000000000000000e+02 -1.440000000000000000e+02
1.415700000000000000e+04 2.400000000000000000e+01 9.920000000000000000e+02 -9.600000000000000000e+01
1.419700000000000000e+04 8.000000000000000000e+00 1.008000000000000000e+03 -1.200000000000000000e+02
1.423700000000000000e+04 8.000000000000000000e+00 1.008000000000000000e+03 -1.040000000000000000e+02
1.427700000000000000e+04 8.000000000000000000e+00 1.000000000000000000e+03 -1.520000000000000000e+02
1.431700000000000000e+04 8.000000000000000000e+00 1.000000000000000000e+03 -1.040000000000000000e+02
1.435700000000000000e+04 8.000000000000000000e+00 1.016000000000000000e+03 -6.400000000000000000e+01
1.439700000000000000e+04 1.600000000000000000e+01 1.016000000000000000e+03 -9.600000000000000000e+01
1.443700000000000000e+04 1.600000000000000000e+01 1.000000000000000000e+03 -6.400000000000000000e+01
1.447700000000000000e+04 2.400000000000000000e+01 9.920000000000000000e+02 -8.800000000000000000e+01
1.451700000000000000e+04 2.400000000000000000e+01 1.000000000000000000e+03 -1.360000000000000000e+02
1.455700000000000000e+04 1.600000000000000000e+01 1.000000000000000000e+03 -9.600000000000000000e+01
1.459700000000000000e+04 8.000000000000000000e+00 1.024000000000000000e+03 -7.200000000000000000e+01
1.463700000000000000e+04 0.000000000000000000e+00 1.016000000000000000e+03 -1.200000000000000000e+02
1.467700000000000000e+04 1.600000000000000000e+01 1.008000000000000000e+03 -1.040000000000000000e+02
1.471700000000000000e+04 1.600000000000000000e+01 1.008000000000000000e+03 -1.040000000000000000e+02
1.475700000000000000e+04 1.600000000000000000e+01 1.000000000000000000e+03 -8.000000000000000000e+01
1.479700000000000000e+04 0.000000000000000000e+00 1.008000000000000000e+03 -1.040000000000000000e+02
1.483700000000000000e+04 -8.000000000000000000e+00 1.000000000000000000e+03 -1.280000000000000000e+02
1.487700000000000000e+04 0.000000000000000000e+00 1.000000000000000000e+03 -1.120000000000000000e+02
1.491700000000000000e+04 0.000000000000000000e+00 1.008000000000000000e+03 -5.600000000000000000e+01
1.494900000000000000e+04 8.000000000000000000e+00 1.008000000000000000e+03 -1.120000000000000000e+02
1.498900000000000000e+04 -8.000000000000000000e+00 1.008000000000000000e+03 -9.600000000000000000e+01
1.502900000000000000e+04 0.000000000000000000e+00 9.840000000000000000e+02 -1.440000000000000000e+02
1.506900000000000000e+04 0.000000000000000000e+00 1.008000000000000000e+03 -9.600000000000000000e+01
1.510900000000000000e+04 2.400000000000000000e+01 1.008000000000000000e+03 -1.040000000000000000e+02
1.514900000000000000e+04 3.200000000000000000e+01 1.008000000000000000e+03 -1.120000000000000000e+02
1.518900000000000000e+04 8.000000000000000000e+00 1.008000000000000000e+03 -9.600000000000000000e+01
1.522900000000000000e+04 2.400000000000000000e+01 1.000000000000000000e+03 -1.040000000000000000e+02
1.526900000000000000e+04 1.600000000000000000e+01 1.016000000000000000e+03 -8.000000000000000000e+01
1.530900000000000000e+04 8.000000000000000000e+00 1.008000000000000000e+03 -1.040000000000000000e+02
1.534900000000000000e+04 2.400000000000000000e+01 1.024000000000000000e+03 -9.600000000000000000e+01
1.538900000000000000e+04 3.200000000000000000e+01 1.016000000000000000e+03 -1.760000000000000000e+02
1.542900000000000000e+04 2.400000000000000000e+01 9.920000000000000000e+02 -6.400000000000000000e+01
1.546900000000000000e+04 -8.000000000000000000e+00 1.000000000000000000e+03 -9.600000000000000000e+01
1.550900000000000000e+04 -8.000000000000000000e+00 1.016000000000000000e+03 -8.800000000000000000e+01
1.554900000000000000e+04 2.400000000000000000e+01 1.000000000000000000e+03 -8.800000000000000000e+01
1.558900000000000000e+04 1.600000000000000000e+01 1.000000000000000000e+03 -1.200000000000000000e+02
1.562900000000000000e+04 1.600000000000000000e+01 1.000000000000000000e+03 -8.800000000000000000e+01
1.566900000000000000e+04 2.400000000000000000e+01 1.000000000000000000e+03 -8.800000000000000000e+01
1.570900000000000000e+04 4.800000000000000000e+01 1.000000000000000000e+03 -7.200000000000000000e+01
1.574900000000000000e+04 2.400000000000000000e+01 9.920000000000000000e+02 -9.600000000000000000e+01
1.578900000000000000e+04 8.000000000000000000e+00 1.000000000000000000e+03 -9.600000000000000000e+01
1.582900000000000000e+04 -8.000000000000000000e+00 1.016000000000000000e+03 -6.400000000000000000e+01
1.586900000000000000e+04 0.000000000000000000e+00 1.040000000000000000e+03 -9.600000000000000000e+01
1.590900000000000000e+04 0.000000000000000000e+00 1.016000000000000000e+03 -1.040000000000000000e+02
1.594000000000000000e+04 8.000000000000000000e+00 1.008000000000000000e+03 -1.120000000000000000e+02
1.598000000000000000e+04 1.600000000000000000e+01 1.024000000000000000e+03 -9.600000000000000000e+01
1.602000000000000000e+04 3.200000000000000000e+01 1.008000000000000000e+03 -8.000000000000000000e+01
1.606000000000000000e+04 1.600000000000000000e+01 1.008000000000000000e+03 -9.600000000000000000e+01
1.610000000000000000e+04 8.000000000000000000e+00 1.016000000000000000e+03 -9.600000000000000000e+01
1.614000000000000000e+04 1.600000000000000000e+01 1.016000000000000000e+03 -9.600000000000000000e+01
1.618000000000000000e+04 1.600000000000000000e+01 1.008000000000000000e+03 -9.600000000000000000e+01
1.622000000000000000e+04 1.600000000000000000e+01 1.000000000000000000e+03 -1.040000000000000000e+02
1.626000000000000000e+04 2.400000000000000000e+01 9.920000000000000000e+02 -9.600000000000000000e+01
1.630000000000000000e+04 1.600000000000000000e+01 9.920000000000000000e+02 -1.600000000000000000e+02
1.634000000000000000e+04 8.000000000000000000e+00 1.000000000000000000e+03 -1.200000000000000000e+02
1.638000000000000000e+04 8.000000000000000000e+00 9.920000000000000000e+02 -1.040000000000000000e+02
1.642000000000000000e+04 1.600000000000000000e+01 1.008000000000000000e+03 -1.440000000000000000e+02
1.646000000000000000e+04 8.000000000000000000e+00 1.000000000000000000e+03 -1.360000000000000000e+02
1.650000000000000000e+04 3.200000000000000000e+01 1.000000000000000000e+03 -8.000000000000000000e+01
1.654000000000000000e+04 2.400000000000000000e+01 1.000000000000000000e+03 -1.040000000000000000e+02
1.658000000000000000e+04 1.600000000000000000e+01 9.920000000000000000e+02 -8.800000000000000000e+01
1.662000000000000000e+04 2.400000000000000000e+01 1.000000000000000000e+03 -9.600000000000000000e+01
1.666000000000000000e+04 8.000000000000000000e+00 1.000000000000000000e+03 -8.800000000000000000e+01
1.670000000000000000e+04 8.000000000000000000e+00 1.016000000000000000e+03 -9.600000000000000000e+01
1.674000000000000000e+04 8.000000000000000000e+00 1.008000000000000000e+03 -8.800000000000000000e+01
1.678000000000000000e+04 1.600000000000000000e+01 1.000000000000000000e+03 -1.200000000000000000e+02
1.682000000000000000e+04 8.000000000000000000e+00 1.008000000000000000e+03 -1.120000000000000000e+02
1.686000000000000000e+04 1.600000000000000000e+01 1.000000000000000000e+03 -8.800000000000000000e+01
1.690000000000000000e+04 3.200000000000000000e+01 1.000000000000000000e+03 -7.200000000000000000e+01
1.693200000000000000e+04 1.600000000000000000e+01 1.000000000000000000e+03 -6.400000000000000000e+01
1.697200000000000000e+04 3.200000000000000000e+01 9.840000000000000000e+02 -1.040000000000000000e+02
1.701200000000000000e+04 1.600000000000000000e+01 9.840000000000000000e+02 -9.600000000000000000e+01
1.705200000000000000e+04 0.000000000000000000e+00 9.920000000000000000e+02 -1.040000000000000000e+02
1.709200000000000000e+04 -8.000000000000000000e+00 1.000000000000000000e+03 -6.400000000000000000e+01
1.713200000000000000e+04 -8.000000000000000000e+00 1.000000000000000000e+03 -8.800000000000000000e+01
1.717200000000000000e+04 0.000000000000000000e+00 1.000000000000000000e+03 -8.000000000000000000e+01
1.721200000000000000e+04 0.000000000000000000e+00 1.000000000000000000e+03 -1.200000000000000000e+02
1.725200000000000000e+04 0.000000000000000000e+00 1.000000000000000000e+03 -9.600000000000000000e+01
1.729200000000000000e+04 8.000000000000000000e+00 1.000000000000000000e+03 -9.600000000000000000e+01
1.733200000000000000e+04 1.600000000000000000e+01 9.920000000000000000e+02 -8.800000000000000000e+01
1.737200000000000000e+04 1.600000000000000000e+01 9.920000000000000000e+02 -8.800000000000000000e+01
1.741200000000000000e+04 8.000000000000000000e+00 1.000000000000000000e+03 -1.040000000000000000e+02
1.745200000000000000e+04 8.000000000000000000e+00 1.000000000000000000e+03 -1.040000000000000000e+02
1.749200000000000000e+04 8.000000000000000000e+00 1.000000000000000000e+03 -7.200000000000000000e+01
1.753200000000000000e+04 -8.000000000000000000e+00 9.840000000000000000e+02 -1.040000000000000000e+02
1.757200000000000000e+04 1.600000000000000000e+01 9.920000000000000000e+02 -9.600000000000000000e+01
1.761200000000000000e+04 8.000000000000000000e+00 1.000000000000000000e+03 -8.000000000000000000e+01
1.765200000000000000e+04 3.200000000000000000e+01 1.024000000000000000e+03 -1.280000000000000000e+02
1.769200000000000000e+04 2.400000000000000000e+01 1.008000000000000000e+03 -1.120000000000000000e+02
1.773200000000000000e+04 1.600000000000000000e+01 1.000000000000000000e+03 -1.040000000000000000e+02
1.777200000000000000e+04 1.600000000000000000e+01 1.000000000000000000e+03 -1.040000000000000000e+02
1.781200000000000000e+04 1.600000000000000000e+01 1.000000000000000000e+03 -8.800000000000000000e+01
1.785200000000000000e+04 1.600000000000000000e+01 1.000000000000000000e+03 -9.600000000000000000e+01
1.789200000000000000e+04 1.600000000000000000e+01 9.920000000000000000e+02 -8.800000000000000000e+01
1.792500000000000000e+04 8.000000000000000000e+00 9.920000000000000000e+02 -6.400000000000000000e+01
1.796500000000000000e+04 8.000000000000000000e+00 1.000000000000000000e+03 -1.200000000000000000e+02
1.800500000000000000e+04 4.000000000000000000e+01 9.840000000000000000e+02 -1.600000000000000000e+02
1.804500000000000000e+04 2.400000000000000000e+01 9.920000000000000000e+02 -1.200000000000000000e+02
1.808500000000000000e+04 1.600000000000000000e+01 1.008000000000000000e+03 -1.120000000000000000e+02
1.812500000000000000e+04 1.600000000000000000e+01 1.008000000000000000e+03 -8.800000000000000000e+01
1.816500000000000000e+04 1.600000000000000000e+01 1.008000000000000000e+03 -1.440000000000000000e+02
1.820500000000000000e+04 1.600000000000000000e+01 1.000000000000000000e+03 -8.000000000000000000e+01
1.824500000000000000e+04 1.600000000000000000e+01 1.008000000000000000e+03 -1.040000000000000000e+02
1.828500000000000000e+04 1.600000000000000000e+01 1.000000000000000000e+03 -1.280000000000000000e+02
1.832500000000000000e+04 1.600000000000000000e+01 1.000000000000000000e+03 -1.440000000000000000e+02
1.836500000000000000e+04 -8.000000000000000000e+00 1.000000000000000000e+03 -1.280000000000000000e+02
1.840500000000000000e+04 2.400000000000000000e+01 1.000000000000000000e+03 -1.040000000000000000e+02
1.844500000000000000e+04 2.400000000000000000e+01 1.008000000000000000e+03 -1.040000000000000000e+02
1.848500000000000000e+04 2.400000000000000000e+01 1.008000000000000000e+03 -9.600000000000000000e+01
1.852500000000000000e+04 8.000000000000000000e+00 9.920000000000000000e+02 -9.600000000000000000e+01
1.856500000000000000e+04 1.600000000000000000e+01 1.016000000000000000e+03 -1.040000000000000000e+02
1.860500000000000000e+04 8.000000000000000000e+00 1.008000000000000000e+03 -8.800000000000000000e+01
1.864500000000000000e+04 8.000000000000000000e+00 1.008000000000000000e+03 -9.600000000000000000e+01
1.868500000000000000e+04 8.000000000000000000e+00 1.000000000000000000e+03 -1.040000000000000000e+02
1.872500000000000000e+04 8.000000000000000000e+00 1.000000000000000000e+03 -9.600000000000000000e+01
1.876500000000000000e+04 8.000000000000000000e+00 9.920000000000000000e+02 -8.800000000000000000e+01
1.880500000000000000e+04 -8.000000000000000000e+00 9.920000000000000000e+02 -8.000000000000000000e+01
1.884500000000000000e+04 8.000000000000000000e+00 1.000000000000000000e+03 -9.600000000000000000e+01
1.888500000000000000e+04 8.000000000000000000e+00 1.000000000000000000e+03 -1.120000000000000000e+02
1.891700000000000000e+04 8.000000000000000000e+00 9.920000000000000000e+02 -9.600000000000000000e+01
1.895700000000000000e+04 1.600000000000000000e+01 1.000000000000000000e+03 -9.600000000000000000e+01
1.899700000000000000e+04 8.000000000000000000e+00 1.008000000000000000e+03 -1.200000000000000000e+02
1.903700000000000000e+04 1.600000000000000000e+01 1.008000000000000000e+03 -9.600000000000000000e+01
1.907700000000000000e+04 1.600000000000000000e+01 1.008000000000000000e+03 -9.600000000000000000e+01
1.911700000000000000e+04 8.000000000000000000e+00 1.008000000000000000e+03 -9.600000000000000000e+01
1.915700000000000000e+04 8.000000000000000000e+00 1.000000000000000000e+03 -9.600000000000000000e+01
1.919700000000000000e+04 1.600000000000000000e+01 1.008000000000000000e+03 -9.600000000000000000e+01
1.923700000000000000e+04 8.000000000000000000e+00 1.000000000000000000e+03 -1.200000000000000000e+02
1.927700000000000000e+04 8.000000000000000000e+00 1.008000000000000000e+03 -8.800000000000000000e+01
1.931700000000000000e+04 8.000000000000000000e+00 1.008000000000000000e+03 -1.040000000000000000e+02
1.935700000000000000e+04 8.000000000000000000e+00 1.008000000000000000e+03 -8.800000000000000000e+01
1.939700000000000000e+04 8.000000000000000000e+00 1.008000000000000000e+03 -1.040000000000000000e+02
1.943700000000000000e+04 4.000000000000000000e+01 1.032000000000000000e+03 -7.200000000000000000e+01
1.947700000000000000e+04 2.400000000000000000e+01 1.016000000000000000e+03 -5.600000000000000000e+01
1.951700000000000000e+04 1.600000000000000000e+01 9.920000000000000000e+02 -9.600000000000000000e+01
1.955700000000000000e+04 8.000000000000000000e+00 1.000000000000000000e+03 -1.120000000000000000e+02
1.959700000000000000e+04 1.600000000000000000e+01 1.000000000000000000e+03 -8.800000000000000000e+01
1.963700000000000000e+04 8.000000000000000000e+00 1.016000000000000000e+03 -4.000000000000000000e+01
1.967700000000000000e+04 1.600000000000000000e+01 1.008000000000000000e+03 -7.200000000000000000e+01
1.971700000000000000e+04 8.000000000000000000e+00 1.008000000000000000e+03 -7.200000000000000000e+01
1.975700000000000000e+04 -8.000000000000000000e+00 1.016000000000000000e+03 -8.800000000000000000e+01
1.979700000000000000e+04 -8.000000000000000000e+00 1.008000000000000000e+03 -1.440000000000000000e+02
1.983700000000000000e+04 1.600000000000000000e+01 1.008000000000000000e+03 -9.600000000000000000e+01
1.987700000000000000e+04 1.600000000000000000e+01 1.008000000000000000e+03 -1.040000000000000000e+02
