1.000000000000000000e+02 1.600000000000000000e+01 -1.600000000000000000e+01 -1.024000000000000000e+03
1.400000000000000000e+02 1.600000000000000000e+01 -3.200000000000000000e+01 -1.032000000000000000e+03
1.800000000000000000e+02 1.600000000000000000e+01 -2.400000000000000000e+01 -1.032000000000000000e+03
2.200000000000000000e+02 8.000000000000000000e+00 -1.600000000000000000e+01 -1.040000000000000000e+03
2.600000000000000000e+02 1.600000000000000000e+01 -2.400000000000000000e+01 -1.040000000000000000e+03
3.000000000000000000e+02 1.600000000000000000e+01 -1.600000000000000000e+01 -1.040000000000000000e+03
3.400000000000000000e+02 1.600000000000000000e+01 -1.600000000000000000e+01 -1.040000000000000000e+03
3.800000000000000000e+02 1.600000000000000000e+01 -1.600000000000000000e+01 -1.032000000000000000e+03
4.200000000000000000e+02 1.600000000000000000e+01 -1.600000000000000000e+01 -1.032000000000000000e+03
4.600000000000000000e+02 1.600000000000000000e+01 -8.000000000000000000e+00 -1.048000000000000000e+03
5.000000000000000000e+02 3.200000000000000000e+01 -3.200000000000000000e+01 -1.024000000000000000e+03
5.400000000000000000e+02 2.400000000000000000e+01 -2.400000000000000000e+01 -1.032000000000000000e+03
5.800000000000000000e+02 1.600000000000000000e+01 -1.600000000000000000e+01 -1.040000000000000000e+03
6.200000000000000000e+02 1.600000000000000000e+01 -1.600000000000000000e+01 -1.024000000000000000e+03
6.600000000000000000e+02 1.600000000000000000e+01 -8.000000000000000000e+00 -1.032000000000000000e+03
7.000000000000000000e+02 0.000000000000000000e+00 -1.600000000000000000e+01 -1.032000000000000000e+03
7.400000000000000000e+02 8.000000000000000000e+00 -1.600000000000000000e+01 -1.024000000000000000e+03
7.800000000000000000e+02 1.600000000000000000e+01 -1.600000000000000000e+01 -1.032000000000000000e+03
8.200000000000000000e+02 1.600000000000000000e+01 -1.600000000000000000e+01 -1.032000000000000000e+03
8.600000000000000000e+02 2.400000000000000000e+01 -1.600000000000000000e+01 -1.032000000000000000e+03
9.000000000000000000e+02 1.600000000000000000e+01 -8.000000000000000000e+00 -1.024000000000000000e+03
9.400000000000000000e+02 8.000000000000000000e+00 -3.200000000000000000e+01 -1.032000000000000000e+03
9.800000000000000000e+02 8.000000000000000000e+00 -2.400000000000000000e+01 -1.032000000000000000e+03
1.020000000000000000e+03 2.400000000000000000e+01 -3.200000000000000000e+01 -1.016000000000000000e+03
1.060000000000000000e+03 2.400000000000000000e+01 -3.200000000000000000e+01 -1.008000000000000000e+03
1.092000000000000000e+03 1.600000000000000000e+01 -1.600000000000000000e+01 -1.008000000000000000e+03
1.132000000000000000e+03 8.000000000000000000e+00 -3.200000000000000000e+01 -1.080000000000000000e+03
1.172000000000000000e+03 4.000000000000000000e+01 -4.000000000000000000e+01 -1.048000000000000000e+03
1.212000000000000000e+03 3.200000000000000000e+01 -2.400000000000000000e+01 -9.760000000000000000e+02
1.252000000000000000e+03 2.400000000000000000e+01 -2.400000000000000000e+01 -1.056000000000000000e+03
1.292000000000000000e+03 2.400000000000000000e+01 -2.400000000000000000e+01 -1.048000000000000000e+03
1.332000000000000000e+03 4.800000000000000000e+01 -3.200000000000000000e+01 -1.040000000000000000e+03
1.372000000000000000e+03 3.200000000000000000e+01 -2.400000000000000000e+01 -1.024000000000000000e+03
1.412000000000000000e+03 2.400000000000000000e+01 -2.400000000000000000e+01 -1.048000000000000000e+03
1.452000000000000000e+03 1.600000000000000000e+01 -2.400000000000000000e+01 -1.016000000000000000e+03
1.492000000000000000e+03 8.000000000000000000e+00 -2.400000000000000000e+01 -1.032000000000000000e+03
1.532000000000000000e+03 1.600000000000000000e+01 -2.400000000000000000e+01 -1.032000000000000000e+03
1.572000000000000000e+03 0.000000000000000000e+00 -8.000000000000000000e+00 -1.032000000000000000e+03
1.612000000000000000e+03 0.000000000000000000e+00 -1.600000000000000000e+01 -1.088000000000000000e+03
1.652000000000000000e+03 1.600000000000000000e+01 -1.600000000000000000e+01 -1.040000000000000000e+03
1.692000000000000000e+03 1.600000000000000000e+01 -1.600000000000000000e+01 -9.840000000000000000e+02
1.732000000000000000e+03 1.600000000000000000e+01 -1.600000000000000000e+01 -1.032000000000000000e+03
1.772000000000000000e+03 2.400000000000000000e+01 -2.400000000000000000e+01 -1.040000000000000000e+03
1.812000000000000000e+03 2.400000000000000000e+01 -8.000000000000000000e+00 -1.032000000000000000e+03
1.852000000000000000e+03 2.400000000000000000e+01 -2.400000000000000000e+01 -1.040000000000000000e+03
1.892000000000000000e+03 1.600000000000000000e+01 -1.600000000000000000e+01 -1.008000000000000000e+03
1.932000000000000000e+03 8.000000000000000000e+00 -2.400000000000000000e+01 -1.032000000000000000e+03
1.972000000000000000e+03 1.600000000000000000e+01 -1.600000000000000000e+01 -1.032000000000000000e+03
2.012000000000000000e+03 8.000000000000000000e+00 -1.600000000000000000e+01 -1.032000000000000000e+03
2.052000000000000000e+03 8.000000000000000000e+00 -1.600000000000000000e+01 -1.032000000000000000e+03
2.084000000000000000e+03 1.600000000000000000e+01 -1.600000000000000000e+01 -1.032000000000000000e+03
2.124000000000000000e+03 1.600000000000000000e+01 0.000000000000000000e+00 -1.040000000000000000e+03
2.164000000000000000e+03 0.000000000000000000e+00 -2.400000000000000000e+01 -1.024000000000000000e+03
2.204000000000000000e+03 8.000000000000000000e+00 -2.400000000000000000e+01 -1.040000000000000000e+03
2.244000000000000000e+03 8.000000000000000000e+00 0.000000000000000000e+00 -1.024000000000000000e+03
2.284000000000000000e+03 1.600000000000000000e+01 -8.000000000000000000e+00 -1.024000000000000000e+03
2.324000000000000000e+03 2.400000000000000000e+01 -8.000000000000000000e+00 -1.032000000000000000e+03
2.364000000000000000e+03 3.200000000000000000e+01 -1.600000000000000000e+01 -1.024000000000000000e+03
2.404000000000000000e+03 2.400000000000000000e+01 -1.600000000000000000e+01 -1.040000000000000000e+03
2.444000000000000000e+03 1.600000000000000000e+01 0.000000000000000000e+00 -1.040000000000000000e+03
2.484000000000000000e+03 1.600000000000000000e+01 -1.600000000000000000e+01 -1.024000000000000000e+03
2.524000000000000000e+03 1.600000000000000000e+01 -1.600000000000000000e+01 -1.024000000000000000e+03
2.564000000000000000e+03 1.600000000000000000e+01 -2.400000000000000000e+01 -1.064000000000000000e+03
2.604000000000000000e+03 1.600000000000000000e+01 -1.600000000000000000e+01 -1.040000000000000000e+03
2.644000000000000000e+03 1.600000000000000000e+01 -1.600000000000000000e+01 -1.024000000000000000e+03
2.684000000000000000e+03 2.400000000000000000e+01 -1.600000000000000000e+01 -1.024000000000000000e+03
2.724000000000000000e+03 1.600000000000000000e+01 -8.000000000000000000e+00 -1.016000000000000000e+03
2.764000000000000000e+03 2.400000000000000000e+01 -1.600000000000000000e+01 -1.024000000000000000e+03
2.804000000000000000e+03 2.400000000000000000e+01 -1.600000000000000000e+01 -1.048000000000000000e+03
2.844000000000000000e+03 2.400000000000000000e+01 -1.600000000000000000e+01 -1.040000000000000000e+03
2.884000000000000000e+03 2.400000000000000000e+01 -1.600000000000000000e+01 -1.024000000000000000e+03
2.924000000000000000e+03 1.600000000000000000e+01 -2.400000000000000000e+01 -1.024000000000000000e+03
2.964000000000000000e+03 1.600000000000000000e+01 -1.600000000000000000e+01 -1.040000000000000000e+03
3.004000000000000000e+03 2.400000000000000000e+01 -2.400000000000000000e+01 -1.040000000000000000e+03
3.044000000000000000e+03 1.600000000000000000e+01 -1.600000000000000000e+01 -1.024000000000000000e+03
3.077000000000000000e+03 1.600000000000000000e+01 -2.400000000000000000e+01 -1.048000000000000000e+03
3.117000000000000000e+03 1.600000000000000000e+01 -3.200000000000000000e+01 -1.024000000000000000e+03
3.157000000000000000e+03 2.400000000000000000e+01 -2.400000000000000000e+01 -1.008000000000000000e+03
3.197000000000000000e+03 2.400000000000000000e+01 -2.400000000000000000e+01 -1.032000000000000000e+03
3.237000000000000000e+03 2.400000000000000000e+01 -2.400000000000000000e+01 -1.048000000000000000e+03
3.277000000000000000e+03 3.200000000000000000e+01 -1.600000000000000000e+01 -1.016000000000000000e+03
3.317000000000000000e+03 2.400000000000000000e+01 -2.400000000000000000e+01 -1.048000000000000000e+03
3.357000000000000000e+03 2.400000000000000000e+01 -2.400000000000000000e+01 -1.000000000000000000e+03
3.397000000000000000e+03 1.600000000000000000e+01 -2.400000000000000000e+01 -1.032000000000000000e+03
3.437000000000000000e+03 2.400000000000000000e+01 -1.600000000000000000e+01 -1.040000000000000000e+03
3.477000000000000000e+03 2.400000000000000000e+01 -2.400000000000000000e+01 -1.032000000000000000e+03
3.517000000000000000e+03 2.400000000000000000e+01 -2.400000000000000000e+01 -1.032000000000000000e+03
3.557000000000000000e+03 1.600000000000000000e+01 -3.200000000000000000e+01 -1.024000000000000000e+03
3.597000000000000000e+03 1.600000000000000000e+01 -1.600000000000000000e+01 -1.056000000000000000e+03
3.637000000000000000e+03 1.600000000000000000e+01 -2.400000000000000000e+01 -1.032000000000000000e+03
3.677000000000000000e+03 1.600000000000000000e+01 -2.400000000000000000e+01 -1.016000000000000000e+03
3.717000000000000000e+03 2.400000000000000000e+01 -3.200000000000000000e+01 -1.024000000000000000e+03
3.757000000000000000e+03 1.600000000000000000e+01 -3.200000000000000000e+01 -1.032000000000000000e+03
3.797000000000000000e+03 1.600000000000000000e+01 -1.600000000000000000e+01 -1.016000000000000000e+03
3.837000000000000000e+03 8.000000000000000000e+00 -2.400000000000000000e+01 -1.032000000000000000e+03
3.877000000000000000e+03 8.000000000000000000e+00 -1.600000000000000000e+01 -1.024000000000000000e+03
3.917000000000000000e+03 1.600000000000000000e+01 -1.600000000000000000e+01 -1.040000000000000000e+03
3.957000000000000000e+03 1.600000000000000000e+01 -2.400000000000000000e+01 -1.016000000000000000e+03
3.997000000000000000e+03 1.600000000000000000e+01 -3.200000000000000000e+01 -1.048000000000000000e+03
4.037000000000000000e+03 2.400000000000000000e+01 -2.400000000000000000e+01 -1.024000000000000000e+03
4.070000000000000000e+03 2.400000000000000000e+01 -3.200000000000000000e+01 -1.032000000000000000e+03
4.110000000000000000e+03 2.400000000000000000e+01 -2.400000000000000000e+01 -1.032000000000000000e+03
4.150000000000000000e+03 1.600000000000000000e+01 -2.400000000000000000e+01 -1.032000000000000000e+03
4.190000000000000000e+03 8.000000000000000000e+00 -2.400000000000000000e+01 -9.840000000000000000e+02
4.230000000000000000e+03 1.600000000000000000e+01 -2.400000000000000000e+01 -1.008000000000000000e+03
4.270000000000000000e+03 2.400000000000000000e+01 -3.200000000000000000e+01 -1.040000000000000000e+03
4.310000000000000000e+03 2.400000000000000000e+01 -2.400000000000000000e+01 -1.048000000000000000e+03
4.350000000000000000e+03 1.600000000000000000e+01 -2.400000000000000000e+01 -1.032000000000000000e+03
4.390000000000000000e+03 2.400000000000000000e+01 -1.600000000000000000e+01 -1.024000000000000000e+03
4.430000000000000000e+03 2.400000000000000000e+01 -8.000000000000000000e+00 -1.032000000000000000e+03
4.470000000000000000e+03 1.600000000000000000e+01 -8.000000000000000000e+00 -1.008000000000000000e+03
4.510000000000000000e+03 1.600000000000000000e+01 -2.400000000000000000e+01 -9.920000000000000000e+02
4.550000000000000000e+03 2.400000000000000000e+01 -2.400000000000000000e+01 -1.024000000000000000e+03
4.590000000000000000e+03 2.400000000000000000e+01 -1.600000000000000000e+01 -1.048000000000000000e+03
4.630000000000000000e+03 1.600000000000000000e+01 -2.400000000000000000e+01 -1.016000000000000000e+03
4.670000000000000000e+03 2.400000000000000000e+01 -1.600000000000000000e+01 -1.016000000000000000e+03
4.710000000000000000e+03 1.600000000000000000e+01 -1.600000000000000000e+01 -1.056000000000000000e+03
4.750000000000000000e+03 8.000000000000000000e+00 -1.600000000000000000e+01 -1.032000000000000000e+03
4.790000000000000000e+03 1.600000000000000000e+01 -1.600000000000000000e+01 -1.048000000000000000e+03
4.830000000000000000e+03 8.000000000000000000e+00 -8.000000000000000000e+00 -1.040000000000000000e+03
4.870000000000000000e+03 1.600000000000000000e+01 -1.600000000000000000e+01 -1.032000000000000000e+03
4.910000000000000000e+03 1.600000000000000000e+01 -2.400000000000000000e+01 -1.032000000000000000e+03
4.950000000000000000e+03 1.600000000000000000e+01 -3.200000000000000000e+01 -1.024000000000000000e+03
4.990000000000000000e+03 2.400000000000000000e+01 -2.400000000000000000e+01 -1.032000000000000000e+03
5.030000000000000000e+03 1.600000000000000000e+01 -2.400000000000000000e+01 -1.048000000000000000e+03
5.062000000000000000e+03 1.600000000000000000e+01 -1.600000000000000000e+01 -1.040000000000000000e+03
5.102000000000000000e+03 2.400000000000000000e+01 -2.400000000000000000e+01 -1.040000000000000000e+03
5.142000000000000000e+03 1.600000000000000000e+01 -2.400000000000000000e+01 -1.048000000000000000e+03
5.182000000000000000e+03 1.600000000000000000e+01 -2.400000000000000000e+01 -1.048000000000000000e+03
5.222000000000000000e+03 1.600000000000000000e+01 -2.400000000000000000e+01 -1.032000000000000000e+03
5.262000000000000000e+03 2.400000000000000000e+01 -2.400000000000000000e+01 -1.040000000000000000e+03
5.302000000000000000e+03 2.400000000000000000e+01 -1.600000000000000000e+01 -1.056000000000000000e+03
5.342000000000000000e+03 2.400000000000000000e+01 -1.600000000000000000e+01 -1.024000000000000000e+03
5.382000000000000000e+03 2.400000000000000000e+01 -3.200000000000000000e+01 -1.048000000000000000e+03
5.422000000000000000e+03 2.400000000000000000e+01 -2.400000000000000000e+01 -1.032000000000000000e+03
5.462000000000000000e+03 2.400000000000000000e+01 -1.600000000000000000e+01 -1.040000000000000000e+03
5.502000000000000000e+03 1.600000000000000000e+01 -8.000000000000000000e+00 -1.016000000000000000e+03
5.542000000000000000e+03 2.400000000000000000e+01 -8.000000000000000000e+00 -1.032000000000000000e+03
5.582000000000000000e+03 1.600000000000000000e+01 -1.600000000000000000e+01 -1.072000000000000000e+03
5.622000000000000000e+03 8.000000000000000000e+00 -2.400000000000000000e+01 -1.048000000000000000e+03
5.662000000000000000e+03 1.600000000000000000e+01 -2.400000000000000000e+01 -1.064000000000000000e+03
5.702000000000000000e+03 0.000000000000000000e+00 -3.200000000000000000e+01 -1.024000000000000000e+03
5.742000000000000000e+03 8.000000000000000000e+00 -2.400000000000000000e+01 -1.064000000000000000e+03
5.782000000000000000e+03 2.400000000000000000e+01 -8.000000000000000000e+00 -1.032000000000000000e+03
5.822000000000000000e+03 2.400000000000000000e+01 -1.600000000000000000e+01 -1.040000000000000000e+03
5.862000000000000000e+03 2.400000000000000000e+01 -1.600000000000000000e+01 -1.072000000000000000e+03
5.902000000000000000e+03 1.600000000000000000e+01 -1.600000000000000000e+01 -1.040000000000000000e+03
5.942000000000000000e+03 8.000000000000000000e+00 -8.000000000000000000e+00 -1.032000000000000000e+03
5.982000000000000000e+03 1.600000000000000000e+01 -8.000000000000000000e+00 -1.032000000000000000e+03
6.022000000000000000e+03 -8.000000000000000000e+00 0.000000000000000000e+00 -1.016000000000000000e+03
6.055000000000000000e+03 0.000000000000000000e+00 -8.000000000000000000e+00 -1.032000000000000000e+03
6.095000000000000000e+03 1.600000000000000000e+01 -1.600000000000000000e+01 -1.040000000000000000e+03
6.135000000000000000e+03 1.600000000000000000e+01 -1.600000000000000000e+01 -1.016000000000000000e+03
6.175000000000000000e+03 0.000000000000000000e+00 -1.600000000000000000e+01 -1.040000000000000000e+03
6.215000000000000000e+03 8.000000000000000000e+00 -1.600000000000000000e+01 -1.032000000000000000e+03
6.255000000000000000e+03 1.600000000000000000e+01 -1.600000000000000000e+01 -1.016000000000000000e+03
6.295000000000000000e+03 8.000000000000000000e+00 -1.600000000000000000e+01 -1.032000000000000000e+03
6.335000000000000000e+03 8.000000000000000000e+00 -2.400000000000000000e+01 -1.024000000000000000e+03
6.375000000000000000e+03 8.000000000000000000e+00 -2.400000000000000000e+01 -1.024000000000000000e+03
6.415000000000000000e+03 0.000000000000000000e+00 -2.400000000000000000e+01 -1.040000000000000000e+03
6.455000000000000000e+03 8.000000000000000000e+00 -1.600000000000000000e+01 -1.048000000000000000e+03
6.495000000000000000e+03 0.000000000000000000e+00 -2.400000000000000000e+01 -1.016000000000000000e+03
6.535000000000000000e+03 8.000000000000000000e+00 -1.600000000000000000e+01 -1.040000000000000000e+03
6.575000000000000000e+03 1.600000000000000000e+01 -1.600000000000000000e+01 -1.016000000000000000e+03
6.615000000000000000e+03 1.600000000000000000e+01 -1.600000000000000000e+01 -1.032000000000000000e+03
6.655000000000000000e+03 1.600000000000000000e+01 -1.600000000000000000e+01 -1.016000000000000000e+03
6.695000000000000000e+03 2.400000000000000000e+01 -2.400000000000000000e+01 -1.032000000000000000e+03
6.735000000000000000e+03 1.600000000000000000e+01 -2.400000000000000000e+01 -1.032000000000000000e+03
6.775000000000000000e+03 8.000000000000000000e+00 -1.600000000000000000e+01 -1.032000000000000000e+03
6.815000000000000000e+03 8.000000000000000000e+00 -1.600000000000000000e+01 -1.040000000000000000e+03
6.855000000000000000e+03 1.600000000000000000e+01 -1.600000000000000000e+01 -1.040000000000000000e+03
6.895000000000000000e+03 8.000000000000000000e+00 -1.600000000000000000e+01 -1.032000000000000000e+03
6.935000000000000000e+03 2.400000000000000000e+01 -8.000000000000000000e+00 -1.048000000000000000e+03
6.975000000000000000e+03 1.600000000000000000e+01 -2.400000000000000000e+01 -9.760000000000000000e+02
7.015000000000000000e+03 4.000000000000000000e+01 -2.400000000000000000e+01 -1.024000000000000000e+03
7.047000000000000000e+03 2.400000000000000000e+01 -1.600000000000000000e+01 -1.024000000000000000e+03
7.087000000000000000e+03 2.400000000000000000e+01 -2.400000000000000000e+01 -1.040000000000000000e+03
7.127000000000000000e+03 1.600000000000000000e+01 -2.400000000000000000e+01 -1.032000000000000000e+03
7.167000000000000000e+03 1.600000000000000000e+01 -2.400000000000000000e+01 -9.920000000000000000e+02
7.207000000000000000e+03 1.600000000000000000e+01 -2.400000000000000000e+01 -1.008000000000000000e+03
7.247000000000000000e+03 2.400000000000000000e+01 -2.400000000000000000e+01 -1.056000000000000000e+03
7.287000000000000000e+03 1.600000000000000000e+01 -2.400000000000000000e+01 -1.040000000000000000e+03
7.327000000000000000e+03 1.600000000000000000e+01 -2.400000000000000000e+01 -1.048000000000000000e+03
7.367000000000000000e+03 2.400000000000000000e+01 -1.600000000000000000e+01 -1.032000000000000000e+03
7.407000000000000000e+03 1.600000000000000000e+01 -2.400000000000000000e+01 -1.032000000000000000e+03
7.447000000000000000e+03 1.600000000000000000e+01 -2.400000000000000000e+01 -1.024000000000000000e+03
7.487000000000000000e+03 1.600000000000000000e+01 -2.400000000000000000e+01 -1.032000000000000000e+03
7.527000000000000000e+03 2.400000000000000000e+01 -2.400000000000000000e+01 -1.040000000000000000e+03
7.567000000000000000e+03 2.400000000000000000e+01 -2.400000000000000000e+01 -1.064000000000000000e+03
7.607000000000000000e+03 2.400000000000000000e+01 -2.400000000000000000e+01 -1.040000000000000000e+03
7.647000000000000000e+03 2.400000000000000000e+01 -2.400000000000000000e+01 -1.032000000000000000e+03
7.687000000000000000e+03 1.600000000000000000e+01 -2.400000000000000000e+01 -1.024000000000000000e+03
7.727000000000000000e+03 8.000000000000000000e+00 -2.400000000000000000e+01 -1.056000000000000000e+03
7.767000000000000000e+03 -8.000000000000000000e+00 -2.400000000000000000e+01 -1.024000000000000000e+03
7.807000000000000000e+03 8.000000000000000000e+00 -1.600000000000000000e+01 -1.000000000000000000e+03
7.847000000000000000e+03 8.000000000000000000e+00 -2.400000000000000000e+01 -9.920000000000000000e+02
7.887000000000000000e+03 8.000000000000000000e+00 -1.600000000000000000e+01 -1.048000000000000000e+03
7.927000000000000000e+03 1.600000000000000000e+01 -1.600000000000000000e+01 -1.032000000000000000e+03
7.967000000000000000e+03 2.400000000000000000e+01 -1.600000000000000000e+01 -1.024000000000000000e+03
8.007000000000000000e+03 2.400000000000000000e+01 -2.400000000000000000e+01 -1.040000000000000000e+03
8.039000000000000000e+03 2.400000000000000000e+01 -3.200000000000000000e+01 -1.016000000000000000e+03
8.079000000000000000e+03 1.600000000000000000e+01 -1.600000000000000000e+01 -1.040000000000000000e+03
8.119000000000000000e+03 2.400000000000000000e+01 8.000000000000000000e+00 -1.048000000000000000e+03
8.159000000000000000e+03 2.400000000000000000e+01 -8.000000000000000000e+00 -1.040000000000000000e+03
8.199000000000000000e+03 8.000000000000000000e+00 -8.000000000000000000e+00 -1.032000000000000000e+03
8.239000000000000000e+03 1.600000000000000000e+01 0.000000000000000000e+00 -1.032000000000000000e+03
8.279000000000000000e+03 1.600000000000000000e+01 -8.000000000000000000e+00 -1.024000000000000000e+03
8.319000000000000000e+03 2.400000000000000000e+01 -1.600000000000000000e+01 -1.024000000000000000e+03
8.359000000000000000e+03 2.400000000000000000e+01 -1.600000000000000000e+01 -1.064000000000000000e+03
8.399000000000000000e+03 1.600000000000000000e+01 -1.600000000000000000e+01 -1.032000000000000000e+03
8.439000000000000000e+03 2.400000000000000000e+01 -2.400000000000000000e+01 -1.032000000000000000e+03
8.479000000000000000e+03 2.400000000000000000e+01 -2.400000000000000000e+01 -1.040000000000000000e+03
8.519000000000000000e+03 2.400000000000000000e+01 -1.600000000000000000e+01 -1.008000000000000000e+03
8.559000000000000000e+03 1.600000000000000000e+01 -1.600000000000000000e+01 -1.016000000000000000e+03
8.599000000000000000e+03 1.600000000000000000e+01 -2.400000000000000000e+01 -1.040000000000000000e+03
8.639000000000000000e+03 1.600000000000000000e+01 -1.600000000000000000e+01 -1.056000000000000000e+03
8.679000000000000000e+03 1.600000000000000000e+01 -3.200000000000000000e+01 -9.920000000000000000e+02
8.719000000000000000e+03 0.000000000000000000e+00 -3.200000000000000000e+01 -9.920000000000000000e+02
8.759000000000000000e+03 8.000000000000000000e+00 -4.000000000000000000e+01 -1.032000000000000000e+03
8.799000000000000000e+03 1.600000000000000000e+01 -3.200000000000000000e+01 -1.032000000000000000e+03
8.839000000000000000e+03 1.600000000000000000e+01 -8.000000000000000000e+00 -1.040000000000000000e+03
8.879000000000000000e+03 8.000000000000000000e+00 -1.600000000000000000e+01 -1.032000000000000000e+03
8.919000000000000000e+03 8.000000000000000000e+00 -1.600000000000000000e+01 -1.024000000000000000e+03
8.959000000000000000e+03 0.000000000000000000e+00 -2.400000000000000000e+01 -1.024000000000000000e+03
8.999000000000000000e+03 8.000000000000000000e+00 -4.000000000000000000e+01 -1.048000000000000000e+03
9.031000000000000000e+03 2.400000000000000000e+01 -2.400000000000000000e+01 -1.064000000000000000e+03
9.071000000000000000e+03 3.200000000000000000e+01 -3.200000000000000000e+01 -1.032000000000000000e+03
9.111000000000000000e+03 2.400000000000000000e+01 -2.400000000000000000e+01 -1.032000000000000000e+03
9.151000000000000000e+03 2.400000000000000000e+01 -2.400000000000000000e+01 -1.032000000000000000e+03
9.191000000000000000e+03 2.400000000000000000e+01 -2.400000000000000000e+01 -1.008000000000000000e+03
9.231000000000000000e+03 1.600000000000000000e+01 -1.600000000000000000e+01 -1.016000000000000000e+03
9.271000000000000000e+03 2.400000000000000000e+01 -1.600000000000000000e+01 -1.024000000000000000e+03
9.311000000000000000e+03 0.000000000000000000e+00 -4.000000000000000000e+01 -1.032000000000000000e+03
9.351000000000000000e+03 8.000000000000000000e+00 -2.400000000000000000e+01 -1.032000000000000000e+03
9.391000000000000000e+03 1.600000000000000000e+01 -2.400000000000000000e+01 -1.032000000000000000e+03
9.431000000000000000e+03 -1.600000000000000000e+01 -2.400000000000000000e+01 -1.040000000000000000e+03
9.471000000000000000e+03 0.000000000000000000e+00 -2.400000000000000000e+01 -1.032000000000000000e+03
9.511000000000000000e+03 8.000000000000000000e+00 -1.600000000000000000e+01 -1.040000000000000000e+03
9.551000000000000000e+03 1.600000000000000000e+01 -1.600000000000000000e+01 -1.024000000000000000e+03
9.591000000000000000e+03 3.200000000000000000e+01 -1.600000000000000000e+01 -1.048000000000000000e+03
9.631000000000000000e+03 2.400000000000000000e+01 -1.600000000000000000e+01 -1.040000000000000000e+03
9.671000000000000000e+03 3.200000000000000000e+01 -3.200000000000000000e+01 -1.048000000000000000e+03
9.711000000000000000e+03 3.200000000000000000e+01 -1.600000000000000000e+01 -1.016000000000000000e+03
9.751000000000000000e+03 1.600000000000000000e+01 -1.600000000000000000e+01 -1.032000000000000000e+03
9.791000000000000000e+03 2.400000000000000000e+01 -2.400000000000000000e+01 -1.040000000000000000e+03
9.831000000000000000e+03 2.400000000000000000e+01 -1.600000000000000000e+01 -1.032000000000000000e+03
9.871000000000000000e+03 1.600000000000000000e+01 -1.600000000000000000e+01 -1.048000000000000000e+03
9.911000000000000000e+03 1.600000000000000000e+01 -1.600000000000000000e+01 -1.048000000000000000e+03
9.951000000000000000e+03 1.600000000000000000e+01 -3.200000000000000000e+01 -1.040000000000000000e+03
9.991000000000000000e+03 1.600000000000000000e+01 -2.400000000000000000e+01 -1.040000000000000000e+03
1.002500000000000000e+04 8.000000000000000000e+00 -2.400000000000000000e+01 -1.024000000000000000e+03
1.006500000000000000e+04 1.600000000000000000e+01 -2.400000000000000000e+01 -1.064000000000000000e+03
1.010500000000000000e+04 2.400000000000000000e+01 -3.200000000000000000e+01 -1.008000000000000000e+03
1.014500000000000000e+04 2.400000000000000000e+01 -2.400000000000000000e+01 -1.000000000000000000e+03
1.018500000000000000e+04 2.400000000000000000e+01 -8.000000000000000000e+00 -1.024000000000000000e+03
1.022500000000000000e+04 2.400000000000000000e+01 -1.600000000000000000e+01 -9.920000000000000000e+02
1.026500000000000000e+04 2.400000000000000000e+01 -1.600000000000000000e+01 -1.016000000000000000e+03
1.030500000000000000e+04 2.400000000000000000e+01 -1.600000000000000000e+01 -1.032000000000000000e+03
1.034500000000000000e+04 1.600000000000000000e+01 -2.400000000000000000e+01 -1.016000000000000000e+03
1.038500000000000000e+04 2.400000000000000000e+01 -2.400000000000000000e+01 -1.040000000000000000e+03
1.042500000000000000e+04 2.400000000000000000e+01 -2.400000000000000000e+01 -1.072000000000000000e+03
1.046500000000000000e+04 2.400000000000000000e+01 -1.600000000000000000e+01 -1.048000000000000000e+03
1.050500000000000000e+04 0.000000000000000000e+00 -2.400000000000000000e+01 -1.032000000000000000e+03
1.054500000000000000e+04 1.600000000000000000e+01 -3.200000000000000000e+01 -1.032000000000000000e+03
1.058500000000000000e+04 1.600000000000000000e+01 -2.400000000000000000e+01 -1.024000000000000000e+03
1.062500000000000000e+04 2.400000000000000000e+01 -2.400000000000000000e+01 -1.040000000000000000e+03
1.066500000000000000e+04 1.600000000000000000e+01 -2.400000000000000000e+01 -1.032000000000000000e+03
1.070500000000000000e+04 2.400000000000000000e+01 -4.800000000000000000e+01 -1.008000000000000000e+03
1.074500000000000000e+04 1.600000000000000000e+01 -3.200000000000000000e+01 -1.000000000000000000e+03
1.078500000000000000e+04 8.000000000000000000e+00 -3.200000000000000000e+01 -1.024000000000000000e+03
1.082500000000000000e+04 8.000000000000000000e+00 -2.400000000000000000e+01 -1.040000000000000000e+03
1.086500000000000000e+04 8.000000000000000000e+00 -1.600000000000000000e+01 -1.032000000000000000e+03
1.090500000000000000e+04 1.600000000000000000e+01 -1.600000000000000000e+01 -1.032000000000000000e+03
1.094500000000000000e+04 1.600000000000000000e+01 0.000000000000000000e+00 -1.048000000000000000e+03
1.098500000000000000e+04 1.600000000000000000e+01 -8.000000000000000000e+00 -1.024000000000000000e+03
1.101700000000000000e+04 2.400000000000000000e+01 -2.400000000000000000e+01 -1.016000000000000000e+03
1.105700000000000000e+04 2.400000000000000000e+01 -4.000000000000000000e+01 -1.080000000000000000e+03
1.109700000000000000e+04 2.400000000000000000e+01 -2.400000000000000000e+01 -1.056000000000000000e+03
1.113700000000000000e+04 3.200000000000000000e+01 -2.400000000000000000e+01 -1.064000000000000000e+03
1.117700000000000000e+04 2.400000000000000000e+01 -2.400000000000000000e+01 -1.024000000000000000e+03
1.121700000000000000e+04 1.600000000000000000e+01 -2.400000000000000000e+01 -1.040000000000000000e+03
1.125700000000000000e+04 2.400000000000000000e+01 -4.000000000000000000e+01 -1.016000000000000000e+03
1.129700000000000000e+04 2.400000000000000000e+01 -5.600000000000000000e+01 -1.024000000000000000e+03
1.133700000000000000e+04 8.000000000000000000e+00 -5.600000000000000000e+01 -1.040000000000000000e+03
1.137700000000000000e+04 1.600000000000000000e+01 -4.000000000000000000e+01 -1.056000000000000000e+03
1.141700000000000000e+04 0.000000000000000000e+00 -2.400000000000000000e+01 -1.032000000000000000e+03
1.145700000000000000e+04 -8.000000000000000000e+00 -3.200000000000000000e+01 -1.024000000000000000e+03
1.149700000000000000e+04 0.000000000000000000e+00 -2.400000000000000000e+01 -1.056000000000000000e+03
1.153700000000000000e+04 -1.600000000000000000e+01 -2.400000000000000000e+01 -1.040000000000000000e+03
1.157700000000000000e+04 8.000000000000000000e+00 -2.400000000000000000e+01 -1.040000000000000000e+03
1.161700000000000000e+04 1.600000000000000000e+01 -3.200000000000000000e+01 -1.000000000000000000e+03
1.165700000000000000e+04 2.400000000000000000e+01 -3.200000000000000000e+01 -1.024000000000000000e+03
1.169700000000000000e+04 2.400000000000000000e+01 -3.200000000000000000e+01 -1.024000000000000000e+03
1.173700000000000000e+04 2.400000000000000000e+01 -2.400000000000000000e+01 -1.048000000000000000e+03
1.177700000000000000e+04 -8.000000000000000000e+00 -3.200000000000000000e+01 -9.920000000000000000e+02
1.181700000000000000e+04 8.000000000000000000e+00 -3.200000000000000000e+01 -1.040000000000000000e+03
1.185700000000000000e+04 8.000000000000000000e+00 -1.600000000000000000e+01 -1.040000000000000000e+03
1.189700000000000000e+04 8.000000000000000000e+00 -1.600000000000000000e+01 -1.040000000000000000e+03
1.193700000000000000e+04 8.000000000000000000e+00 -8.000000000000000000e+00 -1.016000000000000000e+03
1.197700000000000000e+04 1.600000000000000000e+01 -1.600000000000000000e+01 -1.040000000000000000e+03
1.300100000000000000e+04 1.600000000000000000e+01 -2.400000000000000000e+01 -1.024000000000000000e+03
1.304100000000000000e+04 1.600000000000000000e+01 -2.400000000000000000e+01 -1.040000000000000000e+03
1.308100000000000000e+04 1.600000000000000000e+01 -3.200000000000000000e+01 -1.032000000000000000e+03
1.312100000000000000e+04 1.600000000000000000e+01 -2.400000000000000000e+01 -1.032000000000000000e+03
1.316100000000000000e+04 1.600000000000000000e+01 -2.400000000000000000e+01 -1.032000000000000000e+03
1.320100000000000000e+04 1.600000000000000000e+01 -2.400000000000000000e+01 -1.040000000000000000e+03
1.324100000000000000e+04 8.000000000000000000e+00 -2.400000000000000000e+01 -1.032000000000000000e+03
1.328100000000000000e+04 8.000000000000000000e+00 -4.000000000000000000e+01 -1.040000000000000000e+03
1.332100000000000000e+04 1.600000000000000000e+01 -2.400000000000000000e+01 -1.024000000000000000e+03
1.336100000000000000e+04 1.600000000000000000e+01 -1.600000000000000000e+01 -1.024000000000000000e+03
1.340100000000000000e+04 1.600000000000000000e+01 -1.600000000000000000e+01 -1.008000000000000000e+03
1.344100000000000000e+04 3.200000000000000000e+01 -1.600000000000000000e+01 -1.032000000000000000e+03
1.348100000000000000e+04 2.400000000000000000e+01 -2.400000000000000000e+01 -1.024000000000000000e+03
1.352100000000000000e+04 2.400000000000000000e+01 -2.400000000000000000e+01 -1.040000000000000000e+03
1.356100000000000000e+04 1.600000000000000000e+01 -2.400000000000000000e+01 -1.024000000000000000e+03
1.360100000000000000e+04 1.600000000000000000e+01 -2.400000000000000000e+01 -1.024000000000000000e+03
1.364100000000000000e+04 1.600000000000000000e+01 -2.400000000000000000e+01 -1.032000000000000000e+03
1.368100000000000000e+04 1.600000000000000000e+01 -2.400000000000000000e+01 -1.032000000000000000e+03
1.372100000000000000e+04 1.600000000000000000e+01 -1.600000000000000000e+01 -1.032000000000000000e+03
1.376100000000000000e+04 8.000000000000000000e+00 -1.600000000000000000e+01 -1.000000000000000000e+03
1.380100000000000000e+04 1.600000000000000000e+01 -1.600000000000000000e+01 -1.040000000000000000e+03
1.384100000000000000e+04 1.600000000000000000e+01 -2.400000000000000000e+01 -1.032000000000000000e+03
1.388100000000000000e+04 1.600000000000000000e+01 -2.400000000000000000e+01 -1.024000000000000000e+03
1.392100000000000000e+04 2.400000000000000000e+01 8.000000000000000000e+00 -1.048000000000000000e+03
1.396100000000000000e+04 2.400000000000000000e+01 -1.600000000000000000e+01 -1.048000000000000000e+03
1.399300000000000000e+04 3.200000000000000000e+01 -1.600000000000000000e+01 -1.016000000000000000e+03
1.403300000000000000e+04 8.000000000000000000e+00 -1.600000000000000000e+01 -1.024000000000000000e+03
1.407300000000000000e+04 8.000000000000000000e+00 0.000000000000000000e+00 -1.032000000000000000e+03
1.411300000000000000e+04 1.600000000000000000e+01 -1.600000000000000000e+01 -1.040000000000000000e+03
1.415300000000000000e+04 8.000000000000000000e+00 -8.000000000000000000e+00 -1.000000000000000000e+03
1.419300000000000000e+04 1.600000000000000000e+01 -1.600000000000000000e+01 -1.048000000000000000e+03
1.423300000000000000e+04 2.400000000000000000e+01 -2.400000000000000000e+01 -1.080000000000000000e+03
1.427300000000000000e+04 2.400000000000000000e+01 -1.600000000000000000e+01 -1.040000000000000000e+03
1.431300000000000000e+04 1.600000000000000000e+01 0.000000000000000000e+00 -1.040000000000000000e+03
1.435300000000000000e+04 1.600000000000000000e+01 -1.600000000000000000e+01 -1.032000000000000000e+03
1.439300000000000000e+04 2.400000000000000000e+01 -1.600000000000000000e+01 -1.032000000000000000e+03
1.443300000000000000e+04 1.600000000000000000e+01 -1.600000000000000000e+01 -1.008000000000000000e+03
1.447300000000000000e+04 1.600000000000000000e+01 -1.600000000000000000e+01 -1.032000000000000000e+03
1.451300000000000000e+04 1.600000000000000000e+01 0.000000000000000000e+00 -1.016000000000000000e+03
1.455300000000000000e+04 2.400000000000000000e+01 0.000000000000000000e+00 -1.024000000000000000e+03
1.459300000000000000e+04 2.400000000000000000e+01 -8.000000000000000000e+00 -1.048000000000000000e+03
1.463300000000000000e+04 1.600000000000000000e+01 -1.600000000000000000e+01 -1.024000000000000000e+03
1.467300000000000000e+04 1.600000000000000000e+01 -1.600000000000000000e+01 -1.032000000000000000e+03
1.471300000000000000e+04 4.000000000000000000e+01 -1.600000000000000000e+01 -1.024000000000000000e+03
1.475300000000000000e+04 4.000000000000000000e+01 -1.600000000000000000e+01 -1.048000000000000000e+03
1.479300000000000000e+04 2.400000000000000000e+01 -1.600000000000000000e+01 -1.032000000000000000e+03
1.483300000000000000e+04 4.000000000000000000e+01 -1.600000000000000000e+01 -1.048000000000000000e+03
1.487300000000000000e+04 2.400000000000000000e+01 -2.400000000000000000e+01 -1.032000000000000000e+03
1.491300000000000000e+04 4.800000000000000000e+01 -2.400000000000000000e+01 -1.024000000000000000e+03
1.495300000000000000e+04 3.200000000000000000e+01 -2.400000000000000000e+01 -1.040000000000000000e+03
1.498700000000000000e+04 3.200000000000000000e+01 -1.600000000000000000e+01 -1.016000000000000000e+03
1.502700000000000000e+04 3.200000000000000000e+01 -3.200000000000000000e+01 -1.040000000000000000e+03
1.506700000000000000e+04 4.800000000000000000e+01 -2.400000000000000000e+01 -1.024000000000000000e+03
1.510700000000000000e+04 3.200000000000000000e+01 -1.600000000000000000e+01 -1.040000000000000000e+03
1.514700000000000000e+04 2.400000000000000000e+01 -8.000000000000000000e+00 -1.040000000000000000e+03
1.518700000000000000e+04 1.600000000000000000e+01 -2.400000000000000000e+01 -1.032000000000000000e+03
1.522700000000000000e+04 1.600000000000000000e+01 -1.600000000000000000e+01 -1.000000000000000000e+03
1.526700000000000000e+04 1.600000000000000000e+01 -1.600000000000000000e+01 -1.024000000000000000e+03
1.530700000000000000e+04 1.600000000000000000e+01 -1.600000000000000000e+01 -1.016000000000000000e+03
1.534700000000000000e+04 2.400000000000000000e+01 -2.400000000000000000e+01 -1.040000000000000000e+03
1.538700000000000000e+04 1.600000000000000000e+01 -2.400000000000000000e+01 -1.024000000000000000e+03
1.542700000000000000e+04 1.600000000000000000e+01 -2.400000000000000000e+01 -1.024000000000000000e+03
1.546700000000000000e+04 1.600000000000000000e+01 -1.600000000000000000e+01 -1.040000000000000000e+03
1.550700000000000000e+04 1.600000000000000000e+01 -2.400000000000000000e+01 -1.024000000000000000e+03
1.554700000000000000e+04 8.000000000000000000e+00 -2.400000000000000000e+01 -1.032000000000000000e+03
1.558700000000000000e+04 1.600000000000000000e+01 -2.400000000000000000e+01 -1.032000000000000000e+03
1.562700000000000000e+04 1.600000000000000000e+01 -1.600000000000000000e+01 -1.056000000000000000e+03
1.566700000000000000e+04 1.600000000000000000e+01 -1.600000000000000000e+01 -1.040000000000000000e+03
1.570700000000000000e+04 8.000000000000000000e+00 -1.600000000000000000e+01 -1.056000000000000000e+03
1.574700000000000000e+04 1.600000000000000000e+01 -2.400000000000000000e+01 -1.024000000000000000e+03
1.578700000000000000e+04 8.000000000000000000e+00 -1.600000000000000000e+01 -1.040000000000000000e+03
1.582700000000000000e+04 8.000000000000000000e+00 -1.600000000000000000e+01 -1.016000000000000000e+03
1.586700000000000000e+04 8.000000000000000000e+00 -8.000000000000000000e+00 -1.024000000000000000e+03
1.590700000000000000e+04 1.600000000000000000e+01 -1.600000000000000000e+01 -1.040000000000000000e+03
1.594700000000000000e+04 1.600000000000000000e+01 -1.600000000000000000e+01 -1.024000000000000000e+03
1.597900000000000000e+04 1.600000000000000000e+01 -8.000000000000000000e+00 -1.024000000000000000e+03
1.601900000000000000e+04 1.600000000000000000e+01 -1.600000000000000000e+01 -1.008000000000000000e+03
1.605900000000000000e+04 1.600000000000000000e+01 -1.600000000000000000e+01 -1.032000000000000000e+03
1.609900000000000000e+04 8.000000000000000000e+00 -8.000000000000000000e+00 -1.032000000000000000e+03
1.613900000000000000e+04 1.600000000000000000e+01 -2.400000000000000000e+01 -1.032000000000000000e+03
1.617900000000000000e+04 8.000000000000000000e+00 -2.400000000000000000e+01 -1.024000000000000000e+03
1.621900000000000000e+04 1.600000000000000000e+01 -8.000000000000000000e+00 -1.032000000000000000e+03
1.625900000000000000e+04 1.600000000000000000e+01 -8.000000000000000000e+00 -1.040000000000000000e+03
1.629900000000000000e+04 1.600000000000000000e+01 -1.600000000000000000e+01 -1.024000000000000000e+03
1.633900000000000000e+04 1.600000000000000000e+01 -8.000000000000000000e+00 -1.024000000000000000e+03
1.637900000000000000e+04 2.400000000000000000e+01 -1.600000000000000000e+01 -1.032000000000000000e+03
1.641900000000000000e+04 2.400000000000000000e+01 -1.600000000000000000e+01 -1.032000000000000000e+03
1.645900000000000000e+04 1.600000000000000000e+01 -2.400000000000000000e+01 -1.032000000000000000e+03
1.649900000000000000e+04 1.600000000000000000e+01 0.000000000000000000e+00 -1.032000000000000000e+03
1.653900000000000000e+04 1.600000000000000000e+01 -8.000000000000000000e+00 -1.040000000000000000e+03
1.657900000000000000e+04 2.400000000000000000e+01 -8.000000000000000000e+00 -1.024000000000000000e+03
1.661900000000000000e+04 1.600000000000000000e+01 -1.600000000000000000e+01 -1.048000000000000000e+03
1.665900000000000000e+04 1.600000000000000000e+01 -1.600000000000000000e+01 -1.016000000000000000e+03
1.669900000000000000e+04 1.600000000000000000e+01 -1.600000000000000000e+01 -1.032000000000000000e+03
1.673900000000000000e+04 3.200000000000000000e+01 -1.600000000000000000e+01 -1.032000000000000000e+03
1.677900000000000000e+04 2.400000000000000000e+01 -1.600000000000000000e+01 -1.032000000000000000e+03
1.681900000000000000e+04 2.400000000000000000e+01 -1.600000000000000000e+01 -1.040000000000000000e+03
1.685900000000000000e+04 2.400000000000000000e+01 -2.400000000000000000e+01 -1.032000000000000000e+03
1.689900000000000000e+04 2.400000000000000000e+01 -4.000000000000000000e+01 -1.016000000000000000e+03
1.693900000000000000e+04 2.400000000000000000e+01 -2.400000000000000000e+01 -1.032000000000000000e+03
1.697200000000000000e+04 2.400000000000000000e+01 -1.600000000000000000e+01 -1.032000000000000000e+03
1.701200000000000000e+04 3.200000000000000000e+01 -8.000000000000000000e+00 -1.040000000000000000e+03
1.705200000000000000e+04 2.400000000000000000e+01 -1.600000000000000000e+01 -1.032000000000000000e+03
1.709200000000000000e+04 1.600000000000000000e+01 -3.200000000000000000e+01 -1.024000000000000000e+03
1.713200000000000000e+04 1.600000000000000000e+01 -2.400000000000000000e+01 -1.040000000000000000e+03
1.717200000000000000e+04 1.600000000000000000e+01 -2.400000000000000000e+01 -1.008000000000000000e+03
1.721200000000000000e+04 2.400000000000000000e+01 -1.600000000000000000e+01 -1.040000000000000000e+03
1.725200000000000000e+04 2.400000000000000000e+01 -1.600000000000000000e+01 -1.032000000000000000e+03
1.729200000000000000e+04 2.400000000000000000e+01 -1.600000000000000000e+01 -1.048000000000000000e+03
1.733200000000000000e+04 2.400000000000000000e+01 -1.600000000000000000e+01 -1.032000000000000000e+03
1.737200000000000000e+04 1.600000000000000000e+01 -1.600000000000000000e+01 -1.032000000000000000e+03
1.741200000000000000e+04 4.000000000000000000e+01 -1.600000000000000000e+01 -1.016000000000000000e+03
1.745200000000000000e+04 3.200000000000000000e+01 -1.600000000000000000e+01 -1.032000000000000000e+03
1.749200000000000000e+04 2.400000000000000000e+01 -1.600000000000000000e+01 -1.032000000000000000e+03
1.753200000000000000e+04 2.400000000000000000e+01 -1.600000000000000000e+01 -1.040000000000000000e+03
1.757200000000000000e+04 -8.000000000000000000e+00 0.000000000000000000e+00 -1.080000000000000000e+03
1.761200000000000000e+04 8.000000000000000000e+00 -8.000000000000000000e+00 -1.008000000000000000e+03
1.765200000000000000e+04 8.000000000000000000e+00 -1.600000000000000000e+01 -1.032000000000000000e+03
1.769200000000000000e+04 -8.000000000000000000e+00 -1.600000000000000000e+01 -1.040000000000000000e+03
1.773200000000000000e+04 8.000000000000000000e+00 -2.400000000000000000e+01 -1.024000000000000000e+03
1.777200000000000000e+04 1.600000000000000000e+01 -2.400000000000000000e+01 -1.024000000000000000e+03
1.781200000000000000e+04 1.600000000000000000e+01 -1.600000000000000000e+01 -1.024000000000000000e+03
1.785200000000000000e+04 2.400000000000000000e+01 -1.600000000000000000e+01 -1.024000000000000000e+03
1.789200000000000000e+04 2.400000000000000000e+01 -2.400000000000000000e+01 -1.040000000000000000e+03
1.793200000000000000e+04 2.400000000000000000e+01 -1.600000000000000000e+01 -1.024000000000000000e+03
1.796400000000000000e+04 1.600000000000000000e+01 -1.600000000000000000e+01 -1.032000000000000000e+03
1.800400000000000000e+04 1.600000000000000000e+01 -8.000000000000000000e+00 -1.040000000000000000e+03
1.804400000000000000e+04 -8.000000000000000000e+00 0.000000000000000000e+00 -1.040000000000000000e+03
1.808400000000000000e+04 1.600000000000000000e+01 -8.000000000000000000e+00 -1.048000000000000000e+03
1.812400000000000000e+04 4.000000000000000000e+01 -1.600000000000000000e+01 -1.048000000000000000e+03
1.816400000000000000e+04 2.400000000000000000e+01 -8.000000000000000000e+00 -1.032000000000000000e+03
1.820400000000000000e+04 2.400000000000000000e+01 -1.600000000000000000e+01 -1.016000000000000000e+03
1.824400000000000000e+04 3.200000000000000000e+01 -1.600000000000000000e+01 -1.064000000000000000e+03
1.828400000000000000e+04 2.400000000000000000e+01 -2.400000000000000000e+01 -1.048000000000000000e+03
1.832400000000000000e+04 2.400000000000000000e+01 -2.400000000000000000e+01 -1.032000000000000000e+03
1.836400000000000000e+04 1.600000000000000000e+01 -2.400000000000000000e+01 -1.016000000000000000e+03
1.840400000000000000e+04 2.400000000000000000e+01 -1.600000000000000000e+01 -1.032000000000000000e+03
1.844400000000000000e+04 1.600000000000000000e+01 -1.600000000000000000e+01 -1.048000000000000000e+03
1.848400000000000000e+04 8.000000000000000000e+00 -1.600000000000000000e+01 -1.024000000000000000e+03
1.852400000000000000e+04 8.000000000000000000e+00 -1.600000000000000000e+01 -1.032000000000000000e+03
1.856400000000000000e+04 1.600000000000000000e+01 -1.600000000000000000e+01 -1.024000000000000000e+03
1.860400000000000000e+04 1.600000000000000000e+01 0.000000000000000000e+00 -1.016000000000000000e+03
1.864400000000000000e+04 1.600000000000000000e+01 -1.600000000000000000e+01 -1.040000000000000000e+03
1.868400000000000000e+04 1.600000000000000000e+01 -1.600000000000000000e+01 -1.040000000000000000e+03
1.872400000000000000e+04 1.600000000000000000e+01 -1.600000000000000000e+01 -1.016000000000000000e+03
1.876400000000000000e+04 8.000000000000000000e+00 -1.600000000000000000e+01 -1.016000000000000000e+03
1.880400000000000000e+04 8.000000000000000000e+00 -1.600000000000000000e+01 -1.040000000000000000e+03
1.884400000000000000e+04 2.400000000000000000e+01 -1.600000000000000000e+01 -1.032000000000000000e+03
1.888400000000000000e+04 1.600000000000000000e+01 -1.600000000000000000e+01 -1.024000000000000000e+03
1.892400000000000000e+04 -2.400000000000000000e+01 0.000000000000000000e+00 -1.032000000000000000e+03
1.895600000000000000e+04 -8.000000000000000000e+00 -8.000000000000000000e+00 -1.008000000000000000e+03
1.899600000000000000e+04 0.000000000000000000e+00 -8.000000000000000000e+00 -9.760000000000000000e+02
1.903600000000000000e+04 8.000000000000000000e+00 0.000000000000000000e+00 -1.024000000000000000e+03
1.907600000000000000e+04 8.000000000000000000e+00 -1.600000000000000000e+01 -1.016000000000000000e+03
1.911600000000000000e+04 8.000000000000000000e+00 -1.600000000000000000e+01 -1.024000000000000000e+03
1.915600000000000000e+04 1.600000000000000000e+01 -2.400000000000000000e+01 -1.032000000000000000e+03
1.919600000000000000e+04 1.600000000000000000e+01 -1.600000000000000000e+01 -1.016000000000000000e+03
1.923600000000000000e+04 2.400000000000000000e+01 -1.600000000000000000e+01 -1.032000000000000000e+03
1.927600000000000000e+04 1.600000000000000000e+01 -1.600000000000000000e+01 -1.024000000000000000e+03
1.931600000000000000e+04 1.600000000000000000e+01 -2.400000000000000000e+01 -1.032000000000000000e+03
1.935600000000000000e+04 1.600000000000000000e+01 -2.400000000000000000e+01 -1.048000000000000000e+03
1.939600000000000000e+04 1.600000000000000000e+01 -4.000000000000000000e+01 -1.040000000000000000e+03
1.943600000000000000e+04 1.600000000000000000e+01 -2.400000000000000000e+01 -1.048000000000000000e+03
1.947600000000000000e+04 1.600000000000000000e+01 -2.400000000000000000e+01 -1.032000000000000000e+03
1.951600000000000000e+04 1.600000000000000000e+01 -2.400000000000000000e+01 -1.040000000000000000e+03
1.955600000000000000e+04 1.600000000000000000e+01 -2.400000000000000000e+01 -1.032000000000000000e+03
1.959600000000000000e+04 1.600000000000000000e+01 -2.400000000000000000e+01 -1.056000000000000000e+03
1.963600000000000000e+04 1.600000000000000000e+01 -1.600000000000000000e+01 -1.032000000000000000e+03
1.967600000000000000e+04 1.600000000000000000e+01 -1.600000000000000000e+01 -1.040000000000000000e+03
1.971600000000000000e+04 1.600000000000000000e+01 -1.600000000000000000e+01 -1.040000000000000000e+03
1.975600000000000000e+04 1.600000000000000000e+01 -1.600000000000000000e+01 -1.024000000000000000e+03
1.979600000000000000e+04 2.400000000000000000e+01 -1.600000000000000000e+01 -1.040000000000000000e+03
1.983600000000000000e+04 2.400000000000000000e+01 -2.400000000000000000e+01 -1.032000000000000000e+03
1.987600000000000000e+04 1.600000000000000000e+01 -2.400000000000000000e+01 -1.032000000000000000e+03
1.991600000000000000e+04 1.600000000000000000e+01 -8.000000000000000000e+00 -1.000000000000000000e+03
1.994800000000000000e+04 1.600000000000000000e+01 -1.600000000000000000e+01 -1.032000000000000000e+03
1.998800000000000000e+04 8.000000000000000000e+00 -1.600000000000000000e+01 -1.040000000000000000e+03
2.002800000000000000e+04 8.000000000000000000e+00 -8.000000000000000000e+00 -1.024000000000000000e+03
2.006800000000000000e+04 2.400000000000000000e+01 -3.200000000000000000e+01 -1.016000000000000000e+03
2.010800000000000000e+04 2.400000000000000000e+01 -2.400000000000000000e+01 -1.000000000000000000e+03
2.014800000000000000e+04 1.600000000000000000e+01 -1.600000000000000000e+01 -1.040000000000000000e+03
2.018800000000000000e+04 1.600000000000000000e+01 -2.400000000000000000e+01 -1.056000000000000000e+03
2.022800000000000000e+04 1.600000000000000000e+01 -1.600000000000000000e+01 -1.000000000000000000e+03
2.026800000000000000e+04 1.600000000000000000e+01 -2.400000000000000000e+01 -1.008000000000000000e+03
2.030800000000000000e+04 2.400000000000000000e+01 -2.400000000000000000e+01 -1.040000000000000000e+03
2.034800000000000000e+04 8.000000000000000000e+00 -1.600000000000000000e+01 -1.048000000000000000e+03
2.038800000000000000e+04 1.600000000000000000e+01 -2.400000000000000000e+01 -1.016000000000000000e+03
2.042800000000000000e+04 1.600000000000000000e+01 -1.600000000000000000e+01 -1.032000000000000000e+03
2.046800000000000000e+04 1.600000000000000000e+01 -1.600000000000000000e+01 -1.040000000000000000e+03
2.050800000000000000e+04 8.000000000000000000e+00 -2.400000000000000000e+01 -1.032000000000000000e+03
2.054800000000000000e+04 1.600000000000000000e+01 -2.400000000000000000e+01 -1.032000000000000000e+03
2.058800000000000000e+04 2.400000000000000000e+01 -2.400000000000000000e+01 -1.040000000000000000e+03
2.062800000000000000e+04 1.600000000000000000e+01 -1.600000000000000000e+01 -1.040000000000000000e+03
2.066800000000000000e+04 8.000000000000000000e+00 -1.600000000000000000e+01 -1.032000000000000000e+03
2.070800000000000000e+04 2.400000000000000000e+01 -2.400000000000000000e+01 -1.040000000000000000e+03
2.074800000000000000e+04 2.400000000000000000e+01 -2.400000000000000000e+01 -1.056000000000000000e+03
2.078800000000000000e+04 2.400000000000000000e+01 -2.400000000000000000e+01 -1.040000000000000000e+03
2.082800000000000000e+04 2.400000000000000000e+01 -2.400000000000000000e+01 -1.024000000000000000e+03
2.086800000000000000e+04 2.400000000000000000e+01 -2.400000000000000000e+01 -1.048000000000000000e+03
2.090800000000000000e+04 2.400000000000000000e+01 -1.600000000000000000e+01 -1.016000000000000000e+03
