6.900000000000000000e+01 3.200000000000000000e+01 -1.600000000000000000e+01 -1.072000000000000000e+03
1.090000000000000000e+02 2.400000000000000000e+01 -8.000000000000000000e+00 -1.032000000000000000e+03
1.490000000000000000e+02 2.400000000000000000e+01 -1.600000000000000000e+01 -1.040000000000000000e+03
1.890000000000000000e+02 2.400000000000000000e+01 -1.600000000000000000e+01 -1.032000000000000000e+03
2.290000000000000000e+02 1.600000000000000000e+01 -1.600000000000000000e+01 -1.032000000000000000e+03
2.690000000000000000e+02 1.600000000000000000e+01 -1.600000000000000000e+01 -1.048000000000000000e+03
3.090000000000000000e+02 2.400000000000000000e+01 -1.600000000000000000e+01 -1.040000000000000000e+03
3.490000000000000000e+02 1.600000000000000000e+01 -1.600000000000000000e+01 -1.032000000000000000e+03
3.890000000000000000e+02 2.400000000000000000e+01 -1.600000000000000000e+01 -1.040000000000000000e+03
4.290000000000000000e+02 1.600000000000000000e+01 -1.600000000000000000e+01 -1.024000000000000000e+03
4.690000000000000000e+02 1.600000000000000000e+01 -1.600000000000000000e+01 -1.024000000000000000e+03
5.090000000000000000e+02 1.600000000000000000e+01 -1.600000000000000000e+01 -1.040000000000000000e+03
5.490000000000000000e+02 2.400000000000000000e+01 -1.600000000000000000e+01 -1.056000000000000000e+03
5.890000000000000000e+02 1.600000000000000000e+01 -2.400000000000000000e+01 -1.024000000000000000e+03
6.290000000000000000e+02 1.600000000000000000e+01 -1.600000000000000000e+01 -1.024000000000000000e+03
6.690000000000000000e+02 1.600000000000000000e+01 -2.400000000000000000e+01 -1.016000000000000000e+03
7.090000000000000000e+02 1.600000000000000000e+01 -2.400000000000000000e+01 -1.032000000000000000e+03
7.490000000000000000e+02 1.600000000000000000e+01 -1.600000000000000000e+01 -1.024000000000000000e+03
7.890000000000000000e+02 2.400000000000000000e+01 -1.600000000000000000e+01 -1.024000000000000000e+03
8.290000000000000000e+02 2.400000000000000000e+01 -1.600000000000000000e+01 -1.040000000000000000e+03
8.690000000000000000e+02 2.400000000000000000e+01 -2.400000000000000000e+01 -1.040000000000000000e+03
9.090000000000000000e+02 1.600000000000000000e+01 -1.600000000000000000e+01 -1.040000000000000000e+03
9.490000000000000000e+02 2.400000000000000000e+01 -2.400000000000000000e+01 -1.024000000000000000e+03
9.890000000000000000e+02 2.400000000000000000e+01 -1.600000000000000000e+01 -1.024000000000000000e+03
1.029000000000000000e+03 2.400000000000000000e+01 -2.400000000000000000e+01 -1.024000000000000000e+03
1.062000000000000000e+03 2.400000000000000000e+01 -2.400000000000000000e+01 -1.032000000000000000e+03
1.102000000000000000e+03 2.400000000000000000e+01 -2.400000000000000000e+01 -1.032000000000000000e+03
1.142000000000000000e+03 2.400000000000000000e+01 -8.000000000000000000e+00 -1.008000000000000000e+03
1.182000000000000000e+03 1.600000000000000000e+01 -8.000000000000000000e+00 -1.040000000000000000e+03
1.222000000000000000e+03 0.000000000000000000e+00 -8.000000000000000000e+00 -9.920000000000000000e+02
1.262000000000000000e+03 1.600000000000000000e+01 -8.000000000000000000e+00 -9.920000000000000000e+02
1.302000000000000000e+03 8.000000000000000000e+00 -2.400000000000000000e+01 -1.024000000000000000e+03
1.342000000000000000e+03 8.000000000000000000e+00 -3.200000000000000000e+01 -1.024000000000000000e+03
1.382000000000000000e+03 1.600000000000000000e+01 -1.600000000000000000e+01 -1.032000000000000000e+03
1.422000000000000000e+03 1.600000000000000000e+01 -1.600000000000000000e+01 -1.032000000000000000e+03
1.462000000000000000e+03 2.400000000000000000e+01 -1.600000000000000000e+01 -1.048000000000000000e+03
1.502000000000000000e+03 1.600000000000000000e+01 -3.200000000000000000e+01 -1.024000000000000000e+03
1.542000000000000000e+03 8.000000000000000000e+00 -3.200000000000000000e+01 -1.024000000000000000e+03
1.582000000000000000e+03 0.000000000000000000e+00 -4.000000000000000000e+01 -1.024000000000000000e+03
1.622000000000000000e+03 1.600000000000000000e+01 -4.800000000000000000e+01 -1.040000000000000000e+03
1.662000000000000000e+03 8.000000000000000000e+00 -3.200000000000000000e+01 -1.040000000000000000e+03
1.702000000000000000e+03 1.600000000000000000e+01 -1.600000000000000000e+01 -1.048000000000000000e+03
1.742000000000000000e+03 3.200000000000000000e+01 -3.200000000000000000e+01 -1.016000000000000000e+03
1.782000000000000000e+03 2.400000000000000000e+01 -2.400000000000000000e+01 -1.032000000000000000e+03
1.822000000000000000e+03 1.600000000000000000e+01 -2.400000000000000000e+01 -1.040000000000000000e+03
1.862000000000000000e+03 1.600000000000000000e+01 -1.600000000000000000e+01 -1.016000000000000000e+03
1.902000000000000000e+03 1.600000000000000000e+01 -1.600000000000000000e+01 -1.056000000000000000e+03
1.942000000000000000e+03 1.600000000000000000e+01 -1.600000000000000000e+01 -1.032000000000000000e+03
1.982000000000000000e+03 1.600000000000000000e+01 -1.600000000000000000e+01 -1.040000000000000000e+03
2.022000000000000000e+03 1.600000000000000000e+01 -1.600000000000000000e+01 -1.064000000000000000e+03
2.054000000000000000e+03 1.600000000000000000e+01 -1.600000000000000000e+01 -1.024000000000000000e+03
2.094000000000000000e+03 2.400000000000000000e+01 0.000000000000000000e+00 -1.024000000000000000e+03
2.134000000000000000e+03 4.800000000000000000e+01 -8.000000000000000000e+00 -1.056000000000000000e+03
2.174000000000000000e+03 3.200000000000000000e+01 0.000000000000000000e+00 -1.032000000000000000e+03
2.214000000000000000e+03 2.400000000000000000e+01 0.000000000000000000e+00 -1.032000000000000000e+03
2.254000000000000000e+03 2.400000000000000000e+01 1.600000000000000000e+01 -1.016000000000000000e+03
2.294000000000000000e+03 8.000000000000000000e+00 8.000000000000000000e+00 -1.040000000000000000e+03
2.334000000000000000e+03 3.200000000000000000e+01 -1.600000000000000000e+01 -1.024000000000000000e+03
2.374000000000000000e+03 3.200000000000000000e+01 -1.600000000000000000e+01 -1.056000000000000000e+03
2.414000000000000000e+03 3.200000000000000000e+01 -1.600000000000000000e+01 -1.056000000000000000e+03
2.454000000000000000e+03 2.400000000000000000e+01 -2.400000000000000000e+01 -1.032000000000000000e+03
2.494000000000000000e+03 4.000000000000000000e+01 -3.200000000000000000e+01 -1.040000000000000000e+03
2.534000000000000000e+03 2.400000000000000000e+01 -3.200000000000000000e+01 -1.056000000000000000e+03
2.574000000000000000e+03 2.400000000000000000e+01 -2.400000000000000000e+01 -1.048000000000000000e+03
2.614000000000000000e+03 1.600000000000000000e+01 -3.200000000000000000e+01 -1.032000000000000000e+03
2.654000000000000000e+03 2.400000000000000000e+01 -2.400000000000000000e+01 -1.000000000000000000e+03
2.694000000000000000e+03 3.200000000000000000e+01 -1.600000000000000000e+01 -1.032000000000000000e+03
2.734000000000000000e+03 3.200000000000000000e+01 -2.400000000000000000e+01 -1.024000000000000000e+03
2.774000000000000000e+03 0.000000000000000000e+00 -8.000000000000000000e+00 -1.016000000000000000e+03
2.814000000000000000e+03 8.000000000000000000e+00 -1.600000000000000000e+01 -1.032000000000000000e+03
2.854000000000000000e+03 8.000000000000000000e+00 -4.000000000000000000e+01 -1.048000000000000000e+03
2.894000000000000000e+03 8.000000000000000000e+00 -4.800000000000000000e+01 -1.032000000000000000e+03
2.934000000000000000e+03 1.600000000000000000e+01 -3.200000000000000000e+01 -1.024000000000000000e+03
2.974000000000000000e+03 2.400000000000000000e+01 -3.200000000000000000e+01 -1.032000000000000000e+03
3.014000000000000000e+03 1.600000000000000000e+01 -2.400000000000000000e+01 -1.032000000000000000e+03
3.046000000000000000e+03 2.400000000000000000e+01 -1.600000000000000000e+01 -1.040000000000000000e+03
3.086000000000000000e+03 2.400000000000000000e+01 -1.600000000000000000e+01 -9.920000000000000000e+02
3.126000000000000000e+03 3.200000000000000000e+01 -4.000000000000000000e+01 -1.032000000000000000e+03
3.166000000000000000e+03 1.600000000000000000e+01 -2.400000000000000000e+01 -1.040000000000000000e+03
3.206000000000000000e+03 1.600000000000000000e+01 -1.600000000000000000e+01 -1.024000000000000000e+03
3.246000000000000000e+03 8.000000000000000000e+00 -2.400000000000000000e+01 -1.048000000000000000e+03
3.286000000000000000e+03 8.000000000000000000e+00 -2.400000000000000000e+01 -1.024000000000000000e+03
3.326000000000000000e+03 1.600000000000000000e+01 -1.600000000000000000e+01 -1.024000000000000000e+03
3.366000000000000000e+03 1.600000000000000000e+01 -2.400000000000000000e+01 -1.032000000000000000e+03
3.406000000000000000e+03 1.600000000000000000e+01 -2.400000000000000000e+01 -1.040000000000000000e+03
3.446000000000000000e+03 1.600000000000000000e+01 -2.400000000000000000e+01 -1.024000000000000000e+03
3.486000000000000000e+03 2.400000000000000000e+01 -2.400000000000000000e+01 -1.008000000000000000e+03
3.526000000000000000e+03 2.400000000000000000e+01 -1.600000000000000000e+01 -1.040000000000000000e+03
3.566000000000000000e+03 2.400000000000000000e+01 -1.600000000000000000e+01 -1.032000000000000000e+03
3.606000000000000000e+03 1.600000000000000000e+01 -2.400000000000000000e+01 -9.920000000000000000e+02
3.646000000000000000e+03 2.400000000000000000e+01 -2.400000000000000000e+01 -1.032000000000000000e+03
3.686000000000000000e+03 1.600000000000000000e+01 -8.000000000000000000e+00 -1.048000000000000000e+03
3.726000000000000000e+03 2.400000000000000000e+01 -3.200000000000000000e+01 -1.032000000000000000e+03
3.766000000000000000e+03 1.600000000000000000e+01 -3.200000000000000000e+01 -1.048000000000000000e+03
3.806000000000000000e+03 3.200000000000000000e+01 -8.000000000000000000e+00 -1.056000000000000000e+03
3.846000000000000000e+03 1.600000000000000000e+01 -1.600000000000000000e+01 -1.048000000000000000e+03
3.886000000000000000e+03 3.200000000000000000e+01 -8.000000000000000000e+00 -1.032000000000000000e+03
3.926000000000000000e+03 2.400000000000000000e+01 -8.000000000000000000e+00 -1.048000000000000000e+03
3.966000000000000000e+03 2.400000000000000000e+01 -1.600000000000000000e+01 -1.032000000000000000e+03
4.006000000000000000e+03 8.000000000000000000e+00 -1.600000000000000000e+01 -1.040000000000000000e+03
4.038000000000000000e+03 1.600000000000000000e+01 -1.600000000000000000e+01 -1.032000000000000000e+03
4.078000000000000000e+03 2.400000000000000000e+01 -2.400000000000000000e+01 -1.048000000000000000e+03
4.118000000000000000e+03 1.600000000000000000e+01 -2.400000000000000000e+01 -1.024000000000000000e+03
4.158000000000000000e+03 1.600000000000000000e+01 -2.400000000000000000e+01 -1.032000000000000000e+03
4.198000000000000000e+03 3.200000000000000000e+01 -8.000000000000000000e+00 -1.032000000000000000e+03
4.238000000000000000e+03 3.200000000000000000e+01 -1.600000000000000000e+01 -1.040000000000000000e+03
4.278000000000000000e+03 1.600000000000000000e+01 -1.600000000000000000e+01 -1.072000000000000000e+03
4.318000000000000000e+03 2.400000000000000000e+01 -1.600000000000000000e+01 -1.032000000000000000e+03
4.358000000000000000e+03 2.400000000000000000e+01 -1.600000000000000000e+01 -1.056000000000000000e+03
4.398000000000000000e+03 1.600000000000000000e+01 -1.600000000000000000e+01 -1.056000000000000000e+03
4.438000000000000000e+03 1.600000000000000000e+01 -1.600000000000000000e+01 -1.032000000000000000e+03
4.478000000000000000e+03 1.600000000000000000e+01 -2.400000000000000000e+01 -1.008000000000000000e+03
4.518000000000000000e+03 1.600000000000000000e+01 -2.400000000000000000e+01 -1.032000000000000000e+03
4.558000000000000000e+03 1.600000000000000000e+01 -2.400000000000000000e+01 -1.040000000000000000e+03
4.598000000000000000e+03 8.000000000000000000e+00 -1.600000000000000000e+01 -1.032000000000000000e+03
4.638000000000000000e+03 8.000000000000000000e+00 -1.600000000000000000e+01 -9.920000000000000000e+02
4.678000000000000000e+03 1.600000000000000000e+01 -2.400000000000000000e+01 -1.048000000000000000e+03
4.718000000000000000e+03 2.400000000000000000e+01 -2.400000000000000000e+01 -1.048000000000000000e+03
4.758000000000000000e+03 2.400000000000000000e+01 -8.000000000000000000e+00 -1.056000000000000000e+03
4.798000000000000000e+03 1.600000000000000000e+01 -2.400000000000000000e+01 -1.024000000000000000e+03
4.838000000000000000e+03 2.400000000000000000e+01 -2.400000000000000000e+01 -1.016000000000000000e+03
4.878000000000000000e+03 1.600000000000000000e+01 -1.600000000000000000e+01 -1.016000000000000000e+03
4.918000000000000000e+03 1.600000000000000000e+01 -2.400000000000000000e+01 -1.040000000000000000e+03
4.958000000000000000e+03 2.400000000000000000e+01 -2.400000000000000000e+01 -1.024000000000000000e+03
4.998000000000000000e+03 2.400000000000000000e+01 -1.600000000000000000e+01 -1.016000000000000000e+03
5.029000000000000000e+03 2.400000000000000000e+01 0.000000000000000000e+00 -1.032000000000000000e+03
5.069000000000000000e+03 1.600000000000000000e+01 -1.600000000000000000e+01 -1.032000000000000000e+03
5.109000000000000000e+03 1.600000000000000000e+01 -8.000000000000000000e+00 -1.040000000000000000e+03
5.149000000000000000e+03 8.000000000000000000e+00 -1.600000000000000000e+01 -1.008000000000000000e+03
5.189000000000000000e+03 1.600000000000000000e+01 -2.400000000000000000e+01 -1.016000000000000000e+03
5.229000000000000000e+03 1.600000000000000000e+01 -2.400000000000000000e+01 -1.024000000000000000e+03
5.269000000000000000e+03 1.600000000000000000e+01 -2.400000000000000000e+01 -1.056000000000000000e+03
5.309000000000000000e+03 1.600000000000000000e+01 -2.400000000000000000e+01 -1.032000000000000000e+03
5.349000000000000000e+03 1.600000000000000000e+01 -1.600000000000000000e+01 -1.048000000000000000e+03
5.389000000000000000e+03 1.600000000000000000e+01 -2.400000000000000000e+01 -1.024000000000000000e+03
5.429000000000000000e+03 1.600000000000000000e+01 -1.600000000000000000e+01 -1.008000000000000000e+03
5.469000000000000000e+03 2.400000000000000000e+01 -1.600000000000000000e+01 -1.024000000000000000e+03
5.509000000000000000e+03 3.200000000000000000e+01 -2.400000000000000000e+01 -1.008000000000000000e+03
5.549000000000000000e+03 2.400000000000000000e+01 -1.600000000000000000e+01 -1.048000000000000000e+03
5.589000000000000000e+03 2.400000000000000000e+01 -1.600000000000000000e+01 -1.040000000000000000e+03
5.629000000000000000e+03 2.400000000000000000e+01 -1.600000000000000000e+01 -1.024000000000000000e+03
5.669000000000000000e+03 1.600000000000000000e+01 -1.600000000000000000e+01 -1.040000000000000000e+03
5.709000000000000000e+03 1.600000000000000000e+01 -1.600000000000000000e+01 -9.920000000000000000e+02
5.749000000000000000e+03 1.600000000000000000e+01 -1.600000000000000000e+01 -1.024000000000000000e+03
5.789000000000000000e+03 8.000000000000000000e+00 -1.600000000000000000e+01 -1.048000000000000000e+03
5.829000000000000000e+03 1.600000000000000000e+01 -3.200000000000000000e+01 -1.040000000000000000e+03
5.869000000000000000e+03 8.000000000000000000e+00 -1.600000000000000000e+01 -1.016000000000000000e+03
5.909000000000000000e+03 8.000000000000000000e+00 -1.600000000000000000e+01 -1.016000000000000000e+03
5.949000000000000000e+03 8.000000000000000000e+00 -2.400000000000000000e+01 -1.040000000000000000e+03
5.989000000000000000e+03 8.000000000000000000e+00 -8.000000000000000000e+00 -1.040000000000000000e+03
7.014000000000000000e+03 2.400000000000000000e+01 -1.600000000000000000e+01 -1.024000000000000000e+03
7.054000000000000000e+03 2.400000000000000000e+01 -1.600000000000000000e+01 -1.048000000000000000e+03
7.094000000000000000e+03 2.400000000000000000e+01 -8.000000000000000000e+00 -1.024000000000000000e+03
7.134000000000000000e+03 2.400000000000000000e+01 -1.600000000000000000e+01 -1.024000000000000000e+03
7.174000000000000000e+03 0.000000000000000000e+00 -2.400000000000000000e+01 -1.032000000000000000e+03
7.214000000000000000e+03 8.000000000000000000e+00 -1.600000000000000000e+01 -1.048000000000000000e+03
7.254000000000000000e+03 8.000000000000000000e+00 -1.600000000000000000e+01 -1.032000000000000000e+03
7.294000000000000000e+03 1.600000000000000000e+01 -2.400000000000000000e+01 -1.032000000000000000e+03
7.334000000000000000e+03 1.600000000000000000e+01 -1.600000000000000000e+01 -1.024000000000000000e+03
7.374000000000000000e+03 8.000000000000000000e+00 -8.000000000000000000e+00 -1.024000000000000000e+03
7.414000000000000000e+03 -8.000000000000000000e+00 -2.400000000000000000e+01 -1.072000000000000000e+03
7.454000000000000000e+03 0.000000000000000000e+00 -2.400000000000000000e+01 -1.040000000000000000e+03
7.494000000000000000e+03 8.000000000000000000e+00 -2.400000000000000000e+01 -1.032000000000000000e+03
7.534000000000000000e+03 1.600000000000000000e+01 -1.600000000000000000e+01 -1.048000000000000000e+03
7.574000000000000000e+03 1.600000000000000000e+01 -2.400000000000000000e+01 -1.040000000000000000e+03
7.614000000000000000e+03 8.000000000000000000e+00 -1.600000000000000000e+01 -1.024000000000000000e+03
7.654000000000000000e+03 1.600000000000000000e+01 -1.600000000000000000e+01 -1.040000000000000000e+03
7.694000000000000000e+03 1.600000000000000000e+01 -8.000000000000000000e+00 -1.040000000000000000e+03
7.734000000000000000e+03 1.600000000000000000e+01 -8.000000000000000000e+00 -1.032000000000000000e+03
7.774000000000000000e+03 0.000000000000000000e+00 0.000000000000000000e+00 -1.048000000000000000e+03
7.814000000000000000e+03 8.000000000000000000e+00 -8.000000000000000000e+00 -1.064000000000000000e+03
7.854000000000000000e+03 1.600000000000000000e+01 -8.000000000000000000e+00 -1.024000000000000000e+03
7.894000000000000000e+03 1.600000000000000000e+01 -1.600000000000000000e+01 -1.040000000000000000e+03
7.934000000000000000e+03 3.200000000000000000e+01 -1.600000000000000000e+01 -1.000000000000000000e+03
7.974000000000000000e+03 2.400000000000000000e+01 0.000000000000000000e+00 -1.008000000000000000e+03
8.006000000000000000e+03 3.200000000000000000e+01 -8.000000000000000000e+00 -1.016000000000000000e+03
8.046000000000000000e+03 1.600000000000000000e+01 -4.000000000000000000e+01 -1.008000000000000000e+03
8.086000000000000000e+03 3.200000000000000000e+01 -4.000000000000000000e+01 -1.032000000000000000e+03
8.126000000000000000e+03 1.600000000000000000e+01 -3.200000000000000000e+01 -1.032000000000000000e+03
8.166000000000000000e+03 2.400000000000000000e+01 -3.200000000000000000e+01 -1.040000000000000000e+03
8.206000000000000000e+03 2.400000000000000000e+01 -3.200000000000000000e+01 -1.024000000000000000e+03
8.246000000000000000e+03 1.600000000000000000e+01 -1.600000000000000000e+01 -1.032000000000000000e+03
8.286000000000000000e+03 1.600000000000000000e+01 -1.600000000000000000e+01 -1.032000000000000000e+03
8.326000000000000000e+03 8.000000000000000000e+00 -2.400000000000000000e+01 -1.016000000000000000e+03
8.366000000000000000e+03 1.600000000000000000e+01 -2.400000000000000000e+01 -1.048000000000000000e+03
8.406000000000000000e+03 2.400000000000000000e+01 -1.600000000000000000e+01 -1.024000000000000000e+03
8.446000000000000000e+03 2.400000000000000000e+01 -2.400000000000000000e+01 -1.048000000000000000e+03
8.486000000000000000e+03 1.600000000000000000e+01 -2.400000000000000000e+01 -1.032000000000000000e+03
8.526000000000000000e+03 1.600000000000000000e+01 -1.600000000000000000e+01 -1.024000000000000000e+03
8.566000000000000000e+03 2.400000000000000000e+01 -1.600000000000000000e+01 -1.040000000000000000e+03
8.606000000000000000e+03 0.000000000000000000e+00 -1.600000000000000000e+01 -1.048000000000000000e+03
8.646000000000000000e+03 8.000000000000000000e+00 -1.600000000000000000e+01 -1.024000000000000000e+03
8.686000000000000000e+03 8.000000000000000000e+00 -1.600000000000000000e+01 -1.048000000000000000e+03
8.726000000000000000e+03 1.600000000000000000e+01 -1.600000000000000000e+01 -1.032000000000000000e+03
8.766000000000000000e+03 2.400000000000000000e+01 -1.600000000000000000e+01 -1.024000000000000000e+03
8.806000000000000000e+03 2.400000000000000000e+01 -1.600000000000000000e+01 -1.016000000000000000e+03
8.846000000000000000e+03 1.600000000000000000e+01 -1.600000000000000000e+01 -1.032000000000000000e+03
8.886000000000000000e+03 1.600000000000000000e+01 -1.600000000000000000e+01 -1.024000000000000000e+03
8.926000000000000000e+03 3.200000000000000000e+01 -1.600000000000000000e+01 -1.024000000000000000e+03
8.966000000000000000e+03 2.400000000000000000e+01 -1.600000000000000000e+01 -1.032000000000000000e+03
8.997000000000000000e+03 1.600000000000000000e+01 -2.400000000000000000e+01 -9.920000000000000000e+02
9.037000000000000000e+03 2.400000000000000000e+01 -1.600000000000000000e+01 -1.024000000000000000e+03
9.077000000000000000e+03 3.200000000000000000e+01 -1.600000000000000000e+01 -1.040000000000000000e+03
9.117000000000000000e+03 1.600000000000000000e+01 -1.600000000000000000e+01 -1.008000000000000000e+03
9.157000000000000000e+03 1.600000000000000000e+01 -1.600000000000000000e+01 -1.040000000000000000e+03
9.197000000000000000e+03 1.600000000000000000e+01 -2.400000000000000000e+01 -1.024000000000000000e+03
9.237000000000000000e+03 8.000000000000000000e+00 -1.600000000000000000e+01 -1.000000000000000000e+03
9.277000000000000000e+03 8.000000000000000000e+00 -8.000000000000000000e+00 -1.040000000000000000e+03
9.317000000000000000e+03 0.000000000000000000e+00 -8.000000000000000000e+00 -1.024000000000000000e+03
9.357000000000000000e+03 0.000000000000000000e+00 -8.000000000000000000e+00 -1.016000000000000000e+03
9.397000000000000000e+03 8.000000000000000000e+00 -1.600000000000000000e+01 -1.040000000000000000e+03
9.437000000000000000e+03 8.000000000000000000e+00 -1.600000000000000000e+01 -1.032000000000000000e+03
9.477000000000000000e+03 1.600000000000000000e+01 -8.000000000000000000e+00 -1.080000000000000000e+03
9.517000000000000000e+03 8.000000000000000000e+00 -1.600000000000000000e+01 -1.040000000000000000e+03
9.557000000000000000e+03 1.600000000000000000e+01 -3.200000000000000000e+01 -1.040000000000000000e+03
9.597000000000000000e+03 2.400000000000000000e+01 -2.400000000000000000e+01 -9.920000000000000000e+02
9.637000000000000000e+03 2.400000000000000000e+01 -2.400000000000000000e+01 -1.024000000000000000e+03
9.677000000000000000e+03 1.600000000000000000e+01 -2.400000000000000000e+01 -1.032000000000000000e+03
9.717000000000000000e+03 1.600000000000000000e+01 -8.000000000000000000e+00 -1.024000000000000000e+03
9.757000000000000000e+03 2.400000000000000000e+01 -2.400000000000000000e+01 -1.040000000000000000e+03
9.797000000000000000e+03 2.400000000000000000e+01 -2.400000000000000000e+01 -1.032000000000000000e+03
9.837000000000000000e+03 1.600000000000000000e+01 -8.000000000000000000e+00 -1.008000000000000000e+03
9.877000000000000000e+03 1.600000000000000000e+01 -8.000000000000000000e+00 -9.840000000000000000e+02
9.917000000000000000e+03 1.600000000000000000e+01 -8.000000000000000000e+00 -1.040000000000000000e+03
9.957000000000000000e+03 2.400000000000000000e+01 -1.600000000000000000e+01 -1.016000000000000000e+03
9.989000000000000000e+03 1.600000000000000000e+01 -1.600000000000000000e+01 -1.032000000000000000e+03
1.002900000000000000e+04 2.400000000000000000e+01 -1.600000000000000000e+01 -1.024000000000000000e+03
1.006900000000000000e+04 2.400000000000000000e+01 -8.000000000000000000e+00 -1.040000000000000000e+03
1.010900000000000000e+04 1.600000000000000000e+01 -1.600000000000000000e+01 -1.016000000000000000e+03
1.014900000000000000e+04 1.600000000000000000e+01 -2.400000000000000000e+01 -1.024000000000000000e+03
1.018900000000000000e+04 2.400000000000000000e+01 -2.400000000000000000e+01 -1.040000000000000000e+03
1.022900000000000000e+04 1.600000000000000000e+01 -2.400000000000000000e+01 -1.032000000000000000e+03
1.026900000000000000e+04 1.600000000000000000e+01 -2.400000000000000000e+01 -1.032000000000000000e+03
1.030900000000000000e+04 2.400000000000000000e+01 -2.400000000000000000e+01 -1.016000000000000000e+03
1.034900000000000000e+04 1.600000000000000000e+01 -2.400000000000000000e+01 -1.024000000000000000e+03
1.038900000000000000e+04 1.600000000000000000e+01 -1.600000000000000000e+01 -1.032000000000000000e+03
1.042900000000000000e+04 1.600000000000000000e+01 -1.600000000000000000e+01 -1.024000000000000000e+03
1.046900000000000000e+04 1.600000000000000000e+01 -1.600000000000000000e+01 -1.032000000000000000e+03
1.050900000000000000e+04 1.600000000000000000e+01 -1.600000000000000000e+01 -1.024000000000000000e+03
1.054900000000000000e+04 1.600000000000000000e+01 -1.600000000000000000e+01 -1.032000000000000000e+03
1.058900000000000000e+04 8.000000000000000000e+00 -1.600000000000000000e+01 -1.040000000000000000e+03
1.062900000000000000e+04 -8.000000000000000000e+00 -2.400000000000000000e+01 -1.032000000000000000e+03
1.066900000000000000e+04 8.000000000000000000e+00 -2.400000000000000000e+01 -1.040000000000000000e+03
1.070900000000000000e+04 8.000000000000000000e+00 -2.400000000000000000e+01 -1.040000000000000000e+03
1.074900000000000000e+04 1.600000000000000000e+01 -1.600000000000000000e+01 -1.024000000000000000e+03
1.078900000000000000e+04 1.600000000000000000e+01 -2.400000000000000000e+01 -1.048000000000000000e+03
1.082900000000000000e+04 1.600000000000000000e+01 -2.400000000000000000e+01 -1.024000000000000000e+03
1.086900000000000000e+04 1.600000000000000000e+01 -1.600000000000000000e+01 -1.024000000000000000e+03
1.090900000000000000e+04 1.600000000000000000e+01 -8.000000000000000000e+00 -1.040000000000000000e+03
1.094900000000000000e+04 2.400000000000000000e+01 -1.600000000000000000e+01 -1.016000000000000000e+03
1.098200000000000000e+04 2.400000000000000000e+01 -1.600000000000000000e+01 -1.032000000000000000e+03
1.102200000000000000e+04 1.600000000000000000e+01 -2.400000000000000000e+01 -1.032000000000000000e+03
1.106200000000000000e+04 2.400000000000000000e+01 -1.600000000000000000e+01 -1.080000000000000000e+03
1.110200000000000000e+04 1.600000000000000000e+01 -1.600000000000000000e+01 -1.016000000000000000e+03
1.114200000000000000e+04 2.400000000000000000e+01 0.000000000000000000e+00 -1.032000000000000000e+03
1.118200000000000000e+04 1.600000000000000000e+01 -8.000000000000000000e+00 -1.024000000000000000e+03
1.122200000000000000e+04 3.200000000000000000e+01 -1.600000000000000000e+01 -1.016000000000000000e+03
1.126200000000000000e+04 2.400000000000000000e+01 -2.400000000000000000e+01 -1.040000000000000000e+03
1.130200000000000000e+04 2.400000000000000000e+01 -1.600000000000000000e+01 -1.024000000000000000e+03
1.134200000000000000e+04 2.400000000000000000e+01 -2.400000000000000000e+01 -1.064000000000000000e+03
1.138200000000000000e+04 3.200000000000000000e+01 -1.600000000000000000e+01 -1.072000000000000000e+03
1.142200000000000000e+04 3.200000000000000000e+01 -1.600000000000000000e+01 -1.056000000000000000e+03
1.146200000000000000e+04 2.400000000000000000e+01 -1.600000000000000000e+01 -1.032000000000000000e+03
1.150200000000000000e+04 2.400000000000000000e+01 -1.600000000000000000e+01 -1.072000000000000000e+03
1.154200000000000000e+04 3.200000000000000000e+01 -3.200000000000000000e+01 -1.024000000000000000e+03
1.158200000000000000e+04 8.000000000000000000e+00 -2.400000000000000000e+01 -1.016000000000000000e+03
1.162200000000000000e+04 8.000000000000000000e+00 -2.400000000000000000e+01 -1.032000000000000000e+03
1.166200000000000000e+04 1.600000000000000000e+01 -8.000000000000000000e+00 -1.016000000000000000e+03
1.170200000000000000e+04 1.600000000000000000e+01 -1.600000000000000000e+01 -1.032000000000000000e+03
1.174200000000000000e+04 1.600000000000000000e+01 -3.200000000000000000e+01 -1.032000000000000000e+03
1.178200000000000000e+04 1.600000000000000000e+01 -2.400000000000000000e+01 -1.024000000000000000e+03
1.182200000000000000e+04 1.600000000000000000e+01 -2.400000000000000000e+01 -1.040000000000000000e+03
1.186200000000000000e+04 1.600000000000000000e+01 -1.600000000000000000e+01 -1.016000000000000000e+03
1.190200000000000000e+04 2.400000000000000000e+01 -1.600000000000000000e+01 -1.016000000000000000e+03
1.194200000000000000e+04 3.200000000000000000e+01 -1.600000000000000000e+01 -1.040000000000000000e+03
1.296500000000000000e+04 3.200000000000000000e+01 -1.600000000000000000e+01 -1.032000000000000000e+03
1.300500000000000000e+04 3.200000000000000000e+01 -2.400000000000000000e+01 -1.032000000000000000e+03
1.304500000000000000e+04 1.600000000000000000e+01 -2.400000000000000000e+01 -1.048000000000000000e+03
1.308500000000000000e+04 1.600000000000000000e+01 -2.400000000000000000e+01 -1.040000000000000000e+03
1.312500000000000000e+04 1.600000000000000000e+01 -1.600000000000000000e+01 -1.048000000000000000e+03
1.316500000000000000e+04 2.400000000000000000e+01 8.000000000000000000e+00 -1.024000000000000000e+03
1.320500000000000000e+04 2.400000000000000000e+01 -8.000000000000000000e+00 -1.032000000000000000e+03
1.324500000000000000e+04 2.400000000000000000e+01 -8.000000000000000000e+00 -1.040000000000000000e+03
1.328500000000000000e+04 2.400000000000000000e+01 -8.000000000000000000e+00 -1.032000000000000000e+03
1.332500000000000000e+04 2.400000000000000000e+01 -1.600000000000000000e+01 -1.040000000000000000e+03
1.336500000000000000e+04 1.600000000000000000e+01 -1.600000000000000000e+01 -1.048000000000000000e+03
1.340500000000000000e+04 1.600000000000000000e+01 -1.600000000000000000e+01 -1.008000000000000000e+03
1.344500000000000000e+04 2.400000000000000000e+01 -1.600000000000000000e+01 -1.048000000000000000e+03
1.348500000000000000e+04 2.400000000000000000e+01 -8.000000000000000000e+00 -9.920000000000000000e+02
1.352500000000000000e+04 2.400000000000000000e+01 -1.600000000000000000e+01 -1.016000000000000000e+03
1.356500000000000000e+04 1.600000000000000000e+01 -1.600000000000000000e+01 -1.040000000000000000e+03
1.360500000000000000e+04 1.600000000000000000e+01 -2.400000000000000000e+01 -1.040000000000000000e+03
1.364500000000000000e+04 1.600000000000000000e+01 -2.400000000000000000e+01 -1.040000000000000000e+03
1.368500000000000000e+04 2.400000000000000000e+01 -2.400000000000000000e+01 -1.040000000000000000e+03
1.372500000000000000e+04 1.600000000000000000e+01 -1.600000000000000000e+01 -1.032000000000000000e+03
1.376500000000000000e+04 1.600000000000000000e+01 -1.600000000000000000e+01 -1.032000000000000000e+03
1.380500000000000000e+04 1.600000000000000000e+01 -1.600000000000000000e+01 -1.032000000000000000e+03
1.384500000000000000e+04 1.600000000000000000e+01 -2.400000000000000000e+01 -1.024000000000000000e+03
1.388500000000000000e+04 2.400000000000000000e+01 -8.000000000000000000e+00 -1.024000000000000000e+03
1.392500000000000000e+04 2.400000000000000000e+01 -8.000000000000000000e+00 -1.016000000000000000e+03
1.494900000000000000e+04 1.600000000000000000e+01 -1.600000000000000000e+01 -1.064000000000000000e+03
1.498900000000000000e+04 2.400000000000000000e+01 -1.600000000000000000e+01 -1.016000000000000000e+03
1.502900000000000000e+04 2.400000000000000000e+01 -2.400000000000000000e+01 -1.024000000000000000e+03
1.506900000000000000e+04 2.400000000000000000e+01 -8.000000000000000000e+00 -1.040000000000000000e+03
1.510900000000000000e+04 1.600000000000000000e+01 -1.600000000000000000e+01 -1.032000000000000000e+03
1.514900000000000000e+04 4.000000000000000000e+01 -2.400000000000000000e+01 -1.024000000000000000e+03
1.518900000000000000e+04 3.200000000000000000e+01 -1.600000000000000000e+01 -1.016000000000000000e+03
1.522900000000000000e+04 3.200000000000000000e+01 -3.200000000000000000e+01 -1.040000000000000000e+03
1.526900000000000000e+04 2.400000000000000000e+01 -1.600000000000000000e+01 -1.048000000000000000e+03
1.530900000000000000e+04 1.600000000000000000e+01 -1.600000000000000000e+01 -1.032000000000000000e+03
1.534900000000000000e+04 1.600000000000000000e+01 -8.000000000000000000e+00 -1.024000000000000000e+03
1.538900000000000000e+04 2.400000000000000000e+01 -2.400000000000000000e+01 -1.048000000000000000e+03
1.542900000000000000e+04 3.200000000000000000e+01 -2.400000000000000000e+01 -1.048000000000000000e+03
1.546900000000000000e+04 2.400000000000000000e+01 -1.600000000000000000e+01 -1.024000000000000000e+03
1.550900000000000000e+04 3.200000000000000000e+01 -2.400000000000000000e+01 -1.024000000000000000e+03
1.554900000000000000e+04 2.400000000000000000e+01 -3.200000000000000000e+01 -1.032000000000000000e+03
1.558900000000000000e+04 1.600000000000000000e+01 -3.200000000000000000e+01 -1.032000000000000000e+03
1.562900000000000000e+04 2.400000000000000000e+01 -8.000000000000000000e+00 -1.024000000000000000e+03
1.566900000000000000e+04 4.000000000000000000e+01 -8.000000000000000000e+00 -1.024000000000000000e+03
1.570900000000000000e+04 2.400000000000000000e+01 -1.600000000000000000e+01 -1.024000000000000000e+03
1.574900000000000000e+04 2.400000000000000000e+01 -1.600000000000000000e+01 -1.040000000000000000e+03
1.578900000000000000e+04 1.600000000000000000e+01 -1.600000000000000000e+01 -1.040000000000000000e+03
1.582900000000000000e+04 1.600000000000000000e+01 -1.600000000000000000e+01 -1.024000000000000000e+03
1.586900000000000000e+04 1.600000000000000000e+01 -1.600000000000000000e+01 -1.032000000000000000e+03
1.590900000000000000e+04 1.600000000000000000e+01 -2.400000000000000000e+01 -1.024000000000000000e+03
1.594100000000000000e+04 1.600000000000000000e+01 -1.600000000000000000e+01 -1.048000000000000000e+03
1.598100000000000000e+04 1.600000000000000000e+01 0.000000000000000000e+00 -9.760000000000000000e+02
1.602100000000000000e+04 4.800000000000000000e+01 -2.400000000000000000e+01 -1.040000000000000000e+03
1.606100000000000000e+04 8.000000000000000000e+00 -1.600000000000000000e+01 -1.032000000000000000e+03
1.610100000000000000e+04 3.200000000000000000e+01 -1.600000000000000000e+01 -1.000000000000000000e+03
1.614100000000000000e+04 1.600000000000000000e+01 -2.400000000000000000e+01 -1.072000000000000000e+03
1.618100000000000000e+04 1.600000000000000000e+01 -5.600000000000000000e+01 -1.016000000000000000e+03
1.622100000000000000e+04 1.600000000000000000e+01 -3.200000000000000000e+01 -1.032000000000000000e+03
1.626100000000000000e+04 8.000000000000000000e+00 -2.400000000000000000e+01 -1.040000000000000000e+03
1.630100000000000000e+04 2.400000000000000000e+01 -1.600000000000000000e+01 -1.032000000000000000e+03
1.634100000000000000e+04 2.400000000000000000e+01 -1.600000000000000000e+01 -1.040000000000000000e+03
1.638100000000000000e+04 -1.600000000000000000e+01 -2.400000000000000000e+01 -1.040000000000000000e+03
1.642100000000000000e+04 0.000000000000000000e+00 -1.600000000000000000e+01 -1.024000000000000000e+03
1.646100000000000000e+04 1.600000000000000000e+01 -1.600000000000000000e+01 -1.024000000000000000e+03
1.650100000000000000e+04 8.000000000000000000e+00 -1.600000000000000000e+01 -1.032000000000000000e+03
1.654100000000000000e+04 1.600000000000000000e+01 -2.400000000000000000e+01 -1.040000000000000000e+03
1.658100000000000000e+04 1.600000000000000000e+01 -2.400000000000000000e+01 -1.024000000000000000e+03
1.662100000000000000e+04 1.600000000000000000e+01 -1.600000000000000000e+01 -1.048000000000000000e+03
1.666100000000000000e+04 2.400000000000000000e+01 -3.200000000000000000e+01 -1.040000000000000000e+03
1.670100000000000000e+04 4.000000000000000000e+01 -8.000000000000000000e+00 -1.032000000000000000e+03
1.674100000000000000e+04 2.400000000000000000e+01 -2.400000000000000000e+01 -1.048000000000000000e+03
1.678100000000000000e+04 1.600000000000000000e+01 -1.600000000000000000e+01 -1.024000000000000000e+03
1.682100000000000000e+04 2.400000000000000000e+01 -1.600000000000000000e+01 -1.048000000000000000e+03
1.686100000000000000e+04 1.600000000000000000e+01 -1.600000000000000000e+01 -1.040000000000000000e+03
1.690100000000000000e+04 1.600000000000000000e+01 -1.600000000000000000e+01 -1.040000000000000000e+03
1.693300000000000000e+04 1.600000000000000000e+01 -8.000000000000000000e+00 -1.064000000000000000e+03
1.697300000000000000e+04 1.600000000000000000e+01 -1.600000000000000000e+01 -1.032000000000000000e+03
1.701300000000000000e+04 1.600000000000000000e+01 -2.400000000000000000e+01 -1.000000000000000000e+03
1.705300000000000000e+04 8.000000000000000000e+00 -2.400000000000000000e+01 -1.016000000000000000e+03
1.709300000000000000e+04 -8.000000000000000000e+00 -1.600000000000000000e+01 -1.032000000000000000e+03
1.713300000000000000e+04 8.000000000000000000e+00 -8.000000000000000000e+00 -1.048000000000000000e+03
1.717300000000000000e+04 1.600000000000000000e+01 -1.600000000000000000e+01 -1.040000000000000000e+03
1.721300000000000000e+04 1.600000000000000000e+01 -1.600000000000000000e+01 -1.048000000000000000e+03
1.725300000000000000e+04 1.600000000000000000e+01 -1.600000000000000000e+01 -1.024000000000000000e+03
1.729300000000000000e+04 0.000000000000000000e+00 -1.600000000000000000e+01 -1.016000000000000000e+03
1.733300000000000000e+04 8.000000000000000000e+00 -1.600000000000000000e+01 -1.032000000000000000e+03
1.737300000000000000e+04 8.000000000000000000e+00 -2.400000000000000000e+01 -1.032000000000000000e+03
1.741300000000000000e+04 8.000000000000000000e+00 -1.600000000000000000e+01 -1.032000000000000000e+03
1.745300000000000000e+04 1.600000000000000000e+01 -1.600000000000000000e+01 -1.056000000000000000e+03
1.749300000000000000e+04 2.400000000000000000e+01 -2.400000000000000000e+01 -1.016000000000000000e+03
1.753300000000000000e+04 2.400000000000000000e+01 -1.600000000000000000e+01 -1.056000000000000000e+03
1.757300000000000000e+04 1.600000000000000000e+01 -1.600000000000000000e+01 -1.040000000000000000e+03
1.761300000000000000e+04 1.600000000000000000e+01 -2.400000000000000000e+01 -1.040000000000000000e+03
1.765300000000000000e+04 1.600000000000000000e+01 -1.600000000000000000e+01 -1.024000000000000000e+03
1.769300000000000000e+04 2.400000000000000000e+01 -1.600000000000000000e+01 -1.040000000000000000e+03
1.773300000000000000e+04 4.000000000000000000e+01 -2.400000000000000000e+01 -1.032000000000000000e+03
1.777300000000000000e+04 3.200000000000000000e+01 -1.600000000000000000e+01 -1.040000000000000000e+03
1.781300000000000000e+04 3.200000000000000000e+01 -1.600000000000000000e+01 -1.024000000000000000e+03
1.785300000000000000e+04 2.400000000000000000e+01 -8.000000000000000000e+00 -1.032000000000000000e+03
1.789300000000000000e+04 2.400000000000000000e+01 -1.600000000000000000e+01 -1.048000000000000000e+03
1.792500000000000000e+04 2.400000000000000000e+01 -1.600000000000000000e+01 -1.040000000000000000e+03
1.796500000000000000e+04 1.600000000000000000e+01 -2.400000000000000000e+01 -1.056000000000000000e+03
1.800500000000000000e+04 8.000000000000000000e+00 -8.000000000000000000e+00 -1.016000000000000000e+03
1.804500000000000000e+04 -8.000000000000000000e+00 0.000000000000000000e+00 -1.008000000000000000e+03
1.808500000000000000e+04 8.000000000000000000e+00 -8.000000000000000000e+00 -9.920000000000000000e+02
1.812500000000000000e+04 8.000000000000000000e+00 -1.600000000000000000e+01 -1.056000000000000000e+03
1.816500000000000000e+04 8.000000000000000000e+00 -2.400000000000000000e+01 -1.056000000000000000e+03
1.820500000000000000e+04 8.000000000000000000e+00 -2.400000000000000000e+01 -1.016000000000000000e+03
1.824500000000000000e+04 1.600000000000000000e+01 0.000000000000000000e+00 -1.080000000000000000e+03
1.828500000000000000e+04 1.600000000000000000e+01 -8.000000000000000000e+00 -1.024000000000000000e+03
1.832500000000000000e+04 1.600000000000000000e+01 0.000000000000000000e+00 -1.032000000000000000e+03
1.836500000000000000e+04 2.400000000000000000e+01 -1.600000000000000000e+01 -1.024000000000000000e+03
1.840500000000000000e+04 2.400000000000000000e+01 -1.600000000000000000e+01 -1.032000000000000000e+03
1.844500000000000000e+04 2.400000000000000000e+01 -1.600000000000000000e+01 -1.032000000000000000e+03
1.848500000000000000e+04 2.400000000000000000e+01 -2.400000000000000000e+01 -1.072000000000000000e+03
1.852500000000000000e+04 1.600000000000000000e+01 -3.200000000000000000e+01 -1.032000000000000000e+03
1.856500000000000000e+04 1.600000000000000000e+01 -2.400000000000000000e+01 -1.040000000000000000e+03
1.860500000000000000e+04 1.600000000000000000e+01 -8.000000000000000000e+00 -1.024000000000000000e+03
1.864500000000000000e+04 1.600000000000000000e+01 -1.600000000000000000e+01 -1.048000000000000000e+03
1.868500000000000000e+04 3.200000000000000000e+01 -1.600000000000000000e+01 -1.040000000000000000e+03
1.872500000000000000e+04 4.000000000000000000e+01 -1.600000000000000000e+01 -1.032000000000000000e+03
1.876500000000000000e+04 8.000000000000000000e+00 -1.600000000000000000e+01 -1.040000000000000000e+03
1.880500000000000000e+04 8.000000000000000000e+00 -1.600000000000000000e+01 -1.032000000000000000e+03
1.884500000000000000e+04 1.600000000000000000e+01 -1.600000000000000000e+01 -1.040000000000000000e+03
1.888500000000000000e+04 1.600000000000000000e+01 -1.600000000000000000e+01 -1.040000000000000000e+03
1.891700000000000000e+04 8.000000000000000000e+00 -2.400000000000000000e+01 -1.032000000000000000e+03
1.895700000000000000e+04 2.400000000000000000e+01 -3.200000000000000000e+01 -1.056000000000000000e+03
1.899700000000000000e+04 1.600000000000000000e+01 -2.400000000000000000e+01 -1.000000000000000000e+03
1.903700000000000000e+04 1.600000000000000000e+01 -4.000000000000000000e+01 -1.040000000000000000e+03
1.907700000000000000e+04 2.400000000000000000e+01 -2.400000000000000000e+01 -1.024000000000000000e+03
1.911700000000000000e+04 2.400000000000000000e+01 -3.200000000000000000e+01 -1.016000000000000000e+03
1.915700000000000000e+04 1.600000000000000000e+01 -1.600000000000000000e+01 -1.048000000000000000e+03
1.919700000000000000e+04 8.000000000000000000e+00 -1.600000000000000000e+01 -1.032000000000000000e+03
1.923700000000000000e+04 8.000000000000000000e+00 -1.600000000000000000e+01 -1.024000000000000000e+03
1.927700000000000000e+04 1.600000000000000000e+01 -1.600000000000000000e+01 -1.024000000000000000e+03
1.931700000000000000e+04 4.000000000000000000e+01 -2.400000000000000000e+01 -1.040000000000000000e+03
1.935700000000000000e+04 2.400000000000000000e+01 -2.400000000000000000e+01 -1.040000000000000000e+03
1.939700000000000000e+04 8.000000000000000000e+00 0.000000000000000000e+00 -1.024000000000000000e+03
1.943700000000000000e+04 1.600000000000000000e+01 -2.400000000000000000e+01 -1.032000000000000000e+03
1.947700000000000000e+04 1.600000000000000000e+01 -2.400000000000000000e+01 -1.024000000000000000e+03
1.951700000000000000e+04 8.000000000000000000e+00 -2.400000000000000000e+01 -1.024000000000000000e+03
1.955700000000000000e+04 8.000000000000000000e+00 -1.600000000000000000e+01 -1.032000000000000000e+03
1.959700000000000000e+04 8.000000000000000000e+00 -1.600000000000000000e+01 -1.024000000000000000e+03
1.963700000000000000e+04 1.600000000000000000e+01 -2.400000000000000000e+01 -1.048000000000000000e+03
1.967700000000000000e+04 1.600000000000000000e+01 -2.400000000000000000e+01 -1.048000000000000000e+03
1.971700000000000000e+04 1.600000000000000000e+01 -2.400000000000000000e+01 -1.048000000000000000e+03
1.975700000000000000e+04 1.600000000000000000e+01 -2.400000000000000000e+01 -1.040000000000000000e+03
1.979700000000000000e+04 2.400000000000000000e+01 -1.600000000000000000e+01 -1.024000000000000000e+03
1.983700000000000000e+04 1.600000000000000000e+01 -1.600000000000000000e+01 -1.048000000000000000e+03
1.987700000000000000e+04 1.600000000000000000e+01 -2.400000000000000000e+01 -1.048000000000000000e+03
1.990800000000000000e+04 0.000000000000000000e+00 -3.200000000000000000e+01 -1.024000000000000000e+03
1.994800000000000000e+04 1.600000000000000000e+01 -3.200000000000000000e+01 -9.920000000000000000e+02
1.998800000000000000e+04 8.000000000000000000e+00 -8.000000000000000000e+00 -1.056000000000000000e+03
2.002800000000000000e+04 8.000000000000000000e+00 -1.600000000000000000e+01 -1.072000000000000000e+03
2.006800000000000000e+04 1.600000000000000000e+01 -1.600000000000000000e+01 -1.024000000000000000e+03
2.010800000000000000e+04 1.600000000000000000e+01 -1.600000000000000000e+01 -1.048000000000000000e+03
2.014800000000000000e+04 1.600000000000000000e+01 0.000000000000000000e+00 -1.048000000000000000e+03
2.018800000000000000e+04 2.400000000000000000e+01 -8.000000000000000000e+00 -1.032000000000000000e+03
2.022800000000000000e+04 2.400000000000000000e+01 -1.600000000000000000e+01 -1.048000000000000000e+03
2.026800000000000000e+04 2.400000000000000000e+01 -2.400000000000000000e+01 -1.040000000000000000e+03
2.030800000000000000e+04 2.400000000000000000e+01 -2.400000000000000000e+01 -1.048000000000000000e+03
2.034800000000000000e+04 2.400000000000000000e+01 -1.600000000000000000e+01 -1.040000000000000000e+03
2.038800000000000000e+04 8.000000000000000000e+00 -1.600000000000000000e+01 -1.032000000000000000e+03
2.042800000000000000e+04 1.600000000000000000e+01 -1.600000000000000000e+01 -1.040000000000000000e+03
2.046800000000000000e+04 1.600000000000000000e+01 -1.600000000000000000e+01 -1.040000000000000000e+03
2.050800000000000000e+04 1.600000000000000000e+01 -1.600000000000000000e+01 -1.032000000000000000e+03
2.054800000000000000e+04 2.400000000000000000e+01 -1.600000000000000000e+01 -1.032000000000000000e+03
2.058800000000000000e+04 1.600000000000000000e+01 -1.600000000000000000e+01 -1.040000000000000000e+03
2.062800000000000000e+04 1.600000000000000000e+01 -1.600000000000000000e+01 -1.032000000000000000e+03
2.066800000000000000e+04 1.600000000000000000e+01 -2.400000000000000000e+01 -1.024000000000000000e+03
2.070800000000000000e+04 1.600000000000000000e+01 -1.600000000000000000e+01 -1.024000000000000000e+03
2.074800000000000000e+04 1.600000000000000000e+01 -1.600000000000000000e+01 -1.040000000000000000e+03
2.078800000000000000e+04 1.600000000000000000e+01 -2.400000000000000000e+01 -1.032000000000000000e+03
2.082800000000000000e+04 8.000000000000000000e+00 -2.400000000000000000e+01 -1.032000000000000000e+03
2.086800000000000000e+04 1.600000000000000000e+01 -1.600000000000000000e+01 -1.048000000000000000e+03
2.189300000000000000e+04 1.600000000000000000e+01 -1.600000000000000000e+01 -1.000000000000000000e+03
2.193300000000000000e+04 1.600000000000000000e+01 -1.600000000000000000e+01 -1.032000000000000000e+03
2.197300000000000000e+04 1.600000000000000000e+01 -1.600000000000000000e+01 -1.048000000000000000e+03
2.201300000000000000e+04 1.600000000000000000e+01 -1.600000000000000000e+01 -1.032000000000000000e+03
2.205300000000000000e+04 1.600000000000000000e+01 -1.600000000000000000e+01 -1.032000000000000000e+03
2.209300000000000000e+04 1.600000000000000000e+01 -2.400000000000000000e+01 -1.040000000000000000e+03
2.213300000000000000e+04 1.600000000000000000e+01 -2.400000000000000000e+01 -1.024000000000000000e+03
2.217300000000000000e+04 1.600000000000000000e+01 -1.600000000000000000e+01 -1.016000000000000000e+03
2.221300000000000000e+04 2.400000000000000000e+01 -1.600000000000000000e+01 -1.032000000000000000e+03
2.225300000000000000e+04 1.600000000000000000e+01 -2.400000000000000000e+01 -1.016000000000000000e+03
2.229300000000000000e+04 1.600000000000000000e+01 -2.400000000000000000e+01 -1.032000000000000000e+03
2.233300000000000000e+04 8.000000000000000000e+00 -2.400000000000000000e+01 -1.048000000000000000e+03
2.237300000000000000e+04 8.000000000000000000e+00 -2.400000000000000000e+01 -1.024000000000000000e+03
2.241300000000000000e+04 8.000000000000000000e+00 -2.400000000000000000e+01 -1.040000000000000000e+03
2.245300000000000000e+04 2.400000000000000000e+01 -2.400000000000000000e+01 -1.072000000000000000e+03
2.249300000000000000e+04 2.400000000000000000e+01 -2.400000000000000000e+01 -1.024000000000000000e+03
2.253300000000000000e+04 2.400000000000000000e+01 -3.200000000000000000e+01 -1.032000000000000000e+03
2.257300000000000000e+04 1.600000000000000000e+01 -2.400000000000000000e+01 -1.048000000000000000e+03
2.261300000000000000e+04 1.600000000000000000e+01 -2.400000000000000000e+01 -1.024000000000000000e+03
2.265300000000000000e+04 3.200000000000000000e+01 -2.400000000000000000e+01 -1.048000000000000000e+03
2.269300000000000000e+04 1.600000000000000000e+01 -1.600000000000000000e+01 -1.000000000000000000e+03
2.273300000000000000e+04 1.600000000000000000e+01 -3.200000000000000000e+01 -1.048000000000000000e+03
2.277300000000000000e+04 8.000000000000000000e+00 -4.000000000000000000e+01 -1.048000000000000000e+03
2.281300000000000000e+04 8.000000000000000000e+00 -2.400000000000000000e+01 -1.032000000000000000e+03
2.285300000000000000e+04 1.600000000000000000e+01 0.000000000000000000e+00 -1.032000000000000000e+03
