1.680879000000000000e+06 1.600000000000000000e+01 -1.600000000000000000e+01 -1.032000000000000000e+03
1.680919000000000000e+06 1.600000000000000000e+01 -3.200000000000000000e+01 -1.024000000000000000e+03
1.680959000000000000e+06 2.400000000000000000e+01 -2.400000000000000000e+01 -1.056000000000000000e+03
1.680999000000000000e+06 1.600000000000000000e+01 -2.400000000000000000e+01 -1.032000000000000000e+03
1.681039000000000000e+06 1.600000000000000000e+01 -2.400000000000000000e+01 -1.040000000000000000e+03
1.681079000000000000e+06 1.600000000000000000e+01 -3.200000000000000000e+01 -1.040000000000000000e+03
1.681119000000000000e+06 1.600000000000000000e+01 -2.400000000000000000e+01 -1.040000000000000000e+03
1.681159000000000000e+06 1.600000000000000000e+01 -2.400000000000000000e+01 -1.040000000000000000e+03
1.681199000000000000e+06 1.600000000000000000e+01 -2.400000000000000000e+01 -1.016000000000000000e+03
1.681239000000000000e+06 1.600000000000000000e+01 -2.400000000000000000e+01 -1.024000000000000000e+03
1.681279000000000000e+06 2.400000000000000000e+01 -2.400000000000000000e+01 -1.024000000000000000e+03
1.681319000000000000e+06 2.400000000000000000e+01 -2.400000000000000000e+01 -1.032000000000000000e+03
1.681359000000000000e+06 1.600000000000000000e+01 -1.600000000000000000e+01 -1.032000000000000000e+03
1.681399000000000000e+06 1.600000000000000000e+01 -2.400000000000000000e+01 -1.040000000000000000e+03
1.681439000000000000e+06 2.400000000000000000e+01 -3.200000000000000000e+01 -1.040000000000000000e+03
1.681479000000000000e+06 2.400000000000000000e+01 -2.400000000000000000e+01 -1.024000000000000000e+03
1.681519000000000000e+06 1.600000000000000000e+01 -3.200000000000000000e+01 -1.040000000000000000e+03
1.681559000000000000e+06 1.600000000000000000e+01 -2.400000000000000000e+01 -1.024000000000000000e+03
1.681599000000000000e+06 8.000000000000000000e+00 -2.400000000000000000e+01 -1.032000000000000000e+03
1.681639000000000000e+06 8.000000000000000000e+00 -2.400000000000000000e+01 -1.016000000000000000e+03
1.681679000000000000e+06 2.400000000000000000e+01 -1.600000000000000000e+01 -1.024000000000000000e+03
1.681719000000000000e+06 1.600000000000000000e+01 -1.600000000000000000e+01 -1.040000000000000000e+03
1.681759000000000000e+06 1.600000000000000000e+01 -1.600000000000000000e+01 -1.016000000000000000e+03
1.681799000000000000e+06 1.600000000000000000e+01 -2.400000000000000000e+01 -1.032000000000000000e+03
1.681839000000000000e+06 1.600000000000000000e+01 -2.400000000000000000e+01 -1.040000000000000000e+03
1.684846000000000000e+06 1.600000000000000000e+01 -2.400000000000000000e+01 -1.032000000000000000e+03
1.684886000000000000e+06 1.600000000000000000e+01 -1.600000000000000000e+01 -1.040000000000000000e+03
1.684926000000000000e+06 2.400000000000000000e+01 -1.600000000000000000e+01 -1.032000000000000000e+03
1.684966000000000000e+06 1.600000000000000000e+01 -1.600000000000000000e+01 -1.016000000000000000e+03
1.685006000000000000e+06 1.600000000000000000e+01 -2.400000000000000000e+01 -1.016000000000000000e+03
1.685046000000000000e+06 1.600000000000000000e+01 -2.400000000000000000e+01 -1.040000000000000000e+03
1.685086000000000000e+06 1.600000000000000000e+01 -2.400000000000000000e+01 -1.040000000000000000e+03
1.685126000000000000e+06 8.000000000000000000e+00 -2.400000000000000000e+01 -1.032000000000000000e+03
1.685166000000000000e+06 1.600000000000000000e+01 -4.000000000000000000e+01 -1.024000000000000000e+03
1.685206000000000000e+06 1.600000000000000000e+01 -3.200000000000000000e+01 -1.024000000000000000e+03
1.685246000000000000e+06 1.600000000000000000e+01 -3.200000000000000000e+01 -1.024000000000000000e+03
1.685286000000000000e+06 1.600000000000000000e+01 -3.200000000000000000e+01 -1.040000000000000000e+03
1.685326000000000000e+06 1.600000000000000000e+01 -2.400000000000000000e+01 -1.008000000000000000e+03
1.685366000000000000e+06 1.600000000000000000e+01 -2.400000000000000000e+01 -1.024000000000000000e+03
1.685406000000000000e+06 1.600000000000000000e+01 -2.400000000000000000e+01 -1.040000000000000000e+03
1.685446000000000000e+06 1.600000000000000000e+01 -3.200000000000000000e+01 -1.040000000000000000e+03
1.685486000000000000e+06 8.000000000000000000e+00 -2.400000000000000000e+01 -1.048000000000000000e+03
1.685526000000000000e+06 1.600000000000000000e+01 -1.600000000000000000e+01 -1.024000000000000000e+03
1.685566000000000000e+06 1.600000000000000000e+01 -1.600000000000000000e+01 -1.024000000000000000e+03
1.685606000000000000e+06 1.600000000000000000e+01 -1.600000000000000000e+01 -1.040000000000000000e+03
1.685646000000000000e+06 2.400000000000000000e+01 -2.400000000000000000e+01 -1.032000000000000000e+03
1.685686000000000000e+06 2.400000000000000000e+01 -1.600000000000000000e+01 -1.032000000000000000e+03
1.685726000000000000e+06 2.400000000000000000e+01 -2.400000000000000000e+01 -1.040000000000000000e+03
1.685766000000000000e+06 1.600000000000000000e+01 -4.000000000000000000e+01 -1.008000000000000000e+03
1.685806000000000000e+06 2.400000000000000000e+01 -3.200000000000000000e+01 -1.024000000000000000e+03
1.688813000000000000e+06 1.600000000000000000e+01 -2.400000000000000000e+01 -1.032000000000000000e+03
1.688853000000000000e+06 1.600000000000000000e+01 -2.400000000000000000e+01 -1.040000000000000000e+03
1.688893000000000000e+06 1.600000000000000000e+01 -3.200000000000000000e+01 -1.032000000000000000e+03
1.688933000000000000e+06 1.600000000000000000e+01 -2.400000000000000000e+01 -1.008000000000000000e+03
1.688973000000000000e+06 1.600000000000000000e+01 -2.400000000000000000e+01 -1.032000000000000000e+03
1.689013000000000000e+06 1.600000000000000000e+01 -1.600000000000000000e+01 -1.040000000000000000e+03
1.689053000000000000e+06 2.400000000000000000e+01 -1.600000000000000000e+01 -1.040000000000000000e+03
1.689093000000000000e+06 1.600000000000000000e+01 -2.400000000000000000e+01 -1.024000000000000000e+03
1.689133000000000000e+06 2.400000000000000000e+01 -2.400000000000000000e+01 -1.024000000000000000e+03
1.689173000000000000e+06 1.600000000000000000e+01 -2.400000000000000000e+01 -1.032000000000000000e+03
1.689213000000000000e+06 1.600000000000000000e+01 -2.400000000000000000e+01 -1.024000000000000000e+03
1.689253000000000000e+06 2.400000000000000000e+01 -1.600000000000000000e+01 -1.040000000000000000e+03
1.689293000000000000e+06 1.600000000000000000e+01 -1.600000000000000000e+01 -1.024000000000000000e+03
1.689333000000000000e+06 1.600000000000000000e+01 -1.600000000000000000e+01 -1.048000000000000000e+03
1.689373000000000000e+06 0.000000000000000000e+00 -2.400000000000000000e+01 -1.040000000000000000e+03
1.689413000000000000e+06 1.600000000000000000e+01 -2.400000000000000000e+01 -1.024000000000000000e+03
1.689453000000000000e+06 1.600000000000000000e+01 -2.400000000000000000e+01 -1.024000000000000000e+03
1.689493000000000000e+06 2.400000000000000000e+01 -2.400000000000000000e+01 -1.024000000000000000e+03
1.689533000000000000e+06 2.400000000000000000e+01 -1.600000000000000000e+01 -1.040000000000000000e+03
1.689573000000000000e+06 2.400000000000000000e+01 -1.600000000000000000e+01 -1.024000000000000000e+03
1.689613000000000000e+06 2.400000000000000000e+01 -2.400000000000000000e+01 -1.024000000000000000e+03
1.689653000000000000e+06 1.600000000000000000e+01 -2.400000000000000000e+01 -1.024000000000000000e+03
1.689693000000000000e+06 1.600000000000000000e+01 -2.400000000000000000e+01 -1.032000000000000000e+03
1.689733000000000000e+06 1.600000000000000000e+01 -1.600000000000000000e+01 -1.032000000000000000e+03
1.689773000000000000e+06 1.600000000000000000e+01 -2.400000000000000000e+01 -1.040000000000000000e+03
1.692781000000000000e+06 1.600000000000000000e+01 -1.600000000000000000e+01 -1.024000000000000000e+03
1.692821000000000000e+06 8.000000000000000000e+00 -3.200000000000000000e+01 -1.032000000000000000e+03
1.692861000000000000e+06 1.600000000000000000e+01 -2.400000000000000000e+01 -1.024000000000000000e+03
1.692901000000000000e+06 1.600000000000000000e+01 -2.400000000000000000e+01 -1.056000000000000000e+03
1.692941000000000000e+06 2.400000000000000000e+01 -2.400000000000000000e+01 -1.024000000000000000e+03
1.692981000000000000e+06 3.200000000000000000e+01 -2.400000000000000000e+01 -1.040000000000000000e+03
1.693021000000000000e+06 2.400000000000000000e+01 -2.400000000000000000e+01 -1.024000000000000000e+03
1.693061000000000000e+06 2.400000000000000000e+01 -3.200000000000000000e+01 -1.032000000000000000e+03
1.693101000000000000e+06 1.600000000000000000e+01 -3.200000000000000000e+01 -1.032000000000000000e+03
1.693141000000000000e+06 1.600000000000000000e+01 -2.400000000000000000e+01 -1.016000000000000000e+03
1.693181000000000000e+06 3.200000000000000000e+01 -2.400000000000000000e+01 -1.040000000000000000e+03
1.693221000000000000e+06 2.400000000000000000e+01 -2.400000000000000000e+01 -1.032000000000000000e+03
1.693261000000000000e+06 1.600000000000000000e+01 -1.600000000000000000e+01 -1.024000000000000000e+03
1.693301000000000000e+06 1.600000000000000000e+01 -2.400000000000000000e+01 -1.024000000000000000e+03
1.693341000000000000e+06 1.600000000000000000e+01 -2.400000000000000000e+01 -1.016000000000000000e+03
1.693381000000000000e+06 1.600000000000000000e+01 -2.400000000000000000e+01 -1.024000000000000000e+03
1.693421000000000000e+06 2.400000000000000000e+01 -3.200000000000000000e+01 -1.048000000000000000e+03
1.693461000000000000e+06 2.400000000000000000e+01 -3.200000000000000000e+01 -1.056000000000000000e+03
1.693501000000000000e+06 1.600000000000000000e+01 -3.200000000000000000e+01 -1.024000000000000000e+03
1.693541000000000000e+06 1.600000000000000000e+01 -4.000000000000000000e+01 -1.016000000000000000e+03
1.693581000000000000e+06 3.200000000000000000e+01 -4.000000000000000000e+01 -1.040000000000000000e+03
1.693621000000000000e+06 2.400000000000000000e+01 -3.200000000000000000e+01 -1.032000000000000000e+03
1.693661000000000000e+06 2.400000000000000000e+01 -3.200000000000000000e+01 -1.016000000000000000e+03
1.693701000000000000e+06 2.400000000000000000e+01 -2.400000000000000000e+01 -1.024000000000000000e+03
1.693741000000000000e+06 2.400000000000000000e+01 -2.400000000000000000e+01 -1.040000000000000000e+03
1.696750000000000000e+06 1.600000000000000000e+01 -2.400000000000000000e+01 -1.032000000000000000e+03
1.696790000000000000e+06 1.600000000000000000e+01 -2.400000000000000000e+01 -1.040000000000000000e+03
1.696830000000000000e+06 1.600000000000000000e+01 -2.400000000000000000e+01 -1.032000000000000000e+03
1.696870000000000000e+06 2.400000000000000000e+01 -1.600000000000000000e+01 -1.016000000000000000e+03
1.696910000000000000e+06 1.600000000000000000e+01 -2.400000000000000000e+01 -1.040000000000000000e+03
1.696950000000000000e+06 2.400000000000000000e+01 -3.200000000000000000e+01 -1.040000000000000000e+03
1.696990000000000000e+06 1.600000000000000000e+01 -3.200000000000000000e+01 -1.024000000000000000e+03
1.697030000000000000e+06 1.600000000000000000e+01 -3.200000000000000000e+01 -1.032000000000000000e+03
1.697070000000000000e+06 2.400000000000000000e+01 -3.200000000000000000e+01 -1.016000000000000000e+03
1.697110000000000000e+06 1.600000000000000000e+01 -2.400000000000000000e+01 -1.016000000000000000e+03
1.697150000000000000e+06 1.600000000000000000e+01 -2.400000000000000000e+01 -1.024000000000000000e+03
1.697190000000000000e+06 1.600000000000000000e+01 -2.400000000000000000e+01 -1.032000000000000000e+03
1.697230000000000000e+06 1.600000000000000000e+01 -2.400000000000000000e+01 -1.040000000000000000e+03
1.697270000000000000e+06 1.600000000000000000e+01 -2.400000000000000000e+01 -1.032000000000000000e+03
1.697310000000000000e+06 1.600000000000000000e+01 -2.400000000000000000e+01 -1.040000000000000000e+03
1.697350000000000000e+06 1.600000000000000000e+01 -2.400000000000000000e+01 -1.024000000000000000e+03
1.697390000000000000e+06 8.000000000000000000e+00 -2.400000000000000000e+01 -1.048000000000000000e+03
1.697430000000000000e+06 8.000000000000000000e+00 -2.400000000000000000e+01 -1.032000000000000000e+03
1.697470000000000000e+06 8.000000000000000000e+00 -2.400000000000000000e+01 -1.032000000000000000e+03
1.697510000000000000e+06 1.600000000000000000e+01 -2.400000000000000000e+01 -1.032000000000000000e+03
1.697550000000000000e+06 1.600000000000000000e+01 -3.200000000000000000e+01 -1.040000000000000000e+03
1.697590000000000000e+06 1.600000000000000000e+01 -3.200000000000000000e+01 -1.016000000000000000e+03
1.697630000000000000e+06 1.600000000000000000e+01 -3.200000000000000000e+01 -1.048000000000000000e+03
1.697670000000000000e+06 1.600000000000000000e+01 -3.200000000000000000e+01 -1.032000000000000000e+03
1.697710000000000000e+06 1.600000000000000000e+01 -2.400000000000000000e+01 -1.024000000000000000e+03
1.700717000000000000e+06 1.600000000000000000e+01 -2.400000000000000000e+01 -1.040000000000000000e+03
1.700757000000000000e+06 8.000000000000000000e+00 -2.400000000000000000e+01 -1.024000000000000000e+03
1.700797000000000000e+06 8.000000000000000000e+00 -2.400000000000000000e+01 -1.032000000000000000e+03
1.700837000000000000e+06 1.600000000000000000e+01 -2.400000000000000000e+01 -1.032000000000000000e+03
1.700877000000000000e+06 1.600000000000000000e+01 -2.400000000000000000e+01 -1.048000000000000000e+03
1.700917000000000000e+06 1.600000000000000000e+01 -2.400000000000000000e+01 -1.040000000000000000e+03
1.700957000000000000e+06 1.600000000000000000e+01 -2.400000000000000000e+01 -1.032000000000000000e+03
1.700997000000000000e+06 1.600000000000000000e+01 -1.600000000000000000e+01 -1.032000000000000000e+03
1.701037000000000000e+06 1.600000000000000000e+01 -1.600000000000000000e+01 -1.032000000000000000e+03
1.701077000000000000e+06 8.000000000000000000e+00 -2.400000000000000000e+01 -1.008000000000000000e+03
1.701117000000000000e+06 3.200000000000000000e+01 -2.400000000000000000e+01 -1.032000000000000000e+03
1.701157000000000000e+06 1.600000000000000000e+01 -2.400000000000000000e+01 -1.032000000000000000e+03
1.701197000000000000e+06 1.600000000000000000e+01 -2.400000000000000000e+01 -1.040000000000000000e+03
1.701237000000000000e+06 1.600000000000000000e+01 -2.400000000000000000e+01 -1.056000000000000000e+03
1.701277000000000000e+06 1.600000000000000000e+01 -2.400000000000000000e+01 -1.024000000000000000e+03
1.701317000000000000e+06 2.400000000000000000e+01 -2.400000000000000000e+01 -1.024000000000000000e+03
1.701357000000000000e+06 1.600000000000000000e+01 -2.400000000000000000e+01 -1.032000000000000000e+03
1.701397000000000000e+06 2.400000000000000000e+01 -2.400000000000000000e+01 -1.040000000000000000e+03
1.701437000000000000e+06 1.600000000000000000e+01 -2.400000000000000000e+01 -1.024000000000000000e+03
1.701477000000000000e+06 1.600000000000000000e+01 -2.400000000000000000e+01 -1.040000000000000000e+03
1.701517000000000000e+06 2.400000000000000000e+01 -2.400000000000000000e+01 -1.032000000000000000e+03
1.701557000000000000e+06 1.600000000000000000e+01 -2.400000000000000000e+01 -1.032000000000000000e+03
1.701597000000000000e+06 1.600000000000000000e+01 -2.400000000000000000e+01 -1.024000000000000000e+03
1.701637000000000000e+06 1.600000000000000000e+01 -1.600000000000000000e+01 -1.040000000000000000e+03
1.701677000000000000e+06 2.400000000000000000e+01 -2.400000000000000000e+01 -1.048000000000000000e+03
