2.800000000000000000e+01 3.200000000000000000e+01 7.520000000000000000e+02 -6.880000000000000000e+02
6.800000000000000000e+01 4.800000000000000000e+01 7.520000000000000000e+02 -6.800000000000000000e+02
1.080000000000000000e+02 4.000000000000000000e+01 7.520000000000000000e+02 -6.880000000000000000e+02
1.480000000000000000e+02 4.000000000000000000e+01 7.600000000000000000e+02 -6.800000000000000000e+02
1.880000000000000000e+02 3.200000000000000000e+01 7.520000000000000000e+02 -6.640000000000000000e+02
2.280000000000000000e+02 4.000000000000000000e+01 7.520000000000000000e+02 -7.200000000000000000e+02
2.680000000000000000e+02 4.000000000000000000e+01 7.440000000000000000e+02 -6.320000000000000000e+02
3.080000000000000000e+02 3.200000000000000000e+01 7.520000000000000000e+02 -6.880000000000000000e+02
3.480000000000000000e+02 3.200000000000000000e+01 7.600000000000000000e+02 -6.800000000000000000e+02
3.880000000000000000e+02 3.200000000000000000e+01 7.600000000000000000e+02 -6.640000000000000000e+02
4.280000000000000000e+02 1.600000000000000000e+01 8.000000000000000000e+02 -6.480000000000000000e+02
4.680000000000000000e+02 0.000000000000000000e+00 7.760000000000000000e+02 -6.720000000000000000e+02
5.080000000000000000e+02 2.400000000000000000e+01 7.600000000000000000e+02 -6.960000000000000000e+02
5.480000000000000000e+02 3.200000000000000000e+01 7.600000000000000000e+02 -6.560000000000000000e+02
5.880000000000000000e+02 3.200000000000000000e+01 7.600000000000000000e+02 -6.720000000000000000e+02
6.280000000000000000e+02 4.000000000000000000e+01 7.520000000000000000e+02 -6.640000000000000000e+02
6.680000000000000000e+02 4.000000000000000000e+01 7.600000000000000000e+02 -6.720000000000000000e+02
7.080000000000000000e+02 4.000000000000000000e+01 7.600000000000000000e+02 -6.880000000000000000e+02
7.480000000000000000e+02 4.000000000000000000e+01 7.600000000000000000e+02 -6.800000000000000000e+02
7.880000000000000000e+02 4.000000000000000000e+01 7.680000000000000000e+02 -6.720000000000000000e+02
8.280000000000000000e+02 4.000000000000000000e+01 7.600000000000000000e+02 -6.800000000000000000e+02
8.680000000000000000e+02 4.000000000000000000e+01 7.600000000000000000e+02 -6.640000000000000000e+02
9.080000000000000000e+02 4.000000000000000000e+01 7.680000000000000000e+02 -6.880000000000000000e+02
9.480000000000000000e+02 4.000000000000000000e+01 7.600000000000000000e+02 -6.720000000000000000e+02
9.880000000000000000e+02 4.000000000000000000e+01 7.600000000000000000e+02 -6.640000000000000000e+02
1.022000000000000000e+03 4.000000000000000000e+01 7.600000000000000000e+02 -6.800000000000000000e+02
1.062000000000000000e+03 4.000000000000000000e+01 7.600000000000000000e+02 -6.560000000000000000e+02
1.102000000000000000e+03 2.400000000000000000e+01 7.600000000000000000e+02 -6.560000000000000000e+02
1.142000000000000000e+03 2.400000000000000000e+01 7.600000000000000000e+02 -6.640000000000000000e+02
1.182000000000000000e+03 4.800000000000000000e+01 7.680000000000000000e+02 -6.640000000000000000e+02
1.222000000000000000e+03 4.800000000000000000e+01 7.600000000000000000e+02 -6.720000000000000000e+02
1.262000000000000000e+03 4.800000000000000000e+01 7.600000000000000000e+02 -6.640000000000000000e+02
1.302000000000000000e+03 4.000000000000000000e+01 7.680000000000000000e+02 -6.880000000000000000e+02
1.342000000000000000e+03 3.200000000000000000e+01 7.600000000000000000e+02 -6.720000000000000000e+02
1.382000000000000000e+03 4.000000000000000000e+01 7.520000000000000000e+02 -6.720000000000000000e+02
1.422000000000000000e+03 4.800000000000000000e+01 7.600000000000000000e+02 -6.800000000000000000e+02
1.462000000000000000e+03 4.800000000000000000e+01 7.520000000000000000e+02 -6.960000000000000000e+02
1.502000000000000000e+03 4.800000000000000000e+01 7.520000000000000000e+02 -6.880000000000000000e+02
1.542000000000000000e+03 4.000000000000000000e+01 7.520000000000000000e+02 -6.720000000000000000e+02
1.582000000000000000e+03 4.000000000000000000e+01 7.520000000000000000e+02 -6.720000000000000000e+02
1.622000000000000000e+03 5.600000000000000000e+01 7.760000000000000000e+02 -7.120000000000000000e+02
1.662000000000000000e+03 4.800000000000000000e+01 7.760000000000000000e+02 -6.720000000000000000e+02
1.702000000000000000e+03 4.000000000000000000e+01 7.680000000000000000e+02 -6.800000000000000000e+02
1.742000000000000000e+03 4.000000000000000000e+01 7.600000000000000000e+02 -6.640000000000000000e+02
1.782000000000000000e+03 4.000000000000000000e+01 7.600000000000000000e+02 -6.720000000000000000e+02
1.822000000000000000e+03 2.400000000000000000e+01 7.600000000000000000e+02 -6.640000000000000000e+02
1.862000000000000000e+03 2.400000000000000000e+01 7.680000000000000000e+02 -6.960000000000000000e+02
1.902000000000000000e+03 4.000000000000000000e+01 7.680000000000000000e+02 -6.400000000000000000e+02
1.942000000000000000e+03 5.600000000000000000e+01 7.600000000000000000e+02 -6.320000000000000000e+02
1.982000000000000000e+03 5.600000000000000000e+01 7.600000000000000000e+02 -6.240000000000000000e+02
2.014000000000000000e+03 4.000000000000000000e+01 7.440000000000000000e+02 -6.880000000000000000e+02
2.054000000000000000e+03 4.800000000000000000e+01 7.680000000000000000e+02 -7.360000000000000000e+02
2.094000000000000000e+03 5.600000000000000000e+01 7.520000000000000000e+02 -6.800000000000000000e+02
2.134000000000000000e+03 4.000000000000000000e+01 7.360000000000000000e+02 -6.960000000000000000e+02
2.174000000000000000e+03 4.000000000000000000e+01 7.760000000000000000e+02 -6.640000000000000000e+02
2.214000000000000000e+03 3.200000000000000000e+01 7.360000000000000000e+02 -6.320000000000000000e+02
2.254000000000000000e+03 4.000000000000000000e+01 7.440000000000000000e+02 -6.640000000000000000e+02
2.294000000000000000e+03 4.000000000000000000e+01 7.600000000000000000e+02 -6.480000000000000000e+02
2.334000000000000000e+03 3.200000000000000000e+01 7.600000000000000000e+02 -6.720000000000000000e+02
2.374000000000000000e+03 4.000000000000000000e+01 7.520000000000000000e+02 -6.880000000000000000e+02
2.414000000000000000e+03 4.000000000000000000e+01 7.600000000000000000e+02 -6.720000000000000000e+02
2.454000000000000000e+03 4.000000000000000000e+01 7.680000000000000000e+02 -6.880000000000000000e+02
2.494000000000000000e+03 4.000000000000000000e+01 7.600000000000000000e+02 -6.800000000000000000e+02
2.534000000000000000e+03 3.200000000000000000e+01 7.600000000000000000e+02 -6.480000000000000000e+02
2.574000000000000000e+03 3.200000000000000000e+01 7.600000000000000000e+02 -6.560000000000000000e+02
2.614000000000000000e+03 3.200000000000000000e+01 7.600000000000000000e+02 -6.720000000000000000e+02
2.654000000000000000e+03 4.000000000000000000e+01 7.600000000000000000e+02 -6.800000000000000000e+02
2.694000000000000000e+03 4.000000000000000000e+01 7.520000000000000000e+02 -6.880000000000000000e+02
2.734000000000000000e+03 4.000000000000000000e+01 7.520000000000000000e+02 -6.560000000000000000e+02
2.774000000000000000e+03 3.200000000000000000e+01 7.520000000000000000e+02 -6.960000000000000000e+02
2.814000000000000000e+03 4.800000000000000000e+01 7.600000000000000000e+02 -6.720000000000000000e+02
2.854000000000000000e+03 4.800000000000000000e+01 7.680000000000000000e+02 -6.480000000000000000e+02
2.894000000000000000e+03 4.800000000000000000e+01 7.680000000000000000e+02 -6.800000000000000000e+02
2.934000000000000000e+03 4.000000000000000000e+01 7.600000000000000000e+02 -6.640000000000000000e+02
2.974000000000000000e+03 3.200000000000000000e+01 7.600000000000000000e+02 -6.880000000000000000e+02
3.007000000000000000e+03 3.200000000000000000e+01 7.680000000000000000e+02 -7.040000000000000000e+02
3.047000000000000000e+03 3.200000000000000000e+01 7.600000000000000000e+02 -6.880000000000000000e+02
3.087000000000000000e+03 4.800000000000000000e+01 7.680000000000000000e+02 -6.640000000000000000e+02
3.127000000000000000e+03 4.800000000000000000e+01 7.520000000000000000e+02 -6.800000000000000000e+02
3.167000000000000000e+03 4.000000000000000000e+01 7.600000000000000000e+02 -6.640000000000000000e+02
3.207000000000000000e+03 4.800000000000000000e+01 7.600000000000000000e+02 -7.040000000000000000e+02
3.247000000000000000e+03 4.000000000000000000e+01 7.600000000000000000e+02 -6.960000000000000000e+02
3.287000000000000000e+03 3.200000000000000000e+01 7.600000000000000000e+02 -6.720000000000000000e+02
3.327000000000000000e+03 3.200000000000000000e+01 7.600000000000000000e+02 -6.720000000000000000e+02
3.367000000000000000e+03 3.200000000000000000e+01 7.680000000000000000e+02 -6.560000000000000000e+02
3.407000000000000000e+03 4.800000000000000000e+01 7.600000000000000000e+02 -6.640000000000000000e+02
3.447000000000000000e+03 4.800000000000000000e+01 7.600000000000000000e+02 -6.640000000000000000e+02
3.487000000000000000e+03 2.400000000000000000e+01 7.680000000000000000e+02 -6.960000000000000000e+02
3.527000000000000000e+03 3.200000000000000000e+01 7.680000000000000000e+02 -6.640000000000000000e+02
3.567000000000000000e+03 3.200000000000000000e+01 7.600000000000000000e+02 -6.560000000000000000e+02
3.607000000000000000e+03 4.000000000000000000e+01 7.600000000000000000e+02 -6.960000000000000000e+02
3.647000000000000000e+03 5.600000000000000000e+01 7.600000000000000000e+02 -6.720000000000000000e+02
3.687000000000000000e+03 4.000000000000000000e+01 7.840000000000000000e+02 -6.800000000000000000e+02
3.727000000000000000e+03 4.000000000000000000e+01 7.680000000000000000e+02 -6.800000000000000000e+02
3.767000000000000000e+03 3.200000000000000000e+01 7.680000000000000000e+02 -6.640000000000000000e+02
3.807000000000000000e+03 2.400000000000000000e+01 7.760000000000000000e+02 -6.720000000000000000e+02
3.847000000000000000e+03 3.200000000000000000e+01 7.680000000000000000e+02 -6.480000000000000000e+02
3.887000000000000000e+03 3.200000000000000000e+01 7.520000000000000000e+02 -6.720000000000000000e+02
3.927000000000000000e+03 3.200000000000000000e+01 7.520000000000000000e+02 -6.480000000000000000e+02
3.967000000000000000e+03 4.000000000000000000e+01 7.520000000000000000e+02 -6.480000000000000000e+02
3.999000000000000000e+03 4.000000000000000000e+01 7.680000000000000000e+02 -6.160000000000000000e+02
4.039000000000000000e+03 4.000000000000000000e+01 7.680000000000000000e+02 -6.880000000000000000e+02
4.079000000000000000e+03 4.000000000000000000e+01 7.520000000000000000e+02 -6.560000000000000000e+02
4.119000000000000000e+03 2.400000000000000000e+01 7.360000000000000000e+02 -6.560000000000000000e+02
4.159000000000000000e+03 1.600000000000000000e+01 7.680000000000000000e+02 -6.560000000000000000e+02
4.199000000000000000e+03 8.000000000000000000e+00 7.680000000000000000e+02 -6.880000000000000000e+02
4.239000000000000000e+03 2.400000000000000000e+01 7.680000000000000000e+02 -6.720000000000000000e+02
4.279000000000000000e+03 2.400000000000000000e+01 7.600000000000000000e+02 -6.800000000000000000e+02
4.319000000000000000e+03 3.200000000000000000e+01 7.600000000000000000e+02 -6.320000000000000000e+02
4.359000000000000000e+03 3.200000000000000000e+01 7.600000000000000000e+02 -6.400000000000000000e+02
4.399000000000000000e+03 3.200000000000000000e+01 7.680000000000000000e+02 -6.640000000000000000e+02
4.439000000000000000e+03 3.200000000000000000e+01 7.600000000000000000e+02 -6.640000000000000000e+02
4.479000000000000000e+03 5.600000000000000000e+01 7.600000000000000000e+02 -6.560000000000000000e+02
4.519000000000000000e+03 4.800000000000000000e+01 7.600000000000000000e+02 -6.560000000000000000e+02
4.559000000000000000e+03 4.000000000000000000e+01 7.600000000000000000e+02 -6.720000000000000000e+02
4.599000000000000000e+03 4.000000000000000000e+01 7.600000000000000000e+02 -6.720000000000000000e+02
4.639000000000000000e+03 4.800000000000000000e+01 7.600000000000000000e+02 -7.200000000000000000e+02
4.679000000000000000e+03 4.000000000000000000e+01 7.600000000000000000e+02 -6.640000000000000000e+02
4.719000000000000000e+03 4.000000000000000000e+01 7.680000000000000000e+02 -6.800000000000000000e+02
4.759000000000000000e+03 3.200000000000000000e+01 7.760000000000000000e+02 -6.400000000000000000e+02
4.799000000000000000e+03 4.000000000000000000e+01 7.680000000000000000e+02 -6.720000000000000000e+02
4.839000000000000000e+03 8.000000000000000000e+00 7.600000000000000000e+02 -6.560000000000000000e+02
4.879000000000000000e+03 2.400000000000000000e+01 7.680000000000000000e+02 -6.640000000000000000e+02
4.919000000000000000e+03 3.200000000000000000e+01 7.600000000000000000e+02 -6.880000000000000000e+02
4.959000000000000000e+03 4.000000000000000000e+01 7.520000000000000000e+02 -6.480000000000000000e+02
4.992000000000000000e+03 4.000000000000000000e+01 7.600000000000000000e+02 -7.200000000000000000e+02
5.032000000000000000e+03 4.000000000000000000e+01 7.600000000000000000e+02 -6.640000000000000000e+02
5.072000000000000000e+03 4.800000000000000000e+01 7.760000000000000000e+02 -6.400000000000000000e+02
5.112000000000000000e+03 3.200000000000000000e+01 7.760000000000000000e+02 -7.200000000000000000e+02
5.152000000000000000e+03 4.000000000000000000e+01 7.920000000000000000e+02 -6.480000000000000000e+02
5.192000000000000000e+03 4.800000000000000000e+01 7.760000000000000000e+02 -6.720000000000000000e+02
5.232000000000000000e+03 4.800000000000000000e+01 7.680000000000000000e+02 -6.880000000000000000e+02
5.272000000000000000e+03 4.000000000000000000e+01 7.440000000000000000e+02 -6.480000000000000000e+02
5.312000000000000000e+03 2.400000000000000000e+01 7.520000000000000000e+02 -6.560000000000000000e+02
5.352000000000000000e+03 3.200000000000000000e+01 7.600000000000000000e+02 -6.400000000000000000e+02
5.392000000000000000e+03 3.200000000000000000e+01 7.600000000000000000e+02 -6.560000000000000000e+02
5.432000000000000000e+03 3.200000000000000000e+01 7.600000000000000000e+02 -6.640000000000000000e+02
5.472000000000000000e+03 3.200000000000000000e+01 7.520000000000000000e+02 -6.720000000000000000e+02
5.512000000000000000e+03 5.600000000000000000e+01 7.440000000000000000e+02 -6.560000000000000000e+02
5.552000000000000000e+03 4.000000000000000000e+01 7.520000000000000000e+02 -6.480000000000000000e+02
5.592000000000000000e+03 3.200000000000000000e+01 7.680000000000000000e+02 -6.640000000000000000e+02
5.632000000000000000e+03 3.200000000000000000e+01 7.760000000000000000e+02 -6.800000000000000000e+02
5.672000000000000000e+03 5.600000000000000000e+01 7.680000000000000000e+02 -6.400000000000000000e+02
5.712000000000000000e+03 3.200000000000000000e+01 7.680000000000000000e+02 -6.560000000000000000e+02
5.752000000000000000e+03 4.000000000000000000e+01 7.440000000000000000e+02 -6.560000000000000000e+02
5.792000000000000000e+03 4.800000000000000000e+01 7.520000000000000000e+02 -6.640000000000000000e+02
5.832000000000000000e+03 4.800000000000000000e+01 7.680000000000000000e+02 -7.120000000000000000e+02
5.872000000000000000e+03 4.800000000000000000e+01 7.680000000000000000e+02 -6.720000000000000000e+02
5.912000000000000000e+03 4.000000000000000000e+01 7.600000000000000000e+02 -6.640000000000000000e+02
5.952000000000000000e+03 1.600000000000000000e+01 7.600000000000000000e+02 -6.720000000000000000e+02
5.984000000000000000e+03 2.400000000000000000e+01 7.600000000000000000e+02 -6.880000000000000000e+02
6.024000000000000000e+03 3.200000000000000000e+01 7.600000000000000000e+02 -6.800000000000000000e+02
6.064000000000000000e+03 3.200000000000000000e+01 7.600000000000000000e+02 -6.720000000000000000e+02
6.104000000000000000e+03 7.200000000000000000e+01 7.680000000000000000e+02 -6.160000000000000000e+02
6.144000000000000000e+03 5.600000000000000000e+01 7.760000000000000000e+02 -6.640000000000000000e+02
6.184000000000000000e+03 4.000000000000000000e+01 7.600000000000000000e+02 -6.480000000000000000e+02
6.224000000000000000e+03 4.000000000000000000e+01 7.600000000000000000e+02 -6.640000000000000000e+02
6.264000000000000000e+03 4.800000000000000000e+01 7.440000000000000000e+02 -6.320000000000000000e+02
6.304000000000000000e+03 4.000000000000000000e+01 7.600000000000000000e+02 -6.480000000000000000e+02
6.344000000000000000e+03 3.200000000000000000e+01 7.600000000000000000e+02 -6.640000000000000000e+02
6.384000000000000000e+03 4.000000000000000000e+01 7.600000000000000000e+02 -6.560000000000000000e+02
6.424000000000000000e+03 4.000000000000000000e+01 7.840000000000000000e+02 -6.720000000000000000e+02
6.464000000000000000e+03 1.600000000000000000e+01 7.760000000000000000e+02 -6.400000000000000000e+02
6.504000000000000000e+03 4.800000000000000000e+01 7.760000000000000000e+02 -6.720000000000000000e+02
6.544000000000000000e+03 4.000000000000000000e+01 7.680000000000000000e+02 -6.720000000000000000e+02
6.584000000000000000e+03 4.000000000000000000e+01 7.680000000000000000e+02 -6.400000000000000000e+02
6.624000000000000000e+03 4.000000000000000000e+01 7.680000000000000000e+02 -6.240000000000000000e+02
6.664000000000000000e+03 6.400000000000000000e+01 7.680000000000000000e+02 -6.560000000000000000e+02
6.704000000000000000e+03 4.800000000000000000e+01 7.680000000000000000e+02 -6.640000000000000000e+02
6.744000000000000000e+03 4.800000000000000000e+01 7.680000000000000000e+02 -6.560000000000000000e+02
6.784000000000000000e+03 4.000000000000000000e+01 7.520000000000000000e+02 -6.480000000000000000e+02
6.824000000000000000e+03 4.000000000000000000e+01 7.520000000000000000e+02 -6.880000000000000000e+02
6.864000000000000000e+03 4.000000000000000000e+01 7.600000000000000000e+02 -6.640000000000000000e+02
6.904000000000000000e+03 4.000000000000000000e+01 7.600000000000000000e+02 -6.480000000000000000e+02
6.944000000000000000e+03 5.600000000000000000e+01 7.600000000000000000e+02 -6.320000000000000000e+02
6.976000000000000000e+03 4.800000000000000000e+01 7.840000000000000000e+02 -6.320000000000000000e+02
7.016000000000000000e+03 4.800000000000000000e+01 7.760000000000000000e+02 -6.720000000000000000e+02
7.056000000000000000e+03 4.800000000000000000e+01 7.760000000000000000e+02 -6.480000000000000000e+02
7.096000000000000000e+03 4.800000000000000000e+01 7.760000000000000000e+02 -7.200000000000000000e+02
7.136000000000000000e+03 4.000000000000000000e+01 7.920000000000000000e+02 -6.720000000000000000e+02
7.176000000000000000e+03 3.200000000000000000e+01 7.760000000000000000e+02 -6.640000000000000000e+02
7.216000000000000000e+03 4.000000000000000000e+01 7.680000000000000000e+02 -6.320000000000000000e+02
7.256000000000000000e+03 4.000000000000000000e+01 7.680000000000000000e+02 -6.320000000000000000e+02
7.296000000000000000e+03 3.200000000000000000e+01 7.680000000000000000e+02 -6.640000000000000000e+02
7.336000000000000000e+03 4.000000000000000000e+01 7.680000000000000000e+02 -6.640000000000000000e+02
7.376000000000000000e+03 3.200000000000000000e+01 7.680000000000000000e+02 -6.560000000000000000e+02
7.416000000000000000e+03 4.000000000000000000e+01 7.600000000000000000e+02 -6.800000000000000000e+02
7.456000000000000000e+03 4.000000000000000000e+01 7.600000000000000000e+02 -6.560000000000000000e+02
7.496000000000000000e+03 4.000000000000000000e+01 7.600000000000000000e+02 -6.720000000000000000e+02
7.536000000000000000e+03 4.000000000000000000e+01 7.360000000000000000e+02 -6.720000000000000000e+02
7.576000000000000000e+03 4.800000000000000000e+01 7.520000000000000000e+02 -6.640000000000000000e+02
7.616000000000000000e+03 4.000000000000000000e+01 7.520000000000000000e+02 -6.720000000000000000e+02
7.656000000000000000e+03 4.000000000000000000e+01 7.520000000000000000e+02 -6.720000000000000000e+02
7.696000000000000000e+03 5.600000000000000000e+01 7.520000000000000000e+02 -7.280000000000000000e+02
7.736000000000000000e+03 6.400000000000000000e+01 7.600000000000000000e+02 -6.960000000000000000e+02
7.776000000000000000e+03 4.800000000000000000e+01 7.680000000000000000e+02 -6.720000000000000000e+02
7.816000000000000000e+03 5.600000000000000000e+01 7.440000000000000000e+02 -6.640000000000000000e+02
7.856000000000000000e+03 4.000000000000000000e+01 7.600000000000000000e+02 -6.640000000000000000e+02
7.896000000000000000e+03 4.000000000000000000e+01 7.600000000000000000e+02 -6.560000000000000000e+02
7.936000000000000000e+03 4.800000000000000000e+01 7.440000000000000000e+02 -6.720000000000000000e+02
7.969000000000000000e+03 5.600000000000000000e+01 7.600000000000000000e+02 -6.640000000000000000e+02
8.009000000000000000e+03 4.800000000000000000e+01 7.600000000000000000e+02 -6.480000000000000000e+02
8.049000000000000000e+03 4.000000000000000000e+01 7.760000000000000000e+02 -6.640000000000000000e+02
8.089000000000000000e+03 2.400000000000000000e+01 7.680000000000000000e+02 -6.720000000000000000e+02
8.129000000000000000e+03 1.600000000000000000e+01 7.600000000000000000e+02 -6.880000000000000000e+02
8.169000000000000000e+03 3.200000000000000000e+01 7.600000000000000000e+02 -6.720000000000000000e+02
8.209000000000000000e+03 3.200000000000000000e+01 7.680000000000000000e+02 -6.480000000000000000e+02
8.249000000000000000e+03 3.200000000000000000e+01 7.680000000000000000e+02 -6.800000000000000000e+02
8.289000000000000000e+03 4.000000000000000000e+01 7.600000000000000000e+02 -5.920000000000000000e+02
8.329000000000000000e+03 3.200000000000000000e+01 7.600000000000000000e+02 -6.640000000000000000e+02
8.369000000000000000e+03 1.600000000000000000e+01 7.600000000000000000e+02 -6.720000000000000000e+02
8.409000000000000000e+03 4.800000000000000000e+01 7.680000000000000000e+02 -6.720000000000000000e+02
8.449000000000000000e+03 4.000000000000000000e+01 7.440000000000000000e+02 -6.720000000000000000e+02
8.489000000000000000e+03 4.000000000000000000e+01 7.520000000000000000e+02 -6.640000000000000000e+02
8.529000000000000000e+03 6.400000000000000000e+01 7.600000000000000000e+02 -6.640000000000000000e+02
8.569000000000000000e+03 4.800000000000000000e+01 7.680000000000000000e+02 -6.640000000000000000e+02
8.609000000000000000e+03 4.000000000000000000e+01 7.680000000000000000e+02 -6.640000000000000000e+02
8.649000000000000000e+03 3.200000000000000000e+01 7.680000000000000000e+02 -6.720000000000000000e+02
8.689000000000000000e+03 3.200000000000000000e+01 7.600000000000000000e+02 -6.800000000000000000e+02
8.729000000000000000e+03 4.000000000000000000e+01 7.600000000000000000e+02 -6.560000000000000000e+02
8.769000000000000000e+03 4.000000000000000000e+01 7.680000000000000000e+02 -6.960000000000000000e+02
8.809000000000000000e+03 4.000000000000000000e+01 7.680000000000000000e+02 -6.640000000000000000e+02
8.849000000000000000e+03 3.200000000000000000e+01 7.600000000000000000e+02 -6.720000000000000000e+02
8.889000000000000000e+03 3.200000000000000000e+01 7.520000000000000000e+02 -6.640000000000000000e+02
8.929000000000000000e+03 6.400000000000000000e+01 7.600000000000000000e+02 -6.640000000000000000e+02
8.961000000000000000e+03 5.600000000000000000e+01 7.680000000000000000e+02 -6.560000000000000000e+02
9.001000000000000000e+03 4.800000000000000000e+01 7.520000000000000000e+02 -6.720000000000000000e+02
9.041000000000000000e+03 3.200000000000000000e+01 7.760000000000000000e+02 -6.560000000000000000e+02
9.081000000000000000e+03 2.400000000000000000e+01 7.760000000000000000e+02 -6.720000000000000000e+02
9.121000000000000000e+03 3.200000000000000000e+01 7.680000000000000000e+02 -6.640000000000000000e+02
9.161000000000000000e+03 5.600000000000000000e+01 7.600000000000000000e+02 -6.480000000000000000e+02
9.201000000000000000e+03 5.600000000000000000e+01 7.600000000000000000e+02 -6.800000000000000000e+02
9.241000000000000000e+03 3.200000000000000000e+01 7.680000000000000000e+02 -6.640000000000000000e+02
9.281000000000000000e+03 4.000000000000000000e+01 7.680000000000000000e+02 -6.800000000000000000e+02
9.321000000000000000e+03 3.200000000000000000e+01 7.600000000000000000e+02 -6.640000000000000000e+02
9.361000000000000000e+03 2.400000000000000000e+01 7.600000000000000000e+02 -6.480000000000000000e+02
9.401000000000000000e+03 3.200000000000000000e+01 7.680000000000000000e+02 -6.000000000000000000e+02
9.441000000000000000e+03 3.200000000000000000e+01 7.680000000000000000e+02 -6.640000000000000000e+02
9.481000000000000000e+03 4.000000000000000000e+01 7.680000000000000000e+02 -6.640000000000000000e+02
9.521000000000000000e+03 4.000000000000000000e+01 7.680000000000000000e+02 -6.880000000000000000e+02
9.561000000000000000e+03 4.000000000000000000e+01 7.680000000000000000e+02 -6.640000000000000000e+02
9.601000000000000000e+03 4.000000000000000000e+01 7.600000000000000000e+02 -6.640000000000000000e+02
9.641000000000000000e+03 3.200000000000000000e+01 7.600000000000000000e+02 -6.800000000000000000e+02
9.681000000000000000e+03 3.200000000000000000e+01 7.600000000000000000e+02 -6.720000000000000000e+02
9.721000000000000000e+03 4.000000000000000000e+01 7.520000000000000000e+02 -6.720000000000000000e+02
9.761000000000000000e+03 4.000000000000000000e+01 7.680000000000000000e+02 -6.480000000000000000e+02
9.801000000000000000e+03 3.200000000000000000e+01 7.680000000000000000e+02 -6.320000000000000000e+02
9.841000000000000000e+03 4.000000000000000000e+01 7.680000000000000000e+02 -6.560000000000000000e+02
9.881000000000000000e+03 4.000000000000000000e+01 7.680000000000000000e+02 -6.640000000000000000e+02
9.921000000000000000e+03 4.000000000000000000e+01 7.600000000000000000e+02 -6.560000000000000000e+02
9.954000000000000000e+03 3.200000000000000000e+01 7.600000000000000000e+02 -6.560000000000000000e+02
9.994000000000000000e+03 3.200000000000000000e+01 7.600000000000000000e+02 -6.720000000000000000e+02
1.003400000000000000e+04 4.000000000000000000e+01 7.680000000000000000e+02 -6.720000000000000000e+02
1.007400000000000000e+04 4.000000000000000000e+01 7.840000000000000000e+02 -6.480000000000000000e+02
1.011400000000000000e+04 4.000000000000000000e+01 7.600000000000000000e+02 -6.320000000000000000e+02
1.015400000000000000e+04 4.800000000000000000e+01 7.680000000000000000e+02 -6.640000000000000000e+02
1.019400000000000000e+04 4.000000000000000000e+01 7.600000000000000000e+02 -6.320000000000000000e+02
1.023400000000000000e+04 4.000000000000000000e+01 7.440000000000000000e+02 -6.720000000000000000e+02
1.027400000000000000e+04 3.200000000000000000e+01 7.600000000000000000e+02 -6.640000000000000000e+02
1.031400000000000000e+04 3.200000000000000000e+01 7.680000000000000000e+02 -6.480000000000000000e+02
1.035400000000000000e+04 3.200000000000000000e+01 7.600000000000000000e+02 -6.640000000000000000e+02
1.039400000000000000e+04 4.000000000000000000e+01 7.760000000000000000e+02 -6.480000000000000000e+02
1.043400000000000000e+04 4.000000000000000000e+01 7.680000000000000000e+02 -6.480000000000000000e+02
1.047400000000000000e+04 4.000000000000000000e+01 7.760000000000000000e+02 -6.640000000000000000e+02
1.051400000000000000e+04 4.000000000000000000e+01 7.680000000000000000e+02 -6.400000000000000000e+02
1.055400000000000000e+04 4.000000000000000000e+01 7.680000000000000000e+02 -6.480000000000000000e+02
1.059400000000000000e+04 3.200000000000000000e+01 7.680000000000000000e+02 -6.560000000000000000e+02
1.063400000000000000e+04 4.000000000000000000e+01 7.600000000000000000e+02 -6.640000000000000000e+02
1.067400000000000000e+04 4.800000000000000000e+01 7.760000000000000000e+02 -6.320000000000000000e+02
1.071400000000000000e+04 3.200000000000000000e+01 7.680000000000000000e+02 -6.800000000000000000e+02
1.075400000000000000e+04 3.200000000000000000e+01 7.520000000000000000e+02 -6.480000000000000000e+02
1.079400000000000000e+04 3.200000000000000000e+01 7.520000000000000000e+02 -7.040000000000000000e+02
1.083400000000000000e+04 3.200000000000000000e+01 7.680000000000000000e+02 -6.960000000000000000e+02
1.087400000000000000e+04 3.200000000000000000e+01 7.680000000000000000e+02 -6.800000000000000000e+02
1.091400000000000000e+04 4.000000000000000000e+01 7.680000000000000000e+02 -6.640000000000000000e+02
1.094600000000000000e+04 3.200000000000000000e+01 7.680000000000000000e+02 -6.400000000000000000e+02
1.098600000000000000e+04 3.200000000000000000e+01 7.600000000000000000e+02 -6.640000000000000000e+02
1.102600000000000000e+04 3.200000000000000000e+01 7.840000000000000000e+02 -6.400000000000000000e+02
1.106600000000000000e+04 1.600000000000000000e+01 7.920000000000000000e+02 -6.480000000000000000e+02
1.110600000000000000e+04 3.200000000000000000e+01 7.920000000000000000e+02 -6.800000000000000000e+02
1.114600000000000000e+04 2.400000000000000000e+01 8.080000000000000000e+02 -6.560000000000000000e+02
1.118600000000000000e+04 4.000000000000000000e+01 7.760000000000000000e+02 -6.480000000000000000e+02
1.122600000000000000e+04 4.800000000000000000e+01 7.760000000000000000e+02 -6.720000000000000000e+02
1.126600000000000000e+04 4.000000000000000000e+01 7.600000000000000000e+02 -6.720000000000000000e+02
1.130600000000000000e+04 7.200000000000000000e+01 7.680000000000000000e+02 -6.720000000000000000e+02
1.134600000000000000e+04 5.600000000000000000e+01 7.600000000000000000e+02 -6.560000000000000000e+02
1.138600000000000000e+04 2.400000000000000000e+01 7.520000000000000000e+02 -6.800000000000000000e+02
1.142600000000000000e+04 3.200000000000000000e+01 7.680000000000000000e+02 -6.640000000000000000e+02
1.146600000000000000e+04 2.400000000000000000e+01 7.600000000000000000e+02 -6.400000000000000000e+02
1.150600000000000000e+04 2.400000000000000000e+01 7.440000000000000000e+02 -6.720000000000000000e+02
1.154600000000000000e+04 3.200000000000000000e+01 7.600000000000000000e+02 -7.040000000000000000e+02
1.158600000000000000e+04 4.000000000000000000e+01 7.600000000000000000e+02 -6.560000000000000000e+02
1.162600000000000000e+04 3.200000000000000000e+01 7.680000000000000000e+02 -6.880000000000000000e+02
1.166600000000000000e+04 3.200000000000000000e+01 7.600000000000000000e+02 -6.640000000000000000e+02
1.170600000000000000e+04 3.200000000000000000e+01 7.680000000000000000e+02 -6.560000000000000000e+02
1.174600000000000000e+04 4.000000000000000000e+01 7.680000000000000000e+02 -6.640000000000000000e+02
1.178600000000000000e+04 3.200000000000000000e+01 7.440000000000000000e+02 -6.720000000000000000e+02
1.182600000000000000e+04 4.000000000000000000e+01 7.680000000000000000e+02 -6.960000000000000000e+02
1.186600000000000000e+04 4.000000000000000000e+01 7.680000000000000000e+02 -6.240000000000000000e+02
1.190600000000000000e+04 3.200000000000000000e+01 7.680000000000000000e+02 -6.640000000000000000e+02
1.193800000000000000e+04 2.400000000000000000e+01 7.680000000000000000e+02 -6.080000000000000000e+02
1.197800000000000000e+04 3.200000000000000000e+01 7.600000000000000000e+02 -6.960000000000000000e+02
1.201800000000000000e+04 3.200000000000000000e+01 7.680000000000000000e+02 -6.720000000000000000e+02
1.205800000000000000e+04 2.400000000000000000e+01 7.520000000000000000e+02 -6.560000000000000000e+02
1.209800000000000000e+04 3.200000000000000000e+01 7.520000000000000000e+02 -6.560000000000000000e+02
1.213800000000000000e+04 2.400000000000000000e+01 7.680000000000000000e+02 -6.640000000000000000e+02
1.217800000000000000e+04 2.400000000000000000e+01 7.840000000000000000e+02 -6.480000000000000000e+02
1.221800000000000000e+04 3.200000000000000000e+01 7.840000000000000000e+02 -6.560000000000000000e+02
1.225800000000000000e+04 3.200000000000000000e+01 7.760000000000000000e+02 -6.640000000000000000e+02
1.229800000000000000e+04 3.200000000000000000e+01 7.680000000000000000e+02 -6.880000000000000000e+02
1.233800000000000000e+04 3.200000000000000000e+01 7.680000000000000000e+02 -6.720000000000000000e+02
1.237800000000000000e+04 3.200000000000000000e+01 7.600000000000000000e+02 -6.560000000000000000e+02
1.241800000000000000e+04 4.000000000000000000e+01 7.600000000000000000e+02 -6.720000000000000000e+02
1.245800000000000000e+04 3.200000000000000000e+01 7.600000000000000000e+02 -6.560000000000000000e+02
1.249800000000000000e+04 4.000000000000000000e+01 7.600000000000000000e+02 -6.560000000000000000e+02
1.253800000000000000e+04 4.000000000000000000e+01 7.680000000000000000e+02 -6.640000000000000000e+02
1.257800000000000000e+04 3.200000000000000000e+01 7.520000000000000000e+02 -6.720000000000000000e+02
1.261800000000000000e+04 3.200000000000000000e+01 7.680000000000000000e+02 -6.560000000000000000e+02
1.265800000000000000e+04 3.200000000000000000e+01 7.680000000000000000e+02 -6.480000000000000000e+02
1.269800000000000000e+04 3.200000000000000000e+01 7.680000000000000000e+02 -6.640000000000000000e+02
1.273800000000000000e+04 3.200000000000000000e+01 7.760000000000000000e+02 -6.480000000000000000e+02
1.277800000000000000e+04 4.800000000000000000e+01 7.680000000000000000e+02 -7.120000000000000000e+02
1.281800000000000000e+04 4.000000000000000000e+01 7.600000000000000000e+02 -6.400000000000000000e+02
1.285800000000000000e+04 4.000000000000000000e+01 7.680000000000000000e+02 -6.800000000000000000e+02
1.289800000000000000e+04 4.000000000000000000e+01 7.840000000000000000e+02 -6.560000000000000000e+02
1.293000000000000000e+04 4.800000000000000000e+01 7.760000000000000000e+02 -7.040000000000000000e+02
1.297000000000000000e+04 4.000000000000000000e+01 7.520000000000000000e+02 -6.720000000000000000e+02
1.301000000000000000e+04 3.200000000000000000e+01 7.680000000000000000e+02 -6.560000000000000000e+02
1.305000000000000000e+04 3.200000000000000000e+01 7.600000000000000000e+02 -6.640000000000000000e+02
1.309000000000000000e+04 3.200000000000000000e+01 7.680000000000000000e+02 -6.560000000000000000e+02
1.313000000000000000e+04 3.200000000000000000e+01 7.680000000000000000e+02 -6.720000000000000000e+02
1.317000000000000000e+04 4.000000000000000000e+01 7.600000000000000000e+02 -6.240000000000000000e+02
1.321000000000000000e+04 4.000000000000000000e+01 7.600000000000000000e+02 -6.560000000000000000e+02
1.325000000000000000e+04 3.200000000000000000e+01 7.600000000000000000e+02 -6.640000000000000000e+02
1.329000000000000000e+04 3.200000000000000000e+01 7.760000000000000000e+02 -6.640000000000000000e+02
1.333000000000000000e+04 3.200000000000000000e+01 7.680000000000000000e+02 -6.640000000000000000e+02
1.337000000000000000e+04 3.200000000000000000e+01 7.600000000000000000e+02 -6.640000000000000000e+02
1.341000000000000000e+04 3.200000000000000000e+01 7.520000000000000000e+02 -6.560000000000000000e+02
1.345000000000000000e+04 4.000000000000000000e+01 7.600000000000000000e+02 -6.640000000000000000e+02
1.349000000000000000e+04 4.800000000000000000e+01 7.600000000000000000e+02 -6.640000000000000000e+02
1.353000000000000000e+04 4.800000000000000000e+01 7.520000000000000000e+02 -6.400000000000000000e+02
1.357000000000000000e+04 4.000000000000000000e+01 7.520000000000000000e+02 -6.800000000000000000e+02
1.361000000000000000e+04 3.200000000000000000e+01 7.520000000000000000e+02 -6.640000000000000000e+02
1.365000000000000000e+04 3.200000000000000000e+01 7.600000000000000000e+02 -6.560000000000000000e+02
1.369000000000000000e+04 4.000000000000000000e+01 7.600000000000000000e+02 -6.720000000000000000e+02
1.373000000000000000e+04 4.000000000000000000e+01 7.600000000000000000e+02 -6.640000000000000000e+02
1.377000000000000000e+04 3.200000000000000000e+01 7.600000000000000000e+02 -6.720000000000000000e+02
1.381000000000000000e+04 3.200000000000000000e+01 7.600000000000000000e+02 -6.720000000000000000e+02
1.385000000000000000e+04 4.000000000000000000e+01 7.600000000000000000e+02 -6.800000000000000000e+02
1.389000000000000000e+04 3.200000000000000000e+01 7.440000000000000000e+02 -6.640000000000000000e+02
1.392300000000000000e+04 2.400000000000000000e+01 7.520000000000000000e+02 -6.800000000000000000e+02
1.396300000000000000e+04 1.600000000000000000e+01 7.600000000000000000e+02 -6.480000000000000000e+02
1.400300000000000000e+04 4.800000000000000000e+01 7.840000000000000000e+02 -6.640000000000000000e+02
1.404300000000000000e+04 4.800000000000000000e+01 7.760000000000000000e+02 -6.800000000000000000e+02
1.408300000000000000e+04 4.000000000000000000e+01 7.680000000000000000e+02 -6.480000000000000000e+02
1.412300000000000000e+04 3.200000000000000000e+01 7.840000000000000000e+02 -6.560000000000000000e+02
1.416300000000000000e+04 2.400000000000000000e+01 7.680000000000000000e+02 -6.400000000000000000e+02
1.420300000000000000e+04 2.400000000000000000e+01 7.680000000000000000e+02 -6.560000000000000000e+02
1.424300000000000000e+04 3.200000000000000000e+01 7.600000000000000000e+02 -6.320000000000000000e+02
1.428300000000000000e+04 4.000000000000000000e+01 7.600000000000000000e+02 -6.400000000000000000e+02
1.432300000000000000e+04 4.000000000000000000e+01 7.600000000000000000e+02 -6.720000000000000000e+02
1.436300000000000000e+04 3.200000000000000000e+01 7.600000000000000000e+02 -6.560000000000000000e+02
1.440300000000000000e+04 4.000000000000000000e+01 7.600000000000000000e+02 -6.640000000000000000e+02
1.444300000000000000e+04 4.000000000000000000e+01 7.680000000000000000e+02 -7.200000000000000000e+02
1.448300000000000000e+04 4.000000000000000000e+01 7.600000000000000000e+02 -6.800000000000000000e+02
1.452300000000000000e+04 4.000000000000000000e+01 7.520000000000000000e+02 -6.960000000000000000e+02
1.456300000000000000e+04 4.000000000000000000e+01 7.520000000000000000e+02 -7.040000000000000000e+02
1.460300000000000000e+04 4.000000000000000000e+01 7.600000000000000000e+02 -6.720000000000000000e+02
1.464300000000000000e+04 4.000000000000000000e+01 7.600000000000000000e+02 -6.640000000000000000e+02
1.468300000000000000e+04 4.000000000000000000e+01 7.520000000000000000e+02 -6.720000000000000000e+02
1.472300000000000000e+04 3.200000000000000000e+01 7.440000000000000000e+02 -6.720000000000000000e+02
1.476300000000000000e+04 4.000000000000000000e+01 7.440000000000000000e+02 -6.640000000000000000e+02
1.480300000000000000e+04 4.000000000000000000e+01 7.520000000000000000e+02 -6.560000000000000000e+02
1.484300000000000000e+04 4.000000000000000000e+01 7.520000000000000000e+02 -6.800000000000000000e+02
1.488300000000000000e+04 4.800000000000000000e+01 7.680000000000000000e+02 -6.560000000000000000e+02
1.491500000000000000e+04 4.000000000000000000e+01 7.840000000000000000e+02 -6.480000000000000000e+02
1.495500000000000000e+04 3.200000000000000000e+01 7.680000000000000000e+02 -6.560000000000000000e+02
1.499500000000000000e+04 3.200000000000000000e+01 7.600000000000000000e+02 -7.120000000000000000e+02
1.503500000000000000e+04 3.200000000000000000e+01 7.680000000000000000e+02 -7.200000000000000000e+02
1.507500000000000000e+04 1.600000000000000000e+01 7.600000000000000000e+02 -6.640000000000000000e+02
1.511500000000000000e+04 2.400000000000000000e+01 7.600000000000000000e+02 -6.560000000000000000e+02
1.515500000000000000e+04 3.200000000000000000e+01 7.680000000000000000e+02 -6.640000000000000000e+02
1.519500000000000000e+04 4.800000000000000000e+01 7.600000000000000000e+02 -6.320000000000000000e+02
1.523500000000000000e+04 4.000000000000000000e+01 7.760000000000000000e+02 -6.800000000000000000e+02
1.527500000000000000e+04 4.800000000000000000e+01 7.760000000000000000e+02 -6.880000000000000000e+02
1.531500000000000000e+04 4.000000000000000000e+01 7.680000000000000000e+02 -6.640000000000000000e+02
1.535500000000000000e+04 5.600000000000000000e+01 7.680000000000000000e+02 -6.720000000000000000e+02
1.539500000000000000e+04 2.400000000000000000e+01 7.600000000000000000e+02 -6.560000000000000000e+02
1.543500000000000000e+04 3.200000000000000000e+01 7.600000000000000000e+02 -6.640000000000000000e+02
1.547500000000000000e+04 4.000000000000000000e+01 7.600000000000000000e+02 -6.560000000000000000e+02
1.551500000000000000e+04 4.000000000000000000e+01 7.440000000000000000e+02 -6.720000000000000000e+02
1.555500000000000000e+04 4.800000000000000000e+01 7.360000000000000000e+02 -6.720000000000000000e+02
1.559500000000000000e+04 3.200000000000000000e+01 7.520000000000000000e+02 -6.800000000000000000e+02
1.563500000000000000e+04 3.200000000000000000e+01 7.520000000000000000e+02 -6.560000000000000000e+02
1.567500000000000000e+04 4.000000000000000000e+01 7.600000000000000000e+02 -6.560000000000000000e+02
1.571500000000000000e+04 4.000000000000000000e+01 7.600000000000000000e+02 -6.320000000000000000e+02
1.575500000000000000e+04 4.800000000000000000e+01 7.760000000000000000e+02 -6.880000000000000000e+02
1.579500000000000000e+04 4.000000000000000000e+01 7.680000000000000000e+02 -6.720000000000000000e+02
1.583500000000000000e+04 4.000000000000000000e+01 7.760000000000000000e+02 -6.960000000000000000e+02
1.587500000000000000e+04 1.600000000000000000e+01 7.680000000000000000e+02 -6.560000000000000000e+02
1.590800000000000000e+04 8.000000000000000000e+00 7.840000000000000000e+02 -6.560000000000000000e+02
1.594800000000000000e+04 1.600000000000000000e+01 7.680000000000000000e+02 -6.640000000000000000e+02
1.598800000000000000e+04 4.800000000000000000e+01 7.600000000000000000e+02 -6.480000000000000000e+02
1.602800000000000000e+04 4.000000000000000000e+01 7.600000000000000000e+02 -6.640000000000000000e+02
1.606800000000000000e+04 4.000000000000000000e+01 7.600000000000000000e+02 -6.880000000000000000e+02
1.610800000000000000e+04 4.000000000000000000e+01 7.680000000000000000e+02 -6.640000000000000000e+02
1.614800000000000000e+04 3.200000000000000000e+01 7.680000000000000000e+02 -6.720000000000000000e+02
1.618800000000000000e+04 2.400000000000000000e+01 7.680000000000000000e+02 -6.640000000000000000e+02
1.622800000000000000e+04 3.200000000000000000e+01 7.600000000000000000e+02 -6.400000000000000000e+02
1.626800000000000000e+04 3.200000000000000000e+01 7.600000000000000000e+02 -6.640000000000000000e+02
1.630800000000000000e+04 3.200000000000000000e+01 7.200000000000000000e+02 -6.800000000000000000e+02
1.634800000000000000e+04 4.000000000000000000e+01 7.280000000000000000e+02 -6.720000000000000000e+02
1.638800000000000000e+04 5.600000000000000000e+01 7.440000000000000000e+02 -6.560000000000000000e+02
1.642800000000000000e+04 5.600000000000000000e+01 7.600000000000000000e+02 -6.880000000000000000e+02
1.646800000000000000e+04 4.800000000000000000e+01 7.600000000000000000e+02 -6.640000000000000000e+02
1.650800000000000000e+04 4.000000000000000000e+01 7.680000000000000000e+02 -6.720000000000000000e+02
1.654800000000000000e+04 4.800000000000000000e+01 7.600000000000000000e+02 -6.640000000000000000e+02
1.658800000000000000e+04 4.000000000000000000e+01 7.600000000000000000e+02 -6.720000000000000000e+02
1.662800000000000000e+04 4.800000000000000000e+01 7.680000000000000000e+02 -6.560000000000000000e+02
1.666800000000000000e+04 4.800000000000000000e+01 7.600000000000000000e+02 -6.880000000000000000e+02
1.670800000000000000e+04 6.400000000000000000e+01 7.520000000000000000e+02 -6.720000000000000000e+02
1.674800000000000000e+04 4.800000000000000000e+01 7.600000000000000000e+02 -6.720000000000000000e+02
1.678800000000000000e+04 4.000000000000000000e+01 7.280000000000000000e+02 -6.800000000000000000e+02
1.682800000000000000e+04 4.800000000000000000e+01 7.440000000000000000e+02 -6.480000000000000000e+02
1.686800000000000000e+04 4.800000000000000000e+01 7.520000000000000000e+02 -6.640000000000000000e+02
1.690000000000000000e+04 4.800000000000000000e+01 7.600000000000000000e+02 -6.720000000000000000e+02
1.694000000000000000e+04 4.800000000000000000e+01 7.600000000000000000e+02 -6.880000000000000000e+02
1.698000000000000000e+04 3.200000000000000000e+01 7.360000000000000000e+02 -6.960000000000000000e+02
1.702000000000000000e+04 3.200000000000000000e+01 7.520000000000000000e+02 -6.960000000000000000e+02
1.706000000000000000e+04 3.200000000000000000e+01 7.600000000000000000e+02 -6.800000000000000000e+02
1.710000000000000000e+04 4.800000000000000000e+01 7.840000000000000000e+02 -6.720000000000000000e+02
1.714000000000000000e+04 5.600000000000000000e+01 7.600000000000000000e+02 -6.880000000000000000e+02
1.718000000000000000e+04 4.000000000000000000e+01 7.760000000000000000e+02 -6.560000000000000000e+02
1.722000000000000000e+04 4.000000000000000000e+01 7.600000000000000000e+02 -6.720000000000000000e+02
1.726000000000000000e+04 4.000000000000000000e+01 7.760000000000000000e+02 -6.640000000000000000e+02
1.730000000000000000e+04 4.000000000000000000e+01 7.680000000000000000e+02 -6.640000000000000000e+02
1.734000000000000000e+04 4.000000000000000000e+01 7.600000000000000000e+02 -6.800000000000000000e+02
1.738000000000000000e+04 3.200000000000000000e+01 7.520000000000000000e+02 -6.560000000000000000e+02
1.742000000000000000e+04 4.000000000000000000e+01 7.600000000000000000e+02 -6.800000000000000000e+02
1.746000000000000000e+04 4.000000000000000000e+01 7.360000000000000000e+02 -6.960000000000000000e+02
1.750000000000000000e+04 2.400000000000000000e+01 7.520000000000000000e+02 -6.880000000000000000e+02
1.754000000000000000e+04 3.200000000000000000e+01 7.600000000000000000e+02 -6.640000000000000000e+02
1.758000000000000000e+04 4.000000000000000000e+01 7.520000000000000000e+02 -6.560000000000000000e+02
1.762000000000000000e+04 4.000000000000000000e+01 7.520000000000000000e+02 -6.720000000000000000e+02
1.766000000000000000e+04 6.400000000000000000e+01 7.520000000000000000e+02 -6.720000000000000000e+02
1.770000000000000000e+04 5.600000000000000000e+01 7.520000000000000000e+02 -6.720000000000000000e+02
1.774000000000000000e+04 4.000000000000000000e+01 7.440000000000000000e+02 -6.800000000000000000e+02
1.778000000000000000e+04 4.000000000000000000e+01 7.680000000000000000e+02 -6.560000000000000000e+02
1.782000000000000000e+04 4.000000000000000000e+01 7.440000000000000000e+02 -6.720000000000000000e+02
1.786000000000000000e+04 3.200000000000000000e+01 7.600000000000000000e+02 -6.800000000000000000e+02
1.789300000000000000e+04 4.000000000000000000e+01 7.600000000000000000e+02 -6.720000000000000000e+02
1.793300000000000000e+04 4.000000000000000000e+01 7.760000000000000000e+02 -6.640000000000000000e+02
1.797300000000000000e+04 6.400000000000000000e+01 7.680000000000000000e+02 -6.640000000000000000e+02
1.801300000000000000e+04 4.800000000000000000e+01 7.680000000000000000e+02 -6.800000000000000000e+02
1.805300000000000000e+04 4.000000000000000000e+01 7.760000000000000000e+02 -6.560000000000000000e+02
1.809300000000000000e+04 2.400000000000000000e+01 7.760000000000000000e+02 -6.720000000000000000e+02
1.813300000000000000e+04 4.800000000000000000e+01 7.600000000000000000e+02 -6.880000000000000000e+02
1.817300000000000000e+04 6.400000000000000000e+01 7.600000000000000000e+02 -6.800000000000000000e+02
1.821300000000000000e+04 5.600000000000000000e+01 7.600000000000000000e+02 -6.720000000000000000e+02
1.825300000000000000e+04 4.000000000000000000e+01 7.520000000000000000e+02 -6.880000000000000000e+02
1.829300000000000000e+04 2.400000000000000000e+01 7.600000000000000000e+02 -6.720000000000000000e+02
1.833300000000000000e+04 3.200000000000000000e+01 7.520000000000000000e+02 -6.880000000000000000e+02
1.837300000000000000e+04 3.200000000000000000e+01 7.440000000000000000e+02 -6.720000000000000000e+02
1.841300000000000000e+04 4.000000000000000000e+01 7.520000000000000000e+02 -6.720000000000000000e+02
1.845300000000000000e+04 4.000000000000000000e+01 7.680000000000000000e+02 -6.560000000000000000e+02
1.849300000000000000e+04 4.000000000000000000e+01 7.920000000000000000e+02 -6.640000000000000000e+02
1.853300000000000000e+04 4.000000000000000000e+01 7.680000000000000000e+02 -6.880000000000000000e+02
1.857300000000000000e+04 4.000000000000000000e+01 7.680000000000000000e+02 -6.880000000000000000e+02
1.861300000000000000e+04 4.000000000000000000e+01 7.840000000000000000e+02 -6.880000000000000000e+02
1.865300000000000000e+04 4.000000000000000000e+01 7.680000000000000000e+02 -6.560000000000000000e+02
1.869300000000000000e+04 3.200000000000000000e+01 7.680000000000000000e+02 -6.640000000000000000e+02
1.873300000000000000e+04 4.000000000000000000e+01 7.600000000000000000e+02 -6.880000000000000000e+02
1.877300000000000000e+04 3.200000000000000000e+01 7.600000000000000000e+02 -6.640000000000000000e+02
1.881300000000000000e+04 3.200000000000000000e+01 7.520000000000000000e+02 -6.720000000000000000e+02
1.885300000000000000e+04 4.000000000000000000e+01 7.520000000000000000e+02 -6.640000000000000000e+02
1.888500000000000000e+04 4.000000000000000000e+01 7.520000000000000000e+02 -6.880000000000000000e+02
1.892500000000000000e+04 4.800000000000000000e+01 7.680000000000000000e+02 -6.640000000000000000e+02
1.896500000000000000e+04 4.000000000000000000e+01 7.680000000000000000e+02 -6.720000000000000000e+02
1.900500000000000000e+04 2.400000000000000000e+01 7.600000000000000000e+02 -7.040000000000000000e+02
1.904500000000000000e+04 3.200000000000000000e+01 7.440000000000000000e+02 -6.880000000000000000e+02
1.908500000000000000e+04 3.200000000000000000e+01 7.520000000000000000e+02 -6.720000000000000000e+02
1.912500000000000000e+04 4.000000000000000000e+01 7.600000000000000000e+02 -6.800000000000000000e+02
1.916500000000000000e+04 3.200000000000000000e+01 7.680000000000000000e+02 -6.640000000000000000e+02
1.920500000000000000e+04 4.000000000000000000e+01 7.440000000000000000e+02 -6.640000000000000000e+02
1.924500000000000000e+04 4.000000000000000000e+01 7.520000000000000000e+02 -6.400000000000000000e+02
1.928500000000000000e+04 2.400000000000000000e+01 7.520000000000000000e+02 -6.880000000000000000e+02
1.932500000000000000e+04 3.200000000000000000e+01 7.520000000000000000e+02 -6.880000000000000000e+02
1.936500000000000000e+04 3.200000000000000000e+01 7.520000000000000000e+02 -6.720000000000000000e+02
1.940500000000000000e+04 4.000000000000000000e+01 7.520000000000000000e+02 -6.720000000000000000e+02
1.944500000000000000e+04 4.000000000000000000e+01 7.200000000000000000e+02 -6.240000000000000000e+02
1.948500000000000000e+04 4.000000000000000000e+01 7.120000000000000000e+02 -6.960000000000000000e+02
1.952500000000000000e+04 3.200000000000000000e+01 7.360000000000000000e+02 -7.040000000000000000e+02
1.956500000000000000e+04 3.200000000000000000e+01 7.760000000000000000e+02 -6.640000000000000000e+02
1.960500000000000000e+04 4.000000000000000000e+01 7.680000000000000000e+02 -6.640000000000000000e+02
1.964500000000000000e+04 6.400000000000000000e+01 7.600000000000000000e+02 -6.960000000000000000e+02
1.968500000000000000e+04 5.600000000000000000e+01 7.520000000000000000e+02 -6.800000000000000000e+02
1.972500000000000000e+04 4.800000000000000000e+01 7.600000000000000000e+02 -6.720000000000000000e+02
1.976500000000000000e+04 8.000000000000000000e+01 7.680000000000000000e+02 -6.960000000000000000e+02
1.980500000000000000e+04 5.600000000000000000e+01 7.680000000000000000e+02 -6.640000000000000000e+02
1.984500000000000000e+04 4.800000000000000000e+01 7.600000000000000000e+02 -6.800000000000000000e+02
