7.300000000000000000e+01 -1.120000000000000000e+02 7.200000000000000000e+02 -7.120000000000000000e+02
1.130000000000000000e+02 -1.280000000000000000e+02 7.120000000000000000e+02 -6.960000000000000000e+02
1.530000000000000000e+02 -1.280000000000000000e+02 7.040000000000000000e+02 -7.120000000000000000e+02
1.930000000000000000e+02 -1.280000000000000000e+02 7.120000000000000000e+02 -7.120000000000000000e+02
2.330000000000000000e+02 -1.200000000000000000e+02 7.120000000000000000e+02 -7.040000000000000000e+02
2.730000000000000000e+02 -1.120000000000000000e+02 7.120000000000000000e+02 -7.200000000000000000e+02
3.130000000000000000e+02 -1.120000000000000000e+02 7.120000000000000000e+02 -7.200000000000000000e+02
3.530000000000000000e+02 -1.200000000000000000e+02 7.120000000000000000e+02 -7.200000000000000000e+02
3.930000000000000000e+02 -1.200000000000000000e+02 7.280000000000000000e+02 -6.960000000000000000e+02
4.330000000000000000e+02 -1.360000000000000000e+02 7.200000000000000000e+02 -7.280000000000000000e+02
4.730000000000000000e+02 -1.360000000000000000e+02 7.200000000000000000e+02 -7.440000000000000000e+02
5.130000000000000000e+02 -1.120000000000000000e+02 7.120000000000000000e+02 -7.040000000000000000e+02
5.530000000000000000e+02 -1.280000000000000000e+02 7.040000000000000000e+02 -7.200000000000000000e+02
5.930000000000000000e+02 -1.120000000000000000e+02 7.120000000000000000e+02 -7.120000000000000000e+02
6.330000000000000000e+02 -1.120000000000000000e+02 6.960000000000000000e+02 -7.280000000000000000e+02
6.730000000000000000e+02 -1.120000000000000000e+02 6.960000000000000000e+02 -6.720000000000000000e+02
7.130000000000000000e+02 -1.120000000000000000e+02 7.040000000000000000e+02 -6.880000000000000000e+02
7.530000000000000000e+02 -1.280000000000000000e+02 7.440000000000000000e+02 -7.600000000000000000e+02
7.930000000000000000e+02 -1.280000000000000000e+02 7.200000000000000000e+02 -7.040000000000000000e+02
8.330000000000000000e+02 -1.200000000000000000e+02 7.120000000000000000e+02 -7.040000000000000000e+02
8.730000000000000000e+02 -1.360000000000000000e+02 7.040000000000000000e+02 -7.200000000000000000e+02
9.130000000000000000e+02 -1.280000000000000000e+02 7.120000000000000000e+02 -7.360000000000000000e+02
9.530000000000000000e+02 -1.200000000000000000e+02 7.120000000000000000e+02 -7.040000000000000000e+02
9.930000000000000000e+02 -1.440000000000000000e+02 6.960000000000000000e+02 -7.040000000000000000e+02
1.033000000000000000e+03 -1.360000000000000000e+02 7.200000000000000000e+02 -7.200000000000000000e+02
1.064000000000000000e+03 -1.360000000000000000e+02 7.200000000000000000e+02 -7.040000000000000000e+02
1.104000000000000000e+03 -1.280000000000000000e+02 7.200000000000000000e+02 -7.440000000000000000e+02
1.144000000000000000e+03 -1.200000000000000000e+02 7.200000000000000000e+02 -7.040000000000000000e+02
1.184000000000000000e+03 -1.280000000000000000e+02 7.120000000000000000e+02 -7.120000000000000000e+02
1.224000000000000000e+03 -1.280000000000000000e+02 7.280000000000000000e+02 -7.280000000000000000e+02
1.264000000000000000e+03 -1.120000000000000000e+02 7.200000000000000000e+02 -7.040000000000000000e+02
1.304000000000000000e+03 -1.280000000000000000e+02 7.120000000000000000e+02 -7.280000000000000000e+02
1.344000000000000000e+03 -1.200000000000000000e+02 7.040000000000000000e+02 -6.800000000000000000e+02
1.384000000000000000e+03 -1.440000000000000000e+02 7.280000000000000000e+02 -7.040000000000000000e+02
1.424000000000000000e+03 -1.280000000000000000e+02 7.200000000000000000e+02 -7.040000000000000000e+02
1.464000000000000000e+03 -1.200000000000000000e+02 7.200000000000000000e+02 -7.360000000000000000e+02
1.504000000000000000e+03 -1.040000000000000000e+02 7.200000000000000000e+02 -7.120000000000000000e+02
1.544000000000000000e+03 -1.120000000000000000e+02 7.200000000000000000e+02 -7.040000000000000000e+02
1.584000000000000000e+03 -1.120000000000000000e+02 7.200000000000000000e+02 -7.200000000000000000e+02
1.624000000000000000e+03 -1.120000000000000000e+02 7.120000000000000000e+02 -7.120000000000000000e+02
1.664000000000000000e+03 -1.520000000000000000e+02 7.040000000000000000e+02 -6.960000000000000000e+02
1.704000000000000000e+03 -1.360000000000000000e+02 7.120000000000000000e+02 -7.120000000000000000e+02
1.744000000000000000e+03 -1.280000000000000000e+02 7.040000000000000000e+02 -6.960000000000000000e+02
1.784000000000000000e+03 -1.280000000000000000e+02 6.880000000000000000e+02 -7.040000000000000000e+02
1.824000000000000000e+03 -1.200000000000000000e+02 6.960000000000000000e+02 -7.120000000000000000e+02
1.864000000000000000e+03 -1.200000000000000000e+02 7.040000000000000000e+02 -7.440000000000000000e+02
1.904000000000000000e+03 -1.280000000000000000e+02 7.040000000000000000e+02 -6.960000000000000000e+02
1.944000000000000000e+03 -1.440000000000000000e+02 7.120000000000000000e+02 -6.960000000000000000e+02
1.984000000000000000e+03 -1.280000000000000000e+02 7.280000000000000000e+02 -7.120000000000000000e+02
2.024000000000000000e+03 -1.200000000000000000e+02 7.120000000000000000e+02 -7.280000000000000000e+02
2.056000000000000000e+03 -1.120000000000000000e+02 7.040000000000000000e+02 -6.960000000000000000e+02
2.096000000000000000e+03 -1.440000000000000000e+02 7.120000000000000000e+02 -7.360000000000000000e+02
2.136000000000000000e+03 -1.760000000000000000e+02 7.120000000000000000e+02 -7.280000000000000000e+02
2.176000000000000000e+03 -1.520000000000000000e+02 7.120000000000000000e+02 -7.040000000000000000e+02
2.216000000000000000e+03 -1.360000000000000000e+02 7.040000000000000000e+02 -7.360000000000000000e+02
2.256000000000000000e+03 -1.360000000000000000e+02 7.200000000000000000e+02 -6.960000000000000000e+02
2.296000000000000000e+03 -1.200000000000000000e+02 7.120000000000000000e+02 -7.120000000000000000e+02
2.336000000000000000e+03 -1.280000000000000000e+02 7.120000000000000000e+02 -7.040000000000000000e+02
2.376000000000000000e+03 -1.200000000000000000e+02 7.040000000000000000e+02 -7.120000000000000000e+02
2.416000000000000000e+03 -9.600000000000000000e+01 7.040000000000000000e+02 -7.200000000000000000e+02
2.456000000000000000e+03 -1.040000000000000000e+02 7.040000000000000000e+02 -6.800000000000000000e+02
2.496000000000000000e+03 -1.120000000000000000e+02 7.120000000000000000e+02 -6.960000000000000000e+02
2.536000000000000000e+03 -1.200000000000000000e+02 6.880000000000000000e+02 -7.120000000000000000e+02
2.576000000000000000e+03 -1.200000000000000000e+02 6.880000000000000000e+02 -6.960000000000000000e+02
2.616000000000000000e+03 -1.200000000000000000e+02 7.040000000000000000e+02 -7.040000000000000000e+02
2.656000000000000000e+03 -1.200000000000000000e+02 6.960000000000000000e+02 -6.720000000000000000e+02
2.696000000000000000e+03 -1.200000000000000000e+02 6.960000000000000000e+02 -6.960000000000000000e+02
2.736000000000000000e+03 -1.200000000000000000e+02 7.040000000000000000e+02 -7.040000000000000000e+02
2.776000000000000000e+03 -1.200000000000000000e+02 7.040000000000000000e+02 -7.200000000000000000e+02
2.816000000000000000e+03 -1.200000000000000000e+02 7.040000000000000000e+02 -7.280000000000000000e+02
2.856000000000000000e+03 -1.120000000000000000e+02 7.200000000000000000e+02 -6.800000000000000000e+02
2.896000000000000000e+03 -1.200000000000000000e+02 7.120000000000000000e+02 -7.120000000000000000e+02
2.936000000000000000e+03 -1.200000000000000000e+02 7.120000000000000000e+02 -7.280000000000000000e+02
2.976000000000000000e+03 -1.040000000000000000e+02 6.880000000000000000e+02 -6.800000000000000000e+02
3.016000000000000000e+03 -1.280000000000000000e+02 6.960000000000000000e+02 -6.560000000000000000e+02
3.047000000000000000e+03 -1.280000000000000000e+02 6.960000000000000000e+02 -7.040000000000000000e+02
3.087000000000000000e+03 -1.280000000000000000e+02 6.880000000000000000e+02 -7.200000000000000000e+02
3.127000000000000000e+03 -1.280000000000000000e+02 6.720000000000000000e+02 -7.440000000000000000e+02
3.167000000000000000e+03 -1.280000000000000000e+02 6.960000000000000000e+02 -6.960000000000000000e+02
3.207000000000000000e+03 -1.440000000000000000e+02 7.200000000000000000e+02 -7.040000000000000000e+02
3.247000000000000000e+03 -1.280000000000000000e+02 7.280000000000000000e+02 -6.800000000000000000e+02
3.287000000000000000e+03 -1.200000000000000000e+02 7.200000000000000000e+02 -7.200000000000000000e+02
3.327000000000000000e+03 -1.200000000000000000e+02 7.040000000000000000e+02 -7.200000000000000000e+02
3.367000000000000000e+03 -1.200000000000000000e+02 7.280000000000000000e+02 -7.360000000000000000e+02
3.407000000000000000e+03 -1.200000000000000000e+02 7.360000000000000000e+02 -7.200000000000000000e+02
3.447000000000000000e+03 -1.200000000000000000e+02 7.120000000000000000e+02 -7.120000000000000000e+02
3.487000000000000000e+03 -1.200000000000000000e+02 7.040000000000000000e+02 -7.120000000000000000e+02
3.527000000000000000e+03 -1.280000000000000000e+02 7.040000000000000000e+02 -7.360000000000000000e+02
3.567000000000000000e+03 -1.360000000000000000e+02 6.960000000000000000e+02 -7.520000000000000000e+02
3.607000000000000000e+03 -1.120000000000000000e+02 6.880000000000000000e+02 -7.200000000000000000e+02
3.647000000000000000e+03 -1.120000000000000000e+02 6.960000000000000000e+02 -7.120000000000000000e+02
3.687000000000000000e+03 -1.280000000000000000e+02 7.040000000000000000e+02 -7.120000000000000000e+02
3.727000000000000000e+03 -1.200000000000000000e+02 7.040000000000000000e+02 -7.440000000000000000e+02
3.767000000000000000e+03 -1.200000000000000000e+02 6.960000000000000000e+02 -7.040000000000000000e+02
3.807000000000000000e+03 -1.120000000000000000e+02 6.960000000000000000e+02 -6.960000000000000000e+02
3.847000000000000000e+03 -1.120000000000000000e+02 6.960000000000000000e+02 -7.440000000000000000e+02
3.887000000000000000e+03 -1.280000000000000000e+02 6.960000000000000000e+02 -7.200000000000000000e+02
3.927000000000000000e+03 -1.360000000000000000e+02 6.960000000000000000e+02 -7.120000000000000000e+02
3.967000000000000000e+03 -1.280000000000000000e+02 7.040000000000000000e+02 -7.040000000000000000e+02
4.007000000000000000e+03 -1.200000000000000000e+02 6.880000000000000000e+02 -6.720000000000000000e+02
4.040000000000000000e+03 -1.280000000000000000e+02 6.880000000000000000e+02 -7.360000000000000000e+02
4.080000000000000000e+03 -1.360000000000000000e+02 6.800000000000000000e+02 -7.600000000000000000e+02
4.120000000000000000e+03 -1.360000000000000000e+02 6.880000000000000000e+02 -7.280000000000000000e+02
4.160000000000000000e+03 -1.200000000000000000e+02 6.880000000000000000e+02 -7.200000000000000000e+02
4.200000000000000000e+03 -1.120000000000000000e+02 7.200000000000000000e+02 -7.280000000000000000e+02
4.240000000000000000e+03 -8.000000000000000000e+01 7.360000000000000000e+02 -6.960000000000000000e+02
4.280000000000000000e+03 -1.200000000000000000e+02 6.880000000000000000e+02 -7.360000000000000000e+02
4.320000000000000000e+03 -1.360000000000000000e+02 6.880000000000000000e+02 -7.520000000000000000e+02
4.360000000000000000e+03 -9.600000000000000000e+01 6.480000000000000000e+02 -8.560000000000000000e+02
4.400000000000000000e+03 -1.040000000000000000e+02 6.400000000000000000e+02 -8.000000000000000000e+02
4.440000000000000000e+03 -1.360000000000000000e+02 6.480000000000000000e+02 -7.440000000000000000e+02
4.480000000000000000e+03 -1.360000000000000000e+02 6.560000000000000000e+02 -7.440000000000000000e+02
4.520000000000000000e+03 -1.360000000000000000e+02 6.640000000000000000e+02 -7.520000000000000000e+02
4.560000000000000000e+03 -9.600000000000000000e+01 6.560000000000000000e+02 -8.240000000000000000e+02
4.600000000000000000e+03 -9.600000000000000000e+01 6.560000000000000000e+02 -7.760000000000000000e+02
4.640000000000000000e+03 -1.120000000000000000e+02 6.560000000000000000e+02 -7.520000000000000000e+02
4.680000000000000000e+03 -1.040000000000000000e+02 6.400000000000000000e+02 -7.840000000000000000e+02
4.720000000000000000e+03 -1.040000000000000000e+02 6.240000000000000000e+02 -7.760000000000000000e+02
4.760000000000000000e+03 -1.120000000000000000e+02 6.320000000000000000e+02 -7.680000000000000000e+02
4.800000000000000000e+03 -1.040000000000000000e+02 6.160000000000000000e+02 -7.760000000000000000e+02
4.840000000000000000e+03 -9.600000000000000000e+01 5.840000000000000000e+02 -7.840000000000000000e+02
4.880000000000000000e+03 -1.040000000000000000e+02 5.920000000000000000e+02 -8.000000000000000000e+02
4.920000000000000000e+03 -1.120000000000000000e+02 6.160000000000000000e+02 -7.920000000000000000e+02
4.960000000000000000e+03 -1.040000000000000000e+02 6.320000000000000000e+02 -7.920000000000000000e+02
5.000000000000000000e+03 -1.040000000000000000e+02 6.240000000000000000e+02 -8.240000000000000000e+02
5.031000000000000000e+03 -1.120000000000000000e+02 6.240000000000000000e+02 -7.840000000000000000e+02
5.071000000000000000e+03 -1.120000000000000000e+02 6.320000000000000000e+02 -7.840000000000000000e+02
5.111000000000000000e+03 -9.600000000000000000e+01 6.400000000000000000e+02 -8.480000000000000000e+02
5.151000000000000000e+03 -1.120000000000000000e+02 6.240000000000000000e+02 -7.920000000000000000e+02
5.191000000000000000e+03 -1.040000000000000000e+02 6.320000000000000000e+02 -7.760000000000000000e+02
5.231000000000000000e+03 -1.040000000000000000e+02 6.560000000000000000e+02 -7.600000000000000000e+02
5.271000000000000000e+03 -1.120000000000000000e+02 6.480000000000000000e+02 -8.160000000000000000e+02
5.311000000000000000e+03 -1.120000000000000000e+02 6.160000000000000000e+02 -8.000000000000000000e+02
5.351000000000000000e+03 -1.360000000000000000e+02 6.320000000000000000e+02 -7.600000000000000000e+02
5.391000000000000000e+03 -1.200000000000000000e+02 6.240000000000000000e+02 -7.920000000000000000e+02
5.431000000000000000e+03 -1.600000000000000000e+02 6.080000000000000000e+02 -7.680000000000000000e+02
5.471000000000000000e+03 -1.360000000000000000e+02 6.000000000000000000e+02 -7.920000000000000000e+02
5.511000000000000000e+03 -1.120000000000000000e+02 6.160000000000000000e+02 -8.320000000000000000e+02
5.551000000000000000e+03 -9.600000000000000000e+01 6.000000000000000000e+02 -8.400000000000000000e+02
5.591000000000000000e+03 -1.440000000000000000e+02 6.080000000000000000e+02 -7.360000000000000000e+02
5.631000000000000000e+03 -1.440000000000000000e+02 6.320000000000000000e+02 -7.840000000000000000e+02
5.671000000000000000e+03 -1.200000000000000000e+02 6.240000000000000000e+02 -7.760000000000000000e+02
5.711000000000000000e+03 -1.200000000000000000e+02 6.320000000000000000e+02 -7.600000000000000000e+02
5.751000000000000000e+03 -1.200000000000000000e+02 6.560000000000000000e+02 -7.760000000000000000e+02
5.791000000000000000e+03 -1.120000000000000000e+02 6.400000000000000000e+02 -7.760000000000000000e+02
5.831000000000000000e+03 -1.120000000000000000e+02 6.480000000000000000e+02 -7.680000000000000000e+02
5.871000000000000000e+03 -1.040000000000000000e+02 6.400000000000000000e+02 -7.760000000000000000e+02
5.911000000000000000e+03 -1.120000000000000000e+02 6.400000000000000000e+02 -7.760000000000000000e+02
5.951000000000000000e+03 -1.120000000000000000e+02 6.320000000000000000e+02 -7.840000000000000000e+02
5.991000000000000000e+03 -1.200000000000000000e+02 6.320000000000000000e+02 -7.840000000000000000e+02
6.022000000000000000e+03 -1.120000000000000000e+02 6.320000000000000000e+02 -7.760000000000000000e+02
6.062000000000000000e+03 -1.120000000000000000e+02 6.160000000000000000e+02 -7.840000000000000000e+02
6.102000000000000000e+03 -1.200000000000000000e+02 6.320000000000000000e+02 -7.920000000000000000e+02
6.142000000000000000e+03 -1.200000000000000000e+02 6.400000000000000000e+02 -7.680000000000000000e+02
6.182000000000000000e+03 -1.200000000000000000e+02 6.320000000000000000e+02 -7.600000000000000000e+02
6.222000000000000000e+03 -1.120000000000000000e+02 6.320000000000000000e+02 -7.360000000000000000e+02
6.262000000000000000e+03 -1.120000000000000000e+02 6.320000000000000000e+02 -7.600000000000000000e+02
6.302000000000000000e+03 -1.200000000000000000e+02 6.400000000000000000e+02 -7.680000000000000000e+02
6.342000000000000000e+03 -1.200000000000000000e+02 6.400000000000000000e+02 -7.600000000000000000e+02
6.382000000000000000e+03 -1.120000000000000000e+02 6.400000000000000000e+02 -7.600000000000000000e+02
6.422000000000000000e+03 -1.120000000000000000e+02 6.320000000000000000e+02 -7.760000000000000000e+02
6.462000000000000000e+03 -1.040000000000000000e+02 6.160000000000000000e+02 -7.600000000000000000e+02
6.502000000000000000e+03 -1.120000000000000000e+02 6.240000000000000000e+02 -8.000000000000000000e+02
6.542000000000000000e+03 -1.120000000000000000e+02 6.480000000000000000e+02 -7.760000000000000000e+02
6.582000000000000000e+03 -1.120000000000000000e+02 6.320000000000000000e+02 -7.840000000000000000e+02
6.622000000000000000e+03 -1.120000000000000000e+02 6.400000000000000000e+02 -7.840000000000000000e+02
6.662000000000000000e+03 -1.200000000000000000e+02 6.400000000000000000e+02 -7.840000000000000000e+02
6.702000000000000000e+03 -1.440000000000000000e+02 6.160000000000000000e+02 -7.920000000000000000e+02
6.742000000000000000e+03 -1.200000000000000000e+02 6.320000000000000000e+02 -6.800000000000000000e+02
6.782000000000000000e+03 -1.280000000000000000e+02 6.400000000000000000e+02 -8.000000000000000000e+02
6.822000000000000000e+03 -1.360000000000000000e+02 6.320000000000000000e+02 -7.840000000000000000e+02
6.862000000000000000e+03 -1.200000000000000000e+02 6.320000000000000000e+02 -8.080000000000000000e+02
6.902000000000000000e+03 -1.120000000000000000e+02 6.320000000000000000e+02 -7.440000000000000000e+02
6.942000000000000000e+03 -1.280000000000000000e+02 6.240000000000000000e+02 -8.000000000000000000e+02
6.982000000000000000e+03 -1.360000000000000000e+02 6.320000000000000000e+02 -8.160000000000000000e+02
7.013000000000000000e+03 -1.440000000000000000e+02 6.240000000000000000e+02 -7.760000000000000000e+02
7.053000000000000000e+03 -1.280000000000000000e+02 6.320000000000000000e+02 -8.080000000000000000e+02
7.093000000000000000e+03 -1.280000000000000000e+02 6.240000000000000000e+02 -8.080000000000000000e+02
7.133000000000000000e+03 -1.200000000000000000e+02 6.160000000000000000e+02 -7.920000000000000000e+02
7.173000000000000000e+03 -1.040000000000000000e+02 6.160000000000000000e+02 -8.160000000000000000e+02
7.213000000000000000e+03 -1.040000000000000000e+02 6.240000000000000000e+02 -7.840000000000000000e+02
7.253000000000000000e+03 -1.120000000000000000e+02 6.160000000000000000e+02 -7.920000000000000000e+02
7.293000000000000000e+03 -1.280000000000000000e+02 6.160000000000000000e+02 -7.600000000000000000e+02
7.333000000000000000e+03 -1.120000000000000000e+02 6.000000000000000000e+02 -7.600000000000000000e+02
7.373000000000000000e+03 -1.120000000000000000e+02 6.080000000000000000e+02 -8.080000000000000000e+02
7.413000000000000000e+03 -1.120000000000000000e+02 6.000000000000000000e+02 -7.760000000000000000e+02
7.453000000000000000e+03 -1.120000000000000000e+02 6.000000000000000000e+02 -8.000000000000000000e+02
7.493000000000000000e+03 -1.200000000000000000e+02 6.080000000000000000e+02 -7.760000000000000000e+02
7.533000000000000000e+03 -1.040000000000000000e+02 6.080000000000000000e+02 -7.840000000000000000e+02
7.573000000000000000e+03 -9.600000000000000000e+01 6.080000000000000000e+02 -8.080000000000000000e+02
7.613000000000000000e+03 -1.120000000000000000e+02 6.400000000000000000e+02 -7.760000000000000000e+02
7.653000000000000000e+03 -1.040000000000000000e+02 6.240000000000000000e+02 -7.840000000000000000e+02
7.693000000000000000e+03 -1.040000000000000000e+02 6.000000000000000000e+02 -7.840000000000000000e+02
7.733000000000000000e+03 -1.040000000000000000e+02 6.160000000000000000e+02 -8.000000000000000000e+02
7.773000000000000000e+03 -9.600000000000000000e+01 6.000000000000000000e+02 -8.000000000000000000e+02
7.813000000000000000e+03 -1.040000000000000000e+02 6.080000000000000000e+02 -7.760000000000000000e+02
7.853000000000000000e+03 -1.120000000000000000e+02 6.160000000000000000e+02 -8.080000000000000000e+02
7.893000000000000000e+03 -1.440000000000000000e+02 6.160000000000000000e+02 -7.920000000000000000e+02
7.933000000000000000e+03 -1.280000000000000000e+02 6.160000000000000000e+02 -7.760000000000000000e+02
7.973000000000000000e+03 -1.280000000000000000e+02 6.320000000000000000e+02 -7.760000000000000000e+02
8.004000000000000000e+03 -1.200000000000000000e+02 6.320000000000000000e+02 -8.000000000000000000e+02
8.044000000000000000e+03 -1.120000000000000000e+02 6.320000000000000000e+02 -7.920000000000000000e+02
8.084000000000000000e+03 -8.800000000000000000e+01 6.320000000000000000e+02 -8.000000000000000000e+02
8.124000000000000000e+03 -9.600000000000000000e+01 6.160000000000000000e+02 -8.000000000000000000e+02
8.164000000000000000e+03 -1.120000000000000000e+02 6.240000000000000000e+02 -8.000000000000000000e+02
8.204000000000000000e+03 -1.120000000000000000e+02 6.240000000000000000e+02 -7.360000000000000000e+02
8.244000000000000000e+03 -1.040000000000000000e+02 6.080000000000000000e+02 -7.840000000000000000e+02
8.284000000000000000e+03 -1.040000000000000000e+02 6.080000000000000000e+02 -8.320000000000000000e+02
8.324000000000000000e+03 -1.120000000000000000e+02 6.080000000000000000e+02 -7.600000000000000000e+02
8.364000000000000000e+03 -1.120000000000000000e+02 6.480000000000000000e+02 -7.200000000000000000e+02
8.404000000000000000e+03 -1.200000000000000000e+02 6.080000000000000000e+02 -8.080000000000000000e+02
8.444000000000000000e+03 -1.040000000000000000e+02 5.760000000000000000e+02 -8.640000000000000000e+02
8.484000000000000000e+03 -1.040000000000000000e+02 6.080000000000000000e+02 -7.600000000000000000e+02
8.524000000000000000e+03 -1.040000000000000000e+02 6.160000000000000000e+02 -7.840000000000000000e+02
8.564000000000000000e+03 -1.120000000000000000e+02 6.000000000000000000e+02 -7.600000000000000000e+02
8.604000000000000000e+03 -1.120000000000000000e+02 6.160000000000000000e+02 -7.520000000000000000e+02
8.644000000000000000e+03 -1.200000000000000000e+02 6.080000000000000000e+02 -7.920000000000000000e+02
8.684000000000000000e+03 -1.120000000000000000e+02 6.320000000000000000e+02 -7.600000000000000000e+02
8.724000000000000000e+03 -9.600000000000000000e+01 6.240000000000000000e+02 -7.680000000000000000e+02
8.764000000000000000e+03 -1.040000000000000000e+02 6.320000000000000000e+02 -7.680000000000000000e+02
8.804000000000000000e+03 -1.040000000000000000e+02 6.400000000000000000e+02 -7.440000000000000000e+02
8.844000000000000000e+03 -1.040000000000000000e+02 6.320000000000000000e+02 -7.680000000000000000e+02
8.884000000000000000e+03 -9.600000000000000000e+01 6.320000000000000000e+02 -7.760000000000000000e+02
8.924000000000000000e+03 -1.040000000000000000e+02 6.400000000000000000e+02 -7.520000000000000000e+02
8.964000000000000000e+03 -1.120000000000000000e+02 6.320000000000000000e+02 -7.760000000000000000e+02
8.997000000000000000e+03 -1.280000000000000000e+02 6.400000000000000000e+02 -7.760000000000000000e+02
9.037000000000000000e+03 -1.200000000000000000e+02 6.240000000000000000e+02 -7.840000000000000000e+02
9.077000000000000000e+03 -1.120000000000000000e+02 6.320000000000000000e+02 -7.280000000000000000e+02
9.117000000000000000e+03 -1.120000000000000000e+02 6.400000000000000000e+02 -7.440000000000000000e+02
9.157000000000000000e+03 -1.200000000000000000e+02 6.560000000000000000e+02 -7.280000000000000000e+02
9.197000000000000000e+03 -1.120000000000000000e+02 6.400000000000000000e+02 -7.840000000000000000e+02
9.237000000000000000e+03 -1.200000000000000000e+02 6.480000000000000000e+02 -7.600000000000000000e+02
9.277000000000000000e+03 -1.360000000000000000e+02 6.480000000000000000e+02 -7.760000000000000000e+02
9.317000000000000000e+03 -1.200000000000000000e+02 6.880000000000000000e+02 -7.120000000000000000e+02
9.357000000000000000e+03 -1.040000000000000000e+02 6.800000000000000000e+02 -7.120000000000000000e+02
9.397000000000000000e+03 -1.120000000000000000e+02 6.960000000000000000e+02 -7.360000000000000000e+02
9.437000000000000000e+03 -9.600000000000000000e+01 6.880000000000000000e+02 -7.040000000000000000e+02
9.477000000000000000e+03 -8.800000000000000000e+01 7.120000000000000000e+02 -7.360000000000000000e+02
9.517000000000000000e+03 -8.000000000000000000e+01 6.880000000000000000e+02 -7.360000000000000000e+02
9.557000000000000000e+03 -8.800000000000000000e+01 6.800000000000000000e+02 -7.920000000000000000e+02
9.597000000000000000e+03 -7.200000000000000000e+01 6.880000000000000000e+02 -7.120000000000000000e+02
9.637000000000000000e+03 -8.800000000000000000e+01 6.880000000000000000e+02 -6.880000000000000000e+02
9.677000000000000000e+03 -1.040000000000000000e+02 6.560000000000000000e+02 -7.200000000000000000e+02
9.717000000000000000e+03 -8.800000000000000000e+01 6.720000000000000000e+02 -7.600000000000000000e+02
9.757000000000000000e+03 -7.200000000000000000e+01 6.800000000000000000e+02 -7.120000000000000000e+02
9.797000000000000000e+03 -8.800000000000000000e+01 7.040000000000000000e+02 -7.200000000000000000e+02
9.837000000000000000e+03 -9.600000000000000000e+01 7.440000000000000000e+02 -7.040000000000000000e+02
9.877000000000000000e+03 -8.800000000000000000e+01 6.960000000000000000e+02 -7.200000000000000000e+02
9.917000000000000000e+03 -8.000000000000000000e+01 6.480000000000000000e+02 -7.680000000000000000e+02
9.957000000000000000e+03 -8.000000000000000000e+01 6.400000000000000000e+02 -7.840000000000000000e+02
9.987000000000000000e+03 -8.000000000000000000e+01 6.240000000000000000e+02 -7.760000000000000000e+02
1.002700000000000000e+04 -1.120000000000000000e+02 6.160000000000000000e+02 -6.640000000000000000e+02
1.006700000000000000e+04 -8.000000000000000000e+01 6.320000000000000000e+02 -7.360000000000000000e+02
1.010700000000000000e+04 -8.800000000000000000e+01 6.720000000000000000e+02 -7.200000000000000000e+02
1.014700000000000000e+04 -8.000000000000000000e+01 6.480000000000000000e+02 -8.000000000000000000e+02
1.018700000000000000e+04 -8.000000000000000000e+01 6.320000000000000000e+02 -7.200000000000000000e+02
1.022700000000000000e+04 -9.600000000000000000e+01 6.720000000000000000e+02 -7.040000000000000000e+02
1.026700000000000000e+04 -1.040000000000000000e+02 6.640000000000000000e+02 -7.280000000000000000e+02
1.030700000000000000e+04 -9.600000000000000000e+01 6.800000000000000000e+02 -7.200000000000000000e+02
1.034700000000000000e+04 -8.800000000000000000e+01 6.480000000000000000e+02 -7.760000000000000000e+02
1.038700000000000000e+04 -8.000000000000000000e+01 6.480000000000000000e+02 -7.440000000000000000e+02
1.042700000000000000e+04 -9.600000000000000000e+01 6.480000000000000000e+02 -7.440000000000000000e+02
1.046700000000000000e+04 -9.600000000000000000e+01 6.720000000000000000e+02 -7.440000000000000000e+02
1.050700000000000000e+04 -8.800000000000000000e+01 6.560000000000000000e+02 -7.680000000000000000e+02
1.054700000000000000e+04 -8.800000000000000000e+01 6.480000000000000000e+02 -7.760000000000000000e+02
1.058700000000000000e+04 -8.800000000000000000e+01 6.560000000000000000e+02 -7.600000000000000000e+02
1.062700000000000000e+04 -7.200000000000000000e+01 6.480000000000000000e+02 -7.760000000000000000e+02
1.066700000000000000e+04 -8.800000000000000000e+01 6.720000000000000000e+02 -7.680000000000000000e+02
1.070700000000000000e+04 -8.800000000000000000e+01 6.640000000000000000e+02 -7.760000000000000000e+02
1.074700000000000000e+04 -9.600000000000000000e+01 6.400000000000000000e+02 -7.600000000000000000e+02
1.078700000000000000e+04 -8.800000000000000000e+01 6.480000000000000000e+02 -7.920000000000000000e+02
1.082700000000000000e+04 -8.800000000000000000e+01 6.560000000000000000e+02 -7.760000000000000000e+02
1.086700000000000000e+04 -1.040000000000000000e+02 6.320000000000000000e+02 -7.840000000000000000e+02
1.090700000000000000e+04 -1.360000000000000000e+02 6.240000000000000000e+02 -7.760000000000000000e+02
1.094700000000000000e+04 -1.280000000000000000e+02 6.480000000000000000e+02 -7.600000000000000000e+02
1.097900000000000000e+04 -1.200000000000000000e+02 6.240000000000000000e+02 -7.680000000000000000e+02
1.101900000000000000e+04 -1.040000000000000000e+02 6.480000000000000000e+02 -8.000000000000000000e+02
1.105900000000000000e+04 -9.600000000000000000e+01 6.640000000000000000e+02 -7.600000000000000000e+02
1.109900000000000000e+04 -9.600000000000000000e+01 6.480000000000000000e+02 -7.760000000000000000e+02
1.113900000000000000e+04 -1.040000000000000000e+02 6.320000000000000000e+02 -7.680000000000000000e+02
1.117900000000000000e+04 -1.040000000000000000e+02 6.240000000000000000e+02 -7.840000000000000000e+02
1.121900000000000000e+04 -1.040000000000000000e+02 6.480000000000000000e+02 -7.440000000000000000e+02
1.125900000000000000e+04 -1.040000000000000000e+02 6.480000000000000000e+02 -7.600000000000000000e+02
1.129900000000000000e+04 -1.040000000000000000e+02 6.480000000000000000e+02 -7.680000000000000000e+02
1.133900000000000000e+04 -9.600000000000000000e+01 6.560000000000000000e+02 -7.280000000000000000e+02
1.137900000000000000e+04 -1.040000000000000000e+02 6.720000000000000000e+02 -7.600000000000000000e+02
1.141900000000000000e+04 -9.600000000000000000e+01 6.640000000000000000e+02 -7.600000000000000000e+02
1.145900000000000000e+04 -1.120000000000000000e+02 6.480000000000000000e+02 -7.760000000000000000e+02
1.149900000000000000e+04 -1.040000000000000000e+02 6.560000000000000000e+02 -7.920000000000000000e+02
1.153900000000000000e+04 -1.040000000000000000e+02 6.800000000000000000e+02 -7.200000000000000000e+02
1.157900000000000000e+04 -1.200000000000000000e+02 6.640000000000000000e+02 -7.520000000000000000e+02
1.161900000000000000e+04 -1.200000000000000000e+02 6.560000000000000000e+02 -7.440000000000000000e+02
1.165900000000000000e+04 -1.040000000000000000e+02 6.560000000000000000e+02 -7.760000000000000000e+02
1.169900000000000000e+04 -1.040000000000000000e+02 6.400000000000000000e+02 -7.520000000000000000e+02
1.173900000000000000e+04 -1.120000000000000000e+02 6.560000000000000000e+02 -7.680000000000000000e+02
1.177900000000000000e+04 -1.040000000000000000e+02 6.560000000000000000e+02 -7.440000000000000000e+02
1.181900000000000000e+04 -1.040000000000000000e+02 6.560000000000000000e+02 -7.600000000000000000e+02
1.185900000000000000e+04 -1.040000000000000000e+02 6.560000000000000000e+02 -7.520000000000000000e+02
1.189900000000000000e+04 -1.040000000000000000e+02 6.640000000000000000e+02 -7.680000000000000000e+02
1.193900000000000000e+04 -1.120000000000000000e+02 6.720000000000000000e+02 -7.440000000000000000e+02
1.197000000000000000e+04 -1.040000000000000000e+02 6.800000000000000000e+02 -7.440000000000000000e+02
1.201000000000000000e+04 -1.120000000000000000e+02 6.960000000000000000e+02 -7.520000000000000000e+02
1.205000000000000000e+04 -1.040000000000000000e+02 6.880000000000000000e+02 -7.520000000000000000e+02
1.209000000000000000e+04 -1.200000000000000000e+02 6.720000000000000000e+02 -7.440000000000000000e+02
1.213000000000000000e+04 -1.120000000000000000e+02 6.560000000000000000e+02 -7.520000000000000000e+02
1.217000000000000000e+04 -8.800000000000000000e+01 6.560000000000000000e+02 -7.600000000000000000e+02
1.221000000000000000e+04 -1.040000000000000000e+02 6.560000000000000000e+02 -7.440000000000000000e+02
1.225000000000000000e+04 -8.800000000000000000e+01 6.560000000000000000e+02 -8.000000000000000000e+02
1.229000000000000000e+04 -9.600000000000000000e+01 6.640000000000000000e+02 -7.600000000000000000e+02
1.233000000000000000e+04 -1.040000000000000000e+02 6.560000000000000000e+02 -7.600000000000000000e+02
1.237000000000000000e+04 -1.120000000000000000e+02 6.560000000000000000e+02 -7.520000000000000000e+02
1.241000000000000000e+04 -1.120000000000000000e+02 6.480000000000000000e+02 -7.680000000000000000e+02
1.245000000000000000e+04 -1.040000000000000000e+02 6.800000000000000000e+02 -7.200000000000000000e+02
1.249000000000000000e+04 -1.040000000000000000e+02 6.480000000000000000e+02 -7.280000000000000000e+02
1.253000000000000000e+04 -1.120000000000000000e+02 6.640000000000000000e+02 -7.440000000000000000e+02
1.257000000000000000e+04 -9.600000000000000000e+01 6.560000000000000000e+02 -7.200000000000000000e+02
1.261000000000000000e+04 -9.600000000000000000e+01 6.560000000000000000e+02 -7.360000000000000000e+02
1.265000000000000000e+04 -9.600000000000000000e+01 6.640000000000000000e+02 -7.440000000000000000e+02
1.269000000000000000e+04 -1.200000000000000000e+02 6.640000000000000000e+02 -7.280000000000000000e+02
1.273000000000000000e+04 -1.120000000000000000e+02 6.720000000000000000e+02 -7.360000000000000000e+02
1.277000000000000000e+04 -1.040000000000000000e+02 6.720000000000000000e+02 -7.280000000000000000e+02
1.281000000000000000e+04 -1.040000000000000000e+02 6.720000000000000000e+02 -7.440000000000000000e+02
1.285000000000000000e+04 -1.040000000000000000e+02 6.720000000000000000e+02 -7.600000000000000000e+02
1.289000000000000000e+04 -1.040000000000000000e+02 6.720000000000000000e+02 -7.120000000000000000e+02
1.293000000000000000e+04 -1.040000000000000000e+02 6.640000000000000000e+02 -7.520000000000000000e+02
1.296100000000000000e+04 -1.120000000000000000e+02 6.640000000000000000e+02 -7.360000000000000000e+02
1.300100000000000000e+04 -1.200000000000000000e+02 6.720000000000000000e+02 -7.040000000000000000e+02
1.304100000000000000e+04 -9.600000000000000000e+01 6.720000000000000000e+02 -7.440000000000000000e+02
1.308100000000000000e+04 -1.120000000000000000e+02 6.720000000000000000e+02 -7.200000000000000000e+02
1.312100000000000000e+04 -9.600000000000000000e+01 6.720000000000000000e+02 -7.360000000000000000e+02
1.316100000000000000e+04 -1.200000000000000000e+02 6.720000000000000000e+02 -7.280000000000000000e+02
1.320100000000000000e+04 -1.280000000000000000e+02 6.720000000000000000e+02 -7.600000000000000000e+02
1.324100000000000000e+04 -1.200000000000000000e+02 6.720000000000000000e+02 -7.120000000000000000e+02
1.328100000000000000e+04 -1.360000000000000000e+02 6.720000000000000000e+02 -7.440000000000000000e+02
1.332100000000000000e+04 -1.120000000000000000e+02 6.720000000000000000e+02 -7.600000000000000000e+02
1.336100000000000000e+04 -1.040000000000000000e+02 6.720000000000000000e+02 -6.880000000000000000e+02
1.340100000000000000e+04 -1.200000000000000000e+02 6.800000000000000000e+02 -7.280000000000000000e+02
1.344100000000000000e+04 -1.200000000000000000e+02 6.800000000000000000e+02 -7.200000000000000000e+02
1.348100000000000000e+04 -1.360000000000000000e+02 6.880000000000000000e+02 -7.600000000000000000e+02
1.352100000000000000e+04 -1.280000000000000000e+02 7.120000000000000000e+02 -7.200000000000000000e+02
1.356100000000000000e+04 -1.280000000000000000e+02 7.040000000000000000e+02 -7.360000000000000000e+02
1.360100000000000000e+04 -1.040000000000000000e+02 6.960000000000000000e+02 -7.600000000000000000e+02
1.364100000000000000e+04 -1.120000000000000000e+02 6.960000000000000000e+02 -7.440000000000000000e+02
1.368100000000000000e+04 -1.120000000000000000e+02 6.960000000000000000e+02 -7.120000000000000000e+02
1.372100000000000000e+04 -1.120000000000000000e+02 6.800000000000000000e+02 -7.200000000000000000e+02
1.376100000000000000e+04 -1.040000000000000000e+02 6.880000000000000000e+02 -7.520000000000000000e+02
1.380100000000000000e+04 -1.120000000000000000e+02 6.880000000000000000e+02 -7.200000000000000000e+02
1.384100000000000000e+04 -1.040000000000000000e+02 6.880000000000000000e+02 -7.360000000000000000e+02
1.388100000000000000e+04 -1.040000000000000000e+02 6.880000000000000000e+02 -7.360000000000000000e+02
1.392100000000000000e+04 -1.040000000000000000e+02 6.720000000000000000e+02 -6.800000000000000000e+02
1.395400000000000000e+04 -1.120000000000000000e+02 6.800000000000000000e+02 -7.280000000000000000e+02
1.399400000000000000e+04 -1.120000000000000000e+02 6.880000000000000000e+02 -7.680000000000000000e+02
1.403400000000000000e+04 -1.200000000000000000e+02 6.720000000000000000e+02 -7.360000000000000000e+02
1.407400000000000000e+04 -1.200000000000000000e+02 6.640000000000000000e+02 -7.360000000000000000e+02
1.411400000000000000e+04 -1.120000000000000000e+02 6.800000000000000000e+02 -7.360000000000000000e+02
1.415400000000000000e+04 -1.120000000000000000e+02 7.040000000000000000e+02 -7.280000000000000000e+02
1.419400000000000000e+04 -1.200000000000000000e+02 7.200000000000000000e+02 -7.600000000000000000e+02
1.423400000000000000e+04 -1.040000000000000000e+02 6.960000000000000000e+02 -7.280000000000000000e+02
1.427400000000000000e+04 -1.200000000000000000e+02 6.720000000000000000e+02 -7.680000000000000000e+02
1.431400000000000000e+04 -1.280000000000000000e+02 6.160000000000000000e+02 -8.000000000000000000e+02
1.435400000000000000e+04 -1.280000000000000000e+02 6.160000000000000000e+02 -7.840000000000000000e+02
1.439400000000000000e+04 -1.440000000000000000e+02 6.160000000000000000e+02 -7.760000000000000000e+02
1.443400000000000000e+04 -1.280000000000000000e+02 6.480000000000000000e+02 -7.680000000000000000e+02
1.447400000000000000e+04 -1.280000000000000000e+02 6.480000000000000000e+02 -7.920000000000000000e+02
1.451400000000000000e+04 -1.280000000000000000e+02 6.320000000000000000e+02 -7.680000000000000000e+02
1.455400000000000000e+04 -1.200000000000000000e+02 6.240000000000000000e+02 -7.840000000000000000e+02
1.459400000000000000e+04 -1.200000000000000000e+02 6.160000000000000000e+02 -8.240000000000000000e+02
1.463400000000000000e+04 -1.360000000000000000e+02 6.160000000000000000e+02 -7.520000000000000000e+02
1.467400000000000000e+04 -1.280000000000000000e+02 6.000000000000000000e+02 -7.680000000000000000e+02
1.471400000000000000e+04 -1.280000000000000000e+02 6.160000000000000000e+02 -7.840000000000000000e+02
1.475400000000000000e+04 -1.200000000000000000e+02 6.160000000000000000e+02 -8.320000000000000000e+02
1.479400000000000000e+04 -1.120000000000000000e+02 6.000000000000000000e+02 -7.920000000000000000e+02
1.483400000000000000e+04 -1.200000000000000000e+02 6.160000000000000000e+02 -7.760000000000000000e+02
1.487400000000000000e+04 -1.200000000000000000e+02 6.160000000000000000e+02 -7.840000000000000000e+02
1.491400000000000000e+04 -1.120000000000000000e+02 6.240000000000000000e+02 -7.920000000000000000e+02
1.494500000000000000e+04 -1.200000000000000000e+02 6.400000000000000000e+02 -7.840000000000000000e+02
1.498500000000000000e+04 -1.360000000000000000e+02 6.160000000000000000e+02 -8.480000000000000000e+02
1.502500000000000000e+04 -1.200000000000000000e+02 6.080000000000000000e+02 -7.840000000000000000e+02
1.506500000000000000e+04 -9.600000000000000000e+01 5.840000000000000000e+02 -7.920000000000000000e+02
1.510500000000000000e+04 -1.200000000000000000e+02 5.680000000000000000e+02 -8.080000000000000000e+02
1.514500000000000000e+04 -1.120000000000000000e+02 5.840000000000000000e+02 -8.320000000000000000e+02
1.518500000000000000e+04 -9.600000000000000000e+01 5.920000000000000000e+02 -8.960000000000000000e+02
1.522500000000000000e+04 -1.040000000000000000e+02 6.080000000000000000e+02 -8.080000000000000000e+02
1.526500000000000000e+04 -1.040000000000000000e+02 6.160000000000000000e+02 -7.920000000000000000e+02
1.530500000000000000e+04 -1.120000000000000000e+02 6.160000000000000000e+02 -8.000000000000000000e+02
1.534500000000000000e+04 -1.200000000000000000e+02 6.160000000000000000e+02 -8.400000000000000000e+02
1.538500000000000000e+04 -9.600000000000000000e+01 5.760000000000000000e+02 -7.840000000000000000e+02
1.542500000000000000e+04 -1.040000000000000000e+02 6.000000000000000000e+02 -6.720000000000000000e+02
1.546500000000000000e+04 -8.800000000000000000e+01 5.840000000000000000e+02 -8.240000000000000000e+02
1.550500000000000000e+04 -1.040000000000000000e+02 5.840000000000000000e+02 -7.920000000000000000e+02
1.554500000000000000e+04 -1.040000000000000000e+02 6.000000000000000000e+02 -8.240000000000000000e+02
1.558500000000000000e+04 -1.040000000000000000e+02 6.080000000000000000e+02 -8.720000000000000000e+02
1.562500000000000000e+04 -1.040000000000000000e+02 6.000000000000000000e+02 -7.760000000000000000e+02
1.566500000000000000e+04 -1.040000000000000000e+02 6.240000000000000000e+02 -7.920000000000000000e+02
1.570500000000000000e+04 -1.440000000000000000e+02 6.080000000000000000e+02 -8.080000000000000000e+02
1.574500000000000000e+04 -1.280000000000000000e+02 6.000000000000000000e+02 -7.840000000000000000e+02
1.578500000000000000e+04 -1.120000000000000000e+02 6.160000000000000000e+02 -7.840000000000000000e+02
1.582500000000000000e+04 -8.800000000000000000e+01 6.160000000000000000e+02 -8.240000000000000000e+02
1.586500000000000000e+04 -1.040000000000000000e+02 6.240000000000000000e+02 -7.920000000000000000e+02
1.590500000000000000e+04 -1.120000000000000000e+02 6.240000000000000000e+02 -8.160000000000000000e+02
1.593600000000000000e+04 -1.280000000000000000e+02 6.080000000000000000e+02 -8.080000000000000000e+02
1.597600000000000000e+04 -1.120000000000000000e+02 6.160000000000000000e+02 -8.240000000000000000e+02
1.601600000000000000e+04 -1.040000000000000000e+02 6.080000000000000000e+02 -8.400000000000000000e+02
1.605600000000000000e+04 -1.200000000000000000e+02 5.920000000000000000e+02 -8.080000000000000000e+02
1.609600000000000000e+04 -1.120000000000000000e+02 6.000000000000000000e+02 -7.840000000000000000e+02
1.613600000000000000e+04 -1.200000000000000000e+02 6.000000000000000000e+02 -8.400000000000000000e+02
1.617600000000000000e+04 -1.200000000000000000e+02 6.080000000000000000e+02 -8.160000000000000000e+02
1.621600000000000000e+04 -1.120000000000000000e+02 6.080000000000000000e+02 -8.000000000000000000e+02
1.625600000000000000e+04 -1.280000000000000000e+02 6.080000000000000000e+02 -7.440000000000000000e+02
1.629600000000000000e+04 -1.200000000000000000e+02 6.160000000000000000e+02 -8.000000000000000000e+02
1.633600000000000000e+04 -1.120000000000000000e+02 6.000000000000000000e+02 -8.000000000000000000e+02
1.637600000000000000e+04 -1.200000000000000000e+02 6.080000000000000000e+02 -7.600000000000000000e+02
1.641600000000000000e+04 -1.120000000000000000e+02 6.240000000000000000e+02 -8.000000000000000000e+02
1.645600000000000000e+04 -1.120000000000000000e+02 6.240000000000000000e+02 -7.920000000000000000e+02
1.649600000000000000e+04 -1.120000000000000000e+02 6.240000000000000000e+02 -7.920000000000000000e+02
1.653600000000000000e+04 -1.120000000000000000e+02 5.920000000000000000e+02 -8.320000000000000000e+02
1.657600000000000000e+04 -1.120000000000000000e+02 6.080000000000000000e+02 -8.160000000000000000e+02
1.661600000000000000e+04 -1.040000000000000000e+02 6.080000000000000000e+02 -8.240000000000000000e+02
1.665600000000000000e+04 -1.120000000000000000e+02 6.160000000000000000e+02 -8.000000000000000000e+02
1.669600000000000000e+04 -1.120000000000000000e+02 6.080000000000000000e+02 -8.000000000000000000e+02
1.673600000000000000e+04 -1.200000000000000000e+02 6.160000000000000000e+02 -7.920000000000000000e+02
1.677600000000000000e+04 -1.200000000000000000e+02 6.080000000000000000e+02 -8.000000000000000000e+02
1.681600000000000000e+04 -1.040000000000000000e+02 6.000000000000000000e+02 -7.920000000000000000e+02
1.685600000000000000e+04 -1.120000000000000000e+02 6.080000000000000000e+02 -8.000000000000000000e+02
1.689600000000000000e+04 -1.120000000000000000e+02 6.080000000000000000e+02 -7.920000000000000000e+02
1.692800000000000000e+04 -1.200000000000000000e+02 6.320000000000000000e+02 -8.000000000000000000e+02
1.696800000000000000e+04 -1.120000000000000000e+02 6.000000000000000000e+02 -8.080000000000000000e+02
1.700800000000000000e+04 -1.120000000000000000e+02 6.240000000000000000e+02 -8.000000000000000000e+02
1.704800000000000000e+04 -1.280000000000000000e+02 6.160000000000000000e+02 -7.680000000000000000e+02
1.708800000000000000e+04 -1.040000000000000000e+02 6.000000000000000000e+02 -7.920000000000000000e+02
1.712800000000000000e+04 -1.040000000000000000e+02 6.000000000000000000e+02 -8.000000000000000000e+02
1.716800000000000000e+04 -1.200000000000000000e+02 6.160000000000000000e+02 -7.440000000000000000e+02
1.720800000000000000e+04 -1.120000000000000000e+02 6.080000000000000000e+02 -8.560000000000000000e+02
1.724800000000000000e+04 -1.200000000000000000e+02 6.000000000000000000e+02 -7.920000000000000000e+02
1.728800000000000000e+04 -1.200000000000000000e+02 5.920000000000000000e+02 -7.920000000000000000e+02
1.732800000000000000e+04 -1.200000000000000000e+02 6.000000000000000000e+02 -8.000000000000000000e+02
1.736800000000000000e+04 -1.040000000000000000e+02 5.760000000000000000e+02 -8.080000000000000000e+02
1.740800000000000000e+04 -1.040000000000000000e+02 5.760000000000000000e+02 -7.600000000000000000e+02
1.744800000000000000e+04 -1.200000000000000000e+02 5.920000000000000000e+02 -8.640000000000000000e+02
1.748800000000000000e+04 -1.120000000000000000e+02 5.680000000000000000e+02 -8.080000000000000000e+02
1.752800000000000000e+04 -1.200000000000000000e+02 6.000000000000000000e+02 -8.080000000000000000e+02
1.756800000000000000e+04 -1.280000000000000000e+02 5.760000000000000000e+02 -8.320000000000000000e+02
1.760800000000000000e+04 -1.280000000000000000e+02 5.760000000000000000e+02 -8.080000000000000000e+02
1.764800000000000000e+04 -1.280000000000000000e+02 5.680000000000000000e+02 -8.080000000000000000e+02
1.768800000000000000e+04 -1.440000000000000000e+02 5.920000000000000000e+02 -8.560000000000000000e+02
1.772800000000000000e+04 -1.440000000000000000e+02 5.760000000000000000e+02 -7.920000000000000000e+02
1.776800000000000000e+04 -1.200000000000000000e+02 5.840000000000000000e+02 -8.480000000000000000e+02
1.780800000000000000e+04 -1.200000000000000000e+02 5.680000000000000000e+02 -8.400000000000000000e+02
1.784800000000000000e+04 -1.280000000000000000e+02 5.680000000000000000e+02 -8.160000000000000000e+02
1.788800000000000000e+04 -1.360000000000000000e+02 5.600000000000000000e+02 -8.160000000000000000e+02
1.791900000000000000e+04 -1.280000000000000000e+02 5.520000000000000000e+02 -8.320000000000000000e+02
1.795900000000000000e+04 -1.200000000000000000e+02 5.440000000000000000e+02 -8.640000000000000000e+02
1.799900000000000000e+04 -1.200000000000000000e+02 5.360000000000000000e+02 -8.560000000000000000e+02
1.803900000000000000e+04 -1.120000000000000000e+02 5.120000000000000000e+02 -8.480000000000000000e+02
1.807900000000000000e+04 -1.120000000000000000e+02 5.280000000000000000e+02 -8.560000000000000000e+02
1.811900000000000000e+04 -1.120000000000000000e+02 5.440000000000000000e+02 -9.360000000000000000e+02
1.815900000000000000e+04 -1.040000000000000000e+02 5.360000000000000000e+02 -8.480000000000000000e+02
1.819900000000000000e+04 -9.600000000000000000e+01 5.280000000000000000e+02 -8.800000000000000000e+02
1.823900000000000000e+04 -1.040000000000000000e+02 5.280000000000000000e+02 -8.560000000000000000e+02
1.827900000000000000e+04 -8.800000000000000000e+01 5.280000000000000000e+02 -8.720000000000000000e+02
1.831900000000000000e+04 -8.800000000000000000e+01 5.200000000000000000e+02 -8.800000000000000000e+02
1.835900000000000000e+04 -7.200000000000000000e+01 5.040000000000000000e+02 -8.800000000000000000e+02
1.839900000000000000e+04 -5.600000000000000000e+01 5.120000000000000000e+02 -8.720000000000000000e+02
1.843900000000000000e+04 -8.000000000000000000e+01 5.120000000000000000e+02 -9.760000000000000000e+02
1.847900000000000000e+04 -8.000000000000000000e+01 5.040000000000000000e+02 -9.040000000000000000e+02
1.851900000000000000e+04 -6.400000000000000000e+01 5.120000000000000000e+02 -8.720000000000000000e+02
1.855900000000000000e+04 -5.600000000000000000e+01 5.120000000000000000e+02 -8.400000000000000000e+02
1.859900000000000000e+04 -4.800000000000000000e+01 5.200000000000000000e+02 -8.480000000000000000e+02
1.863900000000000000e+04 -4.000000000000000000e+01 5.120000000000000000e+02 -8.960000000000000000e+02
1.867900000000000000e+04 -4.800000000000000000e+01 5.200000000000000000e+02 -8.960000000000000000e+02
1.871900000000000000e+04 -4.800000000000000000e+01 5.440000000000000000e+02 -8.720000000000000000e+02
1.875900000000000000e+04 -4.000000000000000000e+01 5.040000000000000000e+02 -9.360000000000000000e+02
1.879900000000000000e+04 -4.800000000000000000e+01 5.040000000000000000e+02 -8.320000000000000000e+02
1.883900000000000000e+04 -3.200000000000000000e+01 5.440000000000000000e+02 -8.960000000000000000e+02
1.887900000000000000e+04 -2.400000000000000000e+01 5.360000000000000000e+02 -8.720000000000000000e+02
1.891100000000000000e+04 -2.400000000000000000e+01 5.200000000000000000e+02 -8.560000000000000000e+02
1.895100000000000000e+04 -4.000000000000000000e+01 5.360000000000000000e+02 -9.040000000000000000e+02
1.899100000000000000e+04 -3.200000000000000000e+01 5.360000000000000000e+02 -8.720000000000000000e+02
1.903100000000000000e+04 -2.400000000000000000e+01 5.360000000000000000e+02 -8.560000000000000000e+02
1.907100000000000000e+04 -3.200000000000000000e+01 5.280000000000000000e+02 -8.800000000000000000e+02
1.911100000000000000e+04 -3.200000000000000000e+01 5.360000000000000000e+02 -8.880000000000000000e+02
1.915100000000000000e+04 -4.800000000000000000e+01 5.280000000000000000e+02 -9.040000000000000000e+02
1.919100000000000000e+04 -4.000000000000000000e+01 5.280000000000000000e+02 -8.640000000000000000e+02
1.923100000000000000e+04 -4.000000000000000000e+01 5.200000000000000000e+02 -8.640000000000000000e+02
1.927100000000000000e+04 -4.000000000000000000e+01 5.040000000000000000e+02 -8.960000000000000000e+02
1.931100000000000000e+04 -6.400000000000000000e+01 5.360000000000000000e+02 -9.040000000000000000e+02
1.935100000000000000e+04 -7.200000000000000000e+01 5.360000000000000000e+02 -8.960000000000000000e+02
1.939100000000000000e+04 -4.000000000000000000e+01 5.280000000000000000e+02 -8.800000000000000000e+02
1.943100000000000000e+04 -3.200000000000000000e+01 5.120000000000000000e+02 -8.800000000000000000e+02
1.947100000000000000e+04 -2.400000000000000000e+01 4.960000000000000000e+02 -8.720000000000000000e+02
1.951100000000000000e+04 -4.800000000000000000e+01 5.120000000000000000e+02 -8.320000000000000000e+02
1.955100000000000000e+04 -4.800000000000000000e+01 5.280000000000000000e+02 -8.080000000000000000e+02
1.959100000000000000e+04 -4.000000000000000000e+01 5.280000000000000000e+02 -8.880000000000000000e+02
1.963100000000000000e+04 -4.800000000000000000e+01 5.200000000000000000e+02 -8.720000000000000000e+02
1.967100000000000000e+04 -4.800000000000000000e+01 5.200000000000000000e+02 -8.720000000000000000e+02
1.971100000000000000e+04 -5.600000000000000000e+01 5.200000000000000000e+02 -8.640000000000000000e+02
1.975100000000000000e+04 -4.000000000000000000e+01 5.360000000000000000e+02 -8.800000000000000000e+02
1.979100000000000000e+04 -6.400000000000000000e+01 5.200000000000000000e+02 -8.800000000000000000e+02
1.983100000000000000e+04 -5.600000000000000000e+01 5.200000000000000000e+02 -8.800000000000000000e+02
1.987100000000000000e+04 -4.800000000000000000e+01 5.120000000000000000e+02 -8.720000000000000000e+02
