7.800000000000000000e+01 8.000000000000000000e+00 -3.200000000000000000e+01 -1.024000000000000000e+03
1.180000000000000000e+02 8.000000000000000000e+00 -2.400000000000000000e+01 -1.040000000000000000e+03
1.580000000000000000e+02 1.600000000000000000e+01 -3.200000000000000000e+01 -1.032000000000000000e+03
1.980000000000000000e+02 1.600000000000000000e+01 -3.200000000000000000e+01 -1.032000000000000000e+03
2.380000000000000000e+02 1.600000000000000000e+01 -3.200000000000000000e+01 -1.032000000000000000e+03
2.780000000000000000e+02 1.600000000000000000e+01 -3.200000000000000000e+01 -1.024000000000000000e+03
3.180000000000000000e+02 1.600000000000000000e+01 -3.200000000000000000e+01 -1.032000000000000000e+03
3.580000000000000000e+02 2.400000000000000000e+01 -2.400000000000000000e+01 -1.048000000000000000e+03
3.980000000000000000e+02 1.600000000000000000e+01 -2.400000000000000000e+01 -1.024000000000000000e+03
4.380000000000000000e+02 3.200000000000000000e+01 -4.000000000000000000e+01 -1.000000000000000000e+03
4.780000000000000000e+02 3.200000000000000000e+01 -3.200000000000000000e+01 -1.024000000000000000e+03
5.180000000000000000e+02 3.200000000000000000e+01 -3.200000000000000000e+01 -1.008000000000000000e+03
5.580000000000000000e+02 3.200000000000000000e+01 -3.200000000000000000e+01 -1.016000000000000000e+03
5.980000000000000000e+02 2.400000000000000000e+01 -3.200000000000000000e+01 -1.040000000000000000e+03
6.380000000000000000e+02 2.400000000000000000e+01 -3.200000000000000000e+01 -1.040000000000000000e+03
6.780000000000000000e+02 2.400000000000000000e+01 -2.400000000000000000e+01 -1.032000000000000000e+03
7.180000000000000000e+02 1.600000000000000000e+01 -3.200000000000000000e+01 -1.048000000000000000e+03
7.580000000000000000e+02 1.600000000000000000e+01 -3.200000000000000000e+01 -1.040000000000000000e+03
7.980000000000000000e+02 2.400000000000000000e+01 -2.400000000000000000e+01 -1.024000000000000000e+03
8.380000000000000000e+02 1.600000000000000000e+01 -2.400000000000000000e+01 -1.024000000000000000e+03
8.780000000000000000e+02 2.400000000000000000e+01 -2.400000000000000000e+01 -1.032000000000000000e+03
9.180000000000000000e+02 1.600000000000000000e+01 -2.400000000000000000e+01 -1.032000000000000000e+03
9.580000000000000000e+02 2.400000000000000000e+01 -3.200000000000000000e+01 -1.008000000000000000e+03
9.980000000000000000e+02 1.600000000000000000e+01 -3.200000000000000000e+01 -1.032000000000000000e+03
1.038000000000000000e+03 2.400000000000000000e+01 -1.600000000000000000e+01 -1.040000000000000000e+03
1.070000000000000000e+03 1.600000000000000000e+01 -3.200000000000000000e+01 -1.040000000000000000e+03
1.110000000000000000e+03 3.200000000000000000e+01 -2.400000000000000000e+01 -1.056000000000000000e+03
1.150000000000000000e+03 2.400000000000000000e+01 -2.400000000000000000e+01 -1.032000000000000000e+03
1.190000000000000000e+03 2.400000000000000000e+01 -1.600000000000000000e+01 -1.056000000000000000e+03
1.230000000000000000e+03 1.600000000000000000e+01 -3.200000000000000000e+01 -1.040000000000000000e+03
1.270000000000000000e+03 2.400000000000000000e+01 -2.400000000000000000e+01 -1.056000000000000000e+03
1.310000000000000000e+03 1.600000000000000000e+01 -2.400000000000000000e+01 -1.024000000000000000e+03
1.350000000000000000e+03 1.600000000000000000e+01 -1.600000000000000000e+01 -1.024000000000000000e+03
1.390000000000000000e+03 2.400000000000000000e+01 -2.400000000000000000e+01 -1.064000000000000000e+03
1.430000000000000000e+03 1.600000000000000000e+01 -2.400000000000000000e+01 -1.056000000000000000e+03
1.470000000000000000e+03 2.400000000000000000e+01 -2.400000000000000000e+01 -1.008000000000000000e+03
1.510000000000000000e+03 8.000000000000000000e+00 -3.200000000000000000e+01 -1.016000000000000000e+03
1.550000000000000000e+03 1.600000000000000000e+01 -4.800000000000000000e+01 -1.016000000000000000e+03
1.590000000000000000e+03 1.600000000000000000e+01 -4.000000000000000000e+01 -1.040000000000000000e+03
1.630000000000000000e+03 8.000000000000000000e+00 -1.600000000000000000e+01 -1.032000000000000000e+03
1.670000000000000000e+03 -8.000000000000000000e+00 -1.600000000000000000e+01 -1.024000000000000000e+03
1.710000000000000000e+03 8.000000000000000000e+00 -3.200000000000000000e+01 -1.024000000000000000e+03
1.750000000000000000e+03 1.600000000000000000e+01 -8.000000000000000000e+00 -1.008000000000000000e+03
1.790000000000000000e+03 1.600000000000000000e+01 -1.600000000000000000e+01 -1.032000000000000000e+03
1.830000000000000000e+03 8.000000000000000000e+00 -3.200000000000000000e+01 -1.016000000000000000e+03
1.870000000000000000e+03 1.600000000000000000e+01 -3.200000000000000000e+01 -1.024000000000000000e+03
1.910000000000000000e+03 1.600000000000000000e+01 -4.000000000000000000e+01 -1.032000000000000000e+03
1.950000000000000000e+03 2.400000000000000000e+01 -2.400000000000000000e+01 -1.032000000000000000e+03
1.990000000000000000e+03 1.600000000000000000e+01 -2.400000000000000000e+01 -1.024000000000000000e+03
2.030000000000000000e+03 8.000000000000000000e+00 -8.000000000000000000e+00 -1.048000000000000000e+03
2.061000000000000000e+03 2.400000000000000000e+01 -1.600000000000000000e+01 -1.016000000000000000e+03
2.101000000000000000e+03 1.600000000000000000e+01 -1.600000000000000000e+01 -1.032000000000000000e+03
2.141000000000000000e+03 8.000000000000000000e+00 -8.000000000000000000e+00 -1.016000000000000000e+03
2.181000000000000000e+03 8.000000000000000000e+00 -1.600000000000000000e+01 -1.064000000000000000e+03
2.221000000000000000e+03 3.200000000000000000e+01 -1.600000000000000000e+01 -1.040000000000000000e+03
2.261000000000000000e+03 3.200000000000000000e+01 -1.600000000000000000e+01 -1.024000000000000000e+03
2.301000000000000000e+03 1.600000000000000000e+01 -3.200000000000000000e+01 -1.016000000000000000e+03
2.341000000000000000e+03 1.600000000000000000e+01 -2.400000000000000000e+01 -1.032000000000000000e+03
2.381000000000000000e+03 1.600000000000000000e+01 -3.200000000000000000e+01 -1.032000000000000000e+03
2.421000000000000000e+03 1.600000000000000000e+01 -3.200000000000000000e+01 -1.040000000000000000e+03
2.461000000000000000e+03 2.400000000000000000e+01 -2.400000000000000000e+01 -1.048000000000000000e+03
2.501000000000000000e+03 1.600000000000000000e+01 -1.600000000000000000e+01 -9.920000000000000000e+02
2.541000000000000000e+03 1.600000000000000000e+01 -2.400000000000000000e+01 -1.024000000000000000e+03
2.581000000000000000e+03 2.400000000000000000e+01 -3.200000000000000000e+01 -1.056000000000000000e+03
2.621000000000000000e+03 2.400000000000000000e+01 -4.800000000000000000e+01 -1.008000000000000000e+03
2.661000000000000000e+03 2.400000000000000000e+01 -4.000000000000000000e+01 -1.032000000000000000e+03
2.701000000000000000e+03 3.200000000000000000e+01 -4.000000000000000000e+01 -1.064000000000000000e+03
2.741000000000000000e+03 2.400000000000000000e+01 -3.200000000000000000e+01 -1.040000000000000000e+03
2.781000000000000000e+03 2.400000000000000000e+01 -8.000000000000000000e+00 -1.072000000000000000e+03
2.821000000000000000e+03 2.400000000000000000e+01 -1.600000000000000000e+01 -9.920000000000000000e+02
2.861000000000000000e+03 1.600000000000000000e+01 -1.600000000000000000e+01 -1.040000000000000000e+03
2.901000000000000000e+03 3.200000000000000000e+01 -1.600000000000000000e+01 -1.016000000000000000e+03
2.941000000000000000e+03 2.400000000000000000e+01 -2.400000000000000000e+01 -1.016000000000000000e+03
2.981000000000000000e+03 1.600000000000000000e+01 -2.400000000000000000e+01 -1.024000000000000000e+03
3.021000000000000000e+03 0.000000000000000000e+00 -2.400000000000000000e+01 -1.040000000000000000e+03
3.052000000000000000e+03 8.000000000000000000e+00 -2.400000000000000000e+01 -1.024000000000000000e+03
3.092000000000000000e+03 2.400000000000000000e+01 -2.400000000000000000e+01 -1.032000000000000000e+03
3.132000000000000000e+03 2.400000000000000000e+01 -2.400000000000000000e+01 -1.040000000000000000e+03
3.172000000000000000e+03 8.000000000000000000e+00 -2.400000000000000000e+01 -1.040000000000000000e+03
3.212000000000000000e+03 1.600000000000000000e+01 -1.600000000000000000e+01 -1.032000000000000000e+03
3.252000000000000000e+03 8.000000000000000000e+00 -1.600000000000000000e+01 -1.008000000000000000e+03
3.292000000000000000e+03 8.000000000000000000e+00 -2.400000000000000000e+01 -1.040000000000000000e+03
3.332000000000000000e+03 8.000000000000000000e+00 -3.200000000000000000e+01 -1.024000000000000000e+03
3.372000000000000000e+03 8.000000000000000000e+00 -8.000000000000000000e+00 -1.016000000000000000e+03
3.412000000000000000e+03 1.600000000000000000e+01 -1.600000000000000000e+01 -1.064000000000000000e+03
3.452000000000000000e+03 1.600000000000000000e+01 -2.400000000000000000e+01 -1.016000000000000000e+03
3.492000000000000000e+03 8.000000000000000000e+00 -3.200000000000000000e+01 -1.016000000000000000e+03
3.532000000000000000e+03 8.000000000000000000e+00 -3.200000000000000000e+01 -1.008000000000000000e+03
3.572000000000000000e+03 0.000000000000000000e+00 -4.000000000000000000e+01 -1.008000000000000000e+03
3.612000000000000000e+03 1.600000000000000000e+01 -1.600000000000000000e+01 -1.040000000000000000e+03
3.652000000000000000e+03 8.000000000000000000e+00 -2.400000000000000000e+01 -1.024000000000000000e+03
3.692000000000000000e+03 1.600000000000000000e+01 0.000000000000000000e+00 -1.040000000000000000e+03
3.732000000000000000e+03 3.200000000000000000e+01 -2.400000000000000000e+01 -1.000000000000000000e+03
3.772000000000000000e+03 2.400000000000000000e+01 -1.600000000000000000e+01 -1.056000000000000000e+03
3.812000000000000000e+03 2.400000000000000000e+01 -3.200000000000000000e+01 -1.024000000000000000e+03
3.852000000000000000e+03 2.400000000000000000e+01 -3.200000000000000000e+01 -1.024000000000000000e+03
3.892000000000000000e+03 3.200000000000000000e+01 -4.000000000000000000e+01 -1.048000000000000000e+03
3.932000000000000000e+03 3.200000000000000000e+01 -1.600000000000000000e+01 -1.032000000000000000e+03
3.972000000000000000e+03 2.400000000000000000e+01 -8.000000000000000000e+00 -1.040000000000000000e+03
4.012000000000000000e+03 2.400000000000000000e+01 -1.600000000000000000e+01 -1.024000000000000000e+03
4.044000000000000000e+03 2.400000000000000000e+01 -8.000000000000000000e+00 -1.024000000000000000e+03
4.084000000000000000e+03 1.600000000000000000e+01 -2.400000000000000000e+01 -1.008000000000000000e+03
4.124000000000000000e+03 1.600000000000000000e+01 -2.400000000000000000e+01 -1.016000000000000000e+03
4.164000000000000000e+03 8.000000000000000000e+00 -1.600000000000000000e+01 -1.048000000000000000e+03
4.204000000000000000e+03 8.000000000000000000e+00 -2.400000000000000000e+01 -1.008000000000000000e+03
4.244000000000000000e+03 1.600000000000000000e+01 -2.400000000000000000e+01 -1.040000000000000000e+03
4.284000000000000000e+03 8.000000000000000000e+00 -2.400000000000000000e+01 -1.024000000000000000e+03
4.324000000000000000e+03 1.600000000000000000e+01 -8.000000000000000000e+00 -1.000000000000000000e+03
4.364000000000000000e+03 2.400000000000000000e+01 -1.600000000000000000e+01 -1.024000000000000000e+03
4.404000000000000000e+03 8.000000000000000000e+00 -3.200000000000000000e+01 -1.016000000000000000e+03
4.444000000000000000e+03 1.600000000000000000e+01 -3.200000000000000000e+01 -1.040000000000000000e+03
4.484000000000000000e+03 1.600000000000000000e+01 -4.000000000000000000e+01 -9.840000000000000000e+02
4.524000000000000000e+03 1.600000000000000000e+01 -1.600000000000000000e+01 -1.032000000000000000e+03
4.564000000000000000e+03 1.600000000000000000e+01 -1.600000000000000000e+01 -1.016000000000000000e+03
4.604000000000000000e+03 2.400000000000000000e+01 -2.400000000000000000e+01 -1.040000000000000000e+03
4.644000000000000000e+03 1.600000000000000000e+01 -2.400000000000000000e+01 -1.032000000000000000e+03
4.684000000000000000e+03 2.400000000000000000e+01 -3.200000000000000000e+01 -1.008000000000000000e+03
4.724000000000000000e+03 1.600000000000000000e+01 -2.400000000000000000e+01 -1.016000000000000000e+03
4.764000000000000000e+03 2.400000000000000000e+01 -2.400000000000000000e+01 -1.040000000000000000e+03
4.804000000000000000e+03 1.600000000000000000e+01 -3.200000000000000000e+01 -1.040000000000000000e+03
4.844000000000000000e+03 1.600000000000000000e+01 -2.400000000000000000e+01 -1.024000000000000000e+03
4.884000000000000000e+03 1.600000000000000000e+01 -2.400000000000000000e+01 -1.032000000000000000e+03
4.924000000000000000e+03 8.000000000000000000e+00 -8.000000000000000000e+00 -1.032000000000000000e+03
4.964000000000000000e+03 1.600000000000000000e+01 -1.600000000000000000e+01 -1.056000000000000000e+03
5.004000000000000000e+03 8.000000000000000000e+00 -1.600000000000000000e+01 -1.016000000000000000e+03
5.035000000000000000e+03 1.600000000000000000e+01 -1.600000000000000000e+01 -1.000000000000000000e+03
5.075000000000000000e+03 1.600000000000000000e+01 -1.600000000000000000e+01 -1.008000000000000000e+03
5.115000000000000000e+03 1.600000000000000000e+01 -2.400000000000000000e+01 -1.024000000000000000e+03
5.155000000000000000e+03 2.400000000000000000e+01 -1.600000000000000000e+01 -1.016000000000000000e+03
5.195000000000000000e+03 2.400000000000000000e+01 -1.600000000000000000e+01 -1.016000000000000000e+03
5.235000000000000000e+03 0.000000000000000000e+00 -3.200000000000000000e+01 -1.016000000000000000e+03
5.275000000000000000e+03 1.600000000000000000e+01 -3.200000000000000000e+01 -1.040000000000000000e+03
5.315000000000000000e+03 1.600000000000000000e+01 -1.600000000000000000e+01 -1.056000000000000000e+03
5.355000000000000000e+03 8.000000000000000000e+00 -4.000000000000000000e+01 -1.016000000000000000e+03
5.395000000000000000e+03 1.600000000000000000e+01 -3.200000000000000000e+01 -1.024000000000000000e+03
5.435000000000000000e+03 8.000000000000000000e+00 -1.600000000000000000e+01 -1.008000000000000000e+03
5.475000000000000000e+03 8.000000000000000000e+00 -2.400000000000000000e+01 -1.040000000000000000e+03
5.515000000000000000e+03 1.600000000000000000e+01 -2.400000000000000000e+01 -1.040000000000000000e+03
5.555000000000000000e+03 2.400000000000000000e+01 -2.400000000000000000e+01 -1.032000000000000000e+03
5.595000000000000000e+03 2.400000000000000000e+01 -3.200000000000000000e+01 -1.056000000000000000e+03
5.635000000000000000e+03 2.400000000000000000e+01 -3.200000000000000000e+01 -1.032000000000000000e+03
5.675000000000000000e+03 2.400000000000000000e+01 -4.000000000000000000e+01 -1.024000000000000000e+03
5.715000000000000000e+03 1.600000000000000000e+01 -3.200000000000000000e+01 -1.016000000000000000e+03
5.755000000000000000e+03 2.400000000000000000e+01 -2.400000000000000000e+01 -1.056000000000000000e+03
5.795000000000000000e+03 1.600000000000000000e+01 -4.000000000000000000e+01 -1.056000000000000000e+03
5.835000000000000000e+03 1.600000000000000000e+01 -3.200000000000000000e+01 -1.032000000000000000e+03
5.875000000000000000e+03 1.600000000000000000e+01 -3.200000000000000000e+01 -1.040000000000000000e+03
5.915000000000000000e+03 8.000000000000000000e+00 -3.200000000000000000e+01 -1.040000000000000000e+03
5.955000000000000000e+03 2.400000000000000000e+01 -3.200000000000000000e+01 -1.040000000000000000e+03
5.995000000000000000e+03 1.600000000000000000e+01 -2.400000000000000000e+01 -1.024000000000000000e+03
7.018000000000000000e+03 1.600000000000000000e+01 -2.400000000000000000e+01 -1.032000000000000000e+03
7.058000000000000000e+03 1.600000000000000000e+01 -2.400000000000000000e+01 -1.032000000000000000e+03
7.098000000000000000e+03 1.600000000000000000e+01 -2.400000000000000000e+01 -1.032000000000000000e+03
7.138000000000000000e+03 1.600000000000000000e+01 -2.400000000000000000e+01 -1.040000000000000000e+03
7.178000000000000000e+03 1.600000000000000000e+01 -2.400000000000000000e+01 -1.048000000000000000e+03
7.218000000000000000e+03 1.600000000000000000e+01 -2.400000000000000000e+01 -1.032000000000000000e+03
7.258000000000000000e+03 1.600000000000000000e+01 -2.400000000000000000e+01 -1.040000000000000000e+03
7.298000000000000000e+03 1.600000000000000000e+01 -2.400000000000000000e+01 -1.040000000000000000e+03
7.338000000000000000e+03 1.600000000000000000e+01 -2.400000000000000000e+01 -1.024000000000000000e+03
7.378000000000000000e+03 1.600000000000000000e+01 -2.400000000000000000e+01 -1.024000000000000000e+03
7.418000000000000000e+03 2.400000000000000000e+01 -1.600000000000000000e+01 -1.056000000000000000e+03
7.458000000000000000e+03 4.000000000000000000e+01 -1.600000000000000000e+01 -1.056000000000000000e+03
7.498000000000000000e+03 2.400000000000000000e+01 -2.400000000000000000e+01 -1.016000000000000000e+03
7.538000000000000000e+03 1.600000000000000000e+01 -2.400000000000000000e+01 -1.008000000000000000e+03
7.578000000000000000e+03 2.400000000000000000e+01 -2.400000000000000000e+01 -1.024000000000000000e+03
7.618000000000000000e+03 3.200000000000000000e+01 -2.400000000000000000e+01 -1.040000000000000000e+03
7.658000000000000000e+03 8.000000000000000000e+00 -1.600000000000000000e+01 -1.048000000000000000e+03
7.698000000000000000e+03 1.600000000000000000e+01 -1.600000000000000000e+01 -1.056000000000000000e+03
7.738000000000000000e+03 8.000000000000000000e+00 -2.400000000000000000e+01 -1.024000000000000000e+03
7.778000000000000000e+03 2.400000000000000000e+01 -3.200000000000000000e+01 -1.040000000000000000e+03
7.818000000000000000e+03 1.600000000000000000e+01 -1.600000000000000000e+01 -1.056000000000000000e+03
7.858000000000000000e+03 1.600000000000000000e+01 -1.600000000000000000e+01 -1.048000000000000000e+03
7.898000000000000000e+03 0.000000000000000000e+00 -1.600000000000000000e+01 -1.008000000000000000e+03
7.938000000000000000e+03 1.600000000000000000e+01 -1.600000000000000000e+01 -1.024000000000000000e+03
7.978000000000000000e+03 1.600000000000000000e+01 -2.400000000000000000e+01 -1.032000000000000000e+03
8.009000000000000000e+03 1.600000000000000000e+01 -2.400000000000000000e+01 -1.024000000000000000e+03
8.049000000000000000e+03 8.000000000000000000e+00 -1.600000000000000000e+01 -1.024000000000000000e+03
8.089000000000000000e+03 0.000000000000000000e+00 -2.400000000000000000e+01 -1.024000000000000000e+03
8.129000000000000000e+03 0.000000000000000000e+00 -2.400000000000000000e+01 -1.048000000000000000e+03
8.169000000000000000e+03 8.000000000000000000e+00 -3.200000000000000000e+01 -1.056000000000000000e+03
8.209000000000000000e+03 1.600000000000000000e+01 -4.000000000000000000e+01 -1.032000000000000000e+03
8.249000000000000000e+03 8.000000000000000000e+00 -3.200000000000000000e+01 -1.040000000000000000e+03
8.289000000000000000e+03 8.000000000000000000e+00 -2.400000000000000000e+01 -1.032000000000000000e+03
8.329000000000000000e+03 8.000000000000000000e+00 -2.400000000000000000e+01 -1.032000000000000000e+03
8.369000000000000000e+03 1.600000000000000000e+01 -3.200000000000000000e+01 -1.016000000000000000e+03
8.409000000000000000e+03 1.600000000000000000e+01 -2.400000000000000000e+01 -1.008000000000000000e+03
8.449000000000000000e+03 2.400000000000000000e+01 -2.400000000000000000e+01 -1.040000000000000000e+03
8.489000000000000000e+03 2.400000000000000000e+01 -2.400000000000000000e+01 -1.016000000000000000e+03
8.529000000000000000e+03 2.400000000000000000e+01 -2.400000000000000000e+01 -1.048000000000000000e+03
8.569000000000000000e+03 3.200000000000000000e+01 -2.400000000000000000e+01 -1.056000000000000000e+03
8.609000000000000000e+03 1.600000000000000000e+01 -2.400000000000000000e+01 -1.048000000000000000e+03
8.649000000000000000e+03 3.200000000000000000e+01 -2.400000000000000000e+01 -1.056000000000000000e+03
8.689000000000000000e+03 2.400000000000000000e+01 -1.600000000000000000e+01 -1.016000000000000000e+03
8.729000000000000000e+03 2.400000000000000000e+01 -8.000000000000000000e+00 -1.024000000000000000e+03
8.769000000000000000e+03 2.400000000000000000e+01 -2.400000000000000000e+01 -1.016000000000000000e+03
8.809000000000000000e+03 2.400000000000000000e+01 -1.600000000000000000e+01 -1.016000000000000000e+03
8.849000000000000000e+03 2.400000000000000000e+01 -1.600000000000000000e+01 -1.024000000000000000e+03
8.889000000000000000e+03 2.400000000000000000e+01 -1.600000000000000000e+01 -1.040000000000000000e+03
8.929000000000000000e+03 1.600000000000000000e+01 -2.400000000000000000e+01 -1.016000000000000000e+03
8.969000000000000000e+03 1.600000000000000000e+01 -1.600000000000000000e+01 -1.064000000000000000e+03
9.000000000000000000e+03 2.400000000000000000e+01 -1.600000000000000000e+01 -1.056000000000000000e+03
9.040000000000000000e+03 3.200000000000000000e+01 -1.600000000000000000e+01 -1.048000000000000000e+03
9.080000000000000000e+03 2.400000000000000000e+01 -8.000000000000000000e+00 -1.040000000000000000e+03
9.120000000000000000e+03 8.000000000000000000e+00 -2.400000000000000000e+01 -1.040000000000000000e+03
9.160000000000000000e+03 1.600000000000000000e+01 -2.400000000000000000e+01 -1.024000000000000000e+03
9.200000000000000000e+03 1.600000000000000000e+01 -2.400000000000000000e+01 -1.048000000000000000e+03
9.240000000000000000e+03 1.600000000000000000e+01 -2.400000000000000000e+01 -1.024000000000000000e+03
9.280000000000000000e+03 1.600000000000000000e+01 -3.200000000000000000e+01 -1.008000000000000000e+03
9.320000000000000000e+03 2.400000000000000000e+01 -8.000000000000000000e+00 -1.024000000000000000e+03
9.360000000000000000e+03 1.600000000000000000e+01 -2.400000000000000000e+01 -1.064000000000000000e+03
9.400000000000000000e+03 0.000000000000000000e+00 -2.400000000000000000e+01 -1.008000000000000000e+03
9.440000000000000000e+03 1.600000000000000000e+01 -2.400000000000000000e+01 -1.032000000000000000e+03
9.480000000000000000e+03 2.400000000000000000e+01 -2.400000000000000000e+01 -1.016000000000000000e+03
9.520000000000000000e+03 2.400000000000000000e+01 -1.600000000000000000e+01 -1.016000000000000000e+03
9.560000000000000000e+03 1.600000000000000000e+01 -2.400000000000000000e+01 -1.056000000000000000e+03
9.600000000000000000e+03 8.000000000000000000e+00 -3.200000000000000000e+01 -1.032000000000000000e+03
9.640000000000000000e+03 8.000000000000000000e+00 -2.400000000000000000e+01 -1.024000000000000000e+03
9.680000000000000000e+03 1.600000000000000000e+01 -3.200000000000000000e+01 -1.024000000000000000e+03
9.720000000000000000e+03 8.000000000000000000e+00 -1.600000000000000000e+01 -1.032000000000000000e+03
9.760000000000000000e+03 1.600000000000000000e+01 -1.600000000000000000e+01 -1.024000000000000000e+03
9.800000000000000000e+03 2.400000000000000000e+01 -2.400000000000000000e+01 -1.048000000000000000e+03
9.840000000000000000e+03 2.400000000000000000e+01 -1.600000000000000000e+01 -1.040000000000000000e+03
9.880000000000000000e+03 2.400000000000000000e+01 -1.600000000000000000e+01 -1.032000000000000000e+03
9.920000000000000000e+03 3.200000000000000000e+01 -3.200000000000000000e+01 -1.016000000000000000e+03
9.960000000000000000e+03 2.400000000000000000e+01 -2.400000000000000000e+01 -1.000000000000000000e+03
9.991000000000000000e+03 2.400000000000000000e+01 -2.400000000000000000e+01 -9.840000000000000000e+02
1.003100000000000000e+04 4.000000000000000000e+01 -3.200000000000000000e+01 -1.024000000000000000e+03
1.007100000000000000e+04 4.000000000000000000e+01 -3.200000000000000000e+01 -1.016000000000000000e+03
1.011100000000000000e+04 3.200000000000000000e+01 -2.400000000000000000e+01 -1.016000000000000000e+03
1.015100000000000000e+04 2.400000000000000000e+01 -2.400000000000000000e+01 -1.000000000000000000e+03
1.019100000000000000e+04 8.000000000000000000e+00 -2.400000000000000000e+01 -1.040000000000000000e+03
1.023100000000000000e+04 8.000000000000000000e+00 -2.400000000000000000e+01 -1.048000000000000000e+03
1.027100000000000000e+04 8.000000000000000000e+00 -2.400000000000000000e+01 -1.056000000000000000e+03
1.031100000000000000e+04 8.000000000000000000e+00 -3.200000000000000000e+01 -1.000000000000000000e+03
1.035100000000000000e+04 0.000000000000000000e+00 -3.200000000000000000e+01 -1.032000000000000000e+03
1.039100000000000000e+04 0.000000000000000000e+00 -1.600000000000000000e+01 -1.040000000000000000e+03
1.043100000000000000e+04 1.600000000000000000e+01 -2.400000000000000000e+01 -1.024000000000000000e+03
1.047100000000000000e+04 2.400000000000000000e+01 -2.400000000000000000e+01 -1.024000000000000000e+03
1.051100000000000000e+04 2.400000000000000000e+01 -4.000000000000000000e+01 -1.048000000000000000e+03
1.055100000000000000e+04 1.600000000000000000e+01 -3.200000000000000000e+01 -9.920000000000000000e+02
1.059100000000000000e+04 1.600000000000000000e+01 -2.400000000000000000e+01 -9.920000000000000000e+02
1.063100000000000000e+04 8.000000000000000000e+00 -1.600000000000000000e+01 -1.000000000000000000e+03
1.067100000000000000e+04 3.200000000000000000e+01 -3.200000000000000000e+01 -1.024000000000000000e+03
1.071100000000000000e+04 1.600000000000000000e+01 -3.200000000000000000e+01 -1.056000000000000000e+03
1.075100000000000000e+04 2.400000000000000000e+01 -2.400000000000000000e+01 -1.016000000000000000e+03
1.079100000000000000e+04 3.200000000000000000e+01 -1.600000000000000000e+01 -1.040000000000000000e+03
1.083100000000000000e+04 2.400000000000000000e+01 -2.400000000000000000e+01 -1.024000000000000000e+03
1.087100000000000000e+04 1.600000000000000000e+01 -1.600000000000000000e+01 -1.048000000000000000e+03
1.091100000000000000e+04 8.000000000000000000e+00 -3.200000000000000000e+01 -1.032000000000000000e+03
1.095100000000000000e+04 8.000000000000000000e+00 -3.200000000000000000e+01 -1.024000000000000000e+03
1.098200000000000000e+04 8.000000000000000000e+00 -4.000000000000000000e+01 -1.080000000000000000e+03
1.102200000000000000e+04 1.600000000000000000e+01 -4.800000000000000000e+01 -1.016000000000000000e+03
1.106200000000000000e+04 2.400000000000000000e+01 -2.400000000000000000e+01 -1.032000000000000000e+03
1.110200000000000000e+04 1.600000000000000000e+01 -2.400000000000000000e+01 -1.040000000000000000e+03
1.114200000000000000e+04 1.600000000000000000e+01 -3.200000000000000000e+01 -1.048000000000000000e+03
1.118200000000000000e+04 1.600000000000000000e+01 -2.400000000000000000e+01 -1.024000000000000000e+03
1.122200000000000000e+04 2.400000000000000000e+01 -2.400000000000000000e+01 -1.040000000000000000e+03
1.126200000000000000e+04 2.400000000000000000e+01 -3.200000000000000000e+01 -1.000000000000000000e+03
1.130200000000000000e+04 1.600000000000000000e+01 -2.400000000000000000e+01 -1.056000000000000000e+03
1.134200000000000000e+04 8.000000000000000000e+00 -2.400000000000000000e+01 -1.024000000000000000e+03
1.138200000000000000e+04 8.000000000000000000e+00 -3.200000000000000000e+01 -1.024000000000000000e+03
1.142200000000000000e+04 1.600000000000000000e+01 -3.200000000000000000e+01 -1.056000000000000000e+03
1.146200000000000000e+04 1.600000000000000000e+01 -4.000000000000000000e+01 -1.024000000000000000e+03
1.150200000000000000e+04 1.600000000000000000e+01 -3.200000000000000000e+01 -1.008000000000000000e+03
1.154200000000000000e+04 1.600000000000000000e+01 -2.400000000000000000e+01 -1.024000000000000000e+03
1.158200000000000000e+04 1.600000000000000000e+01 -4.000000000000000000e+01 -1.016000000000000000e+03
1.162200000000000000e+04 1.600000000000000000e+01 -3.200000000000000000e+01 -1.048000000000000000e+03
1.166200000000000000e+04 2.400000000000000000e+01 -3.200000000000000000e+01 -1.032000000000000000e+03
1.170200000000000000e+04 2.400000000000000000e+01 -1.600000000000000000e+01 -1.048000000000000000e+03
1.174200000000000000e+04 3.200000000000000000e+01 -3.200000000000000000e+01 -1.024000000000000000e+03
1.178200000000000000e+04 3.200000000000000000e+01 -2.400000000000000000e+01 -1.016000000000000000e+03
1.182200000000000000e+04 2.400000000000000000e+01 -2.400000000000000000e+01 -1.024000000000000000e+03
1.186200000000000000e+04 4.000000000000000000e+01 -2.400000000000000000e+01 -1.048000000000000000e+03
1.190200000000000000e+04 1.600000000000000000e+01 -2.400000000000000000e+01 -1.040000000000000000e+03
1.194200000000000000e+04 2.400000000000000000e+01 -3.200000000000000000e+01 -1.032000000000000000e+03
1.197400000000000000e+04 1.600000000000000000e+01 -3.200000000000000000e+01 -1.056000000000000000e+03
1.201400000000000000e+04 8.000000000000000000e+00 -2.400000000000000000e+01 -1.008000000000000000e+03
1.205400000000000000e+04 8.000000000000000000e+00 -8.000000000000000000e+00 -1.088000000000000000e+03
1.209400000000000000e+04 8.000000000000000000e+00 -2.400000000000000000e+01 -1.016000000000000000e+03
1.213400000000000000e+04 1.600000000000000000e+01 -1.600000000000000000e+01 -1.024000000000000000e+03
1.217400000000000000e+04 1.600000000000000000e+01 -2.400000000000000000e+01 -1.040000000000000000e+03
1.221400000000000000e+04 8.000000000000000000e+00 -8.000000000000000000e+00 -1.024000000000000000e+03
1.225400000000000000e+04 1.600000000000000000e+01 -3.200000000000000000e+01 -1.040000000000000000e+03
1.229400000000000000e+04 1.600000000000000000e+01 -3.200000000000000000e+01 -1.040000000000000000e+03
1.233400000000000000e+04 3.200000000000000000e+01 -3.200000000000000000e+01 -1.032000000000000000e+03
1.237400000000000000e+04 3.200000000000000000e+01 -2.400000000000000000e+01 -1.024000000000000000e+03
1.241400000000000000e+04 3.200000000000000000e+01 -2.400000000000000000e+01 -1.024000000000000000e+03
1.245400000000000000e+04 2.400000000000000000e+01 -3.200000000000000000e+01 -1.048000000000000000e+03
1.249400000000000000e+04 1.600000000000000000e+01 -4.800000000000000000e+01 -1.048000000000000000e+03
1.253400000000000000e+04 8.000000000000000000e+00 -2.400000000000000000e+01 -1.024000000000000000e+03
1.257400000000000000e+04 2.400000000000000000e+01 -2.400000000000000000e+01 -1.008000000000000000e+03
1.261400000000000000e+04 3.200000000000000000e+01 -1.600000000000000000e+01 -1.008000000000000000e+03
1.265400000000000000e+04 3.200000000000000000e+01 -3.200000000000000000e+01 -1.040000000000000000e+03
1.269400000000000000e+04 3.200000000000000000e+01 -4.000000000000000000e+01 -1.024000000000000000e+03
1.273400000000000000e+04 4.800000000000000000e+01 -3.200000000000000000e+01 -1.000000000000000000e+03
1.277400000000000000e+04 3.200000000000000000e+01 -4.800000000000000000e+01 -1.056000000000000000e+03
1.281400000000000000e+04 2.400000000000000000e+01 -4.000000000000000000e+01 -1.008000000000000000e+03
1.285400000000000000e+04 1.600000000000000000e+01 -3.200000000000000000e+01 -1.040000000000000000e+03
1.289400000000000000e+04 8.000000000000000000e+00 -4.000000000000000000e+01 -1.040000000000000000e+03
1.293400000000000000e+04 2.400000000000000000e+01 -3.200000000000000000e+01 -1.032000000000000000e+03
1.296500000000000000e+04 3.200000000000000000e+01 -4.000000000000000000e+01 -1.024000000000000000e+03
1.300500000000000000e+04 2.400000000000000000e+01 -3.200000000000000000e+01 -1.032000000000000000e+03
1.304500000000000000e+04 8.000000000000000000e+00 -2.400000000000000000e+01 -1.032000000000000000e+03
1.308500000000000000e+04 8.000000000000000000e+00 -3.200000000000000000e+01 -1.040000000000000000e+03
1.312500000000000000e+04 8.000000000000000000e+00 -2.400000000000000000e+01 -1.024000000000000000e+03
1.316500000000000000e+04 1.600000000000000000e+01 -2.400000000000000000e+01 -1.040000000000000000e+03
1.320500000000000000e+04 8.000000000000000000e+00 -2.400000000000000000e+01 -1.032000000000000000e+03
1.324500000000000000e+04 1.600000000000000000e+01 -2.400000000000000000e+01 -1.016000000000000000e+03
1.328500000000000000e+04 1.600000000000000000e+01 -1.600000000000000000e+01 -1.024000000000000000e+03
1.332500000000000000e+04 1.600000000000000000e+01 -2.400000000000000000e+01 -1.040000000000000000e+03
1.336500000000000000e+04 1.600000000000000000e+01 -2.400000000000000000e+01 -1.040000000000000000e+03
1.340500000000000000e+04 2.400000000000000000e+01 -3.200000000000000000e+01 -1.032000000000000000e+03
1.344500000000000000e+04 3.200000000000000000e+01 -3.200000000000000000e+01 -1.048000000000000000e+03
1.348500000000000000e+04 1.600000000000000000e+01 -4.000000000000000000e+01 -1.024000000000000000e+03
1.352500000000000000e+04 1.600000000000000000e+01 -3.200000000000000000e+01 -1.032000000000000000e+03
1.356500000000000000e+04 1.600000000000000000e+01 -2.400000000000000000e+01 -1.032000000000000000e+03
1.360500000000000000e+04 1.600000000000000000e+01 -3.200000000000000000e+01 -1.040000000000000000e+03
1.364500000000000000e+04 1.600000000000000000e+01 -3.200000000000000000e+01 -1.032000000000000000e+03
1.368500000000000000e+04 2.400000000000000000e+01 -3.200000000000000000e+01 -1.048000000000000000e+03
1.372500000000000000e+04 1.600000000000000000e+01 -3.200000000000000000e+01 -1.024000000000000000e+03
1.376500000000000000e+04 1.600000000000000000e+01 -3.200000000000000000e+01 -1.032000000000000000e+03
1.380500000000000000e+04 1.600000000000000000e+01 -3.200000000000000000e+01 -1.024000000000000000e+03
1.384500000000000000e+04 1.600000000000000000e+01 -2.400000000000000000e+01 -1.032000000000000000e+03
1.388500000000000000e+04 1.600000000000000000e+01 -3.200000000000000000e+01 -1.040000000000000000e+03
1.392500000000000000e+04 1.600000000000000000e+01 -2.400000000000000000e+01 -1.040000000000000000e+03
1.395600000000000000e+04 -8.000000000000000000e+00 -2.400000000000000000e+01 -1.056000000000000000e+03
1.399600000000000000e+04 8.000000000000000000e+00 -2.400000000000000000e+01 -1.008000000000000000e+03
1.403600000000000000e+04 8.000000000000000000e+00 -1.600000000000000000e+01 -1.024000000000000000e+03
1.407600000000000000e+04 1.600000000000000000e+01 -4.000000000000000000e+01 -1.008000000000000000e+03
1.411600000000000000e+04 2.400000000000000000e+01 -3.200000000000000000e+01 -9.920000000000000000e+02
1.415600000000000000e+04 2.400000000000000000e+01 -2.400000000000000000e+01 -1.032000000000000000e+03
1.419600000000000000e+04 1.600000000000000000e+01 -1.600000000000000000e+01 -1.008000000000000000e+03
1.423600000000000000e+04 1.600000000000000000e+01 -1.600000000000000000e+01 -1.024000000000000000e+03
1.427600000000000000e+04 8.000000000000000000e+00 -8.000000000000000000e+00 -1.016000000000000000e+03
1.431600000000000000e+04 1.600000000000000000e+01 -1.600000000000000000e+01 -1.024000000000000000e+03
1.435600000000000000e+04 1.600000000000000000e+01 -2.400000000000000000e+01 -1.056000000000000000e+03
1.439600000000000000e+04 1.600000000000000000e+01 -4.000000000000000000e+01 -1.040000000000000000e+03
1.443600000000000000e+04 1.600000000000000000e+01 -3.200000000000000000e+01 -1.032000000000000000e+03
1.447600000000000000e+04 1.600000000000000000e+01 -4.000000000000000000e+01 -1.024000000000000000e+03
1.451600000000000000e+04 2.400000000000000000e+01 -3.200000000000000000e+01 -1.048000000000000000e+03
1.455600000000000000e+04 8.000000000000000000e+00 -1.600000000000000000e+01 -1.048000000000000000e+03
1.459600000000000000e+04 8.000000000000000000e+00 -2.400000000000000000e+01 -1.024000000000000000e+03
1.463600000000000000e+04 1.600000000000000000e+01 -3.200000000000000000e+01 -1.024000000000000000e+03
1.467600000000000000e+04 1.600000000000000000e+01 -2.400000000000000000e+01 -1.048000000000000000e+03
1.471600000000000000e+04 8.000000000000000000e+00 -2.400000000000000000e+01 -1.040000000000000000e+03
1.475600000000000000e+04 8.000000000000000000e+00 -2.400000000000000000e+01 -1.040000000000000000e+03
1.479600000000000000e+04 8.000000000000000000e+00 -2.400000000000000000e+01 -1.024000000000000000e+03
1.483600000000000000e+04 2.400000000000000000e+01 -2.400000000000000000e+01 -1.040000000000000000e+03
1.487600000000000000e+04 1.600000000000000000e+01 -1.600000000000000000e+01 -1.056000000000000000e+03
1.491600000000000000e+04 1.600000000000000000e+01 -8.000000000000000000e+00 -1.008000000000000000e+03
1.494700000000000000e+04 2.400000000000000000e+01 -1.600000000000000000e+01 -1.016000000000000000e+03
1.498700000000000000e+04 1.600000000000000000e+01 -2.400000000000000000e+01 -1.016000000000000000e+03
1.502700000000000000e+04 8.000000000000000000e+00 -1.600000000000000000e+01 -1.024000000000000000e+03
1.506700000000000000e+04 1.600000000000000000e+01 -1.600000000000000000e+01 -1.048000000000000000e+03
1.510700000000000000e+04 8.000000000000000000e+00 -2.400000000000000000e+01 -1.032000000000000000e+03
1.514700000000000000e+04 8.000000000000000000e+00 -3.200000000000000000e+01 -1.056000000000000000e+03
1.518700000000000000e+04 8.000000000000000000e+00 -3.200000000000000000e+01 -1.056000000000000000e+03
1.522700000000000000e+04 1.600000000000000000e+01 -4.800000000000000000e+01 -9.920000000000000000e+02
1.526700000000000000e+04 1.600000000000000000e+01 -3.200000000000000000e+01 -1.008000000000000000e+03
1.530700000000000000e+04 2.400000000000000000e+01 -4.000000000000000000e+01 -1.048000000000000000e+03
1.534700000000000000e+04 8.000000000000000000e+00 -3.200000000000000000e+01 -1.024000000000000000e+03
1.538700000000000000e+04 1.600000000000000000e+01 -2.400000000000000000e+01 -1.032000000000000000e+03
1.542700000000000000e+04 8.000000000000000000e+00 -1.600000000000000000e+01 -1.032000000000000000e+03
1.546700000000000000e+04 2.400000000000000000e+01 -1.600000000000000000e+01 -1.016000000000000000e+03
1.550700000000000000e+04 1.600000000000000000e+01 -1.600000000000000000e+01 -1.016000000000000000e+03
1.554700000000000000e+04 8.000000000000000000e+00 -3.200000000000000000e+01 -1.040000000000000000e+03
1.558700000000000000e+04 1.600000000000000000e+01 -2.400000000000000000e+01 -1.040000000000000000e+03
1.562700000000000000e+04 8.000000000000000000e+00 -3.200000000000000000e+01 -1.024000000000000000e+03
1.566700000000000000e+04 1.600000000000000000e+01 -3.200000000000000000e+01 -1.064000000000000000e+03
1.570700000000000000e+04 1.600000000000000000e+01 -3.200000000000000000e+01 -1.032000000000000000e+03
1.574700000000000000e+04 3.200000000000000000e+01 -3.200000000000000000e+01 -1.024000000000000000e+03
1.578700000000000000e+04 3.200000000000000000e+01 -3.200000000000000000e+01 -1.032000000000000000e+03
1.582700000000000000e+04 3.200000000000000000e+01 -3.200000000000000000e+01 -1.040000000000000000e+03
1.586700000000000000e+04 8.000000000000000000e+00 -3.200000000000000000e+01 -1.024000000000000000e+03
1.590700000000000000e+04 2.400000000000000000e+01 -4.000000000000000000e+01 -1.072000000000000000e+03
1.593800000000000000e+04 2.400000000000000000e+01 -3.200000000000000000e+01 -1.032000000000000000e+03
1.597800000000000000e+04 3.200000000000000000e+01 -3.200000000000000000e+01 -1.032000000000000000e+03
1.601800000000000000e+04 2.400000000000000000e+01 -2.400000000000000000e+01 -1.072000000000000000e+03
1.605800000000000000e+04 2.400000000000000000e+01 -2.400000000000000000e+01 -1.056000000000000000e+03
1.609800000000000000e+04 8.000000000000000000e+00 -3.200000000000000000e+01 -1.024000000000000000e+03
1.613800000000000000e+04 8.000000000000000000e+00 -3.200000000000000000e+01 -1.032000000000000000e+03
1.617800000000000000e+04 1.600000000000000000e+01 -4.000000000000000000e+01 -1.008000000000000000e+03
1.621800000000000000e+04 1.600000000000000000e+01 -4.000000000000000000e+01 -1.064000000000000000e+03
1.625800000000000000e+04 8.000000000000000000e+00 -2.400000000000000000e+01 -1.016000000000000000e+03
1.629800000000000000e+04 8.000000000000000000e+00 -2.400000000000000000e+01 -1.032000000000000000e+03
1.633800000000000000e+04 1.600000000000000000e+01 -2.400000000000000000e+01 -1.040000000000000000e+03
1.637800000000000000e+04 8.000000000000000000e+00 -1.600000000000000000e+01 -1.040000000000000000e+03
1.641800000000000000e+04 0.000000000000000000e+00 -2.400000000000000000e+01 -1.032000000000000000e+03
1.645800000000000000e+04 2.400000000000000000e+01 -4.000000000000000000e+01 -1.024000000000000000e+03
1.649800000000000000e+04 2.400000000000000000e+01 -4.000000000000000000e+01 -1.016000000000000000e+03
1.653800000000000000e+04 1.600000000000000000e+01 -2.400000000000000000e+01 -1.032000000000000000e+03
1.657800000000000000e+04 2.400000000000000000e+01 -3.200000000000000000e+01 -1.040000000000000000e+03
1.661800000000000000e+04 1.600000000000000000e+01 -4.000000000000000000e+01 -1.016000000000000000e+03
1.665800000000000000e+04 2.400000000000000000e+01 -2.400000000000000000e+01 -1.024000000000000000e+03
1.669800000000000000e+04 1.600000000000000000e+01 -3.200000000000000000e+01 -1.024000000000000000e+03
1.673800000000000000e+04 1.600000000000000000e+01 -3.200000000000000000e+01 -1.040000000000000000e+03
1.677800000000000000e+04 2.400000000000000000e+01 -2.400000000000000000e+01 -1.016000000000000000e+03
1.681800000000000000e+04 1.600000000000000000e+01 -3.200000000000000000e+01 -1.008000000000000000e+03
1.685800000000000000e+04 1.600000000000000000e+01 -1.600000000000000000e+01 -1.056000000000000000e+03
1.689800000000000000e+04 1.600000000000000000e+01 -2.400000000000000000e+01 -1.024000000000000000e+03
1.693000000000000000e+04 0.000000000000000000e+00 -8.000000000000000000e+00 -1.024000000000000000e+03
1.697000000000000000e+04 3.200000000000000000e+01 -2.400000000000000000e+01 -1.008000000000000000e+03
1.701000000000000000e+04 1.600000000000000000e+01 -3.200000000000000000e+01 -1.040000000000000000e+03
1.705000000000000000e+04 8.000000000000000000e+00 -4.000000000000000000e+01 -1.040000000000000000e+03
1.709000000000000000e+04 1.600000000000000000e+01 -3.200000000000000000e+01 -1.016000000000000000e+03
1.713000000000000000e+04 3.200000000000000000e+01 -4.800000000000000000e+01 -1.000000000000000000e+03
1.717000000000000000e+04 2.400000000000000000e+01 -4.000000000000000000e+01 -1.024000000000000000e+03
1.721000000000000000e+04 2.400000000000000000e+01 -4.000000000000000000e+01 -1.032000000000000000e+03
1.725000000000000000e+04 4.800000000000000000e+01 -4.000000000000000000e+01 -1.048000000000000000e+03
1.729000000000000000e+04 2.400000000000000000e+01 -4.000000000000000000e+01 -1.008000000000000000e+03
1.733000000000000000e+04 3.200000000000000000e+01 -3.200000000000000000e+01 -1.048000000000000000e+03
1.737000000000000000e+04 3.200000000000000000e+01 -1.600000000000000000e+01 -1.048000000000000000e+03
1.741000000000000000e+04 3.200000000000000000e+01 -4.000000000000000000e+01 -1.040000000000000000e+03
1.745000000000000000e+04 2.400000000000000000e+01 -3.200000000000000000e+01 -1.000000000000000000e+03
1.749000000000000000e+04 2.400000000000000000e+01 -2.400000000000000000e+01 -1.024000000000000000e+03
1.753000000000000000e+04 1.600000000000000000e+01 -2.400000000000000000e+01 -1.008000000000000000e+03
1.757000000000000000e+04 8.000000000000000000e+00 -1.600000000000000000e+01 -1.008000000000000000e+03
1.761000000000000000e+04 8.000000000000000000e+00 -1.600000000000000000e+01 -1.024000000000000000e+03
1.765000000000000000e+04 2.400000000000000000e+01 -3.200000000000000000e+01 -1.016000000000000000e+03
1.769000000000000000e+04 2.400000000000000000e+01 -2.400000000000000000e+01 -1.008000000000000000e+03
1.773000000000000000e+04 1.600000000000000000e+01 -8.000000000000000000e+00 -1.016000000000000000e+03
1.777000000000000000e+04 1.600000000000000000e+01 -2.400000000000000000e+01 -1.024000000000000000e+03
1.781000000000000000e+04 2.400000000000000000e+01 -2.400000000000000000e+01 -1.048000000000000000e+03
1.785000000000000000e+04 3.200000000000000000e+01 -3.200000000000000000e+01 -1.016000000000000000e+03
1.789000000000000000e+04 1.600000000000000000e+01 -2.400000000000000000e+01 -1.040000000000000000e+03
1.792100000000000000e+04 2.400000000000000000e+01 -2.400000000000000000e+01 -1.040000000000000000e+03
1.796100000000000000e+04 1.600000000000000000e+01 -2.400000000000000000e+01 -1.008000000000000000e+03
1.800100000000000000e+04 2.400000000000000000e+01 -1.600000000000000000e+01 -1.040000000000000000e+03
1.804100000000000000e+04 1.600000000000000000e+01 -1.600000000000000000e+01 -1.032000000000000000e+03
1.808100000000000000e+04 2.400000000000000000e+01 -2.400000000000000000e+01 -1.016000000000000000e+03
1.812100000000000000e+04 4.000000000000000000e+01 -1.600000000000000000e+01 -1.024000000000000000e+03
1.816100000000000000e+04 1.600000000000000000e+01 -2.400000000000000000e+01 -1.032000000000000000e+03
1.820100000000000000e+04 1.600000000000000000e+01 -2.400000000000000000e+01 -1.032000000000000000e+03
1.824100000000000000e+04 2.400000000000000000e+01 -2.400000000000000000e+01 -1.032000000000000000e+03
1.828100000000000000e+04 2.400000000000000000e+01 -2.400000000000000000e+01 -1.064000000000000000e+03
1.832100000000000000e+04 2.400000000000000000e+01 -3.200000000000000000e+01 -1.000000000000000000e+03
1.836100000000000000e+04 2.400000000000000000e+01 -2.400000000000000000e+01 -1.064000000000000000e+03
1.840100000000000000e+04 1.600000000000000000e+01 -2.400000000000000000e+01 -1.032000000000000000e+03
1.844100000000000000e+04 2.400000000000000000e+01 -3.200000000000000000e+01 -1.016000000000000000e+03
1.848100000000000000e+04 2.400000000000000000e+01 -3.200000000000000000e+01 -1.024000000000000000e+03
1.852100000000000000e+04 1.600000000000000000e+01 -2.400000000000000000e+01 -1.056000000000000000e+03
1.856100000000000000e+04 1.600000000000000000e+01 -2.400000000000000000e+01 -1.024000000000000000e+03
1.860100000000000000e+04 2.400000000000000000e+01 -3.200000000000000000e+01 -1.024000000000000000e+03
1.864100000000000000e+04 2.400000000000000000e+01 -3.200000000000000000e+01 -1.016000000000000000e+03
1.868100000000000000e+04 8.000000000000000000e+00 -1.600000000000000000e+01 -1.032000000000000000e+03
1.872100000000000000e+04 -8.000000000000000000e+00 -3.200000000000000000e+01 -9.920000000000000000e+02
1.876100000000000000e+04 1.600000000000000000e+01 -3.200000000000000000e+01 -1.032000000000000000e+03
1.880100000000000000e+04 1.600000000000000000e+01 -3.200000000000000000e+01 -1.032000000000000000e+03
1.884100000000000000e+04 0.000000000000000000e+00 -2.400000000000000000e+01 -1.048000000000000000e+03
1.888100000000000000e+04 8.000000000000000000e+00 -3.200000000000000000e+01 -1.056000000000000000e+03
1.891200000000000000e+04 -8.000000000000000000e+00 -3.200000000000000000e+01 -1.032000000000000000e+03
1.895200000000000000e+04 0.000000000000000000e+00 -3.200000000000000000e+01 -1.016000000000000000e+03
1.899200000000000000e+04 0.000000000000000000e+00 -2.400000000000000000e+01 -1.008000000000000000e+03
1.903200000000000000e+04 8.000000000000000000e+00 -3.200000000000000000e+01 -1.040000000000000000e+03
1.907200000000000000e+04 2.400000000000000000e+01 -3.200000000000000000e+01 -1.032000000000000000e+03
1.911200000000000000e+04 3.200000000000000000e+01 -3.200000000000000000e+01 -1.032000000000000000e+03
1.915200000000000000e+04 2.400000000000000000e+01 -3.200000000000000000e+01 -1.024000000000000000e+03
1.919200000000000000e+04 1.600000000000000000e+01 -2.400000000000000000e+01 -1.032000000000000000e+03
1.923200000000000000e+04 1.600000000000000000e+01 -2.400000000000000000e+01 -1.024000000000000000e+03
1.927200000000000000e+04 1.600000000000000000e+01 -1.600000000000000000e+01 -1.032000000000000000e+03
1.931200000000000000e+04 1.600000000000000000e+01 -3.200000000000000000e+01 -1.008000000000000000e+03
1.935200000000000000e+04 1.600000000000000000e+01 -3.200000000000000000e+01 -1.024000000000000000e+03
1.939200000000000000e+04 1.600000000000000000e+01 -3.200000000000000000e+01 -1.032000000000000000e+03
1.943200000000000000e+04 1.600000000000000000e+01 -3.200000000000000000e+01 -1.032000000000000000e+03
1.947200000000000000e+04 2.400000000000000000e+01 -3.200000000000000000e+01 -1.024000000000000000e+03
1.951200000000000000e+04 1.600000000000000000e+01 -3.200000000000000000e+01 -1.024000000000000000e+03
1.955200000000000000e+04 1.600000000000000000e+01 -3.200000000000000000e+01 -1.016000000000000000e+03
1.959200000000000000e+04 2.400000000000000000e+01 -3.200000000000000000e+01 -1.024000000000000000e+03
1.963200000000000000e+04 1.600000000000000000e+01 -3.200000000000000000e+01 -1.016000000000000000e+03
1.967200000000000000e+04 1.600000000000000000e+01 -2.400000000000000000e+01 -1.032000000000000000e+03
1.971200000000000000e+04 1.600000000000000000e+01 -2.400000000000000000e+01 -1.032000000000000000e+03
1.975200000000000000e+04 8.000000000000000000e+00 -3.200000000000000000e+01 -1.024000000000000000e+03
1.979200000000000000e+04 1.600000000000000000e+01 -3.200000000000000000e+01 -1.024000000000000000e+03
1.983200000000000000e+04 1.600000000000000000e+01 -2.400000000000000000e+01 -1.016000000000000000e+03
1.987200000000000000e+04 1.600000000000000000e+01 -2.400000000000000000e+01 -1.024000000000000000e+03
2.089500000000000000e+04 2.400000000000000000e+01 -2.400000000000000000e+01 -1.032000000000000000e+03
2.093500000000000000e+04 8.000000000000000000e+00 -3.200000000000000000e+01 -1.016000000000000000e+03
2.097500000000000000e+04 1.600000000000000000e+01 -2.400000000000000000e+01 -1.024000000000000000e+03
2.101500000000000000e+04 1.600000000000000000e+01 -3.200000000000000000e+01 -1.016000000000000000e+03
2.105500000000000000e+04 2.400000000000000000e+01 -3.200000000000000000e+01 -1.032000000000000000e+03
2.109500000000000000e+04 2.400000000000000000e+01 -3.200000000000000000e+01 -1.032000000000000000e+03
2.113500000000000000e+04 2.400000000000000000e+01 -2.400000000000000000e+01 -1.040000000000000000e+03
2.117500000000000000e+04 2.400000000000000000e+01 -2.400000000000000000e+01 -1.024000000000000000e+03
2.121500000000000000e+04 2.400000000000000000e+01 -3.200000000000000000e+01 -1.032000000000000000e+03
2.125500000000000000e+04 2.400000000000000000e+01 -2.400000000000000000e+01 -1.032000000000000000e+03
2.129500000000000000e+04 1.600000000000000000e+01 -2.400000000000000000e+01 -1.048000000000000000e+03
2.133500000000000000e+04 1.600000000000000000e+01 -2.400000000000000000e+01 -1.024000000000000000e+03
2.137500000000000000e+04 1.600000000000000000e+01 -2.400000000000000000e+01 -1.032000000000000000e+03
2.141500000000000000e+04 2.400000000000000000e+01 -3.200000000000000000e+01 -1.048000000000000000e+03
2.145500000000000000e+04 8.000000000000000000e+00 -3.200000000000000000e+01 -1.032000000000000000e+03
2.149500000000000000e+04 1.600000000000000000e+01 -2.400000000000000000e+01 -1.040000000000000000e+03
2.153500000000000000e+04 3.200000000000000000e+01 -3.200000000000000000e+01 -1.064000000000000000e+03
2.157500000000000000e+04 1.600000000000000000e+01 -2.400000000000000000e+01 -1.024000000000000000e+03
2.161500000000000000e+04 2.400000000000000000e+01 -3.200000000000000000e+01 -1.048000000000000000e+03
2.165500000000000000e+04 1.600000000000000000e+01 -3.200000000000000000e+01 -1.040000000000000000e+03
2.169500000000000000e+04 1.600000000000000000e+01 -3.200000000000000000e+01 -1.032000000000000000e+03
2.173500000000000000e+04 8.000000000000000000e+00 -4.000000000000000000e+01 -1.000000000000000000e+03
2.177500000000000000e+04 2.400000000000000000e+01 -4.000000000000000000e+01 -1.032000000000000000e+03
2.181500000000000000e+04 0.000000000000000000e+00 -3.200000000000000000e+01 -1.048000000000000000e+03
2.185500000000000000e+04 8.000000000000000000e+00 -3.200000000000000000e+01 -1.040000000000000000e+03
