4.700000000000000000e+01 1.600000000000000000e+01 -1.600000000000000000e+01 -1.048000000000000000e+03
8.700000000000000000e+01 8.000000000000000000e+00 -2.400000000000000000e+01 -9.840000000000000000e+02
1.270000000000000000e+02 8.000000000000000000e+00 0.000000000000000000e+00 -1.048000000000000000e+03
1.670000000000000000e+02 8.000000000000000000e+00 -2.400000000000000000e+01 -1.032000000000000000e+03
2.070000000000000000e+02 2.400000000000000000e+01 -8.000000000000000000e+00 -1.016000000000000000e+03
2.470000000000000000e+02 1.600000000000000000e+01 -8.000000000000000000e+00 -1.080000000000000000e+03
2.870000000000000000e+02 8.000000000000000000e+00 -8.000000000000000000e+00 -1.040000000000000000e+03
3.270000000000000000e+02 8.000000000000000000e+00 -1.600000000000000000e+01 -1.032000000000000000e+03
3.670000000000000000e+02 1.600000000000000000e+01 -1.600000000000000000e+01 -1.040000000000000000e+03
4.070000000000000000e+02 8.000000000000000000e+00 -8.000000000000000000e+00 -1.000000000000000000e+03
4.470000000000000000e+02 0.000000000000000000e+00 -1.600000000000000000e+01 -1.000000000000000000e+03
4.870000000000000000e+02 0.000000000000000000e+00 -2.400000000000000000e+01 -1.016000000000000000e+03
5.270000000000000000e+02 1.600000000000000000e+01 -4.000000000000000000e+01 -1.016000000000000000e+03
5.670000000000000000e+02 2.400000000000000000e+01 -3.200000000000000000e+01 -1.016000000000000000e+03
6.070000000000000000e+02 1.600000000000000000e+01 -1.600000000000000000e+01 -1.016000000000000000e+03
6.470000000000000000e+02 2.400000000000000000e+01 -2.400000000000000000e+01 -1.032000000000000000e+03
6.870000000000000000e+02 2.400000000000000000e+01 -4.000000000000000000e+01 -1.032000000000000000e+03
7.270000000000000000e+02 2.400000000000000000e+01 -3.200000000000000000e+01 -1.024000000000000000e+03
7.670000000000000000e+02 1.600000000000000000e+01 -2.400000000000000000e+01 -1.056000000000000000e+03
8.070000000000000000e+02 1.600000000000000000e+01 -1.600000000000000000e+01 -1.024000000000000000e+03
8.470000000000000000e+02 1.600000000000000000e+01 -1.600000000000000000e+01 -1.040000000000000000e+03
8.870000000000000000e+02 1.600000000000000000e+01 -2.400000000000000000e+01 -1.024000000000000000e+03
9.270000000000000000e+02 1.600000000000000000e+01 -1.600000000000000000e+01 -1.072000000000000000e+03
9.670000000000000000e+02 1.600000000000000000e+01 -1.600000000000000000e+01 -1.008000000000000000e+03
1.007000000000000000e+03 1.600000000000000000e+01 -1.600000000000000000e+01 -1.024000000000000000e+03
1.039000000000000000e+03 8.000000000000000000e+00 -2.400000000000000000e+01 -1.048000000000000000e+03
1.079000000000000000e+03 2.400000000000000000e+01 -2.400000000000000000e+01 -1.040000000000000000e+03
1.119000000000000000e+03 1.600000000000000000e+01 -2.400000000000000000e+01 -1.032000000000000000e+03
1.159000000000000000e+03 1.600000000000000000e+01 -1.600000000000000000e+01 -1.048000000000000000e+03
1.199000000000000000e+03 1.600000000000000000e+01 -1.600000000000000000e+01 -1.032000000000000000e+03
1.239000000000000000e+03 2.400000000000000000e+01 -3.200000000000000000e+01 -1.016000000000000000e+03
1.279000000000000000e+03 2.400000000000000000e+01 -3.200000000000000000e+01 -1.048000000000000000e+03
1.319000000000000000e+03 8.000000000000000000e+00 -4.000000000000000000e+01 -1.008000000000000000e+03
1.359000000000000000e+03 8.000000000000000000e+00 -2.400000000000000000e+01 -1.040000000000000000e+03
1.399000000000000000e+03 1.600000000000000000e+01 -1.600000000000000000e+01 -1.032000000000000000e+03
1.439000000000000000e+03 1.600000000000000000e+01 -1.600000000000000000e+01 -1.032000000000000000e+03
1.479000000000000000e+03 1.600000000000000000e+01 -1.600000000000000000e+01 -1.072000000000000000e+03
1.519000000000000000e+03 1.600000000000000000e+01 -2.400000000000000000e+01 -1.040000000000000000e+03
1.559000000000000000e+03 1.600000000000000000e+01 -2.400000000000000000e+01 -1.024000000000000000e+03
1.599000000000000000e+03 2.400000000000000000e+01 -2.400000000000000000e+01 -1.048000000000000000e+03
1.639000000000000000e+03 1.600000000000000000e+01 -2.400000000000000000e+01 -1.032000000000000000e+03
1.679000000000000000e+03 1.600000000000000000e+01 -1.600000000000000000e+01 -1.032000000000000000e+03
1.719000000000000000e+03 1.600000000000000000e+01 -1.600000000000000000e+01 -1.024000000000000000e+03
1.759000000000000000e+03 8.000000000000000000e+00 -3.200000000000000000e+01 -1.048000000000000000e+03
1.799000000000000000e+03 8.000000000000000000e+00 -2.400000000000000000e+01 -9.920000000000000000e+02
1.839000000000000000e+03 8.000000000000000000e+00 -2.400000000000000000e+01 -1.032000000000000000e+03
1.879000000000000000e+03 1.600000000000000000e+01 -2.400000000000000000e+01 -1.040000000000000000e+03
1.919000000000000000e+03 2.400000000000000000e+01 -8.000000000000000000e+00 -1.064000000000000000e+03
1.959000000000000000e+03 2.400000000000000000e+01 -2.400000000000000000e+01 -1.024000000000000000e+03
1.999000000000000000e+03 2.400000000000000000e+01 -1.600000000000000000e+01 -1.032000000000000000e+03
2.032000000000000000e+03 3.200000000000000000e+01 -1.600000000000000000e+01 -1.000000000000000000e+03
2.072000000000000000e+03 4.000000000000000000e+01 -8.000000000000000000e+00 -1.080000000000000000e+03
2.112000000000000000e+03 0.000000000000000000e+00 -3.200000000000000000e+01 -1.024000000000000000e+03
2.152000000000000000e+03 0.000000000000000000e+00 -1.600000000000000000e+01 -1.032000000000000000e+03
2.192000000000000000e+03 1.600000000000000000e+01 -3.200000000000000000e+01 -1.000000000000000000e+03
2.232000000000000000e+03 1.600000000000000000e+01 -2.400000000000000000e+01 -1.032000000000000000e+03
2.272000000000000000e+03 8.000000000000000000e+00 8.000000000000000000e+00 -9.920000000000000000e+02
2.312000000000000000e+03 2.400000000000000000e+01 -1.600000000000000000e+01 -1.064000000000000000e+03
2.352000000000000000e+03 2.400000000000000000e+01 -1.600000000000000000e+01 -1.048000000000000000e+03
2.392000000000000000e+03 1.600000000000000000e+01 -1.600000000000000000e+01 -1.032000000000000000e+03
2.432000000000000000e+03 2.400000000000000000e+01 -1.600000000000000000e+01 -1.016000000000000000e+03
2.472000000000000000e+03 8.000000000000000000e+00 -1.600000000000000000e+01 -1.024000000000000000e+03
2.512000000000000000e+03 1.600000000000000000e+01 -1.600000000000000000e+01 -1.032000000000000000e+03
2.552000000000000000e+03 1.600000000000000000e+01 0.000000000000000000e+00 -1.024000000000000000e+03
2.592000000000000000e+03 2.400000000000000000e+01 -8.000000000000000000e+00 -1.040000000000000000e+03
2.632000000000000000e+03 1.600000000000000000e+01 -2.400000000000000000e+01 -1.040000000000000000e+03
2.672000000000000000e+03 1.600000000000000000e+01 -8.000000000000000000e+00 -1.024000000000000000e+03
2.712000000000000000e+03 1.600000000000000000e+01 -8.000000000000000000e+00 -1.048000000000000000e+03
2.752000000000000000e+03 3.200000000000000000e+01 -1.600000000000000000e+01 -1.040000000000000000e+03
2.792000000000000000e+03 2.400000000000000000e+01 -1.600000000000000000e+01 -1.024000000000000000e+03
2.832000000000000000e+03 3.200000000000000000e+01 -1.600000000000000000e+01 -1.040000000000000000e+03
2.872000000000000000e+03 2.400000000000000000e+01 0.000000000000000000e+00 -1.024000000000000000e+03
2.912000000000000000e+03 1.600000000000000000e+01 0.000000000000000000e+00 -1.008000000000000000e+03
2.952000000000000000e+03 1.600000000000000000e+01 -8.000000000000000000e+00 -1.040000000000000000e+03
2.992000000000000000e+03 1.600000000000000000e+01 -8.000000000000000000e+00 -1.032000000000000000e+03
3.024000000000000000e+03 8.000000000000000000e+00 -1.600000000000000000e+01 -1.032000000000000000e+03
3.064000000000000000e+03 8.000000000000000000e+00 -3.200000000000000000e+01 -1.032000000000000000e+03
3.104000000000000000e+03 0.000000000000000000e+00 -8.000000000000000000e+00 -1.000000000000000000e+03
3.144000000000000000e+03 1.600000000000000000e+01 -8.000000000000000000e+00 -1.040000000000000000e+03
3.184000000000000000e+03 8.000000000000000000e+00 -1.600000000000000000e+01 -1.040000000000000000e+03
3.224000000000000000e+03 1.600000000000000000e+01 -8.000000000000000000e+00 -1.048000000000000000e+03
3.264000000000000000e+03 1.600000000000000000e+01 -1.600000000000000000e+01 -1.016000000000000000e+03
3.304000000000000000e+03 1.600000000000000000e+01 -1.600000000000000000e+01 -1.016000000000000000e+03
3.344000000000000000e+03 1.600000000000000000e+01 -1.600000000000000000e+01 -1.016000000000000000e+03
3.384000000000000000e+03 1.600000000000000000e+01 -1.600000000000000000e+01 -1.032000000000000000e+03
3.424000000000000000e+03 1.600000000000000000e+01 -1.600000000000000000e+01 -1.040000000000000000e+03
3.464000000000000000e+03 8.000000000000000000e+00 -2.400000000000000000e+01 -1.040000000000000000e+03
3.504000000000000000e+03 1.600000000000000000e+01 -2.400000000000000000e+01 -1.032000000000000000e+03
3.544000000000000000e+03 8.000000000000000000e+00 -2.400000000000000000e+01 -1.048000000000000000e+03
3.584000000000000000e+03 1.600000000000000000e+01 -2.400000000000000000e+01 -1.016000000000000000e+03
3.624000000000000000e+03 1.600000000000000000e+01 -8.000000000000000000e+00 -1.032000000000000000e+03
3.664000000000000000e+03 8.000000000000000000e+00 -1.600000000000000000e+01 -1.016000000000000000e+03
3.704000000000000000e+03 2.400000000000000000e+01 -1.600000000000000000e+01 -1.032000000000000000e+03
3.744000000000000000e+03 2.400000000000000000e+01 -1.600000000000000000e+01 -1.016000000000000000e+03
3.784000000000000000e+03 2.400000000000000000e+01 -2.400000000000000000e+01 -1.040000000000000000e+03
3.824000000000000000e+03 2.400000000000000000e+01 -1.600000000000000000e+01 -1.024000000000000000e+03
3.864000000000000000e+03 1.600000000000000000e+01 -3.200000000000000000e+01 -1.040000000000000000e+03
3.904000000000000000e+03 2.400000000000000000e+01 -2.400000000000000000e+01 -1.048000000000000000e+03
3.944000000000000000e+03 1.600000000000000000e+01 -1.600000000000000000e+01 -1.016000000000000000e+03
3.984000000000000000e+03 8.000000000000000000e+00 -2.400000000000000000e+01 -1.032000000000000000e+03
4.016000000000000000e+03 0.000000000000000000e+00 -2.400000000000000000e+01 -1.008000000000000000e+03
4.056000000000000000e+03 4.000000000000000000e+01 -4.000000000000000000e+01 -1.024000000000000000e+03
4.096000000000000000e+03 3.200000000000000000e+01 -2.400000000000000000e+01 -1.016000000000000000e+03
4.136000000000000000e+03 2.400000000000000000e+01 -2.400000000000000000e+01 -1.032000000000000000e+03
4.176000000000000000e+03 2.400000000000000000e+01 -2.400000000000000000e+01 -1.032000000000000000e+03
4.216000000000000000e+03 2.400000000000000000e+01 -1.600000000000000000e+01 -1.024000000000000000e+03
4.256000000000000000e+03 2.400000000000000000e+01 -1.600000000000000000e+01 -1.040000000000000000e+03
4.296000000000000000e+03 2.400000000000000000e+01 -1.600000000000000000e+01 -1.040000000000000000e+03
4.336000000000000000e+03 8.000000000000000000e+00 -1.600000000000000000e+01 -1.040000000000000000e+03
4.376000000000000000e+03 1.600000000000000000e+01 -1.600000000000000000e+01 -1.016000000000000000e+03
4.416000000000000000e+03 1.600000000000000000e+01 -2.400000000000000000e+01 -1.032000000000000000e+03
4.456000000000000000e+03 1.600000000000000000e+01 -2.400000000000000000e+01 -1.040000000000000000e+03
4.496000000000000000e+03 0.000000000000000000e+00 -2.400000000000000000e+01 -1.032000000000000000e+03
4.536000000000000000e+03 8.000000000000000000e+00 -2.400000000000000000e+01 -1.016000000000000000e+03
4.576000000000000000e+03 1.600000000000000000e+01 -2.400000000000000000e+01 -1.040000000000000000e+03
4.616000000000000000e+03 -8.000000000000000000e+00 -2.400000000000000000e+01 -1.032000000000000000e+03
4.656000000000000000e+03 8.000000000000000000e+00 -2.400000000000000000e+01 -1.048000000000000000e+03
4.696000000000000000e+03 8.000000000000000000e+00 -1.600000000000000000e+01 -1.048000000000000000e+03
4.736000000000000000e+03 1.600000000000000000e+01 -2.400000000000000000e+01 -1.040000000000000000e+03
4.776000000000000000e+03 1.600000000000000000e+01 -2.400000000000000000e+01 -1.048000000000000000e+03
4.816000000000000000e+03 2.400000000000000000e+01 -8.000000000000000000e+00 -1.024000000000000000e+03
4.856000000000000000e+03 -8.000000000000000000e+00 -2.400000000000000000e+01 -1.048000000000000000e+03
4.896000000000000000e+03 8.000000000000000000e+00 -2.400000000000000000e+01 -1.048000000000000000e+03
4.936000000000000000e+03 3.200000000000000000e+01 -3.200000000000000000e+01 -1.016000000000000000e+03
4.976000000000000000e+03 2.400000000000000000e+01 -2.400000000000000000e+01 -1.024000000000000000e+03
5.009000000000000000e+03 8.000000000000000000e+00 -2.400000000000000000e+01 -1.040000000000000000e+03
5.049000000000000000e+03 0.000000000000000000e+00 -3.200000000000000000e+01 -1.024000000000000000e+03
5.089000000000000000e+03 8.000000000000000000e+00 -1.600000000000000000e+01 -1.024000000000000000e+03
5.129000000000000000e+03 4.000000000000000000e+01 -2.400000000000000000e+01 -1.024000000000000000e+03
5.169000000000000000e+03 4.000000000000000000e+01 -2.400000000000000000e+01 -1.016000000000000000e+03
5.209000000000000000e+03 2.400000000000000000e+01 -2.400000000000000000e+01 -1.032000000000000000e+03
5.249000000000000000e+03 1.600000000000000000e+01 -2.400000000000000000e+01 -1.056000000000000000e+03
5.289000000000000000e+03 8.000000000000000000e+00 -2.400000000000000000e+01 -1.032000000000000000e+03
5.329000000000000000e+03 1.600000000000000000e+01 -3.200000000000000000e+01 -1.040000000000000000e+03
5.369000000000000000e+03 8.000000000000000000e+00 -2.400000000000000000e+01 -1.048000000000000000e+03
5.409000000000000000e+03 1.600000000000000000e+01 -2.400000000000000000e+01 -1.040000000000000000e+03
5.449000000000000000e+03 8.000000000000000000e+00 -1.600000000000000000e+01 -1.032000000000000000e+03
5.489000000000000000e+03 8.000000000000000000e+00 -2.400000000000000000e+01 -1.048000000000000000e+03
5.529000000000000000e+03 1.600000000000000000e+01 -2.400000000000000000e+01 -1.024000000000000000e+03
5.569000000000000000e+03 1.600000000000000000e+01 -1.600000000000000000e+01 -1.048000000000000000e+03
5.609000000000000000e+03 1.600000000000000000e+01 -1.600000000000000000e+01 -1.032000000000000000e+03
5.649000000000000000e+03 2.400000000000000000e+01 -1.600000000000000000e+01 -1.032000000000000000e+03
5.689000000000000000e+03 1.600000000000000000e+01 -2.400000000000000000e+01 -1.032000000000000000e+03
5.729000000000000000e+03 2.400000000000000000e+01 -1.600000000000000000e+01 -1.040000000000000000e+03
5.769000000000000000e+03 2.400000000000000000e+01 -2.400000000000000000e+01 -1.048000000000000000e+03
5.809000000000000000e+03 2.400000000000000000e+01 -4.000000000000000000e+01 -1.032000000000000000e+03
5.849000000000000000e+03 2.400000000000000000e+01 -2.400000000000000000e+01 -1.032000000000000000e+03
5.889000000000000000e+03 1.600000000000000000e+01 -3.200000000000000000e+01 -1.040000000000000000e+03
5.929000000000000000e+03 1.600000000000000000e+01 -1.600000000000000000e+01 -1.024000000000000000e+03
5.969000000000000000e+03 1.600000000000000000e+01 -1.600000000000000000e+01 -1.016000000000000000e+03
6.002000000000000000e+03 2.400000000000000000e+01 -1.600000000000000000e+01 -1.080000000000000000e+03
6.042000000000000000e+03 2.400000000000000000e+01 -2.400000000000000000e+01 -1.040000000000000000e+03
6.082000000000000000e+03 3.200000000000000000e+01 -2.400000000000000000e+01 -1.024000000000000000e+03
6.122000000000000000e+03 1.600000000000000000e+01 -2.400000000000000000e+01 -9.840000000000000000e+02
6.162000000000000000e+03 2.400000000000000000e+01 -8.000000000000000000e+00 -1.040000000000000000e+03
6.202000000000000000e+03 1.600000000000000000e+01 -8.000000000000000000e+00 -1.024000000000000000e+03
6.242000000000000000e+03 2.400000000000000000e+01 -1.600000000000000000e+01 -1.000000000000000000e+03
6.282000000000000000e+03 1.600000000000000000e+01 -8.000000000000000000e+00 -1.032000000000000000e+03
6.322000000000000000e+03 1.600000000000000000e+01 -8.000000000000000000e+00 -1.032000000000000000e+03
6.362000000000000000e+03 1.600000000000000000e+01 -1.600000000000000000e+01 -1.040000000000000000e+03
6.402000000000000000e+03 1.600000000000000000e+01 -1.600000000000000000e+01 -1.024000000000000000e+03
6.442000000000000000e+03 1.600000000000000000e+01 -1.600000000000000000e+01 -1.008000000000000000e+03
6.482000000000000000e+03 1.600000000000000000e+01 -2.400000000000000000e+01 -1.056000000000000000e+03
6.522000000000000000e+03 4.000000000000000000e+01 -1.600000000000000000e+01 -1.040000000000000000e+03
6.562000000000000000e+03 2.400000000000000000e+01 -2.400000000000000000e+01 -1.064000000000000000e+03
6.602000000000000000e+03 -8.000000000000000000e+00 -2.400000000000000000e+01 -1.040000000000000000e+03
6.642000000000000000e+03 0.000000000000000000e+00 -1.600000000000000000e+01 -1.016000000000000000e+03
6.682000000000000000e+03 1.600000000000000000e+01 -2.400000000000000000e+01 -1.048000000000000000e+03
6.722000000000000000e+03 1.600000000000000000e+01 -2.400000000000000000e+01 -9.920000000000000000e+02
6.762000000000000000e+03 1.600000000000000000e+01 -2.400000000000000000e+01 -1.016000000000000000e+03
6.802000000000000000e+03 1.600000000000000000e+01 -2.400000000000000000e+01 -1.040000000000000000e+03
6.842000000000000000e+03 1.600000000000000000e+01 -2.400000000000000000e+01 -1.040000000000000000e+03
6.882000000000000000e+03 1.600000000000000000e+01 -2.400000000000000000e+01 -1.056000000000000000e+03
6.922000000000000000e+03 1.600000000000000000e+01 -2.400000000000000000e+01 -1.024000000000000000e+03
6.962000000000000000e+03 8.000000000000000000e+00 -2.400000000000000000e+01 -1.056000000000000000e+03
6.994000000000000000e+03 0.000000000000000000e+00 -2.400000000000000000e+01 -1.032000000000000000e+03
7.034000000000000000e+03 -1.600000000000000000e+01 -1.600000000000000000e+01 -1.024000000000000000e+03
7.074000000000000000e+03 0.000000000000000000e+00 0.000000000000000000e+00 -1.024000000000000000e+03
7.114000000000000000e+03 8.000000000000000000e+00 -8.000000000000000000e+00 -1.032000000000000000e+03
7.154000000000000000e+03 1.600000000000000000e+01 -1.600000000000000000e+01 -1.024000000000000000e+03
7.194000000000000000e+03 8.000000000000000000e+00 -3.200000000000000000e+01 -1.040000000000000000e+03
7.234000000000000000e+03 1.600000000000000000e+01 -3.200000000000000000e+01 -1.024000000000000000e+03
7.274000000000000000e+03 1.600000000000000000e+01 -2.400000000000000000e+01 -1.024000000000000000e+03
7.314000000000000000e+03 1.600000000000000000e+01 -1.600000000000000000e+01 -1.016000000000000000e+03
7.354000000000000000e+03 3.200000000000000000e+01 -8.000000000000000000e+00 -1.032000000000000000e+03
7.394000000000000000e+03 8.000000000000000000e+00 -8.000000000000000000e+00 -1.056000000000000000e+03
7.434000000000000000e+03 1.600000000000000000e+01 -2.400000000000000000e+01 -1.040000000000000000e+03
7.474000000000000000e+03 2.400000000000000000e+01 -2.400000000000000000e+01 -1.024000000000000000e+03
7.514000000000000000e+03 0.000000000000000000e+00 -2.400000000000000000e+01 -1.032000000000000000e+03
7.554000000000000000e+03 0.000000000000000000e+00 -2.400000000000000000e+01 -1.032000000000000000e+03
7.594000000000000000e+03 8.000000000000000000e+00 -2.400000000000000000e+01 -1.040000000000000000e+03
7.634000000000000000e+03 8.000000000000000000e+00 -2.400000000000000000e+01 -1.040000000000000000e+03
7.674000000000000000e+03 -1.600000000000000000e+01 -2.400000000000000000e+01 -1.024000000000000000e+03
7.714000000000000000e+03 0.000000000000000000e+00 -4.000000000000000000e+01 -1.048000000000000000e+03
7.754000000000000000e+03 8.000000000000000000e+00 -3.200000000000000000e+01 -1.024000000000000000e+03
7.794000000000000000e+03 1.600000000000000000e+01 -3.200000000000000000e+01 -1.048000000000000000e+03
7.834000000000000000e+03 8.000000000000000000e+00 -4.000000000000000000e+01 -1.040000000000000000e+03
7.874000000000000000e+03 8.000000000000000000e+00 -3.200000000000000000e+01 -1.032000000000000000e+03
7.914000000000000000e+03 2.400000000000000000e+01 -2.400000000000000000e+01 -1.016000000000000000e+03
7.954000000000000000e+03 1.600000000000000000e+01 -8.000000000000000000e+00 -1.032000000000000000e+03
7.986000000000000000e+03 1.600000000000000000e+01 -2.400000000000000000e+01 -1.040000000000000000e+03
8.026000000000000000e+03 8.000000000000000000e+00 -1.600000000000000000e+01 -1.048000000000000000e+03
8.066000000000000000e+03 4.000000000000000000e+01 -8.000000000000000000e+00 -1.016000000000000000e+03
8.106000000000000000e+03 1.600000000000000000e+01 8.000000000000000000e+00 -1.032000000000000000e+03
8.146000000000000000e+03 8.000000000000000000e+00 0.000000000000000000e+00 -1.016000000000000000e+03
8.186000000000000000e+03 8.000000000000000000e+00 -8.000000000000000000e+00 -9.920000000000000000e+02
8.226000000000000000e+03 0.000000000000000000e+00 -8.000000000000000000e+00 -1.032000000000000000e+03
8.266000000000000000e+03 8.000000000000000000e+00 -1.600000000000000000e+01 -1.024000000000000000e+03
8.306000000000000000e+03 1.600000000000000000e+01 -1.600000000000000000e+01 -1.040000000000000000e+03
8.346000000000000000e+03 1.600000000000000000e+01 -1.600000000000000000e+01 -1.048000000000000000e+03
8.386000000000000000e+03 2.400000000000000000e+01 -1.600000000000000000e+01 -1.032000000000000000e+03
8.426000000000000000e+03 2.400000000000000000e+01 -1.600000000000000000e+01 -1.032000000000000000e+03
8.466000000000000000e+03 1.600000000000000000e+01 -2.400000000000000000e+01 -1.040000000000000000e+03
8.506000000000000000e+03 2.400000000000000000e+01 -2.400000000000000000e+01 -1.056000000000000000e+03
8.546000000000000000e+03 2.400000000000000000e+01 -2.400000000000000000e+01 -1.032000000000000000e+03
8.586000000000000000e+03 1.600000000000000000e+01 -1.600000000000000000e+01 -1.016000000000000000e+03
8.626000000000000000e+03 4.000000000000000000e+01 -1.600000000000000000e+01 -1.040000000000000000e+03
8.666000000000000000e+03 3.200000000000000000e+01 -2.400000000000000000e+01 -1.032000000000000000e+03
8.706000000000000000e+03 2.400000000000000000e+01 -1.600000000000000000e+01 -1.032000000000000000e+03
8.746000000000000000e+03 1.600000000000000000e+01 -2.400000000000000000e+01 -1.016000000000000000e+03
8.786000000000000000e+03 1.600000000000000000e+01 -2.400000000000000000e+01 -1.040000000000000000e+03
8.826000000000000000e+03 1.600000000000000000e+01 -1.600000000000000000e+01 -1.040000000000000000e+03
8.866000000000000000e+03 1.600000000000000000e+01 -1.600000000000000000e+01 -1.032000000000000000e+03
8.906000000000000000e+03 1.600000000000000000e+01 -1.600000000000000000e+01 -1.032000000000000000e+03
8.946000000000000000e+03 1.600000000000000000e+01 -1.600000000000000000e+01 -1.016000000000000000e+03
8.978000000000000000e+03 1.600000000000000000e+01 -8.000000000000000000e+00 -1.024000000000000000e+03
9.018000000000000000e+03 2.400000000000000000e+01 -1.600000000000000000e+01 -1.016000000000000000e+03
9.058000000000000000e+03 1.600000000000000000e+01 -1.600000000000000000e+01 -1.040000000000000000e+03
9.098000000000000000e+03 1.600000000000000000e+01 -1.600000000000000000e+01 -1.040000000000000000e+03
9.138000000000000000e+03 8.000000000000000000e+00 -1.600000000000000000e+01 -1.032000000000000000e+03
9.178000000000000000e+03 8.000000000000000000e+00 -1.600000000000000000e+01 -1.080000000000000000e+03
9.218000000000000000e+03 0.000000000000000000e+00 -1.600000000000000000e+01 -1.040000000000000000e+03
9.258000000000000000e+03 2.400000000000000000e+01 -8.000000000000000000e+00 -1.032000000000000000e+03
9.298000000000000000e+03 1.600000000000000000e+01 -8.000000000000000000e+00 -1.064000000000000000e+03
9.338000000000000000e+03 2.400000000000000000e+01 -1.600000000000000000e+01 -1.040000000000000000e+03
9.378000000000000000e+03 2.400000000000000000e+01 -1.600000000000000000e+01 -1.040000000000000000e+03
9.418000000000000000e+03 2.400000000000000000e+01 -8.000000000000000000e+00 -1.048000000000000000e+03
9.458000000000000000e+03 2.400000000000000000e+01 -8.000000000000000000e+00 -1.048000000000000000e+03
9.498000000000000000e+03 2.400000000000000000e+01 -3.200000000000000000e+01 -1.048000000000000000e+03
9.538000000000000000e+03 2.400000000000000000e+01 -2.400000000000000000e+01 -1.056000000000000000e+03
9.578000000000000000e+03 2.400000000000000000e+01 -1.600000000000000000e+01 -1.032000000000000000e+03
9.618000000000000000e+03 2.400000000000000000e+01 -1.600000000000000000e+01 -1.032000000000000000e+03
9.658000000000000000e+03 3.200000000000000000e+01 -1.600000000000000000e+01 -1.032000000000000000e+03
9.698000000000000000e+03 8.000000000000000000e+00 -3.200000000000000000e+01 -1.000000000000000000e+03
9.738000000000000000e+03 1.600000000000000000e+01 -3.200000000000000000e+01 -1.056000000000000000e+03
9.778000000000000000e+03 1.600000000000000000e+01 -2.400000000000000000e+01 -1.040000000000000000e+03
9.818000000000000000e+03 1.600000000000000000e+01 -2.400000000000000000e+01 -1.040000000000000000e+03
9.858000000000000000e+03 1.600000000000000000e+01 -2.400000000000000000e+01 -1.040000000000000000e+03
9.898000000000000000e+03 1.600000000000000000e+01 -2.400000000000000000e+01 -1.048000000000000000e+03
9.938000000000000000e+03 1.600000000000000000e+01 -1.600000000000000000e+01 -1.024000000000000000e+03
9.971000000000000000e+03 1.600000000000000000e+01 -1.600000000000000000e+01 -1.024000000000000000e+03
1.001100000000000000e+04 2.400000000000000000e+01 -1.600000000000000000e+01 -9.920000000000000000e+02
1.005100000000000000e+04 2.400000000000000000e+01 -1.600000000000000000e+01 -1.008000000000000000e+03
1.009100000000000000e+04 0.000000000000000000e+00 -1.600000000000000000e+01 -1.008000000000000000e+03
1.013100000000000000e+04 8.000000000000000000e+00 -1.600000000000000000e+01 -1.040000000000000000e+03
1.017100000000000000e+04 1.600000000000000000e+01 -1.600000000000000000e+01 -1.040000000000000000e+03
1.021100000000000000e+04 1.600000000000000000e+01 -2.400000000000000000e+01 -1.040000000000000000e+03
1.025100000000000000e+04 2.400000000000000000e+01 -2.400000000000000000e+01 -1.048000000000000000e+03
1.029100000000000000e+04 1.600000000000000000e+01 -2.400000000000000000e+01 -1.024000000000000000e+03
1.033100000000000000e+04 1.600000000000000000e+01 -2.400000000000000000e+01 -1.024000000000000000e+03
1.037100000000000000e+04 1.600000000000000000e+01 -1.600000000000000000e+01 -1.040000000000000000e+03
1.041100000000000000e+04 1.600000000000000000e+01 -1.600000000000000000e+01 -1.024000000000000000e+03
1.045100000000000000e+04 1.600000000000000000e+01 -8.000000000000000000e+00 -1.024000000000000000e+03
1.049100000000000000e+04 1.600000000000000000e+01 -1.600000000000000000e+01 -1.016000000000000000e+03
1.053100000000000000e+04 2.400000000000000000e+01 -1.600000000000000000e+01 -1.040000000000000000e+03
1.057100000000000000e+04 8.000000000000000000e+00 -2.400000000000000000e+01 -1.016000000000000000e+03
1.061100000000000000e+04 1.600000000000000000e+01 -1.600000000000000000e+01 -1.032000000000000000e+03
1.065100000000000000e+04 1.600000000000000000e+01 -2.400000000000000000e+01 -1.040000000000000000e+03
1.069100000000000000e+04 1.600000000000000000e+01 -2.400000000000000000e+01 -1.048000000000000000e+03
1.073100000000000000e+04 1.600000000000000000e+01 -2.400000000000000000e+01 -1.024000000000000000e+03
1.077100000000000000e+04 8.000000000000000000e+00 -2.400000000000000000e+01 -1.024000000000000000e+03
1.081100000000000000e+04 0.000000000000000000e+00 -2.400000000000000000e+01 -1.048000000000000000e+03
1.085100000000000000e+04 1.600000000000000000e+01 -2.400000000000000000e+01 -1.032000000000000000e+03
1.089100000000000000e+04 1.600000000000000000e+01 -3.200000000000000000e+01 -1.048000000000000000e+03
1.093100000000000000e+04 1.600000000000000000e+01 -8.000000000000000000e+00 -1.056000000000000000e+03
1.195500000000000000e+04 1.600000000000000000e+01 -2.400000000000000000e+01 -1.016000000000000000e+03
1.199500000000000000e+04 1.600000000000000000e+01 -2.400000000000000000e+01 -1.024000000000000000e+03
1.203500000000000000e+04 1.600000000000000000e+01 -2.400000000000000000e+01 -1.032000000000000000e+03
1.207500000000000000e+04 2.400000000000000000e+01 -1.600000000000000000e+01 -1.024000000000000000e+03
1.211500000000000000e+04 1.600000000000000000e+01 -2.400000000000000000e+01 -9.920000000000000000e+02
1.215500000000000000e+04 2.400000000000000000e+01 -2.400000000000000000e+01 -1.032000000000000000e+03
1.219500000000000000e+04 1.600000000000000000e+01 -2.400000000000000000e+01 -1.040000000000000000e+03
1.223500000000000000e+04 2.400000000000000000e+01 -2.400000000000000000e+01 -1.032000000000000000e+03
1.227500000000000000e+04 2.400000000000000000e+01 -1.600000000000000000e+01 -1.032000000000000000e+03
1.231500000000000000e+04 4.000000000000000000e+01 -2.400000000000000000e+01 -1.048000000000000000e+03
1.235500000000000000e+04 2.400000000000000000e+01 -1.600000000000000000e+01 -1.016000000000000000e+03
1.239500000000000000e+04 2.400000000000000000e+01 -2.400000000000000000e+01 -1.032000000000000000e+03
1.243500000000000000e+04 1.600000000000000000e+01 -3.200000000000000000e+01 -1.024000000000000000e+03
1.247500000000000000e+04 1.600000000000000000e+01 -2.400000000000000000e+01 -1.040000000000000000e+03
1.251500000000000000e+04 1.600000000000000000e+01 -1.600000000000000000e+01 -1.032000000000000000e+03
1.255500000000000000e+04 1.600000000000000000e+01 -1.600000000000000000e+01 -1.032000000000000000e+03
1.259500000000000000e+04 2.400000000000000000e+01 -1.600000000000000000e+01 -1.040000000000000000e+03
1.263500000000000000e+04 1.600000000000000000e+01 -2.400000000000000000e+01 -1.040000000000000000e+03
1.267500000000000000e+04 1.600000000000000000e+01 -2.400000000000000000e+01 -1.040000000000000000e+03
1.271500000000000000e+04 1.600000000000000000e+01 -2.400000000000000000e+01 -1.040000000000000000e+03
1.275500000000000000e+04 1.600000000000000000e+01 -1.600000000000000000e+01 -1.032000000000000000e+03
1.279500000000000000e+04 1.600000000000000000e+01 -8.000000000000000000e+00 -1.048000000000000000e+03
1.283500000000000000e+04 1.600000000000000000e+01 8.000000000000000000e+00 -1.040000000000000000e+03
1.287500000000000000e+04 1.600000000000000000e+01 -8.000000000000000000e+00 -1.048000000000000000e+03
1.291500000000000000e+04 2.400000000000000000e+01 -1.600000000000000000e+01 -1.016000000000000000e+03
1.294700000000000000e+04 2.400000000000000000e+01 -1.600000000000000000e+01 -1.024000000000000000e+03
1.298700000000000000e+04 0.000000000000000000e+00 -3.200000000000000000e+01 -1.016000000000000000e+03
1.302700000000000000e+04 1.600000000000000000e+01 -1.600000000000000000e+01 -1.056000000000000000e+03
1.306700000000000000e+04 2.400000000000000000e+01 -2.400000000000000000e+01 -1.032000000000000000e+03
1.310700000000000000e+04 2.400000000000000000e+01 -2.400000000000000000e+01 -1.032000000000000000e+03
1.314700000000000000e+04 2.400000000000000000e+01 -2.400000000000000000e+01 -1.048000000000000000e+03
1.318700000000000000e+04 2.400000000000000000e+01 -2.400000000000000000e+01 -1.016000000000000000e+03
1.322700000000000000e+04 2.400000000000000000e+01 -2.400000000000000000e+01 -1.040000000000000000e+03
1.326700000000000000e+04 1.600000000000000000e+01 -3.200000000000000000e+01 -9.840000000000000000e+02
1.330700000000000000e+04 8.000000000000000000e+00 -3.200000000000000000e+01 -1.032000000000000000e+03
1.334700000000000000e+04 1.600000000000000000e+01 -3.200000000000000000e+01 -1.008000000000000000e+03
1.338700000000000000e+04 1.600000000000000000e+01 -3.200000000000000000e+01 -1.040000000000000000e+03
1.342700000000000000e+04 1.600000000000000000e+01 -2.400000000000000000e+01 -1.032000000000000000e+03
1.346700000000000000e+04 2.400000000000000000e+01 -1.600000000000000000e+01 -1.016000000000000000e+03
1.350700000000000000e+04 2.400000000000000000e+01 -1.600000000000000000e+01 -1.048000000000000000e+03
1.354700000000000000e+04 1.600000000000000000e+01 -1.600000000000000000e+01 -1.032000000000000000e+03
1.358700000000000000e+04 1.600000000000000000e+01 -2.400000000000000000e+01 -1.024000000000000000e+03
1.362700000000000000e+04 3.200000000000000000e+01 -2.400000000000000000e+01 -1.016000000000000000e+03
1.366700000000000000e+04 2.400000000000000000e+01 -2.400000000000000000e+01 -1.032000000000000000e+03
1.370700000000000000e+04 2.400000000000000000e+01 -2.400000000000000000e+01 -1.032000000000000000e+03
1.374700000000000000e+04 1.600000000000000000e+01 -2.400000000000000000e+01 -1.016000000000000000e+03
1.378700000000000000e+04 2.400000000000000000e+01 -2.400000000000000000e+01 -1.032000000000000000e+03
1.382700000000000000e+04 2.400000000000000000e+01 -2.400000000000000000e+01 -1.064000000000000000e+03
1.386700000000000000e+04 4.000000000000000000e+01 -3.200000000000000000e+01 -1.032000000000000000e+03
1.390700000000000000e+04 4.000000000000000000e+01 -8.000000000000000000e+00 -1.040000000000000000e+03
1.394000000000000000e+04 4.000000000000000000e+01 -1.600000000000000000e+01 -1.024000000000000000e+03
1.398000000000000000e+04 4.000000000000000000e+01 -8.000000000000000000e+00 -1.040000000000000000e+03
1.402000000000000000e+04 4.000000000000000000e+01 -8.000000000000000000e+00 -1.016000000000000000e+03
1.406000000000000000e+04 4.000000000000000000e+01 -1.600000000000000000e+01 -1.032000000000000000e+03
1.410000000000000000e+04 3.200000000000000000e+01 -8.000000000000000000e+00 -1.032000000000000000e+03
1.414000000000000000e+04 2.400000000000000000e+01 -1.600000000000000000e+01 -1.016000000000000000e+03
1.418000000000000000e+04 1.600000000000000000e+01 -1.600000000000000000e+01 -1.024000000000000000e+03
1.422000000000000000e+04 0.000000000000000000e+00 0.000000000000000000e+00 -1.000000000000000000e+03
1.426000000000000000e+04 8.000000000000000000e+00 -1.600000000000000000e+01 -1.040000000000000000e+03
1.430000000000000000e+04 8.000000000000000000e+00 -8.000000000000000000e+00 -9.920000000000000000e+02
1.434000000000000000e+04 8.000000000000000000e+00 -8.000000000000000000e+00 -1.024000000000000000e+03
1.438000000000000000e+04 8.000000000000000000e+00 -2.400000000000000000e+01 -1.032000000000000000e+03
1.442000000000000000e+04 0.000000000000000000e+00 -1.600000000000000000e+01 -1.032000000000000000e+03
1.446000000000000000e+04 8.000000000000000000e+00 -3.200000000000000000e+01 -1.024000000000000000e+03
1.450000000000000000e+04 8.000000000000000000e+00 -1.600000000000000000e+01 -1.048000000000000000e+03
1.454000000000000000e+04 1.600000000000000000e+01 -8.000000000000000000e+00 -1.024000000000000000e+03
1.458000000000000000e+04 1.600000000000000000e+01 -1.600000000000000000e+01 -1.032000000000000000e+03
1.462000000000000000e+04 1.600000000000000000e+01 -2.400000000000000000e+01 -1.024000000000000000e+03
1.466000000000000000e+04 1.600000000000000000e+01 -2.400000000000000000e+01 -1.040000000000000000e+03
1.470000000000000000e+04 8.000000000000000000e+00 -2.400000000000000000e+01 -1.048000000000000000e+03
1.474000000000000000e+04 2.400000000000000000e+01 -2.400000000000000000e+01 -1.048000000000000000e+03
1.478000000000000000e+04 2.400000000000000000e+01 -2.400000000000000000e+01 -1.024000000000000000e+03
1.482000000000000000e+04 1.600000000000000000e+01 -3.200000000000000000e+01 -1.024000000000000000e+03
1.486000000000000000e+04 1.600000000000000000e+01 -8.000000000000000000e+00 -1.056000000000000000e+03
1.490000000000000000e+04 1.600000000000000000e+01 0.000000000000000000e+00 -1.032000000000000000e+03
1.493200000000000000e+04 8.000000000000000000e+00 -1.600000000000000000e+01 -1.040000000000000000e+03
1.497200000000000000e+04 0.000000000000000000e+00 0.000000000000000000e+00 -1.080000000000000000e+03
1.501200000000000000e+04 0.000000000000000000e+00 0.000000000000000000e+00 -1.048000000000000000e+03
1.505200000000000000e+04 8.000000000000000000e+00 -2.400000000000000000e+01 -1.032000000000000000e+03
1.509200000000000000e+04 2.400000000000000000e+01 -2.400000000000000000e+01 -1.040000000000000000e+03
1.513200000000000000e+04 2.400000000000000000e+01 -2.400000000000000000e+01 -1.032000000000000000e+03
1.517200000000000000e+04 1.600000000000000000e+01 -2.400000000000000000e+01 -1.032000000000000000e+03
1.521200000000000000e+04 1.600000000000000000e+01 -1.600000000000000000e+01 -1.032000000000000000e+03
1.525200000000000000e+04 1.600000000000000000e+01 -1.600000000000000000e+01 -1.048000000000000000e+03
1.529200000000000000e+04 0.000000000000000000e+00 -1.600000000000000000e+01 -1.024000000000000000e+03
1.533200000000000000e+04 8.000000000000000000e+00 -2.400000000000000000e+01 -1.008000000000000000e+03
1.537200000000000000e+04 2.400000000000000000e+01 -1.600000000000000000e+01 -1.040000000000000000e+03
1.541200000000000000e+04 3.200000000000000000e+01 -2.400000000000000000e+01 -1.024000000000000000e+03
1.545200000000000000e+04 2.400000000000000000e+01 -2.400000000000000000e+01 -1.000000000000000000e+03
1.549200000000000000e+04 1.600000000000000000e+01 -3.200000000000000000e+01 -1.040000000000000000e+03
1.553200000000000000e+04 1.600000000000000000e+01 -2.400000000000000000e+01 -1.008000000000000000e+03
1.557200000000000000e+04 3.200000000000000000e+01 -2.400000000000000000e+01 -1.064000000000000000e+03
1.561200000000000000e+04 2.400000000000000000e+01 -1.600000000000000000e+01 -1.040000000000000000e+03
1.565200000000000000e+04 3.200000000000000000e+01 -2.400000000000000000e+01 -1.032000000000000000e+03
1.569200000000000000e+04 1.600000000000000000e+01 -2.400000000000000000e+01 -1.032000000000000000e+03
1.573200000000000000e+04 1.600000000000000000e+01 -2.400000000000000000e+01 -1.016000000000000000e+03
1.577200000000000000e+04 8.000000000000000000e+00 -2.400000000000000000e+01 -1.016000000000000000e+03
1.581200000000000000e+04 1.600000000000000000e+01 -1.600000000000000000e+01 -1.032000000000000000e+03
1.585200000000000000e+04 1.600000000000000000e+01 -2.400000000000000000e+01 -1.040000000000000000e+03
1.589200000000000000e+04 1.600000000000000000e+01 -2.400000000000000000e+01 -1.040000000000000000e+03
1.592400000000000000e+04 1.600000000000000000e+01 -2.400000000000000000e+01 -1.024000000000000000e+03
1.596400000000000000e+04 3.200000000000000000e+01 -1.600000000000000000e+01 -1.032000000000000000e+03
1.600400000000000000e+04 1.600000000000000000e+01 -1.600000000000000000e+01 -1.032000000000000000e+03
1.604400000000000000e+04 2.400000000000000000e+01 -1.600000000000000000e+01 -1.032000000000000000e+03
1.608400000000000000e+04 2.400000000000000000e+01 -1.600000000000000000e+01 -1.040000000000000000e+03
1.612400000000000000e+04 2.400000000000000000e+01 -1.600000000000000000e+01 -1.024000000000000000e+03
1.616400000000000000e+04 2.400000000000000000e+01 -1.600000000000000000e+01 -1.024000000000000000e+03
1.620400000000000000e+04 1.600000000000000000e+01 -1.600000000000000000e+01 -1.024000000000000000e+03
1.624400000000000000e+04 4.000000000000000000e+01 -1.600000000000000000e+01 -1.048000000000000000e+03
1.628400000000000000e+04 2.400000000000000000e+01 -1.600000000000000000e+01 -1.024000000000000000e+03
1.632400000000000000e+04 1.600000000000000000e+01 -2.400000000000000000e+01 -1.032000000000000000e+03
1.636400000000000000e+04 2.400000000000000000e+01 -2.400000000000000000e+01 -1.040000000000000000e+03
1.640400000000000000e+04 2.400000000000000000e+01 -2.400000000000000000e+01 -1.024000000000000000e+03
1.644400000000000000e+04 2.400000000000000000e+01 -1.600000000000000000e+01 -1.024000000000000000e+03
1.648400000000000000e+04 1.600000000000000000e+01 -2.400000000000000000e+01 -1.032000000000000000e+03
1.652400000000000000e+04 1.600000000000000000e+01 -1.600000000000000000e+01 -1.016000000000000000e+03
1.656400000000000000e+04 2.400000000000000000e+01 -2.400000000000000000e+01 -1.024000000000000000e+03
1.660400000000000000e+04 2.400000000000000000e+01 -3.200000000000000000e+01 -1.040000000000000000e+03
1.664400000000000000e+04 2.400000000000000000e+01 -2.400000000000000000e+01 -1.024000000000000000e+03
1.668400000000000000e+04 1.600000000000000000e+01 -1.600000000000000000e+01 -1.032000000000000000e+03
1.672400000000000000e+04 1.600000000000000000e+01 -1.600000000000000000e+01 -1.040000000000000000e+03
1.676400000000000000e+04 8.000000000000000000e+00 -1.600000000000000000e+01 -1.016000000000000000e+03
1.680400000000000000e+04 8.000000000000000000e+00 -2.400000000000000000e+01 -1.064000000000000000e+03
1.684400000000000000e+04 1.600000000000000000e+01 -2.400000000000000000e+01 -1.048000000000000000e+03
1.688400000000000000e+04 3.200000000000000000e+01 -1.600000000000000000e+01 -1.048000000000000000e+03
1.691600000000000000e+04 3.200000000000000000e+01 -8.000000000000000000e+00 -1.024000000000000000e+03
1.695600000000000000e+04 1.600000000000000000e+01 -8.000000000000000000e+00 -1.024000000000000000e+03
1.699600000000000000e+04 1.600000000000000000e+01 -1.600000000000000000e+01 -1.056000000000000000e+03
1.703600000000000000e+04 1.600000000000000000e+01 -8.000000000000000000e+00 -1.048000000000000000e+03
1.707600000000000000e+04 2.400000000000000000e+01 -1.600000000000000000e+01 -1.040000000000000000e+03
1.711600000000000000e+04 2.400000000000000000e+01 -1.600000000000000000e+01 -1.032000000000000000e+03
1.715600000000000000e+04 4.000000000000000000e+01 -1.600000000000000000e+01 -1.048000000000000000e+03
1.719600000000000000e+04 3.200000000000000000e+01 -1.600000000000000000e+01 -1.048000000000000000e+03
1.723600000000000000e+04 2.400000000000000000e+01 -2.400000000000000000e+01 -1.024000000000000000e+03
1.727600000000000000e+04 2.400000000000000000e+01 -1.600000000000000000e+01 -1.024000000000000000e+03
1.731600000000000000e+04 2.400000000000000000e+01 -2.400000000000000000e+01 -1.048000000000000000e+03
1.735600000000000000e+04 1.600000000000000000e+01 -4.000000000000000000e+01 -1.032000000000000000e+03
1.739600000000000000e+04 2.400000000000000000e+01 -2.400000000000000000e+01 -1.040000000000000000e+03
1.743600000000000000e+04 4.000000000000000000e+01 -1.600000000000000000e+01 -1.024000000000000000e+03
1.747600000000000000e+04 1.600000000000000000e+01 -1.600000000000000000e+01 -1.040000000000000000e+03
1.751600000000000000e+04 2.400000000000000000e+01 -1.600000000000000000e+01 -1.024000000000000000e+03
1.755600000000000000e+04 2.400000000000000000e+01 -1.600000000000000000e+01 -1.040000000000000000e+03
1.759600000000000000e+04 0.000000000000000000e+00 -3.200000000000000000e+01 -1.000000000000000000e+03
1.763600000000000000e+04 8.000000000000000000e+00 -2.400000000000000000e+01 -1.032000000000000000e+03
1.767600000000000000e+04 0.000000000000000000e+00 -1.600000000000000000e+01 -1.032000000000000000e+03
1.771600000000000000e+04 1.600000000000000000e+01 -1.600000000000000000e+01 -1.032000000000000000e+03
1.775600000000000000e+04 1.600000000000000000e+01 -2.400000000000000000e+01 -1.032000000000000000e+03
1.779600000000000000e+04 3.200000000000000000e+01 -1.600000000000000000e+01 -1.040000000000000000e+03
1.783600000000000000e+04 2.400000000000000000e+01 -2.400000000000000000e+01 -1.000000000000000000e+03
1.787600000000000000e+04 1.600000000000000000e+01 -2.400000000000000000e+01 -1.024000000000000000e+03
1.890100000000000000e+04 1.600000000000000000e+01 -2.400000000000000000e+01 -1.032000000000000000e+03
1.894100000000000000e+04 1.600000000000000000e+01 -1.600000000000000000e+01 -1.072000000000000000e+03
1.898100000000000000e+04 1.600000000000000000e+01 -1.600000000000000000e+01 -1.032000000000000000e+03
1.902100000000000000e+04 1.600000000000000000e+01 -1.600000000000000000e+01 -1.040000000000000000e+03
1.906100000000000000e+04 2.400000000000000000e+01 -1.600000000000000000e+01 -1.024000000000000000e+03
1.910100000000000000e+04 1.600000000000000000e+01 -1.600000000000000000e+01 -1.024000000000000000e+03
1.914100000000000000e+04 1.600000000000000000e+01 -1.600000000000000000e+01 -1.056000000000000000e+03
1.918100000000000000e+04 1.600000000000000000e+01 -1.600000000000000000e+01 -1.032000000000000000e+03
1.922100000000000000e+04 1.600000000000000000e+01 -1.600000000000000000e+01 -1.032000000000000000e+03
1.926100000000000000e+04 8.000000000000000000e+00 -1.600000000000000000e+01 -1.032000000000000000e+03
1.930100000000000000e+04 1.600000000000000000e+01 -3.200000000000000000e+01 -1.048000000000000000e+03
1.934100000000000000e+04 8.000000000000000000e+00 -8.000000000000000000e+00 -1.040000000000000000e+03
1.938100000000000000e+04 8.000000000000000000e+00 -1.600000000000000000e+01 -1.016000000000000000e+03
1.942100000000000000e+04 1.600000000000000000e+01 -2.400000000000000000e+01 -1.040000000000000000e+03
1.946100000000000000e+04 8.000000000000000000e+00 -1.600000000000000000e+01 -1.008000000000000000e+03
1.950100000000000000e+04 1.600000000000000000e+01 -1.600000000000000000e+01 -1.024000000000000000e+03
1.954100000000000000e+04 8.000000000000000000e+00 -1.600000000000000000e+01 -1.016000000000000000e+03
1.958100000000000000e+04 1.600000000000000000e+01 -2.400000000000000000e+01 -1.048000000000000000e+03
1.962100000000000000e+04 1.600000000000000000e+01 -2.400000000000000000e+01 -1.040000000000000000e+03
1.966100000000000000e+04 1.600000000000000000e+01 -2.400000000000000000e+01 -1.040000000000000000e+03
1.970100000000000000e+04 1.600000000000000000e+01 -1.600000000000000000e+01 -1.040000000000000000e+03
1.974100000000000000e+04 2.400000000000000000e+01 -1.600000000000000000e+01 -1.048000000000000000e+03
1.978100000000000000e+04 -8.000000000000000000e+00 -1.600000000000000000e+01 -1.024000000000000000e+03
1.982100000000000000e+04 0.000000000000000000e+00 -1.600000000000000000e+01 -1.016000000000000000e+03
1.986100000000000000e+04 8.000000000000000000e+00 -1.600000000000000000e+01 -1.024000000000000000e+03
1.989300000000000000e+04 8.000000000000000000e+00 -2.400000000000000000e+01 -1.048000000000000000e+03
1.993300000000000000e+04 1.600000000000000000e+01 -4.000000000000000000e+01 -1.064000000000000000e+03
1.997300000000000000e+04 4.000000000000000000e+01 -3.200000000000000000e+01 -1.024000000000000000e+03
2.001300000000000000e+04 2.400000000000000000e+01 -3.200000000000000000e+01 -1.024000000000000000e+03
2.005300000000000000e+04 2.400000000000000000e+01 -2.400000000000000000e+01 -1.040000000000000000e+03
2.009300000000000000e+04 1.600000000000000000e+01 -1.600000000000000000e+01 -1.040000000000000000e+03
2.013300000000000000e+04 1.600000000000000000e+01 -1.600000000000000000e+01 -1.040000000000000000e+03
2.017300000000000000e+04 8.000000000000000000e+00 -1.600000000000000000e+01 -1.024000000000000000e+03
2.021300000000000000e+04 1.600000000000000000e+01 -2.400000000000000000e+01 -1.024000000000000000e+03
2.025300000000000000e+04 1.600000000000000000e+01 -2.400000000000000000e+01 -1.016000000000000000e+03
2.029300000000000000e+04 1.600000000000000000e+01 -1.600000000000000000e+01 -1.024000000000000000e+03
2.033300000000000000e+04 1.600000000000000000e+01 -1.600000000000000000e+01 -1.016000000000000000e+03
2.037300000000000000e+04 3.200000000000000000e+01 -2.400000000000000000e+01 -1.032000000000000000e+03
2.041300000000000000e+04 2.400000000000000000e+01 -1.600000000000000000e+01 -1.024000000000000000e+03
2.045300000000000000e+04 2.400000000000000000e+01 -2.400000000000000000e+01 -1.032000000000000000e+03
2.049300000000000000e+04 1.600000000000000000e+01 0.000000000000000000e+00 -1.024000000000000000e+03
2.053300000000000000e+04 1.600000000000000000e+01 -8.000000000000000000e+00 -1.032000000000000000e+03
2.057300000000000000e+04 2.400000000000000000e+01 -1.600000000000000000e+01 -1.024000000000000000e+03
2.061300000000000000e+04 2.400000000000000000e+01 -1.600000000000000000e+01 -1.040000000000000000e+03
2.065300000000000000e+04 2.400000000000000000e+01 -3.200000000000000000e+01 -1.040000000000000000e+03
2.069300000000000000e+04 3.200000000000000000e+01 -3.200000000000000000e+01 -1.024000000000000000e+03
2.073300000000000000e+04 2.400000000000000000e+01 -1.600000000000000000e+01 -1.040000000000000000e+03
2.077300000000000000e+04 8.000000000000000000e+00 -1.600000000000000000e+01 -1.048000000000000000e+03
2.081300000000000000e+04 2.400000000000000000e+01 -2.400000000000000000e+01 -1.072000000000000000e+03
2.085300000000000000e+04 1.600000000000000000e+01 -2.400000000000000000e+01 -1.024000000000000000e+03
2.088600000000000000e+04 1.600000000000000000e+01 -2.400000000000000000e+01 -1.024000000000000000e+03
2.092600000000000000e+04 1.600000000000000000e+01 0.000000000000000000e+00 -1.032000000000000000e+03
2.096600000000000000e+04 1.600000000000000000e+01 -8.000000000000000000e+00 -1.000000000000000000e+03
2.100600000000000000e+04 2.400000000000000000e+01 -1.600000000000000000e+01 -1.064000000000000000e+03
2.104600000000000000e+04 1.600000000000000000e+01 -1.600000000000000000e+01 -1.064000000000000000e+03
2.108600000000000000e+04 1.600000000000000000e+01 -1.600000000000000000e+01 -1.032000000000000000e+03
2.112600000000000000e+04 1.600000000000000000e+01 -1.600000000000000000e+01 -1.024000000000000000e+03
2.116600000000000000e+04 1.600000000000000000e+01 -1.600000000000000000e+01 -1.056000000000000000e+03
2.120600000000000000e+04 1.600000000000000000e+01 -1.600000000000000000e+01 -1.024000000000000000e+03
2.124600000000000000e+04 1.600000000000000000e+01 -1.600000000000000000e+01 -1.032000000000000000e+03
2.128600000000000000e+04 8.000000000000000000e+00 -1.600000000000000000e+01 -1.032000000000000000e+03
2.132600000000000000e+04 1.600000000000000000e+01 -2.400000000000000000e+01 -1.032000000000000000e+03
2.136600000000000000e+04 1.600000000000000000e+01 -2.400000000000000000e+01 -1.032000000000000000e+03
2.140600000000000000e+04 1.600000000000000000e+01 -1.600000000000000000e+01 -1.048000000000000000e+03
2.144600000000000000e+04 8.000000000000000000e+00 -1.600000000000000000e+01 -1.024000000000000000e+03
2.148600000000000000e+04 1.600000000000000000e+01 -2.400000000000000000e+01 -1.024000000000000000e+03
2.152600000000000000e+04 8.000000000000000000e+00 -1.600000000000000000e+01 -1.024000000000000000e+03
2.156600000000000000e+04 1.600000000000000000e+01 -2.400000000000000000e+01 -1.032000000000000000e+03
2.160600000000000000e+04 1.600000000000000000e+01 0.000000000000000000e+00 -1.064000000000000000e+03
2.164600000000000000e+04 1.600000000000000000e+01 -1.600000000000000000e+01 -1.008000000000000000e+03
2.168600000000000000e+04 -1.600000000000000000e+01 -2.400000000000000000e+01 -1.032000000000000000e+03
2.172600000000000000e+04 0.000000000000000000e+00 -2.400000000000000000e+01 -1.056000000000000000e+03
2.176600000000000000e+04 8.000000000000000000e+00 -2.400000000000000000e+01 -1.040000000000000000e+03
2.180600000000000000e+04 1.600000000000000000e+01 -2.400000000000000000e+01 -1.032000000000000000e+03
2.184600000000000000e+04 2.400000000000000000e+01 -2.400000000000000000e+01 -1.048000000000000000e+03
