2.900000000000000000e+01 -9.600000000000000000e+01 6.160000000000000000e+02 -8.080000000000000000e+02
6.900000000000000000e+01 -1.040000000000000000e+02 5.520000000000000000e+02 -8.560000000000000000e+02
1.090000000000000000e+02 -9.600000000000000000e+01 5.520000000000000000e+02 -8.320000000000000000e+02
1.490000000000000000e+02 -1.040000000000000000e+02 5.520000000000000000e+02 -8.720000000000000000e+02
1.890000000000000000e+02 -9.600000000000000000e+01 5.440000000000000000e+02 -8.480000000000000000e+02
2.290000000000000000e+02 -9.600000000000000000e+01 5.440000000000000000e+02 -8.480000000000000000e+02
2.690000000000000000e+02 -1.040000000000000000e+02 5.440000000000000000e+02 -8.480000000000000000e+02
3.090000000000000000e+02 -1.120000000000000000e+02 5.600000000000000000e+02 -8.640000000000000000e+02
3.490000000000000000e+02 -1.120000000000000000e+02 5.600000000000000000e+02 -8.480000000000000000e+02
3.890000000000000000e+02 -1.200000000000000000e+02 5.600000000000000000e+02 -8.560000000000000000e+02
4.290000000000000000e+02 -1.120000000000000000e+02 5.440000000000000000e+02 -8.400000000000000000e+02
4.690000000000000000e+02 -1.040000000000000000e+02 5.600000000000000000e+02 -8.640000000000000000e+02
5.090000000000000000e+02 -9.600000000000000000e+01 5.440000000000000000e+02 -8.480000000000000000e+02
5.490000000000000000e+02 -1.520000000000000000e+02 6.800000000000000000e+02 -8.960000000000000000e+02
5.890000000000000000e+02 3.280000000000000000e+02 1.120000000000000000e+03 -8.400000000000000000e+02
6.290000000000000000e+02 -4.560000000000000000e+02 -1.840000000000000000e+02 -6.640000000000000000e+02
6.690000000000000000e+02 9.680000000000000000e+02 -1.088000000000000000e+03 -3.120000000000000000e+02
7.090000000000000000e+02 -1.416000000000000000e+03 4.320000000000000000e+02 -1.416000000000000000e+03
7.490000000000000000e+02 -6.000000000000000000e+02 -1.264000000000000000e+03 -2.080000000000000000e+02
7.890000000000000000e+02 1.304000000000000000e+03 -3.120000000000000000e+02 -6.320000000000000000e+02
8.290000000000000000e+02 -1.680000000000000000e+02 4.400000000000000000e+02 -1.032000000000000000e+03
8.690000000000000000e+02 1.360000000000000000e+02 6.080000000000000000e+02 -8.080000000000000000e+02
9.090000000000000000e+02 -3.200000000000000000e+01 6.560000000000000000e+02 -8.560000000000000000e+02
9.490000000000000000e+02 -4.800000000000000000e+01 5.680000000000000000e+02 -8.480000000000000000e+02
9.890000000000000000e+02 -8.000000000000000000e+01 5.520000000000000000e+02 -8.080000000000000000e+02
1.023000000000000000e+03 -8.800000000000000000e+01 5.600000000000000000e+02 -8.320000000000000000e+02
1.063000000000000000e+03 -8.800000000000000000e+01 5.680000000000000000e+02 -8.320000000000000000e+02
1.103000000000000000e+03 -9.600000000000000000e+01 5.680000000000000000e+02 -8.560000000000000000e+02
1.143000000000000000e+03 -9.600000000000000000e+01 5.600000000000000000e+02 -8.480000000000000000e+02
1.183000000000000000e+03 -8.800000000000000000e+01 5.520000000000000000e+02 -8.320000000000000000e+02
1.223000000000000000e+03 -8.000000000000000000e+01 5.360000000000000000e+02 -8.880000000000000000e+02
1.263000000000000000e+03 -9.600000000000000000e+01 5.200000000000000000e+02 -8.960000000000000000e+02
1.303000000000000000e+03 -8.800000000000000000e+01 5.120000000000000000e+02 -8.240000000000000000e+02
1.343000000000000000e+03 -1.120000000000000000e+02 4.720000000000000000e+02 -8.720000000000000000e+02
1.383000000000000000e+03 -1.040000000000000000e+02 4.560000000000000000e+02 -9.280000000000000000e+02
1.423000000000000000e+03 -9.600000000000000000e+01 4.720000000000000000e+02 -9.040000000000000000e+02
1.463000000000000000e+03 -9.600000000000000000e+01 5.120000000000000000e+02 -9.280000000000000000e+02
1.503000000000000000e+03 -1.040000000000000000e+02 5.040000000000000000e+02 -1.000000000000000000e+03
1.543000000000000000e+03 -9.600000000000000000e+01 4.720000000000000000e+02 -9.440000000000000000e+02
1.583000000000000000e+03 -1.200000000000000000e+02 4.400000000000000000e+02 -9.120000000000000000e+02
1.623000000000000000e+03 -1.360000000000000000e+02 3.920000000000000000e+02 -9.200000000000000000e+02
1.663000000000000000e+03 -1.360000000000000000e+02 3.600000000000000000e+02 -9.520000000000000000e+02
1.703000000000000000e+03 -1.520000000000000000e+02 3.120000000000000000e+02 -9.520000000000000000e+02
1.743000000000000000e+03 -1.600000000000000000e+02 2.880000000000000000e+02 -9.760000000000000000e+02
1.783000000000000000e+03 -1.520000000000000000e+02 2.560000000000000000e+02 -1.000000000000000000e+03
1.823000000000000000e+03 -1.520000000000000000e+02 2.480000000000000000e+02 -9.120000000000000000e+02
1.863000000000000000e+03 -1.440000000000000000e+02 2.240000000000000000e+02 -1.016000000000000000e+03
1.903000000000000000e+03 -1.600000000000000000e+02 2.240000000000000000e+02 -9.680000000000000000e+02
1.943000000000000000e+03 -1.600000000000000000e+02 2.240000000000000000e+02 -9.760000000000000000e+02
1.983000000000000000e+03 -1.440000000000000000e+02 2.240000000000000000e+02 -9.600000000000000000e+02
2.015000000000000000e+03 -1.520000000000000000e+02 2.240000000000000000e+02 -1.008000000000000000e+03
2.055000000000000000e+03 -1.600000000000000000e+02 2.000000000000000000e+02 -9.920000000000000000e+02
2.095000000000000000e+03 -1.600000000000000000e+02 1.760000000000000000e+02 -9.760000000000000000e+02
2.135000000000000000e+03 -1.840000000000000000e+02 2.080000000000000000e+02 -1.024000000000000000e+03
2.175000000000000000e+03 -1.360000000000000000e+02 3.120000000000000000e+02 -1.008000000000000000e+03
2.215000000000000000e+03 -1.520000000000000000e+02 2.560000000000000000e+02 -9.760000000000000000e+02
2.255000000000000000e+03 -1.680000000000000000e+02 1.840000000000000000e+02 -1.016000000000000000e+03
2.295000000000000000e+03 -1.600000000000000000e+02 1.520000000000000000e+02 -9.520000000000000000e+02
2.335000000000000000e+03 -2.000000000000000000e+02 1.440000000000000000e+02 -9.920000000000000000e+02
2.375000000000000000e+03 -2.000000000000000000e+02 1.280000000000000000e+02 -9.840000000000000000e+02
2.415000000000000000e+03 -2.080000000000000000e+02 1.200000000000000000e+02 -9.520000000000000000e+02
2.455000000000000000e+03 -1.680000000000000000e+02 1.040000000000000000e+02 -1.000000000000000000e+03
2.495000000000000000e+03 -2.000000000000000000e+02 1.120000000000000000e+02 -1.016000000000000000e+03
2.535000000000000000e+03 -2.080000000000000000e+02 1.040000000000000000e+02 -1.016000000000000000e+03
2.575000000000000000e+03 -2.000000000000000000e+02 8.000000000000000000e+01 -1.008000000000000000e+03
2.615000000000000000e+03 -1.840000000000000000e+02 8.800000000000000000e+01 -1.008000000000000000e+03
2.655000000000000000e+03 -2.000000000000000000e+02 1.040000000000000000e+02 -9.920000000000000000e+02
2.695000000000000000e+03 -2.160000000000000000e+02 1.120000000000000000e+02 -9.920000000000000000e+02
2.735000000000000000e+03 -2.160000000000000000e+02 1.040000000000000000e+02 -9.760000000000000000e+02
2.775000000000000000e+03 -1.920000000000000000e+02 1.360000000000000000e+02 -1.000000000000000000e+03
2.815000000000000000e+03 -1.920000000000000000e+02 1.680000000000000000e+02 -9.680000000000000000e+02
2.855000000000000000e+03 -2.000000000000000000e+02 2.080000000000000000e+02 -9.760000000000000000e+02
2.895000000000000000e+03 -1.920000000000000000e+02 2.160000000000000000e+02 -1.016000000000000000e+03
2.935000000000000000e+03 -1.920000000000000000e+02 2.320000000000000000e+02 -9.680000000000000000e+02
2.975000000000000000e+03 -1.680000000000000000e+02 2.400000000000000000e+02 -9.920000000000000000e+02
3.008000000000000000e+03 -1.600000000000000000e+02 2.480000000000000000e+02 -9.840000000000000000e+02
3.048000000000000000e+03 -1.600000000000000000e+02 2.720000000000000000e+02 -9.680000000000000000e+02
3.088000000000000000e+03 -1.760000000000000000e+02 2.480000000000000000e+02 -9.760000000000000000e+02
3.128000000000000000e+03 -1.520000000000000000e+02 2.640000000000000000e+02 -9.920000000000000000e+02
3.168000000000000000e+03 -2.080000000000000000e+02 2.640000000000000000e+02 -9.920000000000000000e+02
3.208000000000000000e+03 -1.920000000000000000e+02 2.320000000000000000e+02 -9.840000000000000000e+02
3.248000000000000000e+03 -1.760000000000000000e+02 2.240000000000000000e+02 -9.680000000000000000e+02
3.288000000000000000e+03 -2.160000000000000000e+02 2.160000000000000000e+02 -9.680000000000000000e+02
3.328000000000000000e+03 -2.160000000000000000e+02 1.920000000000000000e+02 -9.840000000000000000e+02
3.368000000000000000e+03 -1.920000000000000000e+02 2.000000000000000000e+02 -9.760000000000000000e+02
3.408000000000000000e+03 -2.080000000000000000e+02 1.840000000000000000e+02 -1.008000000000000000e+03
3.448000000000000000e+03 -1.920000000000000000e+02 1.680000000000000000e+02 -9.760000000000000000e+02
3.488000000000000000e+03 -2.160000000000000000e+02 1.520000000000000000e+02 -9.840000000000000000e+02
3.528000000000000000e+03 -1.920000000000000000e+02 1.440000000000000000e+02 -1.000000000000000000e+03
3.568000000000000000e+03 -2.080000000000000000e+02 1.280000000000000000e+02 -1.032000000000000000e+03
3.608000000000000000e+03 -2.160000000000000000e+02 1.280000000000000000e+02 -1.000000000000000000e+03
3.648000000000000000e+03 -2.080000000000000000e+02 1.280000000000000000e+02 -1.000000000000000000e+03
3.688000000000000000e+03 -2.160000000000000000e+02 1.280000000000000000e+02 -9.600000000000000000e+02
3.728000000000000000e+03 -2.240000000000000000e+02 1.440000000000000000e+02 -9.600000000000000000e+02
3.768000000000000000e+03 -2.320000000000000000e+02 1.280000000000000000e+02 -1.032000000000000000e+03
3.808000000000000000e+03 -2.560000000000000000e+02 1.040000000000000000e+02 -1.008000000000000000e+03
3.848000000000000000e+03 -2.160000000000000000e+02 9.600000000000000000e+01 -1.000000000000000000e+03
3.888000000000000000e+03 -1.200000000000000000e+02 1.440000000000000000e+02 -9.840000000000000000e+02
3.928000000000000000e+03 -1.440000000000000000e+02 1.680000000000000000e+02 -9.600000000000000000e+02
3.968000000000000000e+03 -1.680000000000000000e+02 1.760000000000000000e+02 -9.680000000000000000e+02
4.000000000000000000e+03 -1.680000000000000000e+02 2.000000000000000000e+02 -9.680000000000000000e+02
4.040000000000000000e+03 -1.600000000000000000e+02 2.080000000000000000e+02 -1.000000000000000000e+03
4.080000000000000000e+03 -1.760000000000000000e+02 2.000000000000000000e+02 -9.920000000000000000e+02
4.120000000000000000e+03 -1.360000000000000000e+02 2.480000000000000000e+02 -9.440000000000000000e+02
4.160000000000000000e+03 -1.600000000000000000e+02 2.160000000000000000e+02 -9.760000000000000000e+02
4.200000000000000000e+03 -1.840000000000000000e+02 2.240000000000000000e+02 -1.008000000000000000e+03
4.240000000000000000e+03 -1.760000000000000000e+02 2.160000000000000000e+02 -9.760000000000000000e+02
4.280000000000000000e+03 -1.920000000000000000e+02 2.080000000000000000e+02 -9.680000000000000000e+02
4.320000000000000000e+03 -2.000000000000000000e+02 2.000000000000000000e+02 -9.920000000000000000e+02
4.360000000000000000e+03 -1.680000000000000000e+02 2.000000000000000000e+02 -1.024000000000000000e+03
4.400000000000000000e+03 -2.000000000000000000e+02 2.080000000000000000e+02 -9.600000000000000000e+02
4.440000000000000000e+03 -2.240000000000000000e+02 2.000000000000000000e+02 -9.840000000000000000e+02
4.480000000000000000e+03 -1.920000000000000000e+02 2.080000000000000000e+02 -1.008000000000000000e+03
4.520000000000000000e+03 -1.760000000000000000e+02 1.920000000000000000e+02 -9.840000000000000000e+02
4.560000000000000000e+03 -1.840000000000000000e+02 2.080000000000000000e+02 -9.760000000000000000e+02
4.600000000000000000e+03 -1.840000000000000000e+02 2.080000000000000000e+02 -9.600000000000000000e+02
4.640000000000000000e+03 -1.680000000000000000e+02 1.920000000000000000e+02 -9.760000000000000000e+02
4.680000000000000000e+03 -1.680000000000000000e+02 1.920000000000000000e+02 -1.000000000000000000e+03
4.720000000000000000e+03 -1.760000000000000000e+02 2.240000000000000000e+02 -9.920000000000000000e+02
4.760000000000000000e+03 -1.760000000000000000e+02 2.320000000000000000e+02 -1.040000000000000000e+03
4.800000000000000000e+03 -1.680000000000000000e+02 2.320000000000000000e+02 -9.840000000000000000e+02
4.840000000000000000e+03 -1.760000000000000000e+02 2.240000000000000000e+02 -9.840000000000000000e+02
4.880000000000000000e+03 -1.840000000000000000e+02 2.080000000000000000e+02 -9.600000000000000000e+02
4.920000000000000000e+03 -1.840000000000000000e+02 2.080000000000000000e+02 -9.600000000000000000e+02
4.960000000000000000e+03 -1.280000000000000000e+02 2.240000000000000000e+02 -9.760000000000000000e+02
4.994000000000000000e+03 -1.440000000000000000e+02 2.240000000000000000e+02 -9.440000000000000000e+02
5.034000000000000000e+03 -1.600000000000000000e+02 2.160000000000000000e+02 -1.008000000000000000e+03
5.074000000000000000e+03 -1.440000000000000000e+02 2.160000000000000000e+02 -1.008000000000000000e+03
5.114000000000000000e+03 -1.600000000000000000e+02 2.080000000000000000e+02 -1.024000000000000000e+03
5.154000000000000000e+03 -1.600000000000000000e+02 2.080000000000000000e+02 -9.920000000000000000e+02
5.194000000000000000e+03 -1.440000000000000000e+02 2.160000000000000000e+02 -9.600000000000000000e+02
5.234000000000000000e+03 -1.600000000000000000e+02 2.160000000000000000e+02 -9.680000000000000000e+02
5.274000000000000000e+03 -1.680000000000000000e+02 2.080000000000000000e+02 -1.008000000000000000e+03
5.314000000000000000e+03 -1.600000000000000000e+02 2.080000000000000000e+02 -9.920000000000000000e+02
5.354000000000000000e+03 -1.680000000000000000e+02 2.000000000000000000e+02 -9.760000000000000000e+02
5.394000000000000000e+03 -1.760000000000000000e+02 2.080000000000000000e+02 -9.920000000000000000e+02
5.434000000000000000e+03 -1.840000000000000000e+02 2.080000000000000000e+02 -9.760000000000000000e+02
5.474000000000000000e+03 -1.920000000000000000e+02 2.240000000000000000e+02 -9.760000000000000000e+02
5.514000000000000000e+03 -1.760000000000000000e+02 2.160000000000000000e+02 -9.200000000000000000e+02
5.554000000000000000e+03 -1.840000000000000000e+02 2.080000000000000000e+02 -9.840000000000000000e+02
5.594000000000000000e+03 -2.080000000000000000e+02 2.640000000000000000e+02 -9.200000000000000000e+02
5.634000000000000000e+03 -1.840000000000000000e+02 2.160000000000000000e+02 -1.000000000000000000e+03
5.674000000000000000e+03 -1.520000000000000000e+02 1.840000000000000000e+02 -9.920000000000000000e+02
5.714000000000000000e+03 -1.840000000000000000e+02 2.000000000000000000e+02 -1.008000000000000000e+03
5.754000000000000000e+03 -1.760000000000000000e+02 1.680000000000000000e+02 -9.920000000000000000e+02
5.794000000000000000e+03 -2.080000000000000000e+02 1.520000000000000000e+02 -9.920000000000000000e+02
5.834000000000000000e+03 -2.160000000000000000e+02 1.600000000000000000e+02 -9.600000000000000000e+02
5.874000000000000000e+03 -1.920000000000000000e+02 1.440000000000000000e+02 -1.008000000000000000e+03
5.914000000000000000e+03 -1.920000000000000000e+02 1.440000000000000000e+02 -9.920000000000000000e+02
5.954000000000000000e+03 -2.320000000000000000e+02 1.440000000000000000e+02 -9.760000000000000000e+02
6.978000000000000000e+03 -2.320000000000000000e+02 9.600000000000000000e+01 -9.520000000000000000e+02
7.018000000000000000e+03 -2.160000000000000000e+02 1.280000000000000000e+02 -1.016000000000000000e+03
7.058000000000000000e+03 -2.160000000000000000e+02 1.520000000000000000e+02 -9.600000000000000000e+02
7.098000000000000000e+03 -2.240000000000000000e+02 1.680000000000000000e+02 -1.008000000000000000e+03
7.138000000000000000e+03 -3.280000000000000000e+02 3.120000000000000000e+02 -9.440000000000000000e+02
7.178000000000000000e+03 -7.200000000000000000e+01 1.520000000000000000e+02 -1.016000000000000000e+03
7.218000000000000000e+03 -1.200000000000000000e+02 2.000000000000000000e+02 -9.680000000000000000e+02
7.258000000000000000e+03 -1.680000000000000000e+02 2.240000000000000000e+02 -1.008000000000000000e+03
7.298000000000000000e+03 -1.760000000000000000e+02 2.240000000000000000e+02 -1.000000000000000000e+03
7.338000000000000000e+03 -1.680000000000000000e+02 2.160000000000000000e+02 -9.760000000000000000e+02
7.378000000000000000e+03 -1.680000000000000000e+02 2.000000000000000000e+02 -9.840000000000000000e+02
7.418000000000000000e+03 -1.600000000000000000e+02 2.080000000000000000e+02 -1.000000000000000000e+03
7.458000000000000000e+03 -1.600000000000000000e+02 2.160000000000000000e+02 -9.600000000000000000e+02
7.498000000000000000e+03 -1.520000000000000000e+02 2.000000000000000000e+02 -9.760000000000000000e+02
7.538000000000000000e+03 -1.680000000000000000e+02 1.920000000000000000e+02 -1.000000000000000000e+03
7.578000000000000000e+03 -1.760000000000000000e+02 2.000000000000000000e+02 -1.008000000000000000e+03
7.618000000000000000e+03 -1.440000000000000000e+02 2.000000000000000000e+02 -9.680000000000000000e+02
7.658000000000000000e+03 -1.600000000000000000e+02 2.080000000000000000e+02 -1.024000000000000000e+03
7.698000000000000000e+03 -1.600000000000000000e+02 2.160000000000000000e+02 -9.920000000000000000e+02
7.738000000000000000e+03 -1.680000000000000000e+02 2.160000000000000000e+02 -9.760000000000000000e+02
7.778000000000000000e+03 -1.920000000000000000e+02 2.000000000000000000e+02 -9.760000000000000000e+02
7.818000000000000000e+03 -1.840000000000000000e+02 1.840000000000000000e+02 -9.680000000000000000e+02
7.858000000000000000e+03 -1.920000000000000000e+02 1.840000000000000000e+02 -1.000000000000000000e+03
7.898000000000000000e+03 -1.920000000000000000e+02 1.120000000000000000e+02 -1.048000000000000000e+03
7.938000000000000000e+03 -2.000000000000000000e+02 9.600000000000000000e+01 -9.840000000000000000e+02
7.970000000000000000e+03 -2.080000000000000000e+02 1.520000000000000000e+02 -1.048000000000000000e+03
8.010000000000000000e+03 -1.840000000000000000e+02 1.280000000000000000e+02 -1.056000000000000000e+03
8.050000000000000000e+03 -2.080000000000000000e+02 1.760000000000000000e+02 -9.040000000000000000e+02
8.090000000000000000e+03 -2.160000000000000000e+02 2.320000000000000000e+02 -8.960000000000000000e+02
8.130000000000000000e+03 -1.520000000000000000e+02 2.720000000000000000e+02 -8.880000000000000000e+02
8.170000000000000000e+03 -1.520000000000000000e+02 3.280000000000000000e+02 -9.040000000000000000e+02
8.210000000000000000e+03 -1.280000000000000000e+02 4.320000000000000000e+02 -8.960000000000000000e+02
8.250000000000000000e+03 -1.200000000000000000e+02 4.960000000000000000e+02 -8.480000000000000000e+02
8.290000000000000000e+03 -1.040000000000000000e+02 5.360000000000000000e+02 -8.160000000000000000e+02
8.330000000000000000e+03 -1.280000000000000000e+02 5.840000000000000000e+02 -8.160000000000000000e+02
8.370000000000000000e+03 -1.040000000000000000e+02 5.920000000000000000e+02 -7.200000000000000000e+02
8.410000000000000000e+03 -8.800000000000000000e+01 6.320000000000000000e+02 -8.160000000000000000e+02
8.450000000000000000e+03 -7.200000000000000000e+01 6.320000000000000000e+02 -7.440000000000000000e+02
8.490000000000000000e+03 -8.000000000000000000e+01 6.400000000000000000e+02 -7.920000000000000000e+02
8.530000000000000000e+03 -8.800000000000000000e+01 6.480000000000000000e+02 -7.760000000000000000e+02
8.570000000000000000e+03 -8.800000000000000000e+01 6.560000000000000000e+02 -7.920000000000000000e+02
8.610000000000000000e+03 -8.800000000000000000e+01 6.400000000000000000e+02 -8.560000000000000000e+02
8.650000000000000000e+03 -8.000000000000000000e+01 6.000000000000000000e+02 -8.320000000000000000e+02
8.690000000000000000e+03 -8.800000000000000000e+01 5.600000000000000000e+02 -8.560000000000000000e+02
8.730000000000000000e+03 -9.600000000000000000e+01 5.600000000000000000e+02 -8.320000000000000000e+02
8.770000000000000000e+03 -8.800000000000000000e+01 5.600000000000000000e+02 -8.400000000000000000e+02
8.810000000000000000e+03 -8.800000000000000000e+01 5.600000000000000000e+02 -8.480000000000000000e+02
8.850000000000000000e+03 -8.800000000000000000e+01 6.080000000000000000e+02 -7.920000000000000000e+02
8.890000000000000000e+03 -8.000000000000000000e+01 6.160000000000000000e+02 -8.560000000000000000e+02
8.930000000000000000e+03 -6.400000000000000000e+01 6.000000000000000000e+02 -8.480000000000000000e+02
8.962000000000000000e+03 -8.800000000000000000e+01 6.080000000000000000e+02 -8.240000000000000000e+02
9.002000000000000000e+03 -9.600000000000000000e+01 6.080000000000000000e+02 -7.760000000000000000e+02
9.042000000000000000e+03 -1.120000000000000000e+02 5.840000000000000000e+02 -7.920000000000000000e+02
9.082000000000000000e+03 -1.040000000000000000e+02 5.520000000000000000e+02 -8.800000000000000000e+02
9.122000000000000000e+03 -9.600000000000000000e+01 5.840000000000000000e+02 -8.000000000000000000e+02
9.162000000000000000e+03 -8.800000000000000000e+01 6.080000000000000000e+02 -8.080000000000000000e+02
9.202000000000000000e+03 -8.800000000000000000e+01 6.000000000000000000e+02 -8.080000000000000000e+02
9.242000000000000000e+03 -8.800000000000000000e+01 6.240000000000000000e+02 -8.320000000000000000e+02
9.282000000000000000e+03 -9.600000000000000000e+01 6.000000000000000000e+02 -7.920000000000000000e+02
9.322000000000000000e+03 -8.800000000000000000e+01 6.080000000000000000e+02 -7.600000000000000000e+02
9.362000000000000000e+03 -8.000000000000000000e+01 5.920000000000000000e+02 -8.000000000000000000e+02
9.402000000000000000e+03 -9.600000000000000000e+01 6.160000000000000000e+02 -7.680000000000000000e+02
9.442000000000000000e+03 -8.800000000000000000e+01 6.240000000000000000e+02 -8.000000000000000000e+02
9.482000000000000000e+03 -8.000000000000000000e+01 6.160000000000000000e+02 -8.000000000000000000e+02
9.522000000000000000e+03 -9.600000000000000000e+01 6.160000000000000000e+02 -8.000000000000000000e+02
9.562000000000000000e+03 -9.600000000000000000e+01 6.160000000000000000e+02 -7.520000000000000000e+02
9.602000000000000000e+03 -9.600000000000000000e+01 6.160000000000000000e+02 -8.240000000000000000e+02
9.642000000000000000e+03 -8.800000000000000000e+01 6.240000000000000000e+02 -8.000000000000000000e+02
9.682000000000000000e+03 -1.040000000000000000e+02 6.160000000000000000e+02 -7.840000000000000000e+02
9.722000000000000000e+03 -9.600000000000000000e+01 6.160000000000000000e+02 -7.600000000000000000e+02
9.762000000000000000e+03 -6.400000000000000000e+01 6.240000000000000000e+02 -7.840000000000000000e+02
9.802000000000000000e+03 -7.200000000000000000e+01 6.240000000000000000e+02 -7.760000000000000000e+02
9.842000000000000000e+03 -8.800000000000000000e+01 6.240000000000000000e+02 -8.000000000000000000e+02
9.882000000000000000e+03 -8.000000000000000000e+01 6.480000000000000000e+02 -7.840000000000000000e+02
9.922000000000000000e+03 -6.400000000000000000e+01 6.400000000000000000e+02 -8.080000000000000000e+02
9.955000000000000000e+03 -8.800000000000000000e+01 6.320000000000000000e+02 -7.760000000000000000e+02
9.995000000000000000e+03 -8.800000000000000000e+01 6.320000000000000000e+02 -7.680000000000000000e+02
1.003500000000000000e+04 -8.800000000000000000e+01 6.400000000000000000e+02 -7.840000000000000000e+02
1.007500000000000000e+04 -8.800000000000000000e+01 6.320000000000000000e+02 -7.840000000000000000e+02
1.011500000000000000e+04 -8.000000000000000000e+01 6.320000000000000000e+02 -7.680000000000000000e+02
1.015500000000000000e+04 -8.000000000000000000e+01 6.480000000000000000e+02 -7.760000000000000000e+02
1.019500000000000000e+04 -7.200000000000000000e+01 6.480000000000000000e+02 -8.000000000000000000e+02
1.023500000000000000e+04 -8.800000000000000000e+01 6.480000000000000000e+02 -7.920000000000000000e+02
1.027500000000000000e+04 -8.800000000000000000e+01 6.320000000000000000e+02 -7.920000000000000000e+02
1.031500000000000000e+04 -8.800000000000000000e+01 6.320000000000000000e+02 -7.840000000000000000e+02
1.035500000000000000e+04 -8.800000000000000000e+01 6.320000000000000000e+02 -8.000000000000000000e+02
1.039500000000000000e+04 -9.600000000000000000e+01 6.240000000000000000e+02 -8.000000000000000000e+02
1.043500000000000000e+04 -8.000000000000000000e+01 6.320000000000000000e+02 -7.760000000000000000e+02
1.047500000000000000e+04 -8.800000000000000000e+01 6.240000000000000000e+02 -7.920000000000000000e+02
1.051500000000000000e+04 -8.800000000000000000e+01 6.240000000000000000e+02 -7.840000000000000000e+02
1.055500000000000000e+04 -9.600000000000000000e+01 6.240000000000000000e+02 -7.920000000000000000e+02
1.059500000000000000e+04 -9.600000000000000000e+01 6.160000000000000000e+02 -8.080000000000000000e+02
1.063500000000000000e+04 -8.800000000000000000e+01 6.240000000000000000e+02 -8.000000000000000000e+02
1.067500000000000000e+04 -8.800000000000000000e+01 6.240000000000000000e+02 -8.080000000000000000e+02
1.071500000000000000e+04 -7.200000000000000000e+01 6.320000000000000000e+02 -7.760000000000000000e+02
1.075500000000000000e+04 -8.000000000000000000e+01 6.320000000000000000e+02 -8.000000000000000000e+02
1.079500000000000000e+04 -7.200000000000000000e+01 6.240000000000000000e+02 -8.080000000000000000e+02
1.083500000000000000e+04 -8.000000000000000000e+01 6.320000000000000000e+02 -7.840000000000000000e+02
1.087500000000000000e+04 -8.800000000000000000e+01 6.480000000000000000e+02 -7.840000000000000000e+02
1.091500000000000000e+04 -8.000000000000000000e+01 6.400000000000000000e+02 -7.760000000000000000e+02
1.094800000000000000e+04 -8.000000000000000000e+01 6.320000000000000000e+02 -8.000000000000000000e+02
1.098800000000000000e+04 -8.000000000000000000e+01 6.400000000000000000e+02 -8.000000000000000000e+02
1.102800000000000000e+04 -8.000000000000000000e+01 6.320000000000000000e+02 -8.160000000000000000e+02
1.106800000000000000e+04 -8.000000000000000000e+01 6.240000000000000000e+02 -7.840000000000000000e+02
1.110800000000000000e+04 -6.400000000000000000e+01 6.240000000000000000e+02 -8.000000000000000000e+02
1.114800000000000000e+04 -6.400000000000000000e+01 6.160000000000000000e+02 -7.760000000000000000e+02
1.118800000000000000e+04 -5.600000000000000000e+01 6.240000000000000000e+02 -8.080000000000000000e+02
1.122800000000000000e+04 -7.200000000000000000e+01 6.240000000000000000e+02 -7.200000000000000000e+02
1.126800000000000000e+04 -7.200000000000000000e+01 6.320000000000000000e+02 -7.840000000000000000e+02
1.130800000000000000e+04 -8.800000000000000000e+01 6.400000000000000000e+02 -7.840000000000000000e+02
1.134800000000000000e+04 -8.800000000000000000e+01 6.480000000000000000e+02 -7.840000000000000000e+02
1.138800000000000000e+04 -8.000000000000000000e+01 6.240000000000000000e+02 -7.600000000000000000e+02
1.142800000000000000e+04 -7.200000000000000000e+01 6.320000000000000000e+02 -7.920000000000000000e+02
1.146800000000000000e+04 -8.000000000000000000e+01 6.320000000000000000e+02 -7.920000000000000000e+02
1.150800000000000000e+04 -1.200000000000000000e+02 6.160000000000000000e+02 -8.400000000000000000e+02
1.154800000000000000e+04 -1.040000000000000000e+02 6.240000000000000000e+02 -7.760000000000000000e+02
1.158800000000000000e+04 -9.600000000000000000e+01 6.240000000000000000e+02 -7.920000000000000000e+02
1.162800000000000000e+04 -9.600000000000000000e+01 6.320000000000000000e+02 -7.760000000000000000e+02
1.166800000000000000e+04 -8.800000000000000000e+01 6.240000000000000000e+02 -7.600000000000000000e+02
1.170800000000000000e+04 -8.000000000000000000e+01 6.320000000000000000e+02 -7.680000000000000000e+02
1.174800000000000000e+04 -8.000000000000000000e+01 6.160000000000000000e+02 -7.920000000000000000e+02
1.178800000000000000e+04 -5.600000000000000000e+01 6.160000000000000000e+02 -7.680000000000000000e+02
1.182800000000000000e+04 -5.600000000000000000e+01 6.320000000000000000e+02 -7.760000000000000000e+02
1.186800000000000000e+04 -5.600000000000000000e+01 6.240000000000000000e+02 -7.760000000000000000e+02
1.190800000000000000e+04 -5.600000000000000000e+01 6.320000000000000000e+02 -8.000000000000000000e+02
1.194100000000000000e+04 -6.400000000000000000e+01 6.320000000000000000e+02 -7.440000000000000000e+02
1.198100000000000000e+04 -8.000000000000000000e+01 6.320000000000000000e+02 -7.840000000000000000e+02
1.202100000000000000e+04 -8.000000000000000000e+01 6.400000000000000000e+02 -8.000000000000000000e+02
1.206100000000000000e+04 -6.400000000000000000e+01 6.320000000000000000e+02 -8.160000000000000000e+02
1.210100000000000000e+04 -7.200000000000000000e+01 6.560000000000000000e+02 -7.760000000000000000e+02
1.214100000000000000e+04 -8.000000000000000000e+01 6.320000000000000000e+02 -7.520000000000000000e+02
1.218100000000000000e+04 -8.000000000000000000e+01 6.320000000000000000e+02 -7.280000000000000000e+02
1.222100000000000000e+04 -8.000000000000000000e+01 6.320000000000000000e+02 -8.000000000000000000e+02
1.226100000000000000e+04 -7.200000000000000000e+01 6.320000000000000000e+02 -8.000000000000000000e+02
1.230100000000000000e+04 -8.000000000000000000e+01 6.320000000000000000e+02 -7.840000000000000000e+02
1.234100000000000000e+04 -8.800000000000000000e+01 6.240000000000000000e+02 -7.760000000000000000e+02
1.238100000000000000e+04 -7.200000000000000000e+01 6.240000000000000000e+02 -8.080000000000000000e+02
1.242100000000000000e+04 -7.200000000000000000e+01 6.160000000000000000e+02 -8.320000000000000000e+02
1.246100000000000000e+04 -8.000000000000000000e+01 6.400000000000000000e+02 -8.240000000000000000e+02
1.250100000000000000e+04 -8.000000000000000000e+01 6.320000000000000000e+02 -7.760000000000000000e+02
1.254100000000000000e+04 -8.000000000000000000e+01 6.240000000000000000e+02 -8.000000000000000000e+02
1.258100000000000000e+04 -8.000000000000000000e+01 6.240000000000000000e+02 -8.080000000000000000e+02
1.262100000000000000e+04 -8.800000000000000000e+01 6.240000000000000000e+02 -8.080000000000000000e+02
1.266100000000000000e+04 -8.800000000000000000e+01 6.240000000000000000e+02 -7.840000000000000000e+02
1.270100000000000000e+04 -7.200000000000000000e+01 6.400000000000000000e+02 -8.480000000000000000e+02
1.274100000000000000e+04 -8.000000000000000000e+01 6.400000000000000000e+02 -7.840000000000000000e+02
1.278100000000000000e+04 -1.040000000000000000e+02 6.400000000000000000e+02 -8.160000000000000000e+02
1.282100000000000000e+04 -9.600000000000000000e+01 6.240000000000000000e+02 -7.920000000000000000e+02
1.286100000000000000e+04 -7.200000000000000000e+01 6.240000000000000000e+02 -7.920000000000000000e+02
1.290100000000000000e+04 -8.000000000000000000e+01 6.160000000000000000e+02 -8.000000000000000000e+02
1.293300000000000000e+04 -8.800000000000000000e+01 6.240000000000000000e+02 -7.920000000000000000e+02
1.297300000000000000e+04 -8.800000000000000000e+01 6.320000000000000000e+02 -7.920000000000000000e+02
1.301300000000000000e+04 -8.800000000000000000e+01 6.320000000000000000e+02 -8.000000000000000000e+02
1.305300000000000000e+04 -6.400000000000000000e+01 6.160000000000000000e+02 -7.920000000000000000e+02
1.309300000000000000e+04 -6.400000000000000000e+01 6.160000000000000000e+02 -7.920000000000000000e+02
1.313300000000000000e+04 -7.200000000000000000e+01 5.920000000000000000e+02 -8.000000000000000000e+02
1.317300000000000000e+04 -8.800000000000000000e+01 6.160000000000000000e+02 -7.680000000000000000e+02
1.321300000000000000e+04 -8.000000000000000000e+01 6.320000000000000000e+02 -7.920000000000000000e+02
1.325300000000000000e+04 -8.800000000000000000e+01 6.480000000000000000e+02 -7.760000000000000000e+02
1.329300000000000000e+04 -8.000000000000000000e+01 6.480000000000000000e+02 -8.080000000000000000e+02
1.333300000000000000e+04 -8.800000000000000000e+01 6.320000000000000000e+02 -8.000000000000000000e+02
1.337300000000000000e+04 -8.000000000000000000e+01 6.320000000000000000e+02 -7.840000000000000000e+02
1.341300000000000000e+04 -7.200000000000000000e+01 6.400000000000000000e+02 -7.840000000000000000e+02
1.345300000000000000e+04 -8.800000000000000000e+01 6.400000000000000000e+02 -7.840000000000000000e+02
1.349300000000000000e+04 -8.800000000000000000e+01 6.320000000000000000e+02 -8.080000000000000000e+02
1.353300000000000000e+04 -8.000000000000000000e+01 6.320000000000000000e+02 -7.840000000000000000e+02
1.357300000000000000e+04 -8.000000000000000000e+01 6.240000000000000000e+02 -7.920000000000000000e+02
1.361300000000000000e+04 -6.400000000000000000e+01 6.400000000000000000e+02 -7.760000000000000000e+02
1.365300000000000000e+04 -7.200000000000000000e+01 6.400000000000000000e+02 -7.680000000000000000e+02
1.369300000000000000e+04 -7.200000000000000000e+01 6.400000000000000000e+02 -7.680000000000000000e+02
1.373300000000000000e+04 -7.200000000000000000e+01 6.320000000000000000e+02 -7.920000000000000000e+02
1.377300000000000000e+04 -7.200000000000000000e+01 6.320000000000000000e+02 -7.840000000000000000e+02
1.381300000000000000e+04 -8.000000000000000000e+01 6.320000000000000000e+02 -7.760000000000000000e+02
1.385300000000000000e+04 -8.000000000000000000e+01 6.240000000000000000e+02 -8.000000000000000000e+02
1.389300000000000000e+04 -9.600000000000000000e+01 6.240000000000000000e+02 -7.920000000000000000e+02
1.392500000000000000e+04 -9.600000000000000000e+01 6.240000000000000000e+02 -8.000000000000000000e+02
1.396500000000000000e+04 -8.800000000000000000e+01 6.320000000000000000e+02 -7.600000000000000000e+02
1.400500000000000000e+04 -8.800000000000000000e+01 6.400000000000000000e+02 -8.080000000000000000e+02
1.404500000000000000e+04 -7.200000000000000000e+01 6.160000000000000000e+02 -7.920000000000000000e+02
1.408500000000000000e+04 -8.000000000000000000e+01 6.240000000000000000e+02 -7.760000000000000000e+02
1.412500000000000000e+04 -8.800000000000000000e+01 6.240000000000000000e+02 -7.920000000000000000e+02
1.416500000000000000e+04 -8.800000000000000000e+01 6.000000000000000000e+02 -7.840000000000000000e+02
1.420500000000000000e+04 -8.800000000000000000e+01 6.160000000000000000e+02 -8.160000000000000000e+02
1.424500000000000000e+04 -8.800000000000000000e+01 6.160000000000000000e+02 -8.080000000000000000e+02
1.428500000000000000e+04 -8.000000000000000000e+01 6.240000000000000000e+02 -8.080000000000000000e+02
1.432500000000000000e+04 -8.800000000000000000e+01 6.240000000000000000e+02 -7.920000000000000000e+02
1.436500000000000000e+04 -8.000000000000000000e+01 6.240000000000000000e+02 -8.080000000000000000e+02
1.440500000000000000e+04 -8.800000000000000000e+01 6.080000000000000000e+02 -8.080000000000000000e+02
1.444500000000000000e+04 -1.120000000000000000e+02 6.240000000000000000e+02 -8.080000000000000000e+02
1.448500000000000000e+04 -8.800000000000000000e+01 6.160000000000000000e+02 -8.000000000000000000e+02
1.452500000000000000e+04 -8.800000000000000000e+01 6.240000000000000000e+02 -8.080000000000000000e+02
1.456500000000000000e+04 -9.600000000000000000e+01 6.160000000000000000e+02 -8.000000000000000000e+02
1.460500000000000000e+04 -8.800000000000000000e+01 6.080000000000000000e+02 -8.000000000000000000e+02
1.464500000000000000e+04 -8.000000000000000000e+01 6.160000000000000000e+02 -8.000000000000000000e+02
1.468500000000000000e+04 -8.000000000000000000e+01 6.160000000000000000e+02 -8.000000000000000000e+02
1.472500000000000000e+04 -8.000000000000000000e+01 6.080000000000000000e+02 -7.920000000000000000e+02
1.476500000000000000e+04 -7.200000000000000000e+01 6.240000000000000000e+02 -8.240000000000000000e+02
1.480500000000000000e+04 -8.000000000000000000e+01 6.240000000000000000e+02 -7.920000000000000000e+02
1.484500000000000000e+04 -8.800000000000000000e+01 6.240000000000000000e+02 -8.160000000000000000e+02
1.488500000000000000e+04 -8.800000000000000000e+01 6.160000000000000000e+02 -8.000000000000000000e+02
1.491700000000000000e+04 -8.800000000000000000e+01 6.160000000000000000e+02 -8.000000000000000000e+02
1.495700000000000000e+04 -8.800000000000000000e+01 6.160000000000000000e+02 -7.920000000000000000e+02
1.499700000000000000e+04 -9.600000000000000000e+01 5.920000000000000000e+02 -7.840000000000000000e+02
1.503700000000000000e+04 -1.040000000000000000e+02 6.080000000000000000e+02 -8.480000000000000000e+02
1.507700000000000000e+04 -9.600000000000000000e+01 6.320000000000000000e+02 -8.240000000000000000e+02
1.511700000000000000e+04 -8.800000000000000000e+01 6.240000000000000000e+02 -8.080000000000000000e+02
1.515700000000000000e+04 -8.000000000000000000e+01 6.160000000000000000e+02 -7.840000000000000000e+02
1.519700000000000000e+04 -8.000000000000000000e+01 6.160000000000000000e+02 -7.920000000000000000e+02
1.523700000000000000e+04 -1.040000000000000000e+02 6.160000000000000000e+02 -7.840000000000000000e+02
1.527700000000000000e+04 -1.120000000000000000e+02 6.160000000000000000e+02 -7.920000000000000000e+02
1.531700000000000000e+04 -9.600000000000000000e+01 6.160000000000000000e+02 -8.000000000000000000e+02
1.535700000000000000e+04 -9.600000000000000000e+01 6.320000000000000000e+02 -8.240000000000000000e+02
1.539700000000000000e+04 -8.800000000000000000e+01 6.240000000000000000e+02 -7.840000000000000000e+02
1.543700000000000000e+04 -8.800000000000000000e+01 6.240000000000000000e+02 -8.000000000000000000e+02
1.547700000000000000e+04 -8.800000000000000000e+01 6.240000000000000000e+02 -7.920000000000000000e+02
1.551700000000000000e+04 -8.800000000000000000e+01 6.160000000000000000e+02 -7.920000000000000000e+02
1.555700000000000000e+04 -8.000000000000000000e+01 6.160000000000000000e+02 -8.000000000000000000e+02
1.559700000000000000e+04 -8.000000000000000000e+01 6.160000000000000000e+02 -8.240000000000000000e+02
1.563700000000000000e+04 -8.800000000000000000e+01 6.000000000000000000e+02 -8.320000000000000000e+02
1.567700000000000000e+04 -8.000000000000000000e+01 6.080000000000000000e+02 -8.080000000000000000e+02
1.571700000000000000e+04 -8.800000000000000000e+01 6.080000000000000000e+02 -8.320000000000000000e+02
1.575700000000000000e+04 -8.000000000000000000e+01 6.080000000000000000e+02 -7.680000000000000000e+02
1.579700000000000000e+04 -8.000000000000000000e+01 6.160000000000000000e+02 -8.080000000000000000e+02
1.583700000000000000e+04 -7.200000000000000000e+01 6.000000000000000000e+02 -8.160000000000000000e+02
1.587700000000000000e+04 -7.200000000000000000e+01 6.000000000000000000e+02 -8.080000000000000000e+02
1.591000000000000000e+04 -7.200000000000000000e+01 6.320000000000000000e+02 -8.480000000000000000e+02
1.595000000000000000e+04 -8.000000000000000000e+01 6.240000000000000000e+02 -7.920000000000000000e+02
1.599000000000000000e+04 -8.000000000000000000e+01 6.320000000000000000e+02 -7.920000000000000000e+02
1.603000000000000000e+04 -8.000000000000000000e+01 6.320000000000000000e+02 -8.000000000000000000e+02
1.607000000000000000e+04 -8.000000000000000000e+01 6.080000000000000000e+02 -8.000000000000000000e+02
1.611000000000000000e+04 -5.600000000000000000e+01 6.160000000000000000e+02 -8.160000000000000000e+02
1.615000000000000000e+04 -9.600000000000000000e+01 6.160000000000000000e+02 -7.840000000000000000e+02
1.619000000000000000e+04 -8.000000000000000000e+01 6.240000000000000000e+02 -8.080000000000000000e+02
1.623000000000000000e+04 -8.000000000000000000e+01 6.000000000000000000e+02 -8.800000000000000000e+02
1.627000000000000000e+04 -7.200000000000000000e+01 6.080000000000000000e+02 -7.920000000000000000e+02
1.631000000000000000e+04 -8.000000000000000000e+01 6.240000000000000000e+02 -8.000000000000000000e+02
1.635000000000000000e+04 -7.200000000000000000e+01 6.240000000000000000e+02 -8.160000000000000000e+02
1.639000000000000000e+04 -8.000000000000000000e+01 6.240000000000000000e+02 -8.080000000000000000e+02
1.643000000000000000e+04 -7.200000000000000000e+01 6.240000000000000000e+02 -8.000000000000000000e+02
1.647000000000000000e+04 -8.000000000000000000e+01 6.160000000000000000e+02 -8.240000000000000000e+02
1.651000000000000000e+04 -8.000000000000000000e+01 6.160000000000000000e+02 -7.920000000000000000e+02
1.655000000000000000e+04 -8.000000000000000000e+01 6.160000000000000000e+02 -8.080000000000000000e+02
1.659000000000000000e+04 -8.000000000000000000e+01 6.160000000000000000e+02 -7.920000000000000000e+02
1.663000000000000000e+04 -8.800000000000000000e+01 6.160000000000000000e+02 -7.920000000000000000e+02
1.667000000000000000e+04 -8.000000000000000000e+01 6.080000000000000000e+02 -7.840000000000000000e+02
1.671000000000000000e+04 -8.800000000000000000e+01 6.240000000000000000e+02 -7.920000000000000000e+02
1.675000000000000000e+04 -8.800000000000000000e+01 6.160000000000000000e+02 -8.000000000000000000e+02
1.679000000000000000e+04 -8.000000000000000000e+01 6.240000000000000000e+02 -8.000000000000000000e+02
1.683000000000000000e+04 -7.200000000000000000e+01 6.320000000000000000e+02 -7.760000000000000000e+02
1.687000000000000000e+04 -8.000000000000000000e+01 6.080000000000000000e+02 -8.000000000000000000e+02
1.690300000000000000e+04 -8.800000000000000000e+01 6.160000000000000000e+02 -8.000000000000000000e+02
1.694300000000000000e+04 -8.800000000000000000e+01 6.240000000000000000e+02 -7.840000000000000000e+02
1.698300000000000000e+04 -8.000000000000000000e+01 6.240000000000000000e+02 -8.320000000000000000e+02
1.702300000000000000e+04 -1.040000000000000000e+02 6.240000000000000000e+02 -8.320000000000000000e+02
1.706300000000000000e+04 -1.280000000000000000e+02 6.400000000000000000e+02 -7.920000000000000000e+02
1.710300000000000000e+04 -1.360000000000000000e+02 6.320000000000000000e+02 -8.640000000000000000e+02
1.714300000000000000e+04 -1.120000000000000000e+02 6.320000000000000000e+02 -7.920000000000000000e+02
1.718300000000000000e+04 -9.600000000000000000e+01 6.240000000000000000e+02 -8.000000000000000000e+02
1.722300000000000000e+04 -8.000000000000000000e+01 6.320000000000000000e+02 -7.840000000000000000e+02
1.726300000000000000e+04 -8.000000000000000000e+01 6.320000000000000000e+02 -7.760000000000000000e+02
1.730300000000000000e+04 -8.000000000000000000e+01 6.240000000000000000e+02 -8.080000000000000000e+02
1.734300000000000000e+04 -8.800000000000000000e+01 6.240000000000000000e+02 -8.000000000000000000e+02
1.738300000000000000e+04 -8.800000000000000000e+01 6.240000000000000000e+02 -7.920000000000000000e+02
1.742300000000000000e+04 -8.000000000000000000e+01 6.160000000000000000e+02 -7.920000000000000000e+02
1.746300000000000000e+04 -7.200000000000000000e+01 6.160000000000000000e+02 -8.000000000000000000e+02
1.750300000000000000e+04 -7.200000000000000000e+01 6.080000000000000000e+02 -8.000000000000000000e+02
1.754300000000000000e+04 -8.800000000000000000e+01 6.160000000000000000e+02 -8.080000000000000000e+02
1.758300000000000000e+04 -6.400000000000000000e+01 6.160000000000000000e+02 -7.840000000000000000e+02
1.762300000000000000e+04 -7.200000000000000000e+01 6.240000000000000000e+02 -7.840000000000000000e+02
1.766300000000000000e+04 -8.000000000000000000e+01 6.240000000000000000e+02 -7.840000000000000000e+02
1.770300000000000000e+04 -1.040000000000000000e+02 6.160000000000000000e+02 -8.080000000000000000e+02
1.774300000000000000e+04 -9.600000000000000000e+01 6.320000000000000000e+02 -7.520000000000000000e+02
1.778300000000000000e+04 -8.800000000000000000e+01 6.240000000000000000e+02 -7.920000000000000000e+02
1.782300000000000000e+04 -8.800000000000000000e+01 6.240000000000000000e+02 -8.320000000000000000e+02
1.786300000000000000e+04 -8.000000000000000000e+01 6.240000000000000000e+02 -8.000000000000000000e+02
1.789400000000000000e+04 -7.200000000000000000e+01 6.160000000000000000e+02 -8.160000000000000000e+02
1.793400000000000000e+04 -7.200000000000000000e+01 6.240000000000000000e+02 -8.160000000000000000e+02
1.797400000000000000e+04 -7.200000000000000000e+01 6.240000000000000000e+02 -8.000000000000000000e+02
1.801400000000000000e+04 -7.200000000000000000e+01 6.080000000000000000e+02 -8.080000000000000000e+02
1.805400000000000000e+04 -7.200000000000000000e+01 6.160000000000000000e+02 -7.920000000000000000e+02
1.809400000000000000e+04 -7.200000000000000000e+01 6.160000000000000000e+02 -7.920000000000000000e+02
1.813400000000000000e+04 -8.000000000000000000e+01 6.160000000000000000e+02 -8.080000000000000000e+02
1.817400000000000000e+04 -7.200000000000000000e+01 6.160000000000000000e+02 -8.080000000000000000e+02
1.821400000000000000e+04 -6.400000000000000000e+01 6.240000000000000000e+02 -8.000000000000000000e+02
1.825400000000000000e+04 -5.600000000000000000e+01 6.160000000000000000e+02 -7.280000000000000000e+02
1.829400000000000000e+04 -7.200000000000000000e+01 6.240000000000000000e+02 -8.000000000000000000e+02
1.833400000000000000e+04 -8.000000000000000000e+01 6.160000000000000000e+02 -7.920000000000000000e+02
1.837400000000000000e+04 -8.000000000000000000e+01 6.160000000000000000e+02 -7.920000000000000000e+02
1.841400000000000000e+04 -8.800000000000000000e+01 6.160000000000000000e+02 -8.080000000000000000e+02
1.845400000000000000e+04 -8.000000000000000000e+01 6.160000000000000000e+02 -8.000000000000000000e+02
1.849400000000000000e+04 -8.000000000000000000e+01 6.320000000000000000e+02 -8.800000000000000000e+02
1.853400000000000000e+04 -8.800000000000000000e+01 6.240000000000000000e+02 -8.080000000000000000e+02
1.857400000000000000e+04 -6.400000000000000000e+01 6.160000000000000000e+02 -8.000000000000000000e+02
1.861400000000000000e+04 -6.400000000000000000e+01 6.240000000000000000e+02 -8.000000000000000000e+02
1.865400000000000000e+04 -7.200000000000000000e+01 6.240000000000000000e+02 -8.000000000000000000e+02
1.869400000000000000e+04 -8.800000000000000000e+01 6.320000000000000000e+02 -7.840000000000000000e+02
1.873400000000000000e+04 -8.800000000000000000e+01 6.160000000000000000e+02 -8.000000000000000000e+02
1.877400000000000000e+04 -8.800000000000000000e+01 6.160000000000000000e+02 -7.920000000000000000e+02
1.881400000000000000e+04 -7.200000000000000000e+01 6.000000000000000000e+02 -7.840000000000000000e+02
1.885400000000000000e+04 -7.200000000000000000e+01 6.080000000000000000e+02 -7.760000000000000000e+02
1.888700000000000000e+04 -8.800000000000000000e+01 6.240000000000000000e+02 -8.240000000000000000e+02
1.892700000000000000e+04 -8.800000000000000000e+01 6.160000000000000000e+02 -8.080000000000000000e+02
1.896700000000000000e+04 -8.000000000000000000e+01 5.760000000000000000e+02 -8.160000000000000000e+02
1.900700000000000000e+04 -5.600000000000000000e+01 5.920000000000000000e+02 -8.240000000000000000e+02
1.904700000000000000e+04 -7.200000000000000000e+01 6.240000000000000000e+02 -7.840000000000000000e+02
1.908700000000000000e+04 -5.600000000000000000e+01 6.240000000000000000e+02 -7.920000000000000000e+02
1.912700000000000000e+04 -5.600000000000000000e+01 6.160000000000000000e+02 -8.160000000000000000e+02
1.916700000000000000e+04 -6.400000000000000000e+01 6.400000000000000000e+02 -8.000000000000000000e+02
1.920700000000000000e+04 -6.400000000000000000e+01 6.160000000000000000e+02 -7.920000000000000000e+02
1.924700000000000000e+04 -7.200000000000000000e+01 6.160000000000000000e+02 -8.160000000000000000e+02
1.928700000000000000e+04 -5.600000000000000000e+01 6.160000000000000000e+02 -7.600000000000000000e+02
1.932700000000000000e+04 -7.200000000000000000e+01 6.080000000000000000e+02 -8.160000000000000000e+02
1.936700000000000000e+04 -8.800000000000000000e+01 6.080000000000000000e+02 -8.160000000000000000e+02
1.940700000000000000e+04 -8.000000000000000000e+01 6.080000000000000000e+02 -8.080000000000000000e+02
1.944700000000000000e+04 -8.000000000000000000e+01 6.160000000000000000e+02 -8.080000000000000000e+02
1.948700000000000000e+04 -8.800000000000000000e+01 6.240000000000000000e+02 -8.000000000000000000e+02
1.952700000000000000e+04 -9.600000000000000000e+01 6.240000000000000000e+02 -8.000000000000000000e+02
1.956700000000000000e+04 -8.000000000000000000e+01 6.240000000000000000e+02 -8.000000000000000000e+02
1.960700000000000000e+04 -8.000000000000000000e+01 6.160000000000000000e+02 -8.080000000000000000e+02
1.964700000000000000e+04 -8.000000000000000000e+01 6.240000000000000000e+02 -7.920000000000000000e+02
1.968700000000000000e+04 -7.200000000000000000e+01 6.240000000000000000e+02 -7.840000000000000000e+02
1.972700000000000000e+04 -8.000000000000000000e+01 6.240000000000000000e+02 -7.520000000000000000e+02
1.976700000000000000e+04 -8.800000000000000000e+01 6.240000000000000000e+02 -7.920000000000000000e+02
1.980700000000000000e+04 -8.800000000000000000e+01 6.240000000000000000e+02 -7.840000000000000000e+02
1.984700000000000000e+04 -9.600000000000000000e+01 6.240000000000000000e+02 -8.160000000000000000e+02
1.988000000000000000e+04 -8.800000000000000000e+01 6.240000000000000000e+02 -8.000000000000000000e+02
1.992000000000000000e+04 -8.800000000000000000e+01 6.160000000000000000e+02 -8.000000000000000000e+02
1.996000000000000000e+04 -8.000000000000000000e+01 6.080000000000000000e+02 -7.760000000000000000e+02
2.000000000000000000e+04 -7.200000000000000000e+01 6.240000000000000000e+02 -7.760000000000000000e+02
2.004000000000000000e+04 -9.600000000000000000e+01 6.240000000000000000e+02 -7.920000000000000000e+02
2.008000000000000000e+04 -8.800000000000000000e+01 6.240000000000000000e+02 -8.240000000000000000e+02
2.012000000000000000e+04 -8.800000000000000000e+01 6.240000000000000000e+02 -8.000000000000000000e+02
2.016000000000000000e+04 -8.000000000000000000e+01 6.160000000000000000e+02 -7.680000000000000000e+02
2.020000000000000000e+04 -8.000000000000000000e+01 6.000000000000000000e+02 -7.840000000000000000e+02
2.024000000000000000e+04 -6.400000000000000000e+01 6.080000000000000000e+02 -8.000000000000000000e+02
2.028000000000000000e+04 -7.200000000000000000e+01 6.160000000000000000e+02 -8.000000000000000000e+02
2.032000000000000000e+04 -7.200000000000000000e+01 6.160000000000000000e+02 -8.000000000000000000e+02
2.036000000000000000e+04 -9.600000000000000000e+01 6.240000000000000000e+02 -8.000000000000000000e+02
2.040000000000000000e+04 -8.800000000000000000e+01 6.160000000000000000e+02 -7.920000000000000000e+02
2.044000000000000000e+04 -8.800000000000000000e+01 6.240000000000000000e+02 -7.920000000000000000e+02
2.048000000000000000e+04 -8.000000000000000000e+01 6.240000000000000000e+02 -8.000000000000000000e+02
2.052000000000000000e+04 -8.800000000000000000e+01 6.000000000000000000e+02 -7.920000000000000000e+02
2.056000000000000000e+04 -1.120000000000000000e+02 6.160000000000000000e+02 -7.920000000000000000e+02
2.060000000000000000e+04 -1.040000000000000000e+02 6.160000000000000000e+02 -8.000000000000000000e+02
2.064000000000000000e+04 -9.600000000000000000e+01 6.160000000000000000e+02 -7.840000000000000000e+02
2.068000000000000000e+04 -8.800000000000000000e+01 6.240000000000000000e+02 -8.160000000000000000e+02
2.072000000000000000e+04 -8.800000000000000000e+01 6.240000000000000000e+02 -7.840000000000000000e+02
2.076000000000000000e+04 -8.800000000000000000e+01 6.240000000000000000e+02 -8.000000000000000000e+02
2.080000000000000000e+04 -7.200000000000000000e+01 6.240000000000000000e+02 -8.080000000000000000e+02
2.084000000000000000e+04 -8.000000000000000000e+01 6.160000000000000000e+02 -8.160000000000000000e+02
