7.100000000000000000e+01 -3.440000000000000000e+02 5.680000000000000000e+02 -7.440000000000000000e+02
1.110000000000000000e+02 -3.360000000000000000e+02 5.680000000000000000e+02 -7.760000000000000000e+02
1.510000000000000000e+02 -3.440000000000000000e+02 5.600000000000000000e+02 -7.760000000000000000e+02
1.910000000000000000e+02 -3.360000000000000000e+02 5.680000000000000000e+02 -7.840000000000000000e+02
2.310000000000000000e+02 -3.360000000000000000e+02 5.600000000000000000e+02 -7.760000000000000000e+02
2.710000000000000000e+02 -3.280000000000000000e+02 5.680000000000000000e+02 -7.680000000000000000e+02
3.110000000000000000e+02 -3.120000000000000000e+02 5.760000000000000000e+02 -7.520000000000000000e+02
3.510000000000000000e+02 -3.200000000000000000e+02 5.840000000000000000e+02 -8.240000000000000000e+02
3.910000000000000000e+02 -3.040000000000000000e+02 5.600000000000000000e+02 -7.600000000000000000e+02
4.310000000000000000e+02 -3.200000000000000000e+02 5.760000000000000000e+02 -7.680000000000000000e+02
4.710000000000000000e+02 -3.440000000000000000e+02 5.760000000000000000e+02 -7.280000000000000000e+02
5.110000000000000000e+02 -3.440000000000000000e+02 5.680000000000000000e+02 -7.840000000000000000e+02
5.510000000000000000e+02 -3.440000000000000000e+02 5.680000000000000000e+02 -7.600000000000000000e+02
5.910000000000000000e+02 -3.360000000000000000e+02 5.680000000000000000e+02 -7.760000000000000000e+02
6.310000000000000000e+02 -3.280000000000000000e+02 5.680000000000000000e+02 -7.440000000000000000e+02
6.710000000000000000e+02 -3.280000000000000000e+02 5.680000000000000000e+02 -7.760000000000000000e+02
7.110000000000000000e+02 -3.280000000000000000e+02 5.680000000000000000e+02 -8.080000000000000000e+02
7.510000000000000000e+02 -3.360000000000000000e+02 5.680000000000000000e+02 -7.920000000000000000e+02
7.910000000000000000e+02 -3.360000000000000000e+02 5.680000000000000000e+02 -7.840000000000000000e+02
8.310000000000000000e+02 -3.360000000000000000e+02 5.440000000000000000e+02 -8.000000000000000000e+02
8.710000000000000000e+02 -3.360000000000000000e+02 5.600000000000000000e+02 -7.920000000000000000e+02
9.110000000000000000e+02 -3.280000000000000000e+02 5.680000000000000000e+02 -7.840000000000000000e+02
9.510000000000000000e+02 -3.280000000000000000e+02 5.680000000000000000e+02 -7.760000000000000000e+02
9.910000000000000000e+02 -3.280000000000000000e+02 5.680000000000000000e+02 -7.920000000000000000e+02
1.031000000000000000e+03 -3.280000000000000000e+02 5.680000000000000000e+02 -7.920000000000000000e+02
1.065000000000000000e+03 -3.200000000000000000e+02 5.680000000000000000e+02 -7.840000000000000000e+02
1.105000000000000000e+03 -3.360000000000000000e+02 5.680000000000000000e+02 -8.000000000000000000e+02
1.145000000000000000e+03 -3.360000000000000000e+02 5.680000000000000000e+02 -7.840000000000000000e+02
1.185000000000000000e+03 -3.360000000000000000e+02 5.680000000000000000e+02 -7.680000000000000000e+02
1.225000000000000000e+03 -3.360000000000000000e+02 5.680000000000000000e+02 -7.840000000000000000e+02
1.265000000000000000e+03 -3.360000000000000000e+02 5.680000000000000000e+02 -7.760000000000000000e+02
1.305000000000000000e+03 -3.360000000000000000e+02 5.680000000000000000e+02 -7.840000000000000000e+02
1.345000000000000000e+03 -3.440000000000000000e+02 5.680000000000000000e+02 -7.680000000000000000e+02
1.385000000000000000e+03 -3.440000000000000000e+02 5.760000000000000000e+02 -7.920000000000000000e+02
1.425000000000000000e+03 -3.360000000000000000e+02 5.760000000000000000e+02 -8.000000000000000000e+02
1.465000000000000000e+03 -3.360000000000000000e+02 5.760000000000000000e+02 -7.760000000000000000e+02
1.505000000000000000e+03 -3.440000000000000000e+02 5.680000000000000000e+02 -7.920000000000000000e+02
1.545000000000000000e+03 -3.360000000000000000e+02 5.680000000000000000e+02 -7.760000000000000000e+02
1.585000000000000000e+03 -3.360000000000000000e+02 5.680000000000000000e+02 -7.840000000000000000e+02
1.625000000000000000e+03 -3.360000000000000000e+02 5.680000000000000000e+02 -7.840000000000000000e+02
1.665000000000000000e+03 -3.360000000000000000e+02 5.680000000000000000e+02 -7.440000000000000000e+02
1.705000000000000000e+03 -3.360000000000000000e+02 5.680000000000000000e+02 -8.080000000000000000e+02
1.745000000000000000e+03 -3.360000000000000000e+02 5.760000000000000000e+02 -7.760000000000000000e+02
1.785000000000000000e+03 -3.360000000000000000e+02 5.440000000000000000e+02 -8.080000000000000000e+02
1.825000000000000000e+03 -3.440000000000000000e+02 5.760000000000000000e+02 -7.760000000000000000e+02
1.865000000000000000e+03 -3.360000000000000000e+02 5.680000000000000000e+02 -7.920000000000000000e+02
1.905000000000000000e+03 -3.360000000000000000e+02 5.520000000000000000e+02 -7.840000000000000000e+02
1.945000000000000000e+03 -3.360000000000000000e+02 5.360000000000000000e+02 -8.080000000000000000e+02
1.985000000000000000e+03 -3.360000000000000000e+02 5.680000000000000000e+02 -7.760000000000000000e+02
2.025000000000000000e+03 -3.360000000000000000e+02 5.760000000000000000e+02 -7.840000000000000000e+02
2.057000000000000000e+03 -3.440000000000000000e+02 5.760000000000000000e+02 -7.680000000000000000e+02
2.097000000000000000e+03 -3.440000000000000000e+02 5.680000000000000000e+02 -7.680000000000000000e+02
2.137000000000000000e+03 -3.360000000000000000e+02 5.760000000000000000e+02 -7.520000000000000000e+02
2.177000000000000000e+03 -3.360000000000000000e+02 5.840000000000000000e+02 -8.080000000000000000e+02
2.217000000000000000e+03 -3.360000000000000000e+02 5.760000000000000000e+02 -7.680000000000000000e+02
2.257000000000000000e+03 -3.200000000000000000e+02 5.680000000000000000e+02 -7.360000000000000000e+02
2.297000000000000000e+03 -3.280000000000000000e+02 5.680000000000000000e+02 -7.360000000000000000e+02
2.337000000000000000e+03 -3.280000000000000000e+02 5.680000000000000000e+02 -7.920000000000000000e+02
2.377000000000000000e+03 -3.360000000000000000e+02 5.680000000000000000e+02 -7.600000000000000000e+02
2.417000000000000000e+03 -3.280000000000000000e+02 5.680000000000000000e+02 -7.920000000000000000e+02
2.457000000000000000e+03 -3.280000000000000000e+02 5.680000000000000000e+02 -7.840000000000000000e+02
2.497000000000000000e+03 -3.280000000000000000e+02 5.680000000000000000e+02 -7.680000000000000000e+02
2.537000000000000000e+03 -3.360000000000000000e+02 5.520000000000000000e+02 -7.760000000000000000e+02
2.577000000000000000e+03 -3.280000000000000000e+02 5.680000000000000000e+02 -8.080000000000000000e+02
2.617000000000000000e+03 -3.280000000000000000e+02 5.360000000000000000e+02 -7.680000000000000000e+02
2.657000000000000000e+03 -3.280000000000000000e+02 5.520000000000000000e+02 -7.760000000000000000e+02
2.697000000000000000e+03 -3.360000000000000000e+02 5.600000000000000000e+02 -7.760000000000000000e+02
2.737000000000000000e+03 -3.280000000000000000e+02 5.680000000000000000e+02 -7.760000000000000000e+02
2.777000000000000000e+03 -3.440000000000000000e+02 5.680000000000000000e+02 -7.840000000000000000e+02
2.817000000000000000e+03 -3.360000000000000000e+02 5.680000000000000000e+02 -7.680000000000000000e+02
2.857000000000000000e+03 -3.360000000000000000e+02 5.680000000000000000e+02 -7.920000000000000000e+02
2.897000000000000000e+03 -3.120000000000000000e+02 5.680000000000000000e+02 -7.840000000000000000e+02
2.937000000000000000e+03 -3.200000000000000000e+02 5.840000000000000000e+02 -8.160000000000000000e+02
2.977000000000000000e+03 -3.200000000000000000e+02 5.760000000000000000e+02 -7.760000000000000000e+02
3.017000000000000000e+03 -3.200000000000000000e+02 5.680000000000000000e+02 -7.680000000000000000e+02
3.049000000000000000e+03 -3.200000000000000000e+02 5.680000000000000000e+02 -7.920000000000000000e+02
3.089000000000000000e+03 -3.280000000000000000e+02 5.840000000000000000e+02 -7.200000000000000000e+02
3.129000000000000000e+03 -3.200000000000000000e+02 5.680000000000000000e+02 -7.840000000000000000e+02
3.169000000000000000e+03 -3.360000000000000000e+02 5.920000000000000000e+02 -7.920000000000000000e+02
3.209000000000000000e+03 -3.680000000000000000e+02 5.840000000000000000e+02 -7.840000000000000000e+02
3.249000000000000000e+03 -3.360000000000000000e+02 5.760000000000000000e+02 -7.920000000000000000e+02
3.289000000000000000e+03 -3.360000000000000000e+02 5.680000000000000000e+02 -7.840000000000000000e+02
3.329000000000000000e+03 -3.360000000000000000e+02 5.680000000000000000e+02 -7.760000000000000000e+02
3.369000000000000000e+03 -3.360000000000000000e+02 5.600000000000000000e+02 -7.920000000000000000e+02
3.409000000000000000e+03 -3.440000000000000000e+02 5.600000000000000000e+02 -7.680000000000000000e+02
3.449000000000000000e+03 -3.360000000000000000e+02 5.680000000000000000e+02 -7.680000000000000000e+02
3.489000000000000000e+03 -3.520000000000000000e+02 5.680000000000000000e+02 -7.760000000000000000e+02
3.529000000000000000e+03 -3.200000000000000000e+02 5.760000000000000000e+02 -7.840000000000000000e+02
3.569000000000000000e+03 -3.360000000000000000e+02 5.680000000000000000e+02 -7.840000000000000000e+02
3.609000000000000000e+03 -3.360000000000000000e+02 5.680000000000000000e+02 -7.760000000000000000e+02
3.649000000000000000e+03 -3.360000000000000000e+02 5.600000000000000000e+02 -7.520000000000000000e+02
3.689000000000000000e+03 -3.280000000000000000e+02 5.840000000000000000e+02 -7.920000000000000000e+02
3.729000000000000000e+03 -3.280000000000000000e+02 5.680000000000000000e+02 -7.680000000000000000e+02
3.769000000000000000e+03 -3.280000000000000000e+02 5.680000000000000000e+02 -7.840000000000000000e+02
3.809000000000000000e+03 -3.360000000000000000e+02 5.600000000000000000e+02 -7.840000000000000000e+02
3.849000000000000000e+03 -3.200000000000000000e+02 5.600000000000000000e+02 -7.760000000000000000e+02
3.889000000000000000e+03 -3.120000000000000000e+02 5.600000000000000000e+02 -7.840000000000000000e+02
3.929000000000000000e+03 -3.040000000000000000e+02 5.600000000000000000e+02 -7.680000000000000000e+02
3.969000000000000000e+03 -3.200000000000000000e+02 5.440000000000000000e+02 -7.760000000000000000e+02
4.009000000000000000e+03 -3.200000000000000000e+02 5.600000000000000000e+02 -7.840000000000000000e+02
4.041000000000000000e+03 -3.200000000000000000e+02 5.680000000000000000e+02 -8.000000000000000000e+02
4.081000000000000000e+03 -3.280000000000000000e+02 5.600000000000000000e+02 -7.360000000000000000e+02
4.121000000000000000e+03 -3.280000000000000000e+02 5.680000000000000000e+02 -7.680000000000000000e+02
4.161000000000000000e+03 -3.360000000000000000e+02 5.600000000000000000e+02 -7.840000000000000000e+02
4.201000000000000000e+03 -3.280000000000000000e+02 5.680000000000000000e+02 -7.920000000000000000e+02
4.241000000000000000e+03 -3.360000000000000000e+02 5.680000000000000000e+02 -7.760000000000000000e+02
4.281000000000000000e+03 -3.440000000000000000e+02 5.680000000000000000e+02 -7.680000000000000000e+02
4.321000000000000000e+03 -3.360000000000000000e+02 5.680000000000000000e+02 -7.920000000000000000e+02
4.361000000000000000e+03 -3.200000000000000000e+02 5.520000000000000000e+02 -7.840000000000000000e+02
4.401000000000000000e+03 -3.200000000000000000e+02 5.600000000000000000e+02 -7.760000000000000000e+02
4.441000000000000000e+03 -3.200000000000000000e+02 5.680000000000000000e+02 -7.760000000000000000e+02
4.481000000000000000e+03 -3.200000000000000000e+02 5.600000000000000000e+02 -7.920000000000000000e+02
4.521000000000000000e+03 -3.200000000000000000e+02 5.520000000000000000e+02 -8.160000000000000000e+02
4.561000000000000000e+03 -3.120000000000000000e+02 5.520000000000000000e+02 -7.920000000000000000e+02
4.601000000000000000e+03 -3.200000000000000000e+02 5.600000000000000000e+02 -7.840000000000000000e+02
4.641000000000000000e+03 -3.200000000000000000e+02 5.600000000000000000e+02 -7.920000000000000000e+02
4.681000000000000000e+03 -3.120000000000000000e+02 5.680000000000000000e+02 -7.920000000000000000e+02
4.721000000000000000e+03 -3.200000000000000000e+02 5.680000000000000000e+02 -8.080000000000000000e+02
4.761000000000000000e+03 -3.200000000000000000e+02 5.520000000000000000e+02 -8.160000000000000000e+02
4.801000000000000000e+03 -3.040000000000000000e+02 5.520000000000000000e+02 -8.080000000000000000e+02
4.841000000000000000e+03 -3.200000000000000000e+02 5.440000000000000000e+02 -8.080000000000000000e+02
4.881000000000000000e+03 -2.720000000000000000e+02 5.360000000000000000e+02 -8.480000000000000000e+02
4.921000000000000000e+03 -2.880000000000000000e+02 5.360000000000000000e+02 -8.000000000000000000e+02
4.961000000000000000e+03 -3.040000000000000000e+02 5.520000000000000000e+02 -7.920000000000000000e+02
5.001000000000000000e+03 -2.800000000000000000e+02 5.760000000000000000e+02 -7.840000000000000000e+02
5.033000000000000000e+03 -2.800000000000000000e+02 5.600000000000000000e+02 -7.840000000000000000e+02
5.073000000000000000e+03 -2.960000000000000000e+02 5.520000000000000000e+02 -8.240000000000000000e+02
5.113000000000000000e+03 -2.880000000000000000e+02 4.960000000000000000e+02 -8.560000000000000000e+02
5.153000000000000000e+03 -2.880000000000000000e+02 4.880000000000000000e+02 -8.480000000000000000e+02
5.193000000000000000e+03 -2.880000000000000000e+02 5.040000000000000000e+02 -8.320000000000000000e+02
5.233000000000000000e+03 -2.800000000000000000e+02 5.200000000000000000e+02 -8.160000000000000000e+02
5.273000000000000000e+03 -2.880000000000000000e+02 5.520000000000000000e+02 -7.920000000000000000e+02
5.313000000000000000e+03 -2.880000000000000000e+02 5.600000000000000000e+02 -7.920000000000000000e+02
5.353000000000000000e+03 -2.880000000000000000e+02 5.520000000000000000e+02 -8.000000000000000000e+02
5.393000000000000000e+03 -2.880000000000000000e+02 5.680000000000000000e+02 -7.440000000000000000e+02
5.433000000000000000e+03 -2.880000000000000000e+02 5.920000000000000000e+02 -7.760000000000000000e+02
5.473000000000000000e+03 -2.720000000000000000e+02 6.160000000000000000e+02 -7.440000000000000000e+02
5.513000000000000000e+03 -2.560000000000000000e+02 6.320000000000000000e+02 -7.280000000000000000e+02
5.553000000000000000e+03 -2.480000000000000000e+02 6.400000000000000000e+02 -7.280000000000000000e+02
5.593000000000000000e+03 -2.480000000000000000e+02 6.400000000000000000e+02 -7.680000000000000000e+02
5.633000000000000000e+03 -2.480000000000000000e+02 6.240000000000000000e+02 -7.840000000000000000e+02
5.673000000000000000e+03 -2.480000000000000000e+02 6.160000000000000000e+02 -7.680000000000000000e+02
5.713000000000000000e+03 -2.480000000000000000e+02 6.240000000000000000e+02 -7.920000000000000000e+02
5.753000000000000000e+03 -2.640000000000000000e+02 6.000000000000000000e+02 -7.600000000000000000e+02
5.793000000000000000e+03 -2.880000000000000000e+02 5.840000000000000000e+02 -7.520000000000000000e+02
5.833000000000000000e+03 -2.880000000000000000e+02 6.240000000000000000e+02 -7.040000000000000000e+02
5.873000000000000000e+03 -2.720000000000000000e+02 6.320000000000000000e+02 -7.520000000000000000e+02
5.913000000000000000e+03 -2.720000000000000000e+02 6.240000000000000000e+02 -7.440000000000000000e+02
5.953000000000000000e+03 -2.800000000000000000e+02 6.160000000000000000e+02 -7.840000000000000000e+02
5.993000000000000000e+03 -2.640000000000000000e+02 6.160000000000000000e+02 -7.200000000000000000e+02
6.025000000000000000e+03 -2.400000000000000000e+02 6.240000000000000000e+02 -7.520000000000000000e+02
6.065000000000000000e+03 -2.320000000000000000e+02 6.080000000000000000e+02 -7.840000000000000000e+02
6.105000000000000000e+03 -2.400000000000000000e+02 6.160000000000000000e+02 -7.840000000000000000e+02
6.145000000000000000e+03 -2.320000000000000000e+02 6.080000000000000000e+02 -7.760000000000000000e+02
6.185000000000000000e+03 -2.560000000000000000e+02 6.160000000000000000e+02 -7.200000000000000000e+02
6.225000000000000000e+03 -2.720000000000000000e+02 6.160000000000000000e+02 -7.120000000000000000e+02
6.265000000000000000e+03 -2.800000000000000000e+02 6.320000000000000000e+02 -7.280000000000000000e+02
6.305000000000000000e+03 -2.800000000000000000e+02 6.400000000000000000e+02 -8.000000000000000000e+02
6.345000000000000000e+03 -2.560000000000000000e+02 6.320000000000000000e+02 -7.920000000000000000e+02
6.385000000000000000e+03 -2.480000000000000000e+02 6.240000000000000000e+02 -7.680000000000000000e+02
6.425000000000000000e+03 -2.480000000000000000e+02 6.320000000000000000e+02 -7.760000000000000000e+02
6.465000000000000000e+03 -2.480000000000000000e+02 6.320000000000000000e+02 -7.360000000000000000e+02
6.505000000000000000e+03 -2.320000000000000000e+02 6.160000000000000000e+02 -7.600000000000000000e+02
6.545000000000000000e+03 -2.480000000000000000e+02 6.240000000000000000e+02 -7.600000000000000000e+02
6.585000000000000000e+03 -2.560000000000000000e+02 6.240000000000000000e+02 -7.680000000000000000e+02
6.625000000000000000e+03 -2.640000000000000000e+02 6.240000000000000000e+02 -7.520000000000000000e+02
6.665000000000000000e+03 -2.400000000000000000e+02 6.320000000000000000e+02 -7.360000000000000000e+02
6.705000000000000000e+03 -2.320000000000000000e+02 6.320000000000000000e+02 -7.840000000000000000e+02
6.745000000000000000e+03 -2.720000000000000000e+02 6.480000000000000000e+02 -8.000000000000000000e+02
6.785000000000000000e+03 -2.640000000000000000e+02 6.480000000000000000e+02 -7.520000000000000000e+02
6.825000000000000000e+03 -2.480000000000000000e+02 6.400000000000000000e+02 -7.520000000000000000e+02
6.865000000000000000e+03 -2.560000000000000000e+02 6.480000000000000000e+02 -7.760000000000000000e+02
6.905000000000000000e+03 -2.560000000000000000e+02 6.400000000000000000e+02 -7.360000000000000000e+02
6.945000000000000000e+03 -2.480000000000000000e+02 6.400000000000000000e+02 -7.360000000000000000e+02
6.985000000000000000e+03 -2.640000000000000000e+02 6.320000000000000000e+02 -7.440000000000000000e+02
7.017000000000000000e+03 -2.560000000000000000e+02 6.240000000000000000e+02 -7.440000000000000000e+02
7.057000000000000000e+03 -2.720000000000000000e+02 6.320000000000000000e+02 -7.600000000000000000e+02
7.097000000000000000e+03 -2.720000000000000000e+02 6.400000000000000000e+02 -7.360000000000000000e+02
7.137000000000000000e+03 -2.640000000000000000e+02 6.400000000000000000e+02 -7.600000000000000000e+02
7.177000000000000000e+03 -2.560000000000000000e+02 6.560000000000000000e+02 -7.120000000000000000e+02
7.217000000000000000e+03 -2.560000000000000000e+02 6.400000000000000000e+02 -7.280000000000000000e+02
7.257000000000000000e+03 -2.560000000000000000e+02 6.560000000000000000e+02 -7.440000000000000000e+02
7.297000000000000000e+03 -2.560000000000000000e+02 6.240000000000000000e+02 -6.960000000000000000e+02
7.337000000000000000e+03 -2.560000000000000000e+02 6.560000000000000000e+02 -7.040000000000000000e+02
7.377000000000000000e+03 -2.400000000000000000e+02 6.640000000000000000e+02 -7.120000000000000000e+02
7.417000000000000000e+03 -2.320000000000000000e+02 6.640000000000000000e+02 -7.200000000000000000e+02
7.457000000000000000e+03 -2.560000000000000000e+02 6.640000000000000000e+02 -7.520000000000000000e+02
7.497000000000000000e+03 -2.480000000000000000e+02 6.640000000000000000e+02 -6.960000000000000000e+02
7.537000000000000000e+03 -2.400000000000000000e+02 6.880000000000000000e+02 -7.200000000000000000e+02
7.577000000000000000e+03 -2.320000000000000000e+02 6.640000000000000000e+02 -7.360000000000000000e+02
7.617000000000000000e+03 -2.240000000000000000e+02 6.640000000000000000e+02 -7.520000000000000000e+02
7.657000000000000000e+03 -2.160000000000000000e+02 6.480000000000000000e+02 -7.680000000000000000e+02
7.697000000000000000e+03 -2.160000000000000000e+02 6.640000000000000000e+02 -7.440000000000000000e+02
7.737000000000000000e+03 -2.240000000000000000e+02 6.240000000000000000e+02 -6.880000000000000000e+02
7.777000000000000000e+03 -2.160000000000000000e+02 6.000000000000000000e+02 -7.680000000000000000e+02
7.817000000000000000e+03 -2.080000000000000000e+02 6.240000000000000000e+02 -7.360000000000000000e+02
7.857000000000000000e+03 -2.080000000000000000e+02 6.000000000000000000e+02 -7.760000000000000000e+02
7.897000000000000000e+03 -2.160000000000000000e+02 6.080000000000000000e+02 -8.400000000000000000e+02
7.937000000000000000e+03 -2.160000000000000000e+02 6.320000000000000000e+02 -7.520000000000000000e+02
7.977000000000000000e+03 -2.240000000000000000e+02 6.480000000000000000e+02 -7.040000000000000000e+02
8.009000000000000000e+03 -2.240000000000000000e+02 6.640000000000000000e+02 -7.120000000000000000e+02
8.049000000000000000e+03 -2.480000000000000000e+02 6.560000000000000000e+02 -7.360000000000000000e+02
8.089000000000000000e+03 -2.320000000000000000e+02 6.320000000000000000e+02 -7.920000000000000000e+02
8.129000000000000000e+03 -2.480000000000000000e+02 5.760000000000000000e+02 -7.920000000000000000e+02
8.169000000000000000e+03 -2.480000000000000000e+02 5.760000000000000000e+02 -7.920000000000000000e+02
8.209000000000000000e+03 -2.320000000000000000e+02 5.840000000000000000e+02 -8.000000000000000000e+02
8.249000000000000000e+03 -2.480000000000000000e+02 5.840000000000000000e+02 -8.080000000000000000e+02
8.289000000000000000e+03 -2.400000000000000000e+02 5.680000000000000000e+02 -8.080000000000000000e+02
8.329000000000000000e+03 -2.320000000000000000e+02 6.320000000000000000e+02 -7.760000000000000000e+02
8.369000000000000000e+03 -2.160000000000000000e+02 6.000000000000000000e+02 -8.080000000000000000e+02
8.409000000000000000e+03 -2.080000000000000000e+02 6.000000000000000000e+02 -7.760000000000000000e+02
8.449000000000000000e+03 -2.160000000000000000e+02 5.920000000000000000e+02 -8.000000000000000000e+02
8.489000000000000000e+03 -2.160000000000000000e+02 6.000000000000000000e+02 -8.320000000000000000e+02
8.529000000000000000e+03 -2.240000000000000000e+02 6.000000000000000000e+02 -8.080000000000000000e+02
8.569000000000000000e+03 -2.240000000000000000e+02 6.160000000000000000e+02 -7.920000000000000000e+02
8.609000000000000000e+03 -2.320000000000000000e+02 6.080000000000000000e+02 -7.920000000000000000e+02
8.649000000000000000e+03 -2.160000000000000000e+02 5.840000000000000000e+02 -7.120000000000000000e+02
8.689000000000000000e+03 -2.240000000000000000e+02 5.760000000000000000e+02 -8.480000000000000000e+02
8.729000000000000000e+03 -2.160000000000000000e+02 6.080000000000000000e+02 -8.240000000000000000e+02
8.769000000000000000e+03 -2.160000000000000000e+02 6.000000000000000000e+02 -7.920000000000000000e+02
8.809000000000000000e+03 -2.160000000000000000e+02 5.920000000000000000e+02 -7.920000000000000000e+02
8.849000000000000000e+03 -2.080000000000000000e+02 6.000000000000000000e+02 -8.000000000000000000e+02
8.889000000000000000e+03 -2.160000000000000000e+02 6.240000000000000000e+02 -7.440000000000000000e+02
8.929000000000000000e+03 -2.080000000000000000e+02 5.920000000000000000e+02 -8.080000000000000000e+02
8.969000000000000000e+03 -2.240000000000000000e+02 5.840000000000000000e+02 -7.920000000000000000e+02
9.001000000000000000e+03 -2.240000000000000000e+02 5.920000000000000000e+02 -7.600000000000000000e+02
9.041000000000000000e+03 -2.240000000000000000e+02 5.840000000000000000e+02 -7.760000000000000000e+02
9.081000000000000000e+03 -2.080000000000000000e+02 5.840000000000000000e+02 -7.760000000000000000e+02
9.121000000000000000e+03 -2.080000000000000000e+02 5.840000000000000000e+02 -8.000000000000000000e+02
9.161000000000000000e+03 -2.080000000000000000e+02 5.920000000000000000e+02 -7.600000000000000000e+02
9.201000000000000000e+03 -2.160000000000000000e+02 6.000000000000000000e+02 -7.840000000000000000e+02
9.241000000000000000e+03 -2.160000000000000000e+02 6.080000000000000000e+02 -8.160000000000000000e+02
9.281000000000000000e+03 -2.240000000000000000e+02 5.840000000000000000e+02 -8.080000000000000000e+02
9.321000000000000000e+03 -2.080000000000000000e+02 6.160000000000000000e+02 -8.000000000000000000e+02
9.361000000000000000e+03 -2.160000000000000000e+02 6.000000000000000000e+02 -7.760000000000000000e+02
9.401000000000000000e+03 -2.160000000000000000e+02 6.080000000000000000e+02 -7.920000000000000000e+02
9.441000000000000000e+03 -2.080000000000000000e+02 6.080000000000000000e+02 -7.920000000000000000e+02
9.481000000000000000e+03 -2.240000000000000000e+02 5.920000000000000000e+02 -8.000000000000000000e+02
9.521000000000000000e+03 -2.240000000000000000e+02 6.000000000000000000e+02 -8.000000000000000000e+02
9.561000000000000000e+03 -2.320000000000000000e+02 5.840000000000000000e+02 -7.840000000000000000e+02
9.601000000000000000e+03 -2.160000000000000000e+02 5.760000000000000000e+02 -8.160000000000000000e+02
9.641000000000000000e+03 -2.000000000000000000e+02 5.680000000000000000e+02 -7.760000000000000000e+02
9.681000000000000000e+03 -2.160000000000000000e+02 5.920000000000000000e+02 -7.680000000000000000e+02
9.721000000000000000e+03 -2.240000000000000000e+02 6.240000000000000000e+02 -7.680000000000000000e+02
9.761000000000000000e+03 -2.320000000000000000e+02 6.080000000000000000e+02 -8.080000000000000000e+02
9.801000000000000000e+03 -2.320000000000000000e+02 6.160000000000000000e+02 -7.600000000000000000e+02
9.841000000000000000e+03 -2.320000000000000000e+02 6.000000000000000000e+02 -7.840000000000000000e+02
9.881000000000000000e+03 -2.400000000000000000e+02 6.000000000000000000e+02 -8.240000000000000000e+02
9.921000000000000000e+03 -2.400000000000000000e+02 5.920000000000000000e+02 -7.840000000000000000e+02
9.961000000000000000e+03 -2.320000000000000000e+02 5.920000000000000000e+02 -7.920000000000000000e+02
9.993000000000000000e+03 -2.480000000000000000e+02 6.000000000000000000e+02 -8.080000000000000000e+02
1.003300000000000000e+04 -2.400000000000000000e+02 5.920000000000000000e+02 -7.760000000000000000e+02
1.007300000000000000e+04 -2.400000000000000000e+02 5.840000000000000000e+02 -7.840000000000000000e+02
1.011300000000000000e+04 -2.320000000000000000e+02 5.760000000000000000e+02 -8.000000000000000000e+02
1.015300000000000000e+04 -2.240000000000000000e+02 5.760000000000000000e+02 -7.760000000000000000e+02
1.019300000000000000e+04 -2.240000000000000000e+02 5.760000000000000000e+02 -8.080000000000000000e+02
1.023300000000000000e+04 -2.240000000000000000e+02 6.000000000000000000e+02 -8.320000000000000000e+02
1.027300000000000000e+04 -2.400000000000000000e+02 6.000000000000000000e+02 -8.080000000000000000e+02
1.031300000000000000e+04 -2.320000000000000000e+02 5.920000000000000000e+02 -8.160000000000000000e+02
1.035300000000000000e+04 -2.400000000000000000e+02 6.080000000000000000e+02 -7.920000000000000000e+02
1.039300000000000000e+04 -2.240000000000000000e+02 5.920000000000000000e+02 -8.080000000000000000e+02
1.043300000000000000e+04 -2.240000000000000000e+02 5.840000000000000000e+02 -8.160000000000000000e+02
1.047300000000000000e+04 -2.240000000000000000e+02 5.920000000000000000e+02 -8.160000000000000000e+02
1.051300000000000000e+04 -2.320000000000000000e+02 5.920000000000000000e+02 -8.080000000000000000e+02
1.055300000000000000e+04 -2.240000000000000000e+02 5.920000000000000000e+02 -8.240000000000000000e+02
1.059300000000000000e+04 -2.160000000000000000e+02 5.920000000000000000e+02 -7.920000000000000000e+02
1.063300000000000000e+04 -2.160000000000000000e+02 6.000000000000000000e+02 -8.000000000000000000e+02
1.067300000000000000e+04 -2.000000000000000000e+02 5.920000000000000000e+02 -8.080000000000000000e+02
1.071300000000000000e+04 -2.160000000000000000e+02 5.920000000000000000e+02 -8.000000000000000000e+02
1.075300000000000000e+04 -2.160000000000000000e+02 5.920000000000000000e+02 -7.840000000000000000e+02
1.079300000000000000e+04 -2.160000000000000000e+02 5.920000000000000000e+02 -7.760000000000000000e+02
1.083300000000000000e+04 -2.080000000000000000e+02 6.080000000000000000e+02 -7.920000000000000000e+02
1.087300000000000000e+04 -2.160000000000000000e+02 6.000000000000000000e+02 -7.840000000000000000e+02
1.091300000000000000e+04 -2.160000000000000000e+02 5.920000000000000000e+02 -7.760000000000000000e+02
1.095300000000000000e+04 -2.160000000000000000e+02 6.000000000000000000e+02 -7.920000000000000000e+02
1.098500000000000000e+04 -2.160000000000000000e+02 5.840000000000000000e+02 -7.920000000000000000e+02
1.102500000000000000e+04 -2.240000000000000000e+02 5.920000000000000000e+02 -8.240000000000000000e+02
1.106500000000000000e+04 -2.000000000000000000e+02 5.760000000000000000e+02 -7.840000000000000000e+02
1.110500000000000000e+04 -2.000000000000000000e+02 5.760000000000000000e+02 -7.840000000000000000e+02
1.114500000000000000e+04 -2.160000000000000000e+02 5.760000000000000000e+02 -7.920000000000000000e+02
1.118500000000000000e+04 -2.320000000000000000e+02 6.000000000000000000e+02 -8.080000000000000000e+02
1.122500000000000000e+04 -2.160000000000000000e+02 6.000000000000000000e+02 -8.000000000000000000e+02
1.126500000000000000e+04 -2.080000000000000000e+02 5.920000000000000000e+02 -7.920000000000000000e+02
1.130500000000000000e+04 -2.080000000000000000e+02 5.920000000000000000e+02 -7.600000000000000000e+02
1.134500000000000000e+04 -2.160000000000000000e+02 6.000000000000000000e+02 -7.440000000000000000e+02
1.138500000000000000e+04 -2.240000000000000000e+02 5.840000000000000000e+02 -7.920000000000000000e+02
1.142500000000000000e+04 -2.160000000000000000e+02 5.920000000000000000e+02 -7.840000000000000000e+02
1.146500000000000000e+04 -2.240000000000000000e+02 5.920000000000000000e+02 -8.480000000000000000e+02
1.150500000000000000e+04 -2.240000000000000000e+02 6.080000000000000000e+02 -7.840000000000000000e+02
1.154500000000000000e+04 -2.000000000000000000e+02 6.080000000000000000e+02 -7.920000000000000000e+02
1.158500000000000000e+04 -2.160000000000000000e+02 6.000000000000000000e+02 -8.000000000000000000e+02
1.162500000000000000e+04 -2.160000000000000000e+02 6.080000000000000000e+02 -7.760000000000000000e+02
1.166500000000000000e+04 -2.320000000000000000e+02 6.080000000000000000e+02 -7.680000000000000000e+02
1.170500000000000000e+04 -2.400000000000000000e+02 6.080000000000000000e+02 -8.080000000000000000e+02
1.174500000000000000e+04 -2.240000000000000000e+02 6.080000000000000000e+02 -7.760000000000000000e+02
1.178500000000000000e+04 -2.240000000000000000e+02 6.080000000000000000e+02 -8.000000000000000000e+02
1.182500000000000000e+04 -2.240000000000000000e+02 6.080000000000000000e+02 -7.760000000000000000e+02
1.186500000000000000e+04 -2.160000000000000000e+02 6.080000000000000000e+02 -7.440000000000000000e+02
1.190500000000000000e+04 -2.160000000000000000e+02 6.000000000000000000e+02 -7.360000000000000000e+02
1.194500000000000000e+04 -2.160000000000000000e+02 6.000000000000000000e+02 -7.920000000000000000e+02
1.197800000000000000e+04 -2.320000000000000000e+02 6.080000000000000000e+02 -7.760000000000000000e+02
1.201800000000000000e+04 -2.240000000000000000e+02 6.080000000000000000e+02 -7.840000000000000000e+02
1.205800000000000000e+04 -2.160000000000000000e+02 6.080000000000000000e+02 -7.920000000000000000e+02
1.209800000000000000e+04 -2.320000000000000000e+02 6.000000000000000000e+02 -7.840000000000000000e+02
1.213800000000000000e+04 -2.080000000000000000e+02 6.160000000000000000e+02 -7.760000000000000000e+02
1.217800000000000000e+04 -1.920000000000000000e+02 6.080000000000000000e+02 -8.320000000000000000e+02
1.221800000000000000e+04 -2.240000000000000000e+02 6.080000000000000000e+02 -7.680000000000000000e+02
1.225800000000000000e+04 -2.160000000000000000e+02 6.000000000000000000e+02 -7.840000000000000000e+02
1.229800000000000000e+04 -2.160000000000000000e+02 6.080000000000000000e+02 -7.760000000000000000e+02
1.233800000000000000e+04 -2.160000000000000000e+02 6.080000000000000000e+02 -7.840000000000000000e+02
1.237800000000000000e+04 -2.160000000000000000e+02 6.080000000000000000e+02 -7.760000000000000000e+02
1.241800000000000000e+04 -2.160000000000000000e+02 6.080000000000000000e+02 -7.760000000000000000e+02
1.245800000000000000e+04 -2.160000000000000000e+02 6.160000000000000000e+02 -7.680000000000000000e+02
1.249800000000000000e+04 -2.160000000000000000e+02 6.000000000000000000e+02 -8.000000000000000000e+02
1.253800000000000000e+04 -2.080000000000000000e+02 6.080000000000000000e+02 -7.840000000000000000e+02
1.257800000000000000e+04 -2.160000000000000000e+02 6.080000000000000000e+02 -7.760000000000000000e+02
1.261800000000000000e+04 -2.320000000000000000e+02 6.160000000000000000e+02 -7.760000000000000000e+02
1.265800000000000000e+04 -2.240000000000000000e+02 6.160000000000000000e+02 -7.760000000000000000e+02
1.269800000000000000e+04 -2.160000000000000000e+02 6.160000000000000000e+02 -7.840000000000000000e+02
1.273800000000000000e+04 -2.240000000000000000e+02 6.240000000000000000e+02 -7.680000000000000000e+02
1.277800000000000000e+04 -2.160000000000000000e+02 6.080000000000000000e+02 -7.840000000000000000e+02
1.281800000000000000e+04 -2.160000000000000000e+02 6.080000000000000000e+02 -7.520000000000000000e+02
1.285800000000000000e+04 -2.160000000000000000e+02 6.080000000000000000e+02 -8.000000000000000000e+02
1.289800000000000000e+04 -2.240000000000000000e+02 6.160000000000000000e+02 -8.320000000000000000e+02
1.293800000000000000e+04 -2.160000000000000000e+02 6.160000000000000000e+02 -7.760000000000000000e+02
1.297000000000000000e+04 -2.000000000000000000e+02 6.160000000000000000e+02 -8.000000000000000000e+02
1.301000000000000000e+04 -2.080000000000000000e+02 6.240000000000000000e+02 -7.760000000000000000e+02
1.305000000000000000e+04 -2.000000000000000000e+02 6.400000000000000000e+02 -7.760000000000000000e+02
1.309000000000000000e+04 -2.000000000000000000e+02 6.160000000000000000e+02 -7.520000000000000000e+02
1.313000000000000000e+04 -2.160000000000000000e+02 6.080000000000000000e+02 -8.000000000000000000e+02
1.317000000000000000e+04 -2.160000000000000000e+02 6.080000000000000000e+02 -7.840000000000000000e+02
1.321000000000000000e+04 -2.160000000000000000e+02 6.160000000000000000e+02 -7.840000000000000000e+02
1.325000000000000000e+04 -2.160000000000000000e+02 6.080000000000000000e+02 -7.760000000000000000e+02
1.329000000000000000e+04 -2.160000000000000000e+02 6.080000000000000000e+02 -8.000000000000000000e+02
1.333000000000000000e+04 -2.160000000000000000e+02 6.160000000000000000e+02 -7.840000000000000000e+02
1.337000000000000000e+04 -2.240000000000000000e+02 6.080000000000000000e+02 -7.760000000000000000e+02
1.341000000000000000e+04 -2.240000000000000000e+02 6.080000000000000000e+02 -7.840000000000000000e+02
1.345000000000000000e+04 -2.160000000000000000e+02 6.080000000000000000e+02 -7.680000000000000000e+02
1.349000000000000000e+04 -2.160000000000000000e+02 6.160000000000000000e+02 -7.680000000000000000e+02
1.353000000000000000e+04 -2.160000000000000000e+02 6.000000000000000000e+02 -8.160000000000000000e+02
1.357000000000000000e+04 -2.240000000000000000e+02 5.920000000000000000e+02 -7.680000000000000000e+02
1.361000000000000000e+04 -2.000000000000000000e+02 6.000000000000000000e+02 -7.840000000000000000e+02
1.365000000000000000e+04 -2.160000000000000000e+02 6.000000000000000000e+02 -7.920000000000000000e+02
1.369000000000000000e+04 -2.160000000000000000e+02 6.000000000000000000e+02 -8.080000000000000000e+02
1.373000000000000000e+04 -2.160000000000000000e+02 6.000000000000000000e+02 -7.920000000000000000e+02
1.377000000000000000e+04 -2.000000000000000000e+02 6.080000000000000000e+02 -7.840000000000000000e+02
1.381000000000000000e+04 -2.160000000000000000e+02 6.000000000000000000e+02 -8.000000000000000000e+02
1.385000000000000000e+04 -2.400000000000000000e+02 5.920000000000000000e+02 -7.600000000000000000e+02
1.389000000000000000e+04 -2.480000000000000000e+02 6.000000000000000000e+02 -7.920000000000000000e+02
1.393000000000000000e+04 -2.320000000000000000e+02 6.000000000000000000e+02 -7.600000000000000000e+02
1.396200000000000000e+04 -2.400000000000000000e+02 6.080000000000000000e+02 -8.080000000000000000e+02
1.400200000000000000e+04 -2.240000000000000000e+02 6.080000000000000000e+02 -8.480000000000000000e+02
1.404200000000000000e+04 -2.240000000000000000e+02 6.160000000000000000e+02 -7.840000000000000000e+02
1.408200000000000000e+04 -2.160000000000000000e+02 6.400000000000000000e+02 -7.760000000000000000e+02
1.412200000000000000e+04 -2.160000000000000000e+02 6.080000000000000000e+02 -7.680000000000000000e+02
1.416200000000000000e+04 -2.160000000000000000e+02 5.840000000000000000e+02 -8.160000000000000000e+02
1.420200000000000000e+04 -2.080000000000000000e+02 5.840000000000000000e+02 -7.840000000000000000e+02
1.424200000000000000e+04 -2.160000000000000000e+02 6.000000000000000000e+02 -7.760000000000000000e+02
1.428200000000000000e+04 -2.160000000000000000e+02 5.920000000000000000e+02 -7.840000000000000000e+02
1.432200000000000000e+04 -2.000000000000000000e+02 6.000000000000000000e+02 -8.080000000000000000e+02
1.436200000000000000e+04 -2.080000000000000000e+02 6.080000000000000000e+02 -7.840000000000000000e+02
1.440200000000000000e+04 -2.080000000000000000e+02 6.000000000000000000e+02 -7.840000000000000000e+02
1.444200000000000000e+04 -2.160000000000000000e+02 6.080000000000000000e+02 -7.920000000000000000e+02
1.448200000000000000e+04 -2.080000000000000000e+02 6.240000000000000000e+02 -7.760000000000000000e+02
1.452200000000000000e+04 -2.080000000000000000e+02 6.160000000000000000e+02 -7.920000000000000000e+02
1.456200000000000000e+04 -2.080000000000000000e+02 6.080000000000000000e+02 -7.840000000000000000e+02
1.460200000000000000e+04 -2.080000000000000000e+02 6.080000000000000000e+02 -7.680000000000000000e+02
1.464200000000000000e+04 -2.400000000000000000e+02 6.080000000000000000e+02 -7.680000000000000000e+02
1.468200000000000000e+04 -2.480000000000000000e+02 6.320000000000000000e+02 -7.600000000000000000e+02
1.472200000000000000e+04 -2.560000000000000000e+02 6.320000000000000000e+02 -7.680000000000000000e+02
1.476200000000000000e+04 -2.560000000000000000e+02 6.320000000000000000e+02 -7.760000000000000000e+02
1.480200000000000000e+04 -2.640000000000000000e+02 6.160000000000000000e+02 -7.360000000000000000e+02
1.484200000000000000e+04 -2.560000000000000000e+02 6.240000000000000000e+02 -7.520000000000000000e+02
1.488200000000000000e+04 -2.240000000000000000e+02 6.560000000000000000e+02 -7.120000000000000000e+02
1.492200000000000000e+04 -2.320000000000000000e+02 6.640000000000000000e+02 -7.200000000000000000e+02
1.495400000000000000e+04 -2.480000000000000000e+02 6.560000000000000000e+02 -7.440000000000000000e+02
1.499400000000000000e+04 -2.240000000000000000e+02 6.640000000000000000e+02 -7.280000000000000000e+02
1.503400000000000000e+04 -2.240000000000000000e+02 6.480000000000000000e+02 -7.120000000000000000e+02
1.507400000000000000e+04 -2.480000000000000000e+02 6.480000000000000000e+02 -6.720000000000000000e+02
1.511400000000000000e+04 -2.160000000000000000e+02 6.480000000000000000e+02 -6.960000000000000000e+02
1.515400000000000000e+04 -2.240000000000000000e+02 6.640000000000000000e+02 -7.360000000000000000e+02
1.519400000000000000e+04 -2.320000000000000000e+02 6.880000000000000000e+02 -8.080000000000000000e+02
1.523400000000000000e+04 -2.480000000000000000e+02 6.720000000000000000e+02 -7.520000000000000000e+02
1.527400000000000000e+04 -2.480000000000000000e+02 6.640000000000000000e+02 -7.440000000000000000e+02
1.531400000000000000e+04 -2.560000000000000000e+02 6.960000000000000000e+02 -7.440000000000000000e+02
1.535400000000000000e+04 -2.640000000000000000e+02 6.400000000000000000e+02 -7.760000000000000000e+02
1.539400000000000000e+04 -2.320000000000000000e+02 6.480000000000000000e+02 -7.360000000000000000e+02
1.543400000000000000e+04 -2.400000000000000000e+02 6.480000000000000000e+02 -7.920000000000000000e+02
1.547400000000000000e+04 -2.480000000000000000e+02 6.240000000000000000e+02 -7.680000000000000000e+02
1.551400000000000000e+04 -2.400000000000000000e+02 6.240000000000000000e+02 -7.680000000000000000e+02
1.555400000000000000e+04 -2.480000000000000000e+02 6.400000000000000000e+02 -7.200000000000000000e+02
1.559400000000000000e+04 -2.400000000000000000e+02 6.560000000000000000e+02 -7.600000000000000000e+02
1.563400000000000000e+04 -2.240000000000000000e+02 6.320000000000000000e+02 -7.360000000000000000e+02
1.567400000000000000e+04 -2.320000000000000000e+02 6.400000000000000000e+02 -7.440000000000000000e+02
1.571400000000000000e+04 -2.320000000000000000e+02 6.320000000000000000e+02 -7.440000000000000000e+02
1.575400000000000000e+04 -2.320000000000000000e+02 6.560000000000000000e+02 -6.880000000000000000e+02
1.579400000000000000e+04 -2.400000000000000000e+02 6.400000000000000000e+02 -7.360000000000000000e+02
1.583400000000000000e+04 -2.320000000000000000e+02 6.320000000000000000e+02 -7.280000000000000000e+02
1.587400000000000000e+04 -2.480000000000000000e+02 6.400000000000000000e+02 -7.520000000000000000e+02
1.591400000000000000e+04 -2.400000000000000000e+02 6.320000000000000000e+02 -8.400000000000000000e+02
1.594600000000000000e+04 -2.560000000000000000e+02 6.240000000000000000e+02 -7.600000000000000000e+02
1.598600000000000000e+04 -2.800000000000000000e+02 6.000000000000000000e+02 -7.760000000000000000e+02
1.602600000000000000e+04 -2.720000000000000000e+02 6.160000000000000000e+02 -8.000000000000000000e+02
1.606600000000000000e+04 -2.560000000000000000e+02 6.080000000000000000e+02 -7.920000000000000000e+02
1.610600000000000000e+04 -2.480000000000000000e+02 6.320000000000000000e+02 -7.600000000000000000e+02
1.614600000000000000e+04 -2.320000000000000000e+02 6.320000000000000000e+02 -7.840000000000000000e+02
1.618600000000000000e+04 -2.320000000000000000e+02 6.240000000000000000e+02 -7.600000000000000000e+02
1.622600000000000000e+04 -2.320000000000000000e+02 6.320000000000000000e+02 -7.360000000000000000e+02
1.626600000000000000e+04 -2.320000000000000000e+02 6.160000000000000000e+02 -7.920000000000000000e+02
1.630600000000000000e+04 -2.240000000000000000e+02 5.840000000000000000e+02 -8.080000000000000000e+02
1.634600000000000000e+04 -2.480000000000000000e+02 6.320000000000000000e+02 -6.720000000000000000e+02
1.638600000000000000e+04 -2.320000000000000000e+02 6.480000000000000000e+02 -7.360000000000000000e+02
1.642600000000000000e+04 -2.080000000000000000e+02 5.360000000000000000e+02 -9.120000000000000000e+02
1.646600000000000000e+04 -2.160000000000000000e+02 5.680000000000000000e+02 -7.840000000000000000e+02
1.650600000000000000e+04 -2.080000000000000000e+02 5.680000000000000000e+02 -8.320000000000000000e+02
1.654600000000000000e+04 -2.000000000000000000e+02 5.920000000000000000e+02 -7.840000000000000000e+02
1.658600000000000000e+04 -2.240000000000000000e+02 5.920000000000000000e+02 -8.160000000000000000e+02
1.662600000000000000e+04 -2.000000000000000000e+02 5.520000000000000000e+02 -8.320000000000000000e+02
1.666600000000000000e+04 -2.080000000000000000e+02 5.680000000000000000e+02 -8.400000000000000000e+02
1.670600000000000000e+04 -2.000000000000000000e+02 5.840000000000000000e+02 -7.680000000000000000e+02
1.674600000000000000e+04 -2.080000000000000000e+02 5.600000000000000000e+02 -8.240000000000000000e+02
1.678600000000000000e+04 -2.080000000000000000e+02 5.600000000000000000e+02 -8.560000000000000000e+02
1.682600000000000000e+04 -2.000000000000000000e+02 5.600000000000000000e+02 -8.240000000000000000e+02
1.686600000000000000e+04 -2.000000000000000000e+02 5.680000000000000000e+02 -8.080000000000000000e+02
1.690600000000000000e+04 -2.000000000000000000e+02 5.600000000000000000e+02 -8.240000000000000000e+02
1.693900000000000000e+04 -2.000000000000000000e+02 5.520000000000000000e+02 -8.320000000000000000e+02
1.697900000000000000e+04 -2.000000000000000000e+02 6.000000000000000000e+02 -7.840000000000000000e+02
1.701900000000000000e+04 -2.240000000000000000e+02 5.680000000000000000e+02 -8.480000000000000000e+02
1.705900000000000000e+04 -2.000000000000000000e+02 5.440000000000000000e+02 -8.720000000000000000e+02
1.709900000000000000e+04 -2.000000000000000000e+02 5.600000000000000000e+02 -8.000000000000000000e+02
1.713900000000000000e+04 -1.680000000000000000e+02 5.360000000000000000e+02 -8.560000000000000000e+02
1.717900000000000000e+04 -1.680000000000000000e+02 5.280000000000000000e+02 -8.320000000000000000e+02
1.721900000000000000e+04 -1.680000000000000000e+02 5.200000000000000000e+02 -8.400000000000000000e+02
1.725900000000000000e+04 -1.600000000000000000e+02 5.200000000000000000e+02 -8.560000000000000000e+02
1.729900000000000000e+04 -1.520000000000000000e+02 5.200000000000000000e+02 -9.040000000000000000e+02
1.733900000000000000e+04 -1.520000000000000000e+02 5.200000000000000000e+02 -8.560000000000000000e+02
1.737900000000000000e+04 -1.440000000000000000e+02 5.120000000000000000e+02 -8.640000000000000000e+02
1.741900000000000000e+04 -1.280000000000000000e+02 4.800000000000000000e+02 -8.800000000000000000e+02
1.745900000000000000e+04 -1.440000000000000000e+02 4.800000000000000000e+02 -8.880000000000000000e+02
1.749900000000000000e+04 -1.440000000000000000e+02 4.880000000000000000e+02 -8.800000000000000000e+02
1.753900000000000000e+04 -1.360000000000000000e+02 4.800000000000000000e+02 -9.440000000000000000e+02
1.757900000000000000e+04 -1.200000000000000000e+02 4.800000000000000000e+02 -8.960000000000000000e+02
1.761900000000000000e+04 -1.040000000000000000e+02 4.960000000000000000e+02 -8.960000000000000000e+02
1.765900000000000000e+04 -1.120000000000000000e+02 4.880000000000000000e+02 -9.120000000000000000e+02
1.769900000000000000e+04 -1.040000000000000000e+02 4.960000000000000000e+02 -9.040000000000000000e+02
1.773900000000000000e+04 -9.600000000000000000e+01 4.800000000000000000e+02 -9.440000000000000000e+02
1.777900000000000000e+04 -9.600000000000000000e+01 4.720000000000000000e+02 -9.440000000000000000e+02
1.781900000000000000e+04 -1.280000000000000000e+02 4.560000000000000000e+02 -9.200000000000000000e+02
1.785900000000000000e+04 -1.040000000000000000e+02 5.280000000000000000e+02 -8.880000000000000000e+02
1.789900000000000000e+04 -8.800000000000000000e+01 5.200000000000000000e+02 -8.400000000000000000e+02
1.793100000000000000e+04 -9.600000000000000000e+01 5.280000000000000000e+02 -8.640000000000000000e+02
1.797100000000000000e+04 -9.600000000000000000e+01 5.280000000000000000e+02 -8.240000000000000000e+02
1.801100000000000000e+04 -8.800000000000000000e+01 5.200000000000000000e+02 -8.880000000000000000e+02
1.805100000000000000e+04 -8.800000000000000000e+01 4.880000000000000000e+02 -9.200000000000000000e+02
1.809100000000000000e+04 -9.600000000000000000e+01 4.880000000000000000e+02 -8.880000000000000000e+02
1.813100000000000000e+04 -1.040000000000000000e+02 4.880000000000000000e+02 -8.960000000000000000e+02
1.817100000000000000e+04 -1.120000000000000000e+02 5.040000000000000000e+02 -8.880000000000000000e+02
1.821100000000000000e+04 -1.200000000000000000e+02 4.960000000000000000e+02 -8.800000000000000000e+02
1.825100000000000000e+04 -1.120000000000000000e+02 4.800000000000000000e+02 -9.120000000000000000e+02
1.829100000000000000e+04 -1.120000000000000000e+02 4.640000000000000000e+02 -9.120000000000000000e+02
1.833100000000000000e+04 -1.120000000000000000e+02 4.720000000000000000e+02 -8.800000000000000000e+02
1.837100000000000000e+04 -1.040000000000000000e+02 4.720000000000000000e+02 -8.960000000000000000e+02
1.841100000000000000e+04 -9.600000000000000000e+01 4.720000000000000000e+02 -8.800000000000000000e+02
1.845100000000000000e+04 -1.120000000000000000e+02 4.720000000000000000e+02 -8.800000000000000000e+02
1.849100000000000000e+04 -1.200000000000000000e+02 4.960000000000000000e+02 -8.880000000000000000e+02
1.853100000000000000e+04 -1.040000000000000000e+02 4.800000000000000000e+02 -8.640000000000000000e+02
1.857100000000000000e+04 -8.000000000000000000e+01 4.800000000000000000e+02 -8.480000000000000000e+02
1.861100000000000000e+04 -8.800000000000000000e+01 4.800000000000000000e+02 -8.800000000000000000e+02
1.865100000000000000e+04 -9.600000000000000000e+01 4.880000000000000000e+02 -8.640000000000000000e+02
1.869100000000000000e+04 -8.000000000000000000e+01 5.360000000000000000e+02 -9.440000000000000000e+02
1.873100000000000000e+04 -7.200000000000000000e+01 4.640000000000000000e+02 -8.960000000000000000e+02
1.877100000000000000e+04 -8.000000000000000000e+01 4.640000000000000000e+02 -9.280000000000000000e+02
1.881100000000000000e+04 -9.600000000000000000e+01 4.800000000000000000e+02 -8.640000000000000000e+02
1.885100000000000000e+04 -1.040000000000000000e+02 4.800000000000000000e+02 -9.520000000000000000e+02
1.889100000000000000e+04 -1.120000000000000000e+02 4.800000000000000000e+02 -9.040000000000000000e+02
1.892300000000000000e+04 -1.120000000000000000e+02 4.640000000000000000e+02 -9.440000000000000000e+02
1.896300000000000000e+04 -1.040000000000000000e+02 4.720000000000000000e+02 -9.120000000000000000e+02
1.900300000000000000e+04 -1.040000000000000000e+02 4.800000000000000000e+02 -8.960000000000000000e+02
1.904300000000000000e+04 -1.120000000000000000e+02 4.720000000000000000e+02 -8.960000000000000000e+02
1.908300000000000000e+04 -9.600000000000000000e+01 4.720000000000000000e+02 -9.040000000000000000e+02
1.912300000000000000e+04 -7.200000000000000000e+01 4.640000000000000000e+02 -9.520000000000000000e+02
1.916300000000000000e+04 -4.800000000000000000e+01 4.480000000000000000e+02 -9.680000000000000000e+02
1.920300000000000000e+04 -7.200000000000000000e+01 4.480000000000000000e+02 -8.880000000000000000e+02
1.924300000000000000e+04 -5.600000000000000000e+01 4.960000000000000000e+02 -8.160000000000000000e+02
1.928300000000000000e+04 -4.800000000000000000e+01 4.800000000000000000e+02 -8.480000000000000000e+02
1.932300000000000000e+04 -5.600000000000000000e+01 4.800000000000000000e+02 -8.320000000000000000e+02
1.936300000000000000e+04 -7.200000000000000000e+01 4.640000000000000000e+02 -9.840000000000000000e+02
1.940300000000000000e+04 -9.600000000000000000e+01 4.720000000000000000e+02 -9.200000000000000000e+02
1.944300000000000000e+04 -8.800000000000000000e+01 4.400000000000000000e+02 -8.560000000000000000e+02
1.948300000000000000e+04 -9.600000000000000000e+01 4.480000000000000000e+02 -9.440000000000000000e+02
1.952300000000000000e+04 -1.200000000000000000e+02 4.960000000000000000e+02 -8.640000000000000000e+02
1.956300000000000000e+04 -9.600000000000000000e+01 4.880000000000000000e+02 -8.800000000000000000e+02
1.960300000000000000e+04 -5.600000000000000000e+01 5.040000000000000000e+02 -8.640000000000000000e+02
1.964300000000000000e+04 -7.200000000000000000e+01 5.200000000000000000e+02 -7.920000000000000000e+02
1.968300000000000000e+04 -1.120000000000000000e+02 4.480000000000000000e+02 -8.960000000000000000e+02
1.972300000000000000e+04 -1.040000000000000000e+02 4.320000000000000000e+02 -9.600000000000000000e+02
1.976300000000000000e+04 -8.800000000000000000e+01 5.040000000000000000e+02 -8.320000000000000000e+02
1.980300000000000000e+04 -8.000000000000000000e+01 5.200000000000000000e+02 -7.840000000000000000e+02
1.984300000000000000e+04 -8.800000000000000000e+01 4.800000000000000000e+02 -1.000000000000000000e+03
1.988300000000000000e+04 -7.200000000000000000e+01 4.480000000000000000e+02 -9.840000000000000000e+02
