5.000000000000000000e+01 3.200000000000000000e+01 -8.000000000000000000e+00 -1.080000000000000000e+03
9.000000000000000000e+01 1.600000000000000000e+01 -4.800000000000000000e+01 -1.024000000000000000e+03
1.300000000000000000e+02 1.600000000000000000e+01 -3.200000000000000000e+01 -1.040000000000000000e+03
1.700000000000000000e+02 1.600000000000000000e+01 -3.200000000000000000e+01 -1.024000000000000000e+03
2.100000000000000000e+02 8.000000000000000000e+00 -3.200000000000000000e+01 -1.024000000000000000e+03
2.500000000000000000e+02 8.000000000000000000e+00 -3.200000000000000000e+01 -1.032000000000000000e+03
2.900000000000000000e+02 1.600000000000000000e+01 -2.400000000000000000e+01 -1.032000000000000000e+03
3.300000000000000000e+02 8.000000000000000000e+00 -3.200000000000000000e+01 -1.024000000000000000e+03
3.700000000000000000e+02 1.600000000000000000e+01 -3.200000000000000000e+01 -1.032000000000000000e+03
4.100000000000000000e+02 8.000000000000000000e+00 -3.200000000000000000e+01 -1.024000000000000000e+03
4.500000000000000000e+02 1.600000000000000000e+01 -2.400000000000000000e+01 -1.032000000000000000e+03
4.900000000000000000e+02 2.400000000000000000e+01 -8.000000000000000000e+00 -1.048000000000000000e+03
5.300000000000000000e+02 8.000000000000000000e+00 -1.600000000000000000e+01 -1.008000000000000000e+03
5.700000000000000000e+02 8.000000000000000000e+00 -2.400000000000000000e+01 -1.048000000000000000e+03
6.100000000000000000e+02 8.000000000000000000e+00 -3.200000000000000000e+01 -1.024000000000000000e+03
6.500000000000000000e+02 1.600000000000000000e+01 -2.400000000000000000e+01 -1.032000000000000000e+03
6.900000000000000000e+02 1.600000000000000000e+01 -2.400000000000000000e+01 -1.032000000000000000e+03
7.300000000000000000e+02 1.600000000000000000e+01 -2.400000000000000000e+01 -1.024000000000000000e+03
7.700000000000000000e+02 1.600000000000000000e+01 -2.400000000000000000e+01 -1.016000000000000000e+03
8.100000000000000000e+02 2.400000000000000000e+01 -2.400000000000000000e+01 -1.032000000000000000e+03
8.500000000000000000e+02 2.400000000000000000e+01 -2.400000000000000000e+01 -1.000000000000000000e+03
8.900000000000000000e+02 0.000000000000000000e+00 -4.000000000000000000e+01 -1.040000000000000000e+03
9.300000000000000000e+02 8.000000000000000000e+00 -4.000000000000000000e+01 -1.040000000000000000e+03
9.700000000000000000e+02 1.600000000000000000e+01 -3.200000000000000000e+01 -1.048000000000000000e+03
1.010000000000000000e+03 0.000000000000000000e+00 -4.000000000000000000e+01 -1.032000000000000000e+03
1.041000000000000000e+03 8.000000000000000000e+00 -4.000000000000000000e+01 -1.056000000000000000e+03
1.081000000000000000e+03 2.400000000000000000e+01 -6.400000000000000000e+01 -1.072000000000000000e+03
1.121000000000000000e+03 8.000000000000000000e+00 -4.000000000000000000e+01 -1.048000000000000000e+03
1.161000000000000000e+03 2.400000000000000000e+01 -3.200000000000000000e+01 -1.056000000000000000e+03
1.201000000000000000e+03 2.400000000000000000e+01 -2.400000000000000000e+01 -1.024000000000000000e+03
1.241000000000000000e+03 1.600000000000000000e+01 -3.200000000000000000e+01 -1.064000000000000000e+03
1.281000000000000000e+03 1.600000000000000000e+01 -4.800000000000000000e+01 -1.040000000000000000e+03
1.321000000000000000e+03 8.000000000000000000e+00 -4.000000000000000000e+01 -1.040000000000000000e+03
1.361000000000000000e+03 1.600000000000000000e+01 -2.400000000000000000e+01 -1.024000000000000000e+03
1.401000000000000000e+03 2.400000000000000000e+01 -2.400000000000000000e+01 -1.024000000000000000e+03
1.441000000000000000e+03 1.600000000000000000e+01 -3.200000000000000000e+01 -1.048000000000000000e+03
1.481000000000000000e+03 2.400000000000000000e+01 -3.200000000000000000e+01 -1.000000000000000000e+03
1.521000000000000000e+03 1.600000000000000000e+01 -3.200000000000000000e+01 -1.056000000000000000e+03
1.561000000000000000e+03 1.600000000000000000e+01 -3.200000000000000000e+01 -1.048000000000000000e+03
1.601000000000000000e+03 1.600000000000000000e+01 -1.600000000000000000e+01 -1.072000000000000000e+03
1.641000000000000000e+03 0.000000000000000000e+00 -2.400000000000000000e+01 -1.024000000000000000e+03
1.681000000000000000e+03 -8.000000000000000000e+00 0.000000000000000000e+00 -1.024000000000000000e+03
1.721000000000000000e+03 1.600000000000000000e+01 -2.400000000000000000e+01 -1.048000000000000000e+03
1.761000000000000000e+03 1.600000000000000000e+01 -1.600000000000000000e+01 -1.056000000000000000e+03
1.801000000000000000e+03 1.600000000000000000e+01 -1.600000000000000000e+01 -1.000000000000000000e+03
1.841000000000000000e+03 1.600000000000000000e+01 -2.400000000000000000e+01 -1.040000000000000000e+03
1.881000000000000000e+03 2.400000000000000000e+01 -2.400000000000000000e+01 -1.048000000000000000e+03
1.921000000000000000e+03 1.600000000000000000e+01 -2.400000000000000000e+01 -1.024000000000000000e+03
1.961000000000000000e+03 8.000000000000000000e+00 -2.400000000000000000e+01 -1.032000000000000000e+03
2.001000000000000000e+03 2.400000000000000000e+01 -2.400000000000000000e+01 -1.032000000000000000e+03
2.032000000000000000e+03 2.400000000000000000e+01 -1.600000000000000000e+01 -1.064000000000000000e+03
2.072000000000000000e+03 1.600000000000000000e+01 -4.000000000000000000e+01 -1.048000000000000000e+03
2.112000000000000000e+03 8.000000000000000000e+00 -4.800000000000000000e+01 -1.024000000000000000e+03
2.152000000000000000e+03 0.000000000000000000e+00 -3.200000000000000000e+01 -1.024000000000000000e+03
2.192000000000000000e+03 8.000000000000000000e+00 -3.200000000000000000e+01 -1.008000000000000000e+03
2.232000000000000000e+03 0.000000000000000000e+00 -2.400000000000000000e+01 -1.024000000000000000e+03
2.272000000000000000e+03 8.000000000000000000e+00 -1.600000000000000000e+01 -9.920000000000000000e+02
2.312000000000000000e+03 8.000000000000000000e+00 -1.600000000000000000e+01 -1.064000000000000000e+03
2.352000000000000000e+03 8.000000000000000000e+00 -2.400000000000000000e+01 -1.024000000000000000e+03
2.392000000000000000e+03 2.400000000000000000e+01 -2.400000000000000000e+01 -1.016000000000000000e+03
2.432000000000000000e+03 1.600000000000000000e+01 -1.600000000000000000e+01 -1.032000000000000000e+03
2.472000000000000000e+03 1.600000000000000000e+01 -2.400000000000000000e+01 -1.008000000000000000e+03
2.512000000000000000e+03 2.400000000000000000e+01 -2.400000000000000000e+01 -1.048000000000000000e+03
2.552000000000000000e+03 8.000000000000000000e+00 -1.600000000000000000e+01 -1.024000000000000000e+03
2.592000000000000000e+03 2.400000000000000000e+01 -2.400000000000000000e+01 -1.040000000000000000e+03
2.632000000000000000e+03 2.400000000000000000e+01 -8.000000000000000000e+00 -1.032000000000000000e+03
2.672000000000000000e+03 2.400000000000000000e+01 -1.600000000000000000e+01 -1.024000000000000000e+03
2.712000000000000000e+03 2.400000000000000000e+01 -2.400000000000000000e+01 -1.032000000000000000e+03
2.752000000000000000e+03 2.400000000000000000e+01 -2.400000000000000000e+01 -1.040000000000000000e+03
2.792000000000000000e+03 1.600000000000000000e+01 -3.200000000000000000e+01 -1.000000000000000000e+03
2.832000000000000000e+03 1.600000000000000000e+01 -2.400000000000000000e+01 -1.024000000000000000e+03
2.872000000000000000e+03 8.000000000000000000e+00 -3.200000000000000000e+01 -1.048000000000000000e+03
2.912000000000000000e+03 1.600000000000000000e+01 -2.400000000000000000e+01 -1.040000000000000000e+03
2.952000000000000000e+03 8.000000000000000000e+00 -1.600000000000000000e+01 -1.024000000000000000e+03
2.992000000000000000e+03 2.400000000000000000e+01 -8.000000000000000000e+00 -1.056000000000000000e+03
3.024000000000000000e+03 2.400000000000000000e+01 -1.600000000000000000e+01 -1.040000000000000000e+03
3.064000000000000000e+03 2.400000000000000000e+01 -3.200000000000000000e+01 -1.016000000000000000e+03
3.104000000000000000e+03 8.000000000000000000e+00 -2.400000000000000000e+01 -1.040000000000000000e+03
3.144000000000000000e+03 0.000000000000000000e+00 -2.400000000000000000e+01 -1.040000000000000000e+03
3.184000000000000000e+03 2.400000000000000000e+01 -2.400000000000000000e+01 -1.032000000000000000e+03
3.224000000000000000e+03 2.400000000000000000e+01 -2.400000000000000000e+01 -1.016000000000000000e+03
3.264000000000000000e+03 8.000000000000000000e+00 -4.000000000000000000e+01 -1.000000000000000000e+03
3.304000000000000000e+03 1.600000000000000000e+01 -3.200000000000000000e+01 -1.024000000000000000e+03
3.344000000000000000e+03 1.600000000000000000e+01 -3.200000000000000000e+01 -1.032000000000000000e+03
3.384000000000000000e+03 2.400000000000000000e+01 -1.600000000000000000e+01 -1.016000000000000000e+03
3.424000000000000000e+03 0.000000000000000000e+00 -2.400000000000000000e+01 -1.048000000000000000e+03
3.464000000000000000e+03 8.000000000000000000e+00 -3.200000000000000000e+01 -1.024000000000000000e+03
3.504000000000000000e+03 8.000000000000000000e+00 -3.200000000000000000e+01 -1.024000000000000000e+03
3.544000000000000000e+03 0.000000000000000000e+00 -4.800000000000000000e+01 -1.008000000000000000e+03
3.584000000000000000e+03 1.600000000000000000e+01 -4.800000000000000000e+01 -1.016000000000000000e+03
3.624000000000000000e+03 1.600000000000000000e+01 -4.000000000000000000e+01 -1.008000000000000000e+03
3.664000000000000000e+03 3.200000000000000000e+01 -2.400000000000000000e+01 -1.032000000000000000e+03
3.704000000000000000e+03 1.600000000000000000e+01 -2.400000000000000000e+01 -1.032000000000000000e+03
3.744000000000000000e+03 1.600000000000000000e+01 -3.200000000000000000e+01 -1.016000000000000000e+03
3.784000000000000000e+03 0.000000000000000000e+00 -4.000000000000000000e+01 -1.024000000000000000e+03
3.824000000000000000e+03 8.000000000000000000e+00 -3.200000000000000000e+01 -1.024000000000000000e+03
3.864000000000000000e+03 8.000000000000000000e+00 -5.600000000000000000e+01 -1.056000000000000000e+03
3.904000000000000000e+03 8.000000000000000000e+00 -4.000000000000000000e+01 -1.032000000000000000e+03
3.944000000000000000e+03 0.000000000000000000e+00 -3.200000000000000000e+01 -1.048000000000000000e+03
3.984000000000000000e+03 1.600000000000000000e+01 -3.200000000000000000e+01 -1.032000000000000000e+03
4.014000000000000000e+03 1.600000000000000000e+01 -4.000000000000000000e+01 -1.024000000000000000e+03
4.054000000000000000e+03 0.000000000000000000e+00 -4.000000000000000000e+01 -1.032000000000000000e+03
4.094000000000000000e+03 2.400000000000000000e+01 -3.200000000000000000e+01 -1.032000000000000000e+03
4.134000000000000000e+03 8.000000000000000000e+00 -4.000000000000000000e+01 -1.032000000000000000e+03
4.174000000000000000e+03 -8.000000000000000000e+00 -3.200000000000000000e+01 -1.000000000000000000e+03
4.214000000000000000e+03 8.000000000000000000e+00 -4.000000000000000000e+01 -1.040000000000000000e+03
4.254000000000000000e+03 2.400000000000000000e+01 -3.200000000000000000e+01 -1.032000000000000000e+03
4.294000000000000000e+03 4.800000000000000000e+01 -3.200000000000000000e+01 -1.064000000000000000e+03
4.334000000000000000e+03 4.000000000000000000e+01 -2.400000000000000000e+01 -1.040000000000000000e+03
4.374000000000000000e+03 1.600000000000000000e+01 -4.000000000000000000e+01 -1.032000000000000000e+03
4.414000000000000000e+03 8.000000000000000000e+00 -3.200000000000000000e+01 -1.024000000000000000e+03
4.454000000000000000e+03 0.000000000000000000e+00 -3.200000000000000000e+01 -1.008000000000000000e+03
4.494000000000000000e+03 0.000000000000000000e+00 -2.400000000000000000e+01 -1.032000000000000000e+03
4.534000000000000000e+03 8.000000000000000000e+00 -2.400000000000000000e+01 -1.008000000000000000e+03
4.574000000000000000e+03 1.600000000000000000e+01 -3.200000000000000000e+01 -1.032000000000000000e+03
4.614000000000000000e+03 8.000000000000000000e+00 -2.400000000000000000e+01 -1.008000000000000000e+03
4.654000000000000000e+03 8.000000000000000000e+00 -8.000000000000000000e+00 -1.024000000000000000e+03
4.694000000000000000e+03 8.000000000000000000e+00 -2.400000000000000000e+01 -1.032000000000000000e+03
4.734000000000000000e+03 1.600000000000000000e+01 -1.600000000000000000e+01 -1.016000000000000000e+03
4.774000000000000000e+03 1.600000000000000000e+01 -2.400000000000000000e+01 -9.920000000000000000e+02
4.814000000000000000e+03 1.600000000000000000e+01 -2.400000000000000000e+01 -1.032000000000000000e+03
4.854000000000000000e+03 8.000000000000000000e+00 -2.400000000000000000e+01 -1.008000000000000000e+03
4.894000000000000000e+03 1.600000000000000000e+01 -2.400000000000000000e+01 -1.032000000000000000e+03
4.934000000000000000e+03 1.600000000000000000e+01 -3.200000000000000000e+01 -1.040000000000000000e+03
4.974000000000000000e+03 3.200000000000000000e+01 -2.400000000000000000e+01 -1.032000000000000000e+03
5.007000000000000000e+03 2.400000000000000000e+01 -8.000000000000000000e+00 -1.056000000000000000e+03
5.047000000000000000e+03 2.400000000000000000e+01 -1.600000000000000000e+01 -1.024000000000000000e+03
5.087000000000000000e+03 2.400000000000000000e+01 -8.000000000000000000e+00 -1.064000000000000000e+03
5.127000000000000000e+03 2.400000000000000000e+01 -1.600000000000000000e+01 -9.760000000000000000e+02
5.167000000000000000e+03 2.400000000000000000e+01 -3.200000000000000000e+01 -1.048000000000000000e+03
5.207000000000000000e+03 3.200000000000000000e+01 -3.200000000000000000e+01 -1.008000000000000000e+03
5.247000000000000000e+03 2.400000000000000000e+01 -2.400000000000000000e+01 -1.032000000000000000e+03
5.287000000000000000e+03 1.600000000000000000e+01 -2.400000000000000000e+01 -1.008000000000000000e+03
5.327000000000000000e+03 8.000000000000000000e+00 -2.400000000000000000e+01 -1.000000000000000000e+03
5.367000000000000000e+03 8.000000000000000000e+00 -1.600000000000000000e+01 -1.024000000000000000e+03
5.407000000000000000e+03 2.400000000000000000e+01 -2.400000000000000000e+01 -1.008000000000000000e+03
5.447000000000000000e+03 3.200000000000000000e+01 -2.400000000000000000e+01 -1.040000000000000000e+03
5.487000000000000000e+03 1.600000000000000000e+01 -2.400000000000000000e+01 -1.064000000000000000e+03
5.527000000000000000e+03 3.200000000000000000e+01 -2.400000000000000000e+01 -1.032000000000000000e+03
5.567000000000000000e+03 2.400000000000000000e+01 -2.400000000000000000e+01 -1.032000000000000000e+03
5.607000000000000000e+03 2.400000000000000000e+01 -1.600000000000000000e+01 -1.024000000000000000e+03
5.647000000000000000e+03 1.600000000000000000e+01 -2.400000000000000000e+01 -1.040000000000000000e+03
5.687000000000000000e+03 4.000000000000000000e+01 -3.200000000000000000e+01 -1.024000000000000000e+03
5.727000000000000000e+03 2.400000000000000000e+01 -3.200000000000000000e+01 -1.016000000000000000e+03
5.767000000000000000e+03 2.400000000000000000e+01 -3.200000000000000000e+01 -1.024000000000000000e+03
5.807000000000000000e+03 1.600000000000000000e+01 -2.400000000000000000e+01 -1.048000000000000000e+03
5.847000000000000000e+03 1.600000000000000000e+01 -2.400000000000000000e+01 -1.032000000000000000e+03
5.887000000000000000e+03 3.200000000000000000e+01 -3.200000000000000000e+01 -1.040000000000000000e+03
5.927000000000000000e+03 1.600000000000000000e+01 -4.000000000000000000e+01 -1.032000000000000000e+03
5.967000000000000000e+03 8.000000000000000000e+00 -2.400000000000000000e+01 -1.032000000000000000e+03
6.989000000000000000e+03 1.600000000000000000e+01 -3.200000000000000000e+01 -1.024000000000000000e+03
7.029000000000000000e+03 1.600000000000000000e+01 -3.200000000000000000e+01 -1.032000000000000000e+03
7.069000000000000000e+03 8.000000000000000000e+00 -3.200000000000000000e+01 -1.016000000000000000e+03
7.109000000000000000e+03 1.600000000000000000e+01 -2.400000000000000000e+01 -1.040000000000000000e+03
7.149000000000000000e+03 8.000000000000000000e+00 -2.400000000000000000e+01 -1.016000000000000000e+03
7.189000000000000000e+03 1.600000000000000000e+01 -2.400000000000000000e+01 -1.024000000000000000e+03
7.229000000000000000e+03 8.000000000000000000e+00 -2.400000000000000000e+01 -1.048000000000000000e+03
7.269000000000000000e+03 1.600000000000000000e+01 -4.000000000000000000e+01 -1.024000000000000000e+03
7.309000000000000000e+03 8.000000000000000000e+00 -3.200000000000000000e+01 -1.024000000000000000e+03
7.349000000000000000e+03 1.600000000000000000e+01 -3.200000000000000000e+01 -1.040000000000000000e+03
7.389000000000000000e+03 8.000000000000000000e+00 -3.200000000000000000e+01 -1.040000000000000000e+03
7.429000000000000000e+03 8.000000000000000000e+00 -1.600000000000000000e+01 -1.032000000000000000e+03
7.469000000000000000e+03 8.000000000000000000e+00 -2.400000000000000000e+01 -1.048000000000000000e+03
7.509000000000000000e+03 0.000000000000000000e+00 -4.000000000000000000e+01 -1.000000000000000000e+03
7.549000000000000000e+03 8.000000000000000000e+00 -3.200000000000000000e+01 -1.000000000000000000e+03
7.589000000000000000e+03 3.200000000000000000e+01 -4.800000000000000000e+01 -1.040000000000000000e+03
7.629000000000000000e+03 2.400000000000000000e+01 -4.000000000000000000e+01 -1.016000000000000000e+03
7.669000000000000000e+03 0.000000000000000000e+00 8.000000000000000000e+00 -1.008000000000000000e+03
7.709000000000000000e+03 0.000000000000000000e+00 -8.000000000000000000e+00 -1.032000000000000000e+03
7.749000000000000000e+03 1.600000000000000000e+01 -1.600000000000000000e+01 -1.064000000000000000e+03
7.789000000000000000e+03 3.200000000000000000e+01 -1.600000000000000000e+01 -1.040000000000000000e+03
7.829000000000000000e+03 2.400000000000000000e+01 -2.400000000000000000e+01 -1.032000000000000000e+03
7.869000000000000000e+03 2.400000000000000000e+01 -3.200000000000000000e+01 -1.032000000000000000e+03
7.909000000000000000e+03 2.400000000000000000e+01 -3.200000000000000000e+01 -1.024000000000000000e+03
7.949000000000000000e+03 0.000000000000000000e+00 -3.200000000000000000e+01 -1.040000000000000000e+03
7.980000000000000000e+03 1.600000000000000000e+01 -2.400000000000000000e+01 -1.040000000000000000e+03
8.020000000000000000e+03 2.400000000000000000e+01 -3.200000000000000000e+01 -1.016000000000000000e+03
8.060000000000000000e+03 8.000000000000000000e+00 -3.200000000000000000e+01 -9.840000000000000000e+02
8.100000000000000000e+03 2.400000000000000000e+01 -2.400000000000000000e+01 -1.008000000000000000e+03
8.140000000000000000e+03 8.000000000000000000e+00 -2.400000000000000000e+01 -1.048000000000000000e+03
8.180000000000000000e+03 8.000000000000000000e+00 -3.200000000000000000e+01 -1.016000000000000000e+03
8.220000000000000000e+03 1.600000000000000000e+01 -3.200000000000000000e+01 -1.048000000000000000e+03
8.260000000000000000e+03 2.400000000000000000e+01 -1.600000000000000000e+01 -1.040000000000000000e+03
8.300000000000000000e+03 2.400000000000000000e+01 -8.000000000000000000e+00 -1.024000000000000000e+03
8.340000000000000000e+03 1.600000000000000000e+01 -1.600000000000000000e+01 -1.048000000000000000e+03
8.380000000000000000e+03 8.000000000000000000e+00 -3.200000000000000000e+01 -1.016000000000000000e+03
8.420000000000000000e+03 8.000000000000000000e+00 -2.400000000000000000e+01 -1.048000000000000000e+03
8.460000000000000000e+03 1.600000000000000000e+01 -2.400000000000000000e+01 -1.048000000000000000e+03
8.500000000000000000e+03 2.400000000000000000e+01 -2.400000000000000000e+01 -1.024000000000000000e+03
8.540000000000000000e+03 2.400000000000000000e+01 -3.200000000000000000e+01 -1.032000000000000000e+03
8.580000000000000000e+03 1.600000000000000000e+01 -3.200000000000000000e+01 -1.032000000000000000e+03
8.620000000000000000e+03 0.000000000000000000e+00 -3.200000000000000000e+01 -1.040000000000000000e+03
8.660000000000000000e+03 8.000000000000000000e+00 -3.200000000000000000e+01 -1.048000000000000000e+03
8.700000000000000000e+03 1.600000000000000000e+01 -3.200000000000000000e+01 -1.024000000000000000e+03
8.740000000000000000e+03 1.600000000000000000e+01 -2.400000000000000000e+01 -1.032000000000000000e+03
8.780000000000000000e+03 2.400000000000000000e+01 -8.000000000000000000e+00 -1.016000000000000000e+03
8.820000000000000000e+03 2.400000000000000000e+01 -1.600000000000000000e+01 -1.016000000000000000e+03
8.860000000000000000e+03 2.400000000000000000e+01 -2.400000000000000000e+01 -1.040000000000000000e+03
8.900000000000000000e+03 1.600000000000000000e+01 -2.400000000000000000e+01 -1.000000000000000000e+03
8.940000000000000000e+03 8.000000000000000000e+00 -2.400000000000000000e+01 -1.040000000000000000e+03
8.971000000000000000e+03 8.000000000000000000e+00 -1.600000000000000000e+01 -1.072000000000000000e+03
9.011000000000000000e+03 8.000000000000000000e+00 -2.400000000000000000e+01 -1.024000000000000000e+03
9.051000000000000000e+03 1.600000000000000000e+01 -3.200000000000000000e+01 -1.056000000000000000e+03
9.091000000000000000e+03 8.000000000000000000e+00 -2.400000000000000000e+01 -1.040000000000000000e+03
9.131000000000000000e+03 2.400000000000000000e+01 -2.400000000000000000e+01 -1.024000000000000000e+03
9.171000000000000000e+03 1.600000000000000000e+01 -8.000000000000000000e+00 -1.008000000000000000e+03
9.211000000000000000e+03 1.600000000000000000e+01 -2.400000000000000000e+01 -1.024000000000000000e+03
9.251000000000000000e+03 8.000000000000000000e+00 -2.400000000000000000e+01 -9.760000000000000000e+02
9.291000000000000000e+03 8.000000000000000000e+00 -4.000000000000000000e+01 -1.032000000000000000e+03
9.331000000000000000e+03 8.000000000000000000e+00 -3.200000000000000000e+01 -1.024000000000000000e+03
9.371000000000000000e+03 8.000000000000000000e+00 -3.200000000000000000e+01 -1.008000000000000000e+03
9.411000000000000000e+03 2.400000000000000000e+01 -3.200000000000000000e+01 -1.040000000000000000e+03
9.451000000000000000e+03 1.600000000000000000e+01 -4.000000000000000000e+01 -1.000000000000000000e+03
9.491000000000000000e+03 1.600000000000000000e+01 -4.000000000000000000e+01 -1.032000000000000000e+03
9.531000000000000000e+03 8.000000000000000000e+00 -3.200000000000000000e+01 -1.024000000000000000e+03
9.571000000000000000e+03 8.000000000000000000e+00 -3.200000000000000000e+01 -1.016000000000000000e+03
9.611000000000000000e+03 1.600000000000000000e+01 -3.200000000000000000e+01 -1.072000000000000000e+03
9.651000000000000000e+03 1.600000000000000000e+01 -3.200000000000000000e+01 -1.008000000000000000e+03
9.691000000000000000e+03 1.600000000000000000e+01 -3.200000000000000000e+01 -1.064000000000000000e+03
9.731000000000000000e+03 2.400000000000000000e+01 -2.400000000000000000e+01 -1.048000000000000000e+03
9.771000000000000000e+03 2.400000000000000000e+01 -2.400000000000000000e+01 -1.024000000000000000e+03
9.811000000000000000e+03 3.200000000000000000e+01 -3.200000000000000000e+01 -1.048000000000000000e+03
9.851000000000000000e+03 1.600000000000000000e+01 -2.400000000000000000e+01 -1.000000000000000000e+03
9.891000000000000000e+03 1.600000000000000000e+01 -8.000000000000000000e+00 -1.056000000000000000e+03
9.931000000000000000e+03 1.600000000000000000e+01 -1.600000000000000000e+01 -1.024000000000000000e+03
9.963000000000000000e+03 1.600000000000000000e+01 -2.400000000000000000e+01 -1.040000000000000000e+03
1.000300000000000000e+04 8.000000000000000000e+00 -2.400000000000000000e+01 -1.040000000000000000e+03
1.004300000000000000e+04 0.000000000000000000e+00 -2.400000000000000000e+01 -1.032000000000000000e+03
1.008300000000000000e+04 0.000000000000000000e+00 -2.400000000000000000e+01 -1.032000000000000000e+03
1.012300000000000000e+04 0.000000000000000000e+00 -3.200000000000000000e+01 -1.032000000000000000e+03
1.016300000000000000e+04 0.000000000000000000e+00 -8.000000000000000000e+00 -1.032000000000000000e+03
1.020300000000000000e+04 0.000000000000000000e+00 -1.600000000000000000e+01 -1.024000000000000000e+03
1.024300000000000000e+04 8.000000000000000000e+00 -2.400000000000000000e+01 -1.008000000000000000e+03
1.028300000000000000e+04 1.600000000000000000e+01 -2.400000000000000000e+01 -1.040000000000000000e+03
1.032300000000000000e+04 2.400000000000000000e+01 -2.400000000000000000e+01 -1.024000000000000000e+03
1.036300000000000000e+04 4.000000000000000000e+01 -4.000000000000000000e+01 -1.056000000000000000e+03
1.040300000000000000e+04 4.000000000000000000e+01 -4.000000000000000000e+01 -1.032000000000000000e+03
1.044300000000000000e+04 3.200000000000000000e+01 -3.200000000000000000e+01 -1.032000000000000000e+03
1.048300000000000000e+04 2.400000000000000000e+01 -1.600000000000000000e+01 -1.064000000000000000e+03
1.052300000000000000e+04 3.200000000000000000e+01 -3.200000000000000000e+01 -1.040000000000000000e+03
1.056300000000000000e+04 2.400000000000000000e+01 -2.400000000000000000e+01 -1.024000000000000000e+03
1.060300000000000000e+04 1.600000000000000000e+01 -1.600000000000000000e+01 -1.016000000000000000e+03
1.064300000000000000e+04 2.400000000000000000e+01 -1.600000000000000000e+01 -1.032000000000000000e+03
1.068300000000000000e+04 2.400000000000000000e+01 -2.400000000000000000e+01 -9.920000000000000000e+02
1.072300000000000000e+04 2.400000000000000000e+01 -2.400000000000000000e+01 -1.040000000000000000e+03
1.076300000000000000e+04 3.200000000000000000e+01 -4.800000000000000000e+01 -1.016000000000000000e+03
1.080300000000000000e+04 2.400000000000000000e+01 -3.200000000000000000e+01 -1.048000000000000000e+03
1.084300000000000000e+04 1.600000000000000000e+01 -4.000000000000000000e+01 -1.032000000000000000e+03
1.088300000000000000e+04 1.600000000000000000e+01 -3.200000000000000000e+01 -1.000000000000000000e+03
1.092300000000000000e+04 8.000000000000000000e+00 -3.200000000000000000e+01 -1.024000000000000000e+03
1.095400000000000000e+04 1.600000000000000000e+01 -3.200000000000000000e+01 -1.000000000000000000e+03
1.099400000000000000e+04 1.600000000000000000e+01 -3.200000000000000000e+01 -1.016000000000000000e+03
1.103400000000000000e+04 8.000000000000000000e+00 -3.200000000000000000e+01 -1.016000000000000000e+03
1.107400000000000000e+04 1.600000000000000000e+01 -4.000000000000000000e+01 -1.040000000000000000e+03
1.111400000000000000e+04 1.600000000000000000e+01 -3.200000000000000000e+01 -1.064000000000000000e+03
1.115400000000000000e+04 1.600000000000000000e+01 -3.200000000000000000e+01 -1.032000000000000000e+03
1.119400000000000000e+04 8.000000000000000000e+00 -3.200000000000000000e+01 -1.048000000000000000e+03
1.123400000000000000e+04 8.000000000000000000e+00 -4.800000000000000000e+01 -1.024000000000000000e+03
1.127400000000000000e+04 1.600000000000000000e+01 -2.400000000000000000e+01 -1.024000000000000000e+03
1.131400000000000000e+04 8.000000000000000000e+00 -2.400000000000000000e+01 -1.048000000000000000e+03
1.135400000000000000e+04 2.400000000000000000e+01 -1.600000000000000000e+01 -1.024000000000000000e+03
1.139400000000000000e+04 3.200000000000000000e+01 -1.600000000000000000e+01 -1.024000000000000000e+03
1.143400000000000000e+04 2.400000000000000000e+01 -8.000000000000000000e+00 -1.064000000000000000e+03
1.147400000000000000e+04 2.400000000000000000e+01 -2.400000000000000000e+01 -1.032000000000000000e+03
1.151400000000000000e+04 1.600000000000000000e+01 -2.400000000000000000e+01 -1.008000000000000000e+03
1.155400000000000000e+04 2.400000000000000000e+01 -2.400000000000000000e+01 -1.000000000000000000e+03
1.159400000000000000e+04 2.400000000000000000e+01 -3.200000000000000000e+01 -1.056000000000000000e+03
1.163400000000000000e+04 2.400000000000000000e+01 -3.200000000000000000e+01 -1.032000000000000000e+03
1.167400000000000000e+04 2.400000000000000000e+01 -2.400000000000000000e+01 -1.032000000000000000e+03
1.171400000000000000e+04 1.600000000000000000e+01 -2.400000000000000000e+01 -1.040000000000000000e+03
1.175400000000000000e+04 2.400000000000000000e+01 -4.000000000000000000e+01 -1.008000000000000000e+03
1.179400000000000000e+04 2.400000000000000000e+01 -4.000000000000000000e+01 -1.016000000000000000e+03
1.183400000000000000e+04 2.400000000000000000e+01 -4.000000000000000000e+01 -1.024000000000000000e+03
1.187400000000000000e+04 2.400000000000000000e+01 -4.000000000000000000e+01 -1.056000000000000000e+03
1.191400000000000000e+04 2.400000000000000000e+01 -5.600000000000000000e+01 -1.024000000000000000e+03
1.194500000000000000e+04 1.600000000000000000e+01 -4.800000000000000000e+01 -1.016000000000000000e+03
1.198500000000000000e+04 8.000000000000000000e+00 -4.000000000000000000e+01 -1.032000000000000000e+03
1.202500000000000000e+04 1.600000000000000000e+01 -3.200000000000000000e+01 -1.048000000000000000e+03
1.206500000000000000e+04 8.000000000000000000e+00 -3.200000000000000000e+01 -1.056000000000000000e+03
1.210500000000000000e+04 1.600000000000000000e+01 -1.600000000000000000e+01 -1.072000000000000000e+03
1.214500000000000000e+04 8.000000000000000000e+00 -2.400000000000000000e+01 -1.016000000000000000e+03
1.218500000000000000e+04 8.000000000000000000e+00 -1.600000000000000000e+01 -1.064000000000000000e+03
1.222500000000000000e+04 8.000000000000000000e+00 -2.400000000000000000e+01 -1.032000000000000000e+03
1.226500000000000000e+04 1.600000000000000000e+01 -4.000000000000000000e+01 -1.032000000000000000e+03
1.230500000000000000e+04 1.600000000000000000e+01 -3.200000000000000000e+01 -1.032000000000000000e+03
1.234500000000000000e+04 0.000000000000000000e+00 -1.600000000000000000e+01 -1.000000000000000000e+03
1.238500000000000000e+04 0.000000000000000000e+00 -2.400000000000000000e+01 -1.016000000000000000e+03
1.242500000000000000e+04 1.600000000000000000e+01 -2.400000000000000000e+01 -1.032000000000000000e+03
1.246500000000000000e+04 1.600000000000000000e+01 -2.400000000000000000e+01 -1.032000000000000000e+03
1.250500000000000000e+04 1.600000000000000000e+01 -3.200000000000000000e+01 -1.032000000000000000e+03
1.254500000000000000e+04 1.600000000000000000e+01 -3.200000000000000000e+01 -1.032000000000000000e+03
1.258500000000000000e+04 2.400000000000000000e+01 -3.200000000000000000e+01 -1.048000000000000000e+03
1.262500000000000000e+04 1.600000000000000000e+01 -3.200000000000000000e+01 -1.032000000000000000e+03
1.266500000000000000e+04 1.600000000000000000e+01 -3.200000000000000000e+01 -1.040000000000000000e+03
1.270500000000000000e+04 1.600000000000000000e+01 -3.200000000000000000e+01 -1.032000000000000000e+03
1.274500000000000000e+04 1.600000000000000000e+01 -3.200000000000000000e+01 -1.032000000000000000e+03
1.278500000000000000e+04 1.600000000000000000e+01 -2.400000000000000000e+01 -1.056000000000000000e+03
1.282500000000000000e+04 1.600000000000000000e+01 -3.200000000000000000e+01 -1.032000000000000000e+03
1.286500000000000000e+04 1.600000000000000000e+01 -3.200000000000000000e+01 -1.024000000000000000e+03
1.290500000000000000e+04 1.600000000000000000e+01 -3.200000000000000000e+01 -1.032000000000000000e+03
1.392800000000000000e+04 8.000000000000000000e+00 -3.200000000000000000e+01 -1.040000000000000000e+03
1.396800000000000000e+04 8.000000000000000000e+00 -4.800000000000000000e+01 -1.008000000000000000e+03
1.400800000000000000e+04 1.600000000000000000e+01 -4.000000000000000000e+01 -1.016000000000000000e+03
1.404800000000000000e+04 8.000000000000000000e+00 -3.200000000000000000e+01 -1.024000000000000000e+03
1.408800000000000000e+04 0.000000000000000000e+00 -3.200000000000000000e+01 -1.024000000000000000e+03
1.412800000000000000e+04 8.000000000000000000e+00 -1.600000000000000000e+01 -1.032000000000000000e+03
1.416800000000000000e+04 1.600000000000000000e+01 -2.400000000000000000e+01 -1.032000000000000000e+03
1.420800000000000000e+04 1.600000000000000000e+01 -2.400000000000000000e+01 -1.024000000000000000e+03
1.424800000000000000e+04 1.600000000000000000e+01 -2.400000000000000000e+01 -1.008000000000000000e+03
1.428800000000000000e+04 8.000000000000000000e+00 -1.600000000000000000e+01 -1.008000000000000000e+03
1.432800000000000000e+04 1.600000000000000000e+01 -1.600000000000000000e+01 -1.008000000000000000e+03
1.436800000000000000e+04 2.400000000000000000e+01 -4.800000000000000000e+01 -9.920000000000000000e+02
1.440800000000000000e+04 4.000000000000000000e+01 -4.000000000000000000e+01 -1.016000000000000000e+03
1.444800000000000000e+04 3.200000000000000000e+01 -3.200000000000000000e+01 -1.032000000000000000e+03
1.448800000000000000e+04 2.400000000000000000e+01 -4.000000000000000000e+01 -1.024000000000000000e+03
1.452800000000000000e+04 2.400000000000000000e+01 -4.000000000000000000e+01 -1.024000000000000000e+03
1.456800000000000000e+04 8.000000000000000000e+00 -4.000000000000000000e+01 -1.008000000000000000e+03
1.460800000000000000e+04 8.000000000000000000e+00 -4.000000000000000000e+01 -1.024000000000000000e+03
1.464800000000000000e+04 8.000000000000000000e+00 -4.000000000000000000e+01 -1.056000000000000000e+03
1.468800000000000000e+04 1.600000000000000000e+01 -2.400000000000000000e+01 -1.032000000000000000e+03
1.472800000000000000e+04 1.600000000000000000e+01 -1.600000000000000000e+01 -1.024000000000000000e+03
1.476800000000000000e+04 1.600000000000000000e+01 -2.400000000000000000e+01 -1.032000000000000000e+03
1.480800000000000000e+04 2.400000000000000000e+01 -2.400000000000000000e+01 -1.048000000000000000e+03
1.484800000000000000e+04 2.400000000000000000e+01 -2.400000000000000000e+01 -1.048000000000000000e+03
1.488800000000000000e+04 2.400000000000000000e+01 -3.200000000000000000e+01 -1.024000000000000000e+03
1.492000000000000000e+04 1.600000000000000000e+01 -2.400000000000000000e+01 -1.016000000000000000e+03
1.496000000000000000e+04 2.400000000000000000e+01 -1.600000000000000000e+01 -9.920000000000000000e+02
1.500000000000000000e+04 1.600000000000000000e+01 -8.000000000000000000e+00 -1.032000000000000000e+03
1.504000000000000000e+04 8.000000000000000000e+00 -3.200000000000000000e+01 -1.016000000000000000e+03
1.508000000000000000e+04 -8.000000000000000000e+00 -3.200000000000000000e+01 -1.040000000000000000e+03
1.512000000000000000e+04 -2.400000000000000000e+01 -4.000000000000000000e+01 -1.032000000000000000e+03
1.516000000000000000e+04 0.000000000000000000e+00 -4.000000000000000000e+01 -1.064000000000000000e+03
1.520000000000000000e+04 0.000000000000000000e+00 -3.200000000000000000e+01 -1.056000000000000000e+03
1.524000000000000000e+04 8.000000000000000000e+00 -2.400000000000000000e+01 -1.024000000000000000e+03
1.528000000000000000e+04 2.400000000000000000e+01 -3.200000000000000000e+01 -1.024000000000000000e+03
1.532000000000000000e+04 2.400000000000000000e+01 -3.200000000000000000e+01 -1.032000000000000000e+03
1.536000000000000000e+04 1.600000000000000000e+01 -3.200000000000000000e+01 -1.016000000000000000e+03
1.540000000000000000e+04 8.000000000000000000e+00 -2.400000000000000000e+01 -1.016000000000000000e+03
1.544000000000000000e+04 1.600000000000000000e+01 -2.400000000000000000e+01 -1.008000000000000000e+03
1.548000000000000000e+04 8.000000000000000000e+00 -2.400000000000000000e+01 -1.032000000000000000e+03
1.552000000000000000e+04 0.000000000000000000e+00 -3.200000000000000000e+01 -1.056000000000000000e+03
1.556000000000000000e+04 0.000000000000000000e+00 -3.200000000000000000e+01 -1.024000000000000000e+03
1.560000000000000000e+04 0.000000000000000000e+00 -2.400000000000000000e+01 -1.048000000000000000e+03
1.564000000000000000e+04 1.600000000000000000e+01 -3.200000000000000000e+01 -1.032000000000000000e+03
1.568000000000000000e+04 1.600000000000000000e+01 -2.400000000000000000e+01 -1.032000000000000000e+03
1.572000000000000000e+04 1.600000000000000000e+01 -2.400000000000000000e+01 -1.032000000000000000e+03
1.576000000000000000e+04 1.600000000000000000e+01 -3.200000000000000000e+01 -1.040000000000000000e+03
1.580000000000000000e+04 2.400000000000000000e+01 -2.400000000000000000e+01 -1.040000000000000000e+03
1.584000000000000000e+04 1.600000000000000000e+01 -2.400000000000000000e+01 -1.016000000000000000e+03
1.588000000000000000e+04 1.600000000000000000e+01 -1.600000000000000000e+01 -1.032000000000000000e+03
1.591100000000000000e+04 8.000000000000000000e+00 -3.200000000000000000e+01 -9.920000000000000000e+02
1.595100000000000000e+04 1.600000000000000000e+01 -4.000000000000000000e+01 -1.040000000000000000e+03
1.599100000000000000e+04 2.400000000000000000e+01 -4.800000000000000000e+01 -1.008000000000000000e+03
1.603100000000000000e+04 1.600000000000000000e+01 -4.000000000000000000e+01 -1.040000000000000000e+03
1.607100000000000000e+04 8.000000000000000000e+00 -4.000000000000000000e+01 -1.024000000000000000e+03
1.611100000000000000e+04 2.400000000000000000e+01 -3.200000000000000000e+01 -1.032000000000000000e+03
1.615100000000000000e+04 8.000000000000000000e+00 -3.200000000000000000e+01 -1.056000000000000000e+03
1.619100000000000000e+04 2.400000000000000000e+01 -2.400000000000000000e+01 -1.072000000000000000e+03
1.623100000000000000e+04 3.200000000000000000e+01 -2.400000000000000000e+01 -1.040000000000000000e+03
1.627100000000000000e+04 3.200000000000000000e+01 -5.600000000000000000e+01 -1.000000000000000000e+03
1.631100000000000000e+04 2.400000000000000000e+01 -4.000000000000000000e+01 -1.048000000000000000e+03
1.635100000000000000e+04 1.600000000000000000e+01 -4.000000000000000000e+01 -1.000000000000000000e+03
1.639100000000000000e+04 1.600000000000000000e+01 -4.000000000000000000e+01 -1.024000000000000000e+03
1.643100000000000000e+04 1.600000000000000000e+01 -3.200000000000000000e+01 -1.032000000000000000e+03
1.647100000000000000e+04 1.600000000000000000e+01 -2.400000000000000000e+01 -1.024000000000000000e+03
1.651100000000000000e+04 1.600000000000000000e+01 -2.400000000000000000e+01 -1.032000000000000000e+03
1.655100000000000000e+04 8.000000000000000000e+00 -3.200000000000000000e+01 -9.840000000000000000e+02
1.659100000000000000e+04 1.600000000000000000e+01 -3.200000000000000000e+01 -1.016000000000000000e+03
1.663100000000000000e+04 2.400000000000000000e+01 -3.200000000000000000e+01 -9.840000000000000000e+02
1.667100000000000000e+04 1.600000000000000000e+01 -3.200000000000000000e+01 -1.008000000000000000e+03
1.671100000000000000e+04 1.600000000000000000e+01 -4.800000000000000000e+01 -1.016000000000000000e+03
1.675100000000000000e+04 -8.000000000000000000e+00 -3.200000000000000000e+01 -1.080000000000000000e+03
1.679100000000000000e+04 0.000000000000000000e+00 -3.200000000000000000e+01 -1.008000000000000000e+03
1.683100000000000000e+04 8.000000000000000000e+00 -2.400000000000000000e+01 -1.032000000000000000e+03
1.687100000000000000e+04 -1.600000000000000000e+01 -1.600000000000000000e+01 -1.048000000000000000e+03
1.690200000000000000e+04 0.000000000000000000e+00 8.000000000000000000e+00 -1.032000000000000000e+03
1.694200000000000000e+04 0.000000000000000000e+00 -2.400000000000000000e+01 -1.040000000000000000e+03
1.698200000000000000e+04 3.200000000000000000e+01 -1.600000000000000000e+01 -1.072000000000000000e+03
1.702200000000000000e+04 1.600000000000000000e+01 -2.400000000000000000e+01 -1.040000000000000000e+03
1.706200000000000000e+04 1.600000000000000000e+01 -2.400000000000000000e+01 -1.024000000000000000e+03
1.710200000000000000e+04 8.000000000000000000e+00 -1.600000000000000000e+01 -1.016000000000000000e+03
1.714200000000000000e+04 1.600000000000000000e+01 -2.400000000000000000e+01 -1.032000000000000000e+03
1.718200000000000000e+04 8.000000000000000000e+00 -4.000000000000000000e+01 -1.032000000000000000e+03
1.722200000000000000e+04 8.000000000000000000e+00 -2.400000000000000000e+01 -1.024000000000000000e+03
1.726200000000000000e+04 2.400000000000000000e+01 -2.400000000000000000e+01 -1.056000000000000000e+03
1.730200000000000000e+04 3.200000000000000000e+01 -3.200000000000000000e+01 -1.032000000000000000e+03
1.734200000000000000e+04 2.400000000000000000e+01 -2.400000000000000000e+01 -1.024000000000000000e+03
1.738200000000000000e+04 1.600000000000000000e+01 -4.000000000000000000e+01 -1.032000000000000000e+03
1.742200000000000000e+04 8.000000000000000000e+00 -4.800000000000000000e+01 -1.048000000000000000e+03
1.746200000000000000e+04 1.600000000000000000e+01 -4.000000000000000000e+01 -1.008000000000000000e+03
1.750200000000000000e+04 1.600000000000000000e+01 -3.200000000000000000e+01 -1.032000000000000000e+03
1.754200000000000000e+04 1.600000000000000000e+01 -2.400000000000000000e+01 -1.016000000000000000e+03
1.758200000000000000e+04 8.000000000000000000e+00 -3.200000000000000000e+01 -1.056000000000000000e+03
1.762200000000000000e+04 1.600000000000000000e+01 -2.400000000000000000e+01 -1.048000000000000000e+03
1.766200000000000000e+04 1.600000000000000000e+01 -2.400000000000000000e+01 -1.024000000000000000e+03
1.770200000000000000e+04 2.400000000000000000e+01 -2.400000000000000000e+01 -1.024000000000000000e+03
1.774200000000000000e+04 0.000000000000000000e+00 -2.400000000000000000e+01 -1.040000000000000000e+03
1.778200000000000000e+04 8.000000000000000000e+00 -2.400000000000000000e+01 -1.016000000000000000e+03
1.782200000000000000e+04 8.000000000000000000e+00 -1.600000000000000000e+01 -1.008000000000000000e+03
1.786200000000000000e+04 -8.000000000000000000e+00 -2.400000000000000000e+01 -1.016000000000000000e+03
1.789400000000000000e+04 0.000000000000000000e+00 -2.400000000000000000e+01 -1.008000000000000000e+03
1.793400000000000000e+04 1.600000000000000000e+01 -1.600000000000000000e+01 -1.024000000000000000e+03
1.797400000000000000e+04 1.600000000000000000e+01 -2.400000000000000000e+01 -1.016000000000000000e+03
1.801400000000000000e+04 2.400000000000000000e+01 -2.400000000000000000e+01 -1.056000000000000000e+03
1.805400000000000000e+04 2.400000000000000000e+01 -3.200000000000000000e+01 -1.056000000000000000e+03
1.809400000000000000e+04 2.400000000000000000e+01 -3.200000000000000000e+01 -1.032000000000000000e+03
1.813400000000000000e+04 1.600000000000000000e+01 -1.600000000000000000e+01 -1.000000000000000000e+03
1.817400000000000000e+04 1.600000000000000000e+01 -2.400000000000000000e+01 -1.032000000000000000e+03
1.821400000000000000e+04 1.600000000000000000e+01 -2.400000000000000000e+01 -1.024000000000000000e+03
1.825400000000000000e+04 1.600000000000000000e+01 -2.400000000000000000e+01 -1.048000000000000000e+03
1.829400000000000000e+04 3.200000000000000000e+01 -2.400000000000000000e+01 -9.920000000000000000e+02
1.833400000000000000e+04 3.200000000000000000e+01 -3.200000000000000000e+01 -1.032000000000000000e+03
1.837400000000000000e+04 0.000000000000000000e+00 -3.200000000000000000e+01 -1.000000000000000000e+03
1.841400000000000000e+04 1.600000000000000000e+01 -1.600000000000000000e+01 -1.056000000000000000e+03
1.845400000000000000e+04 1.600000000000000000e+01 -8.000000000000000000e+00 -1.024000000000000000e+03
1.849400000000000000e+04 1.600000000000000000e+01 -1.600000000000000000e+01 -1.024000000000000000e+03
1.853400000000000000e+04 2.400000000000000000e+01 -2.400000000000000000e+01 -1.024000000000000000e+03
1.857400000000000000e+04 8.000000000000000000e+00 -3.200000000000000000e+01 -1.032000000000000000e+03
1.861400000000000000e+04 1.600000000000000000e+01 -2.400000000000000000e+01 -1.048000000000000000e+03
1.865400000000000000e+04 0.000000000000000000e+00 -2.400000000000000000e+01 -1.000000000000000000e+03
1.869400000000000000e+04 1.600000000000000000e+01 -3.200000000000000000e+01 -1.056000000000000000e+03
1.873400000000000000e+04 0.000000000000000000e+00 -2.400000000000000000e+01 -1.056000000000000000e+03
1.877400000000000000e+04 8.000000000000000000e+00 -3.200000000000000000e+01 -1.040000000000000000e+03
1.881400000000000000e+04 0.000000000000000000e+00 -2.400000000000000000e+01 -1.016000000000000000e+03
1.885400000000000000e+04 0.000000000000000000e+00 -2.400000000000000000e+01 -1.064000000000000000e+03
1.888500000000000000e+04 8.000000000000000000e+00 -2.400000000000000000e+01 -1.040000000000000000e+03
1.892500000000000000e+04 0.000000000000000000e+00 -1.600000000000000000e+01 -1.024000000000000000e+03
1.896500000000000000e+04 8.000000000000000000e+00 -8.000000000000000000e+00 -1.016000000000000000e+03
1.900500000000000000e+04 3.200000000000000000e+01 -2.400000000000000000e+01 -1.024000000000000000e+03
1.904500000000000000e+04 0.000000000000000000e+00 -3.200000000000000000e+01 -1.032000000000000000e+03
1.908500000000000000e+04 1.600000000000000000e+01 -2.400000000000000000e+01 -1.016000000000000000e+03
1.912500000000000000e+04 8.000000000000000000e+00 -4.000000000000000000e+01 -1.024000000000000000e+03
1.916500000000000000e+04 1.600000000000000000e+01 -4.000000000000000000e+01 -1.008000000000000000e+03
1.920500000000000000e+04 3.200000000000000000e+01 -4.000000000000000000e+01 -1.032000000000000000e+03
1.924500000000000000e+04 3.200000000000000000e+01 -4.000000000000000000e+01 -1.040000000000000000e+03
1.928500000000000000e+04 1.600000000000000000e+01 -4.800000000000000000e+01 -1.016000000000000000e+03
1.932500000000000000e+04 1.600000000000000000e+01 -3.200000000000000000e+01 -1.032000000000000000e+03
1.936500000000000000e+04 2.400000000000000000e+01 -3.200000000000000000e+01 -1.040000000000000000e+03
1.940500000000000000e+04 2.400000000000000000e+01 -2.400000000000000000e+01 -1.016000000000000000e+03
1.944500000000000000e+04 1.600000000000000000e+01 -2.400000000000000000e+01 -1.024000000000000000e+03
1.948500000000000000e+04 1.600000000000000000e+01 -2.400000000000000000e+01 -1.024000000000000000e+03
1.952500000000000000e+04 1.600000000000000000e+01 -2.400000000000000000e+01 -1.032000000000000000e+03
1.956500000000000000e+04 1.600000000000000000e+01 -2.400000000000000000e+01 -1.040000000000000000e+03
1.960500000000000000e+04 2.400000000000000000e+01 -2.400000000000000000e+01 -1.048000000000000000e+03
1.964500000000000000e+04 1.600000000000000000e+01 -2.400000000000000000e+01 -1.032000000000000000e+03
1.968500000000000000e+04 2.400000000000000000e+01 -2.400000000000000000e+01 -1.032000000000000000e+03
1.972500000000000000e+04 2.400000000000000000e+01 -2.400000000000000000e+01 -1.040000000000000000e+03
1.976500000000000000e+04 1.600000000000000000e+01 -2.400000000000000000e+01 -1.032000000000000000e+03
1.980500000000000000e+04 8.000000000000000000e+00 -3.200000000000000000e+01 -1.016000000000000000e+03
1.984500000000000000e+04 8.000000000000000000e+00 -2.400000000000000000e+01 -1.024000000000000000e+03
1.888500000000000000e+04 8.000000000000000000e+00 -2.400000000000000000e+01 -1.040000000000000000e+03
1.892500000000000000e+04 0.000000000000000000e+00 -1.600000000000000000e+01 -1.024000000000000000e+03
1.896500000000000000e+04 8.000000000000000000e+00 -8.000000000000000000e+00 -1.016000000000000000e+03
1.900500000000000000e+04 3.200000000000000000e+01 -2.400000000000000000e+01 -1.024000000000000000e+03
1.904500000000000000e+04 0.000000000000000000e+00 -3.200000000000000000e+01 -1.032000000000000000e+03
1.908500000000000000e+04 1.600000000000000000e+01 -2.400000000000000000e+01 -1.016000000000000000e+03
1.912500000000000000e+04 8.000000000000000000e+00 -4.000000000000000000e+01 -1.024000000000000000e+03
1.916500000000000000e+04 1.600000000000000000e+01 -4.000000000000000000e+01 -1.008000000000000000e+03
1.920500000000000000e+04 3.200000000000000000e+01 -4.000000000000000000e+01 -1.032000000000000000e+03
1.924500000000000000e+04 3.200000000000000000e+01 -4.000000000000000000e+01 -1.040000000000000000e+03
1.928500000000000000e+04 1.600000000000000000e+01 -4.800000000000000000e+01 -1.016000000000000000e+03
1.932500000000000000e+04 1.600000000000000000e+01 -3.200000000000000000e+01 -1.032000000000000000e+03
1.936500000000000000e+04 2.400000000000000000e+01 -3.200000000000000000e+01 -1.040000000000000000e+03
1.940500000000000000e+04 2.400000000000000000e+01 -2.400000000000000000e+01 -1.016000000000000000e+03
1.944500000000000000e+04 1.600000000000000000e+01 -2.400000000000000000e+01 -1.024000000000000000e+03
1.948500000000000000e+04 1.600000000000000000e+01 -2.400000000000000000e+01 -1.024000000000000000e+03
1.952500000000000000e+04 1.600000000000000000e+01 -2.400000000000000000e+01 -1.032000000000000000e+03
1.956500000000000000e+04 1.600000000000000000e+01 -2.400000000000000000e+01 -1.040000000000000000e+03
1.960500000000000000e+04 2.400000000000000000e+01 -2.400000000000000000e+01 -1.048000000000000000e+03
1.964500000000000000e+04 1.600000000000000000e+01 -2.400000000000000000e+01 -1.032000000000000000e+03
1.968500000000000000e+04 2.400000000000000000e+01 -2.400000000000000000e+01 -1.032000000000000000e+03
1.972500000000000000e+04 2.400000000000000000e+01 -2.400000000000000000e+01 -1.040000000000000000e+03
1.976500000000000000e+04 1.600000000000000000e+01 -2.400000000000000000e+01 -1.032000000000000000e+03
1.980500000000000000e+04 8.000000000000000000e+00 -3.200000000000000000e+01 -1.016000000000000000e+03
1.984500000000000000e+04 8.000000000000000000e+00 -2.400000000000000000e+01 -1.024000000000000000e+03
2.185900000000000000e+04 1.600000000000000000e+01 -4.800000000000000000e+01 -1.040000000000000000e+03
2.189900000000000000e+04 1.600000000000000000e+01 -4.000000000000000000e+01 -1.040000000000000000e+03
2.193900000000000000e+04 2.400000000000000000e+01 -4.800000000000000000e+01 -1.056000000000000000e+03
2.197900000000000000e+04 4.000000000000000000e+01 -4.000000000000000000e+01 -1.040000000000000000e+03
2.201900000000000000e+04 3.200000000000000000e+01 -2.400000000000000000e+01 -1.024000000000000000e+03
2.205900000000000000e+04 3.200000000000000000e+01 -2.400000000000000000e+01 -1.040000000000000000e+03
2.209900000000000000e+04 2.400000000000000000e+01 -2.400000000000000000e+01 -1.032000000000000000e+03
2.213900000000000000e+04 2.400000000000000000e+01 -4.000000000000000000e+01 -9.760000000000000000e+02
2.217900000000000000e+04 2.400000000000000000e+01 -3.200000000000000000e+01 -1.032000000000000000e+03
2.221900000000000000e+04 1.600000000000000000e+01 -2.400000000000000000e+01 -1.024000000000000000e+03
2.225900000000000000e+04 1.600000000000000000e+01 -2.400000000000000000e+01 -1.048000000000000000e+03
2.229900000000000000e+04 8.000000000000000000e+00 -8.000000000000000000e+00 -1.056000000000000000e+03
2.233900000000000000e+04 1.600000000000000000e+01 -2.400000000000000000e+01 -1.040000000000000000e+03
2.237900000000000000e+04 1.600000000000000000e+01 -2.400000000000000000e+01 -1.040000000000000000e+03
2.241900000000000000e+04 0.000000000000000000e+00 -2.400000000000000000e+01 -1.048000000000000000e+03
2.245900000000000000e+04 1.600000000000000000e+01 -1.600000000000000000e+01 -1.032000000000000000e+03
2.249900000000000000e+04 1.600000000000000000e+01 -2.400000000000000000e+01 -1.024000000000000000e+03
2.253900000000000000e+04 1.600000000000000000e+01 -3.200000000000000000e+01 -1.040000000000000000e+03
2.257900000000000000e+04 1.600000000000000000e+01 -2.400000000000000000e+01 -1.024000000000000000e+03
2.261900000000000000e+04 2.400000000000000000e+01 -4.000000000000000000e+01 -1.024000000000000000e+03
2.265900000000000000e+04 -8.000000000000000000e+00 -4.800000000000000000e+01 -1.056000000000000000e+03
2.269900000000000000e+04 0.000000000000000000e+00 -4.000000000000000000e+01 -1.024000000000000000e+03
2.273900000000000000e+04 8.000000000000000000e+00 -3.200000000000000000e+01 -1.016000000000000000e+03
2.277900000000000000e+04 1.600000000000000000e+01 -3.200000000000000000e+01 -1.024000000000000000e+03
2.281900000000000000e+04 1.600000000000000000e+01 -8.000000000000000000e+00 -1.016000000000000000e+03
