2.900000000000000000e+01 -4.000000000000000000e+01 4.800000000000000000e+02 -8.960000000000000000e+02
6.900000000000000000e+01 -1.280000000000000000e+02 6.400000000000000000e+02 -7.920000000000000000e+02
1.090000000000000000e+02 -1.120000000000000000e+02 6.480000000000000000e+02 -7.760000000000000000e+02
1.490000000000000000e+02 -1.200000000000000000e+02 6.560000000000000000e+02 -7.520000000000000000e+02
1.890000000000000000e+02 -1.200000000000000000e+02 6.400000000000000000e+02 -7.680000000000000000e+02
2.290000000000000000e+02 -1.200000000000000000e+02 6.560000000000000000e+02 -7.840000000000000000e+02
2.690000000000000000e+02 -1.120000000000000000e+02 6.640000000000000000e+02 -7.760000000000000000e+02
3.090000000000000000e+02 -1.120000000000000000e+02 6.400000000000000000e+02 -7.680000000000000000e+02
3.490000000000000000e+02 -1.040000000000000000e+02 6.400000000000000000e+02 -7.680000000000000000e+02
3.890000000000000000e+02 -1.200000000000000000e+02 6.480000000000000000e+02 -7.520000000000000000e+02
4.290000000000000000e+02 -1.280000000000000000e+02 6.560000000000000000e+02 -7.440000000000000000e+02
4.690000000000000000e+02 -1.280000000000000000e+02 6.560000000000000000e+02 -7.440000000000000000e+02
5.090000000000000000e+02 -1.040000000000000000e+02 6.640000000000000000e+02 -7.360000000000000000e+02
5.490000000000000000e+02 -1.040000000000000000e+02 6.480000000000000000e+02 -7.680000000000000000e+02
5.890000000000000000e+02 -1.040000000000000000e+02 6.560000000000000000e+02 -7.520000000000000000e+02
6.290000000000000000e+02 -1.040000000000000000e+02 6.480000000000000000e+02 -7.760000000000000000e+02
6.690000000000000000e+02 -1.040000000000000000e+02 6.560000000000000000e+02 -7.680000000000000000e+02
7.090000000000000000e+02 -1.040000000000000000e+02 6.560000000000000000e+02 -7.520000000000000000e+02
7.490000000000000000e+02 -1.120000000000000000e+02 6.480000000000000000e+02 -7.600000000000000000e+02
7.890000000000000000e+02 -1.040000000000000000e+02 6.480000000000000000e+02 -7.760000000000000000e+02
8.290000000000000000e+02 -1.120000000000000000e+02 6.480000000000000000e+02 -7.600000000000000000e+02
8.690000000000000000e+02 -1.040000000000000000e+02 6.400000000000000000e+02 -7.680000000000000000e+02
9.090000000000000000e+02 -1.040000000000000000e+02 6.480000000000000000e+02 -7.920000000000000000e+02
9.490000000000000000e+02 -1.040000000000000000e+02 6.400000000000000000e+02 -7.760000000000000000e+02
9.890000000000000000e+02 -1.040000000000000000e+02 6.400000000000000000e+02 -7.840000000000000000e+02
1.022000000000000000e+03 -1.120000000000000000e+02 6.400000000000000000e+02 -7.680000000000000000e+02
1.062000000000000000e+03 -1.120000000000000000e+02 6.320000000000000000e+02 -7.760000000000000000e+02
1.102000000000000000e+03 -1.120000000000000000e+02 6.320000000000000000e+02 -7.840000000000000000e+02
1.142000000000000000e+03 -1.280000000000000000e+02 6.240000000000000000e+02 -7.600000000000000000e+02
1.182000000000000000e+03 -1.120000000000000000e+02 6.240000000000000000e+02 -7.760000000000000000e+02
1.222000000000000000e+03 -1.200000000000000000e+02 6.320000000000000000e+02 -7.600000000000000000e+02
1.262000000000000000e+03 -1.040000000000000000e+02 6.320000000000000000e+02 -7.920000000000000000e+02
1.302000000000000000e+03 -1.120000000000000000e+02 6.320000000000000000e+02 -7.760000000000000000e+02
1.342000000000000000e+03 -1.120000000000000000e+02 6.320000000000000000e+02 -7.840000000000000000e+02
1.382000000000000000e+03 -1.120000000000000000e+02 6.400000000000000000e+02 -7.760000000000000000e+02
1.422000000000000000e+03 -1.040000000000000000e+02 6.400000000000000000e+02 -8.000000000000000000e+02
1.462000000000000000e+03 -1.120000000000000000e+02 6.320000000000000000e+02 -7.600000000000000000e+02
1.502000000000000000e+03 -1.200000000000000000e+02 6.400000000000000000e+02 -7.760000000000000000e+02
1.542000000000000000e+03 -1.200000000000000000e+02 6.400000000000000000e+02 -7.840000000000000000e+02
1.582000000000000000e+03 -1.200000000000000000e+02 6.400000000000000000e+02 -7.680000000000000000e+02
1.622000000000000000e+03 -1.200000000000000000e+02 6.400000000000000000e+02 -7.680000000000000000e+02
1.662000000000000000e+03 -1.200000000000000000e+02 6.400000000000000000e+02 -7.920000000000000000e+02
1.702000000000000000e+03 -9.600000000000000000e+01 6.480000000000000000e+02 -7.600000000000000000e+02
1.742000000000000000e+03 -1.200000000000000000e+02 6.240000000000000000e+02 -7.840000000000000000e+02
1.782000000000000000e+03 -1.120000000000000000e+02 6.320000000000000000e+02 -7.760000000000000000e+02
1.822000000000000000e+03 -1.120000000000000000e+02 6.400000000000000000e+02 -7.520000000000000000e+02
1.862000000000000000e+03 -1.360000000000000000e+02 6.400000000000000000e+02 -7.760000000000000000e+02
1.902000000000000000e+03 -1.280000000000000000e+02 6.480000000000000000e+02 -8.320000000000000000e+02
1.942000000000000000e+03 -1.120000000000000000e+02 6.480000000000000000e+02 -7.680000000000000000e+02
1.982000000000000000e+03 -1.120000000000000000e+02 6.400000000000000000e+02 -7.600000000000000000e+02
2.013000000000000000e+03 -1.120000000000000000e+02 6.320000000000000000e+02 -7.520000000000000000e+02
2.053000000000000000e+03 -1.120000000000000000e+02 6.320000000000000000e+02 -7.760000000000000000e+02
2.093000000000000000e+03 -1.120000000000000000e+02 6.240000000000000000e+02 -7.840000000000000000e+02
2.133000000000000000e+03 -1.120000000000000000e+02 6.240000000000000000e+02 -7.280000000000000000e+02
2.173000000000000000e+03 -1.120000000000000000e+02 6.320000000000000000e+02 -7.840000000000000000e+02
2.213000000000000000e+03 -1.120000000000000000e+02 6.480000000000000000e+02 -7.840000000000000000e+02
2.253000000000000000e+03 -1.120000000000000000e+02 6.240000000000000000e+02 -7.680000000000000000e+02
2.293000000000000000e+03 -1.040000000000000000e+02 6.400000000000000000e+02 -7.920000000000000000e+02
2.333000000000000000e+03 -1.040000000000000000e+02 6.320000000000000000e+02 -7.760000000000000000e+02
2.373000000000000000e+03 -1.040000000000000000e+02 6.400000000000000000e+02 -7.840000000000000000e+02
2.413000000000000000e+03 -1.040000000000000000e+02 6.400000000000000000e+02 -7.920000000000000000e+02
2.453000000000000000e+03 -1.040000000000000000e+02 6.480000000000000000e+02 -7.600000000000000000e+02
2.493000000000000000e+03 -9.600000000000000000e+01 6.560000000000000000e+02 -7.600000000000000000e+02
2.533000000000000000e+03 -1.040000000000000000e+02 6.560000000000000000e+02 -8.000000000000000000e+02
2.573000000000000000e+03 -1.040000000000000000e+02 6.560000000000000000e+02 -7.520000000000000000e+02
2.613000000000000000e+03 -1.200000000000000000e+02 6.480000000000000000e+02 -7.200000000000000000e+02
2.653000000000000000e+03 -1.200000000000000000e+02 6.560000000000000000e+02 -7.760000000000000000e+02
2.693000000000000000e+03 -1.120000000000000000e+02 6.560000000000000000e+02 -7.600000000000000000e+02
2.733000000000000000e+03 -1.120000000000000000e+02 6.560000000000000000e+02 -7.680000000000000000e+02
2.773000000000000000e+03 -1.120000000000000000e+02 6.560000000000000000e+02 -7.520000000000000000e+02
2.813000000000000000e+03 -1.120000000000000000e+02 6.560000000000000000e+02 -8.000000000000000000e+02
2.853000000000000000e+03 -1.040000000000000000e+02 6.800000000000000000e+02 -7.840000000000000000e+02
2.893000000000000000e+03 -1.200000000000000000e+02 6.640000000000000000e+02 -7.600000000000000000e+02
2.933000000000000000e+03 -1.200000000000000000e+02 6.560000000000000000e+02 -7.600000000000000000e+02
2.973000000000000000e+03 -1.200000000000000000e+02 6.640000000000000000e+02 -7.520000000000000000e+02
3.005000000000000000e+03 -9.600000000000000000e+01 6.640000000000000000e+02 -7.840000000000000000e+02
3.045000000000000000e+03 -1.040000000000000000e+02 6.720000000000000000e+02 -7.280000000000000000e+02
3.085000000000000000e+03 -9.600000000000000000e+01 6.720000000000000000e+02 -7.920000000000000000e+02
3.125000000000000000e+03 -1.120000000000000000e+02 6.560000000000000000e+02 -7.520000000000000000e+02
3.165000000000000000e+03 -1.440000000000000000e+02 6.480000000000000000e+02 -7.600000000000000000e+02
3.205000000000000000e+03 -1.440000000000000000e+02 6.560000000000000000e+02 -7.920000000000000000e+02
3.245000000000000000e+03 -1.280000000000000000e+02 6.560000000000000000e+02 -7.680000000000000000e+02
3.285000000000000000e+03 -1.200000000000000000e+02 6.560000000000000000e+02 -7.680000000000000000e+02
3.325000000000000000e+03 -1.040000000000000000e+02 6.480000000000000000e+02 -8.000000000000000000e+02
3.365000000000000000e+03 -1.120000000000000000e+02 6.400000000000000000e+02 -7.680000000000000000e+02
3.405000000000000000e+03 -1.040000000000000000e+02 6.480000000000000000e+02 -7.440000000000000000e+02
3.445000000000000000e+03 -1.040000000000000000e+02 6.480000000000000000e+02 -7.680000000000000000e+02
3.485000000000000000e+03 -1.040000000000000000e+02 6.480000000000000000e+02 -7.120000000000000000e+02
3.525000000000000000e+03 -1.120000000000000000e+02 6.480000000000000000e+02 -7.680000000000000000e+02
3.565000000000000000e+03 -9.600000000000000000e+01 6.560000000000000000e+02 -7.600000000000000000e+02
3.605000000000000000e+03 -9.600000000000000000e+01 6.320000000000000000e+02 -7.680000000000000000e+02
3.645000000000000000e+03 -8.800000000000000000e+01 6.080000000000000000e+02 -7.680000000000000000e+02
3.685000000000000000e+03 -8.800000000000000000e+01 6.240000000000000000e+02 -7.760000000000000000e+02
3.725000000000000000e+03 -1.040000000000000000e+02 6.560000000000000000e+02 -7.840000000000000000e+02
3.765000000000000000e+03 -1.040000000000000000e+02 6.640000000000000000e+02 -7.360000000000000000e+02
3.805000000000000000e+03 -1.040000000000000000e+02 6.560000000000000000e+02 -7.920000000000000000e+02
3.845000000000000000e+03 -9.600000000000000000e+01 6.320000000000000000e+02 -8.080000000000000000e+02
3.885000000000000000e+03 -1.200000000000000000e+02 6.640000000000000000e+02 -7.680000000000000000e+02
3.925000000000000000e+03 -1.120000000000000000e+02 6.640000000000000000e+02 -7.440000000000000000e+02
3.965000000000000000e+03 -1.200000000000000000e+02 6.480000000000000000e+02 -7.040000000000000000e+02
3.995000000000000000e+03 -1.280000000000000000e+02 6.480000000000000000e+02 -7.280000000000000000e+02
4.035000000000000000e+03 -1.200000000000000000e+02 6.720000000000000000e+02 -7.920000000000000000e+02
4.075000000000000000e+03 -1.120000000000000000e+02 6.240000000000000000e+02 -7.840000000000000000e+02
4.115000000000000000e+03 -1.040000000000000000e+02 6.000000000000000000e+02 -8.560000000000000000e+02
4.155000000000000000e+03 -1.040000000000000000e+02 6.400000000000000000e+02 -7.840000000000000000e+02
4.195000000000000000e+03 -1.040000000000000000e+02 5.920000000000000000e+02 -8.240000000000000000e+02
4.235000000000000000e+03 -9.600000000000000000e+01 5.920000000000000000e+02 -7.680000000000000000e+02
4.275000000000000000e+03 -8.000000000000000000e+01 5.840000000000000000e+02 -8.400000000000000000e+02
4.315000000000000000e+03 -1.040000000000000000e+02 5.840000000000000000e+02 -8.080000000000000000e+02
4.355000000000000000e+03 -9.600000000000000000e+01 6.080000000000000000e+02 -7.680000000000000000e+02
4.395000000000000000e+03 -9.600000000000000000e+01 6.000000000000000000e+02 -8.240000000000000000e+02
4.435000000000000000e+03 -9.600000000000000000e+01 5.920000000000000000e+02 -8.160000000000000000e+02
4.475000000000000000e+03 -1.040000000000000000e+02 6.240000000000000000e+02 -8.000000000000000000e+02
4.515000000000000000e+03 -1.040000000000000000e+02 6.320000000000000000e+02 -7.840000000000000000e+02
4.555000000000000000e+03 -9.600000000000000000e+01 6.080000000000000000e+02 -8.320000000000000000e+02
4.595000000000000000e+03 -1.040000000000000000e+02 6.080000000000000000e+02 -8.160000000000000000e+02
4.635000000000000000e+03 -1.120000000000000000e+02 5.840000000000000000e+02 -8.320000000000000000e+02
4.675000000000000000e+03 -1.040000000000000000e+02 5.920000000000000000e+02 -8.400000000000000000e+02
4.715000000000000000e+03 -1.120000000000000000e+02 5.840000000000000000e+02 -8.080000000000000000e+02
4.755000000000000000e+03 -1.120000000000000000e+02 5.840000000000000000e+02 -7.760000000000000000e+02
4.795000000000000000e+03 -1.040000000000000000e+02 5.840000000000000000e+02 -8.240000000000000000e+02
4.835000000000000000e+03 -1.040000000000000000e+02 5.760000000000000000e+02 -8.160000000000000000e+02
4.875000000000000000e+03 -9.600000000000000000e+01 5.840000000000000000e+02 -8.160000000000000000e+02
4.915000000000000000e+03 -1.040000000000000000e+02 5.680000000000000000e+02 -8.320000000000000000e+02
4.955000000000000000e+03 -1.040000000000000000e+02 5.840000000000000000e+02 -7.920000000000000000e+02
4.988000000000000000e+03 -1.120000000000000000e+02 5.840000000000000000e+02 -7.920000000000000000e+02
5.028000000000000000e+03 -9.600000000000000000e+01 5.600000000000000000e+02 -8.240000000000000000e+02
5.068000000000000000e+03 -1.040000000000000000e+02 5.600000000000000000e+02 -8.480000000000000000e+02
5.108000000000000000e+03 -1.040000000000000000e+02 5.760000000000000000e+02 -8.240000000000000000e+02
5.148000000000000000e+03 -1.040000000000000000e+02 5.680000000000000000e+02 -8.320000000000000000e+02
5.188000000000000000e+03 -1.040000000000000000e+02 5.600000000000000000e+02 -8.320000000000000000e+02
5.228000000000000000e+03 -1.120000000000000000e+02 5.920000000000000000e+02 -7.840000000000000000e+02
5.268000000000000000e+03 -7.200000000000000000e+01 5.840000000000000000e+02 -8.400000000000000000e+02
5.308000000000000000e+03 -8.000000000000000000e+01 5.840000000000000000e+02 -8.160000000000000000e+02
5.348000000000000000e+03 -7.200000000000000000e+01 5.760000000000000000e+02 -8.320000000000000000e+02
5.388000000000000000e+03 -8.000000000000000000e+01 5.760000000000000000e+02 -8.240000000000000000e+02
5.428000000000000000e+03 -8.000000000000000000e+01 5.840000000000000000e+02 -8.160000000000000000e+02
5.468000000000000000e+03 -8.000000000000000000e+01 5.760000000000000000e+02 -8.160000000000000000e+02
5.508000000000000000e+03 -9.600000000000000000e+01 5.680000000000000000e+02 -8.320000000000000000e+02
5.548000000000000000e+03 -8.800000000000000000e+01 5.680000000000000000e+02 -8.160000000000000000e+02
5.588000000000000000e+03 -7.200000000000000000e+01 5.840000000000000000e+02 -8.240000000000000000e+02
5.628000000000000000e+03 -7.200000000000000000e+01 5.840000000000000000e+02 -8.400000000000000000e+02
5.668000000000000000e+03 -7.200000000000000000e+01 5.760000000000000000e+02 -8.160000000000000000e+02
5.708000000000000000e+03 -8.000000000000000000e+01 5.840000000000000000e+02 -8.160000000000000000e+02
5.748000000000000000e+03 -8.800000000000000000e+01 5.920000000000000000e+02 -8.320000000000000000e+02
5.788000000000000000e+03 -8.000000000000000000e+01 5.840000000000000000e+02 -8.400000000000000000e+02
5.828000000000000000e+03 -8.000000000000000000e+01 5.840000000000000000e+02 -8.160000000000000000e+02
5.868000000000000000e+03 -7.200000000000000000e+01 5.840000000000000000e+02 -8.160000000000000000e+02
5.908000000000000000e+03 -5.600000000000000000e+01 5.840000000000000000e+02 -8.240000000000000000e+02
5.948000000000000000e+03 -6.400000000000000000e+01 5.920000000000000000e+02 -8.320000000000000000e+02
5.979000000000000000e+03 -6.400000000000000000e+01 5.840000000000000000e+02 -8.400000000000000000e+02
6.019000000000000000e+03 -7.200000000000000000e+01 5.760000000000000000e+02 -8.240000000000000000e+02
6.059000000000000000e+03 -6.400000000000000000e+01 5.840000000000000000e+02 -7.920000000000000000e+02
6.099000000000000000e+03 -7.200000000000000000e+01 5.760000000000000000e+02 -8.560000000000000000e+02
6.139000000000000000e+03 -5.600000000000000000e+01 5.680000000000000000e+02 -8.000000000000000000e+02
6.179000000000000000e+03 -5.600000000000000000e+01 5.680000000000000000e+02 -8.320000000000000000e+02
6.219000000000000000e+03 -8.000000000000000000e+01 5.680000000000000000e+02 -8.480000000000000000e+02
6.259000000000000000e+03 -8.800000000000000000e+01 5.760000000000000000e+02 -8.400000000000000000e+02
6.299000000000000000e+03 -8.800000000000000000e+01 5.760000000000000000e+02 -8.240000000000000000e+02
6.339000000000000000e+03 -8.800000000000000000e+01 5.760000000000000000e+02 -8.080000000000000000e+02
6.379000000000000000e+03 -8.000000000000000000e+01 5.680000000000000000e+02 -8.240000000000000000e+02
6.419000000000000000e+03 -8.800000000000000000e+01 5.760000000000000000e+02 -8.160000000000000000e+02
6.459000000000000000e+03 -8.000000000000000000e+01 5.760000000000000000e+02 -8.320000000000000000e+02
6.499000000000000000e+03 -6.400000000000000000e+01 5.760000000000000000e+02 -8.000000000000000000e+02
6.539000000000000000e+03 -7.200000000000000000e+01 5.680000000000000000e+02 -8.080000000000000000e+02
6.579000000000000000e+03 -7.200000000000000000e+01 5.680000000000000000e+02 -8.160000000000000000e+02
6.619000000000000000e+03 -4.000000000000000000e+01 5.840000000000000000e+02 -8.240000000000000000e+02
6.659000000000000000e+03 -5.600000000000000000e+01 5.600000000000000000e+02 -8.240000000000000000e+02
6.699000000000000000e+03 -5.600000000000000000e+01 5.600000000000000000e+02 -8.320000000000000000e+02
6.739000000000000000e+03 -6.400000000000000000e+01 5.680000000000000000e+02 -8.480000000000000000e+02
6.779000000000000000e+03 -6.400000000000000000e+01 5.680000000000000000e+02 -8.240000000000000000e+02
6.819000000000000000e+03 -6.400000000000000000e+01 5.520000000000000000e+02 -8.320000000000000000e+02
6.859000000000000000e+03 -7.200000000000000000e+01 5.440000000000000000e+02 -8.240000000000000000e+02
6.899000000000000000e+03 -7.200000000000000000e+01 5.520000000000000000e+02 -8.560000000000000000e+02
6.939000000000000000e+03 -7.200000000000000000e+01 5.600000000000000000e+02 -8.400000000000000000e+02
6.970000000000000000e+03 -7.200000000000000000e+01 5.600000000000000000e+02 -8.560000000000000000e+02
7.010000000000000000e+03 -8.000000000000000000e+01 5.520000000000000000e+02 -8.400000000000000000e+02
7.050000000000000000e+03 -8.000000000000000000e+01 5.520000000000000000e+02 -8.240000000000000000e+02
7.090000000000000000e+03 -7.200000000000000000e+01 5.600000000000000000e+02 -8.560000000000000000e+02
7.130000000000000000e+03 -5.600000000000000000e+01 5.600000000000000000e+02 -8.400000000000000000e+02
7.170000000000000000e+03 -8.000000000000000000e+01 5.520000000000000000e+02 -8.320000000000000000e+02
7.210000000000000000e+03 -8.000000000000000000e+01 5.600000000000000000e+02 -8.320000000000000000e+02
7.250000000000000000e+03 -7.200000000000000000e+01 5.600000000000000000e+02 -8.400000000000000000e+02
7.290000000000000000e+03 -8.000000000000000000e+01 5.680000000000000000e+02 -8.320000000000000000e+02
7.330000000000000000e+03 -7.200000000000000000e+01 5.600000000000000000e+02 -8.240000000000000000e+02
7.370000000000000000e+03 -7.200000000000000000e+01 5.680000000000000000e+02 -8.560000000000000000e+02
7.410000000000000000e+03 -6.400000000000000000e+01 5.680000000000000000e+02 -8.400000000000000000e+02
7.450000000000000000e+03 -6.400000000000000000e+01 5.840000000000000000e+02 -8.240000000000000000e+02
7.490000000000000000e+03 -6.400000000000000000e+01 5.840000000000000000e+02 -8.240000000000000000e+02
7.530000000000000000e+03 -7.200000000000000000e+01 5.840000000000000000e+02 -8.240000000000000000e+02
7.570000000000000000e+03 -7.200000000000000000e+01 5.840000000000000000e+02 -8.080000000000000000e+02
7.610000000000000000e+03 -6.400000000000000000e+01 5.840000000000000000e+02 -8.160000000000000000e+02
7.650000000000000000e+03 -6.400000000000000000e+01 5.840000000000000000e+02 -8.400000000000000000e+02
7.690000000000000000e+03 -7.200000000000000000e+01 5.840000000000000000e+02 -8.800000000000000000e+02
7.730000000000000000e+03 -6.400000000000000000e+01 5.920000000000000000e+02 -8.320000000000000000e+02
7.770000000000000000e+03 -4.800000000000000000e+01 5.840000000000000000e+02 -8.320000000000000000e+02
7.810000000000000000e+03 -4.800000000000000000e+01 6.080000000000000000e+02 -8.080000000000000000e+02
7.850000000000000000e+03 -6.400000000000000000e+01 5.920000000000000000e+02 -7.680000000000000000e+02
7.890000000000000000e+03 -6.400000000000000000e+01 5.920000000000000000e+02 -8.320000000000000000e+02
7.930000000000000000e+03 -7.200000000000000000e+01 5.920000000000000000e+02 -8.080000000000000000e+02
7.962000000000000000e+03 -7.200000000000000000e+01 5.760000000000000000e+02 -8.240000000000000000e+02
8.002000000000000000e+03 -6.400000000000000000e+01 5.760000000000000000e+02 -8.400000000000000000e+02
8.042000000000000000e+03 -5.600000000000000000e+01 5.840000000000000000e+02 -7.840000000000000000e+02
8.082000000000000000e+03 -5.600000000000000000e+01 5.760000000000000000e+02 -8.240000000000000000e+02
8.122000000000000000e+03 -7.200000000000000000e+01 5.920000000000000000e+02 -8.000000000000000000e+02
8.162000000000000000e+03 -6.400000000000000000e+01 5.840000000000000000e+02 -8.080000000000000000e+02
8.202000000000000000e+03 -6.400000000000000000e+01 5.840000000000000000e+02 -8.240000000000000000e+02
8.242000000000000000e+03 -6.400000000000000000e+01 6.080000000000000000e+02 -8.240000000000000000e+02
8.282000000000000000e+03 -6.400000000000000000e+01 6.080000000000000000e+02 -8.160000000000000000e+02
8.322000000000000000e+03 -5.600000000000000000e+01 6.000000000000000000e+02 -8.080000000000000000e+02
8.362000000000000000e+03 -6.400000000000000000e+01 5.920000000000000000e+02 -7.920000000000000000e+02
8.402000000000000000e+03 -6.400000000000000000e+01 5.840000000000000000e+02 -8.160000000000000000e+02
8.442000000000000000e+03 -5.600000000000000000e+01 5.840000000000000000e+02 -8.080000000000000000e+02
8.482000000000000000e+03 -4.800000000000000000e+01 5.840000000000000000e+02 -8.320000000000000000e+02
8.522000000000000000e+03 -5.600000000000000000e+01 6.000000000000000000e+02 -8.640000000000000000e+02
8.562000000000000000e+03 -8.000000000000000000e+01 5.760000000000000000e+02 -8.080000000000000000e+02
8.602000000000000000e+03 -7.200000000000000000e+01 5.840000000000000000e+02 -8.160000000000000000e+02
8.642000000000000000e+03 -7.200000000000000000e+01 5.920000000000000000e+02 -8.080000000000000000e+02
8.682000000000000000e+03 -6.400000000000000000e+01 6.000000000000000000e+02 -8.160000000000000000e+02
8.722000000000000000e+03 -7.200000000000000000e+01 5.760000000000000000e+02 -8.160000000000000000e+02
8.762000000000000000e+03 -6.400000000000000000e+01 5.840000000000000000e+02 -8.160000000000000000e+02
8.802000000000000000e+03 -6.400000000000000000e+01 5.920000000000000000e+02 -8.160000000000000000e+02
8.842000000000000000e+03 -4.800000000000000000e+01 6.000000000000000000e+02 -8.160000000000000000e+02
8.882000000000000000e+03 -6.400000000000000000e+01 6.000000000000000000e+02 -8.080000000000000000e+02
8.922000000000000000e+03 -5.600000000000000000e+01 6.000000000000000000e+02 -8.320000000000000000e+02
8.953000000000000000e+03 -4.800000000000000000e+01 6.000000000000000000e+02 -8.400000000000000000e+02
8.993000000000000000e+03 -5.600000000000000000e+01 6.000000000000000000e+02 -8.240000000000000000e+02
9.033000000000000000e+03 -7.200000000000000000e+01 6.080000000000000000e+02 -8.000000000000000000e+02
9.073000000000000000e+03 -7.200000000000000000e+01 6.000000000000000000e+02 -8.160000000000000000e+02
9.113000000000000000e+03 -8.000000000000000000e+01 6.160000000000000000e+02 -8.160000000000000000e+02
9.153000000000000000e+03 -6.400000000000000000e+01 6.000000000000000000e+02 -8.240000000000000000e+02
9.193000000000000000e+03 -7.200000000000000000e+01 6.000000000000000000e+02 -8.320000000000000000e+02
9.233000000000000000e+03 -7.200000000000000000e+01 6.000000000000000000e+02 -8.000000000000000000e+02
9.273000000000000000e+03 -5.600000000000000000e+01 6.000000000000000000e+02 -7.840000000000000000e+02
9.313000000000000000e+03 -6.400000000000000000e+01 5.920000000000000000e+02 -7.840000000000000000e+02
9.353000000000000000e+03 -6.400000000000000000e+01 6.000000000000000000e+02 -7.440000000000000000e+02
9.393000000000000000e+03 -7.200000000000000000e+01 5.920000000000000000e+02 -8.560000000000000000e+02
9.433000000000000000e+03 -6.400000000000000000e+01 6.000000000000000000e+02 -8.480000000000000000e+02
9.473000000000000000e+03 -6.400000000000000000e+01 6.000000000000000000e+02 -8.080000000000000000e+02
9.513000000000000000e+03 -8.000000000000000000e+01 5.760000000000000000e+02 -8.400000000000000000e+02
9.553000000000000000e+03 -8.800000000000000000e+01 5.920000000000000000e+02 -8.080000000000000000e+02
9.593000000000000000e+03 -7.200000000000000000e+01 5.920000000000000000e+02 -8.000000000000000000e+02
9.633000000000000000e+03 -8.000000000000000000e+01 5.920000000000000000e+02 -8.000000000000000000e+02
9.673000000000000000e+03 -7.200000000000000000e+01 5.920000000000000000e+02 -8.400000000000000000e+02
9.713000000000000000e+03 -7.200000000000000000e+01 5.840000000000000000e+02 -8.080000000000000000e+02
9.753000000000000000e+03 -6.400000000000000000e+01 5.920000000000000000e+02 -8.160000000000000000e+02
9.793000000000000000e+03 -5.600000000000000000e+01 6.080000000000000000e+02 -8.000000000000000000e+02
9.833000000000000000e+03 -7.200000000000000000e+01 6.240000000000000000e+02 -8.160000000000000000e+02
9.873000000000000000e+03 -7.200000000000000000e+01 6.160000000000000000e+02 -8.160000000000000000e+02
9.913000000000000000e+03 -6.400000000000000000e+01 6.080000000000000000e+02 -8.080000000000000000e+02
9.945000000000000000e+03 -8.000000000000000000e+01 6.000000000000000000e+02 -8.320000000000000000e+02
9.985000000000000000e+03 -5.600000000000000000e+01 6.080000000000000000e+02 -8.160000000000000000e+02
1.002500000000000000e+04 -6.400000000000000000e+01 6.000000000000000000e+02 -8.240000000000000000e+02
1.006500000000000000e+04 -7.200000000000000000e+01 5.840000000000000000e+02 -7.920000000000000000e+02
1.010500000000000000e+04 -8.800000000000000000e+01 6.080000000000000000e+02 -8.000000000000000000e+02
1.014500000000000000e+04 -8.800000000000000000e+01 5.920000000000000000e+02 -8.160000000000000000e+02
1.018500000000000000e+04 -9.600000000000000000e+01 6.080000000000000000e+02 -8.080000000000000000e+02
1.022500000000000000e+04 -8.800000000000000000e+01 5.920000000000000000e+02 -7.760000000000000000e+02
1.026500000000000000e+04 -1.040000000000000000e+02 5.760000000000000000e+02 -8.000000000000000000e+02
1.030500000000000000e+04 -8.800000000000000000e+01 5.840000000000000000e+02 -8.880000000000000000e+02
1.034500000000000000e+04 -8.000000000000000000e+01 6.000000000000000000e+02 -8.160000000000000000e+02
1.038500000000000000e+04 -9.600000000000000000e+01 6.000000000000000000e+02 -8.080000000000000000e+02
1.042500000000000000e+04 -8.800000000000000000e+01 6.160000000000000000e+02 -7.600000000000000000e+02
1.046500000000000000e+04 -8.000000000000000000e+01 6.000000000000000000e+02 -7.680000000000000000e+02
1.050500000000000000e+04 -7.200000000000000000e+01 6.080000000000000000e+02 -8.000000000000000000e+02
1.054500000000000000e+04 -5.600000000000000000e+01 5.920000000000000000e+02 -8.320000000000000000e+02
1.058500000000000000e+04 -6.400000000000000000e+01 6.080000000000000000e+02 -8.160000000000000000e+02
1.062500000000000000e+04 -6.400000000000000000e+01 6.000000000000000000e+02 -8.160000000000000000e+02
1.066500000000000000e+04 -7.200000000000000000e+01 6.080000000000000000e+02 -7.920000000000000000e+02
1.070500000000000000e+04 -4.800000000000000000e+01 6.080000000000000000e+02 -8.320000000000000000e+02
1.074500000000000000e+04 -5.600000000000000000e+01 6.080000000000000000e+02 -8.160000000000000000e+02
1.078500000000000000e+04 -5.600000000000000000e+01 6.080000000000000000e+02 -8.160000000000000000e+02
1.082500000000000000e+04 -7.200000000000000000e+01 6.000000000000000000e+02 -8.400000000000000000e+02
1.086500000000000000e+04 -6.400000000000000000e+01 6.080000000000000000e+02 -8.400000000000000000e+02
1.090500000000000000e+04 -6.400000000000000000e+01 6.000000000000000000e+02 -8.400000000000000000e+02
1.093600000000000000e+04 -6.400000000000000000e+01 6.000000000000000000e+02 -8.240000000000000000e+02
1.097600000000000000e+04 -7.200000000000000000e+01 5.920000000000000000e+02 -8.160000000000000000e+02
1.101600000000000000e+04 -7.200000000000000000e+01 6.000000000000000000e+02 -8.320000000000000000e+02
1.105600000000000000e+04 -7.200000000000000000e+01 5.840000000000000000e+02 -7.920000000000000000e+02
1.109600000000000000e+04 -8.000000000000000000e+01 5.760000000000000000e+02 -7.920000000000000000e+02
1.113600000000000000e+04 -8.000000000000000000e+01 5.680000000000000000e+02 -7.600000000000000000e+02
1.117600000000000000e+04 -8.000000000000000000e+01 5.920000000000000000e+02 -8.000000000000000000e+02
1.121600000000000000e+04 -8.000000000000000000e+01 6.000000000000000000e+02 -8.240000000000000000e+02
1.125600000000000000e+04 -7.200000000000000000e+01 6.000000000000000000e+02 -8.080000000000000000e+02
1.129600000000000000e+04 -7.200000000000000000e+01 6.160000000000000000e+02 -8.080000000000000000e+02
1.133600000000000000e+04 -7.200000000000000000e+01 6.000000000000000000e+02 -8.240000000000000000e+02
1.137600000000000000e+04 -7.200000000000000000e+01 6.080000000000000000e+02 -8.320000000000000000e+02
1.141600000000000000e+04 -7.200000000000000000e+01 6.000000000000000000e+02 -8.320000000000000000e+02
1.145600000000000000e+04 -7.200000000000000000e+01 6.000000000000000000e+02 -8.080000000000000000e+02
1.149600000000000000e+04 -6.400000000000000000e+01 6.000000000000000000e+02 -8.000000000000000000e+02
1.153600000000000000e+04 -7.200000000000000000e+01 6.000000000000000000e+02 -8.080000000000000000e+02
1.157600000000000000e+04 -7.200000000000000000e+01 6.000000000000000000e+02 -8.240000000000000000e+02
1.161600000000000000e+04 -8.000000000000000000e+01 6.160000000000000000e+02 -8.080000000000000000e+02
1.165600000000000000e+04 -7.200000000000000000e+01 6.080000000000000000e+02 -8.160000000000000000e+02
1.169600000000000000e+04 -7.200000000000000000e+01 6.000000000000000000e+02 -7.440000000000000000e+02
1.173600000000000000e+04 -8.800000000000000000e+01 6.240000000000000000e+02 -7.760000000000000000e+02
1.177600000000000000e+04 -6.400000000000000000e+01 6.160000000000000000e+02 -8.000000000000000000e+02
1.181600000000000000e+04 -5.600000000000000000e+01 5.840000000000000000e+02 -8.480000000000000000e+02
1.185600000000000000e+04 -6.400000000000000000e+01 6.000000000000000000e+02 -8.160000000000000000e+02
1.189600000000000000e+04 -7.200000000000000000e+01 6.080000000000000000e+02 -8.160000000000000000e+02
1.192800000000000000e+04 -7.200000000000000000e+01 6.000000000000000000e+02 -8.080000000000000000e+02
1.196800000000000000e+04 -8.000000000000000000e+01 6.000000000000000000e+02 -8.000000000000000000e+02
1.200800000000000000e+04 -8.000000000000000000e+01 5.920000000000000000e+02 -8.080000000000000000e+02
1.204800000000000000e+04 -8.800000000000000000e+01 5.840000000000000000e+02 -8.240000000000000000e+02
1.208800000000000000e+04 -6.400000000000000000e+01 6.000000000000000000e+02 -7.840000000000000000e+02
1.212800000000000000e+04 -8.000000000000000000e+01 6.000000000000000000e+02 -8.000000000000000000e+02
1.216800000000000000e+04 -7.200000000000000000e+01 5.760000000000000000e+02 -8.640000000000000000e+02
1.220800000000000000e+04 -5.600000000000000000e+01 5.920000000000000000e+02 -8.560000000000000000e+02
1.224800000000000000e+04 -6.400000000000000000e+01 5.920000000000000000e+02 -8.240000000000000000e+02
1.228800000000000000e+04 -6.400000000000000000e+01 6.080000000000000000e+02 -8.080000000000000000e+02
1.232800000000000000e+04 -6.400000000000000000e+01 6.000000000000000000e+02 -8.080000000000000000e+02
1.236800000000000000e+04 -6.400000000000000000e+01 6.000000000000000000e+02 -8.080000000000000000e+02
1.240800000000000000e+04 -6.400000000000000000e+01 5.760000000000000000e+02 -8.080000000000000000e+02
1.244800000000000000e+04 -7.200000000000000000e+01 5.920000000000000000e+02 -8.320000000000000000e+02
1.248800000000000000e+04 -7.200000000000000000e+01 6.000000000000000000e+02 -7.760000000000000000e+02
1.252800000000000000e+04 -7.200000000000000000e+01 5.920000000000000000e+02 -8.160000000000000000e+02
1.256800000000000000e+04 -6.400000000000000000e+01 5.920000000000000000e+02 -8.080000000000000000e+02
1.260800000000000000e+04 -5.600000000000000000e+01 5.840000000000000000e+02 -8.320000000000000000e+02
1.264800000000000000e+04 -7.200000000000000000e+01 6.000000000000000000e+02 -7.760000000000000000e+02
1.268800000000000000e+04 -8.800000000000000000e+01 6.080000000000000000e+02 -8.000000000000000000e+02
1.272800000000000000e+04 -8.000000000000000000e+01 6.080000000000000000e+02 -8.000000000000000000e+02
1.276800000000000000e+04 -9.600000000000000000e+01 6.080000000000000000e+02 -8.320000000000000000e+02
1.280800000000000000e+04 -8.800000000000000000e+01 6.000000000000000000e+02 -8.000000000000000000e+02
1.284800000000000000e+04 -7.200000000000000000e+01 6.000000000000000000e+02 -8.000000000000000000e+02
1.288800000000000000e+04 -6.400000000000000000e+01 6.080000000000000000e+02 -7.920000000000000000e+02
1.291900000000000000e+04 -6.400000000000000000e+01 6.080000000000000000e+02 -7.840000000000000000e+02
1.295900000000000000e+04 -7.200000000000000000e+01 6.080000000000000000e+02 -8.000000000000000000e+02
1.299900000000000000e+04 -7.200000000000000000e+01 6.080000000000000000e+02 -8.000000000000000000e+02
1.303900000000000000e+04 -8.000000000000000000e+01 6.160000000000000000e+02 -8.080000000000000000e+02
1.307900000000000000e+04 -8.800000000000000000e+01 6.160000000000000000e+02 -8.320000000000000000e+02
1.311900000000000000e+04 -8.000000000000000000e+01 6.000000000000000000e+02 -7.760000000000000000e+02
1.315900000000000000e+04 -7.200000000000000000e+01 6.080000000000000000e+02 -8.240000000000000000e+02
1.319900000000000000e+04 -8.000000000000000000e+01 6.160000000000000000e+02 -8.080000000000000000e+02
1.323900000000000000e+04 -7.200000000000000000e+01 6.080000000000000000e+02 -8.080000000000000000e+02
1.327900000000000000e+04 -7.200000000000000000e+01 6.080000000000000000e+02 -8.000000000000000000e+02
1.331900000000000000e+04 -7.200000000000000000e+01 6.080000000000000000e+02 -8.160000000000000000e+02
1.335900000000000000e+04 -6.400000000000000000e+01 6.000000000000000000e+02 -8.240000000000000000e+02
1.339900000000000000e+04 -6.400000000000000000e+01 6.000000000000000000e+02 -8.080000000000000000e+02
1.343900000000000000e+04 -6.400000000000000000e+01 6.000000000000000000e+02 -8.400000000000000000e+02
1.347900000000000000e+04 -6.400000000000000000e+01 6.080000000000000000e+02 -8.160000000000000000e+02
1.351900000000000000e+04 -6.400000000000000000e+01 6.000000000000000000e+02 -8.160000000000000000e+02
1.355900000000000000e+04 -8.800000000000000000e+01 6.000000000000000000e+02 -8.240000000000000000e+02
1.359900000000000000e+04 -8.000000000000000000e+01 6.080000000000000000e+02 -8.080000000000000000e+02
1.363900000000000000e+04 -7.200000000000000000e+01 6.080000000000000000e+02 -8.240000000000000000e+02
1.367900000000000000e+04 -7.200000000000000000e+01 6.000000000000000000e+02 -8.160000000000000000e+02
1.371900000000000000e+04 -7.200000000000000000e+01 6.000000000000000000e+02 -7.920000000000000000e+02
1.375900000000000000e+04 -6.400000000000000000e+01 5.920000000000000000e+02 -8.160000000000000000e+02
1.379900000000000000e+04 -6.400000000000000000e+01 5.920000000000000000e+02 -8.160000000000000000e+02
1.383900000000000000e+04 -7.200000000000000000e+01 5.920000000000000000e+02 -8.080000000000000000e+02
1.387900000000000000e+04 -6.400000000000000000e+01 6.000000000000000000e+02 -8.080000000000000000e+02
1.391000000000000000e+04 -5.600000000000000000e+01 6.000000000000000000e+02 -8.000000000000000000e+02
1.395000000000000000e+04 -8.000000000000000000e+01 6.000000000000000000e+02 -8.080000000000000000e+02
1.399000000000000000e+04 -6.400000000000000000e+01 6.000000000000000000e+02 -8.160000000000000000e+02
1.403000000000000000e+04 -7.200000000000000000e+01 5.920000000000000000e+02 -8.560000000000000000e+02
1.407000000000000000e+04 -8.000000000000000000e+01 5.840000000000000000e+02 -8.000000000000000000e+02
1.411000000000000000e+04 -7.200000000000000000e+01 5.920000000000000000e+02 -8.080000000000000000e+02
1.415000000000000000e+04 -7.200000000000000000e+01 5.920000000000000000e+02 -8.000000000000000000e+02
1.419000000000000000e+04 -7.200000000000000000e+01 6.160000000000000000e+02 -7.760000000000000000e+02
1.423000000000000000e+04 -5.600000000000000000e+01 5.920000000000000000e+02 -8.080000000000000000e+02
1.427000000000000000e+04 -5.600000000000000000e+01 5.920000000000000000e+02 -8.000000000000000000e+02
1.431000000000000000e+04 -8.000000000000000000e+01 5.920000000000000000e+02 -8.080000000000000000e+02
1.435000000000000000e+04 -8.000000000000000000e+01 6.080000000000000000e+02 -7.760000000000000000e+02
1.439000000000000000e+04 -7.200000000000000000e+01 6.080000000000000000e+02 -7.840000000000000000e+02
1.443000000000000000e+04 -7.200000000000000000e+01 6.080000000000000000e+02 -8.000000000000000000e+02
1.447000000000000000e+04 -7.200000000000000000e+01 6.080000000000000000e+02 -8.160000000000000000e+02
1.451000000000000000e+04 -1.040000000000000000e+02 6.000000000000000000e+02 -7.680000000000000000e+02
1.455000000000000000e+04 -1.040000000000000000e+02 6.000000000000000000e+02 -8.160000000000000000e+02
1.459000000000000000e+04 -8.800000000000000000e+01 6.080000000000000000e+02 -8.240000000000000000e+02
1.463000000000000000e+04 -8.000000000000000000e+01 6.000000000000000000e+02 -8.000000000000000000e+02
1.467000000000000000e+04 -6.400000000000000000e+01 6.000000000000000000e+02 -8.160000000000000000e+02
1.471000000000000000e+04 -6.400000000000000000e+01 6.000000000000000000e+02 -8.080000000000000000e+02
1.475000000000000000e+04 -8.800000000000000000e+01 6.000000000000000000e+02 -8.080000000000000000e+02
1.479000000000000000e+04 -8.000000000000000000e+01 6.000000000000000000e+02 -8.000000000000000000e+02
1.483000000000000000e+04 -8.800000000000000000e+01 6.080000000000000000e+02 -8.080000000000000000e+02
1.487000000000000000e+04 -8.000000000000000000e+01 6.080000000000000000e+02 -8.240000000000000000e+02
1.490300000000000000e+04 -7.200000000000000000e+01 6.080000000000000000e+02 -8.320000000000000000e+02
1.494300000000000000e+04 -7.200000000000000000e+01 5.920000000000000000e+02 -7.600000000000000000e+02
1.498300000000000000e+04 -4.800000000000000000e+01 6.000000000000000000e+02 -8.240000000000000000e+02
1.502300000000000000e+04 -6.400000000000000000e+01 5.920000000000000000e+02 -8.000000000000000000e+02
1.506300000000000000e+04 -5.600000000000000000e+01 5.840000000000000000e+02 -8.400000000000000000e+02
1.510300000000000000e+04 -6.400000000000000000e+01 5.680000000000000000e+02 -8.400000000000000000e+02
1.514300000000000000e+04 -4.800000000000000000e+01 5.840000000000000000e+02 -8.080000000000000000e+02
1.518300000000000000e+04 -6.400000000000000000e+01 5.760000000000000000e+02 -8.240000000000000000e+02
1.522300000000000000e+04 -4.800000000000000000e+01 5.920000000000000000e+02 -7.920000000000000000e+02
1.526300000000000000e+04 -4.800000000000000000e+01 5.840000000000000000e+02 -8.080000000000000000e+02
1.530300000000000000e+04 -6.400000000000000000e+01 5.920000000000000000e+02 -8.080000000000000000e+02
1.534300000000000000e+04 -8.000000000000000000e+01 5.840000000000000000e+02 -8.080000000000000000e+02
1.538300000000000000e+04 -7.200000000000000000e+01 6.000000000000000000e+02 -8.080000000000000000e+02
1.542300000000000000e+04 -7.200000000000000000e+01 6.000000000000000000e+02 -8.720000000000000000e+02
1.546300000000000000e+04 -7.200000000000000000e+01 6.000000000000000000e+02 -8.080000000000000000e+02
1.550300000000000000e+04 -7.200000000000000000e+01 6.080000000000000000e+02 -8.240000000000000000e+02
1.554300000000000000e+04 -8.800000000000000000e+01 6.080000000000000000e+02 -8.320000000000000000e+02
1.558300000000000000e+04 -8.800000000000000000e+01 5.920000000000000000e+02 -8.080000000000000000e+02
1.562300000000000000e+04 -8.800000000000000000e+01 5.920000000000000000e+02 -7.680000000000000000e+02
1.566300000000000000e+04 -7.200000000000000000e+01 5.920000000000000000e+02 -8.160000000000000000e+02
1.570300000000000000e+04 -7.200000000000000000e+01 6.160000000000000000e+02 -7.840000000000000000e+02
1.574300000000000000e+04 -7.200000000000000000e+01 6.160000000000000000e+02 -8.080000000000000000e+02
1.578300000000000000e+04 -7.200000000000000000e+01 6.000000000000000000e+02 -8.240000000000000000e+02
1.582300000000000000e+04 -4.800000000000000000e+01 5.920000000000000000e+02 -7.520000000000000000e+02
1.586300000000000000e+04 -6.400000000000000000e+01 5.840000000000000000e+02 -8.320000000000000000e+02
1.589400000000000000e+04 -7.200000000000000000e+01 6.000000000000000000e+02 -8.160000000000000000e+02
1.593400000000000000e+04 -7.200000000000000000e+01 5.920000000000000000e+02 -7.680000000000000000e+02
1.597400000000000000e+04 -9.600000000000000000e+01 5.600000000000000000e+02 -8.240000000000000000e+02
1.601400000000000000e+04 -8.000000000000000000e+01 5.760000000000000000e+02 -8.240000000000000000e+02
1.605400000000000000e+04 -8.000000000000000000e+01 5.920000000000000000e+02 -8.000000000000000000e+02
1.609400000000000000e+04 -5.600000000000000000e+01 5.920000000000000000e+02 -8.080000000000000000e+02
1.613400000000000000e+04 -4.800000000000000000e+01 6.080000000000000000e+02 -8.000000000000000000e+02
1.617400000000000000e+04 -5.600000000000000000e+01 6.080000000000000000e+02 -8.000000000000000000e+02
1.621400000000000000e+04 -6.400000000000000000e+01 6.080000000000000000e+02 -8.080000000000000000e+02
1.625400000000000000e+04 -7.200000000000000000e+01 6.080000000000000000e+02 -8.000000000000000000e+02
1.629400000000000000e+04 -8.000000000000000000e+01 6.000000000000000000e+02 -8.480000000000000000e+02
1.633400000000000000e+04 -7.200000000000000000e+01 6.080000000000000000e+02 -7.840000000000000000e+02
1.637400000000000000e+04 -7.200000000000000000e+01 6.080000000000000000e+02 -7.920000000000000000e+02
1.641400000000000000e+04 -6.400000000000000000e+01 6.080000000000000000e+02 -8.160000000000000000e+02
1.645400000000000000e+04 -7.200000000000000000e+01 6.240000000000000000e+02 -8.000000000000000000e+02
1.649400000000000000e+04 -8.000000000000000000e+01 6.000000000000000000e+02 -8.160000000000000000e+02
1.653400000000000000e+04 -8.000000000000000000e+01 6.080000000000000000e+02 -8.080000000000000000e+02
1.657400000000000000e+04 -7.200000000000000000e+01 6.000000000000000000e+02 -8.000000000000000000e+02
1.661400000000000000e+04 -8.000000000000000000e+01 6.000000000000000000e+02 -8.240000000000000000e+02
1.665400000000000000e+04 -7.200000000000000000e+01 6.240000000000000000e+02 -8.160000000000000000e+02
1.669400000000000000e+04 -6.400000000000000000e+01 6.080000000000000000e+02 -8.080000000000000000e+02
1.673400000000000000e+04 -8.000000000000000000e+01 6.080000000000000000e+02 -8.240000000000000000e+02
1.677400000000000000e+04 -1.040000000000000000e+02 6.080000000000000000e+02 -8.240000000000000000e+02
1.681400000000000000e+04 -8.800000000000000000e+01 6.000000000000000000e+02 -8.160000000000000000e+02
1.685400000000000000e+04 -7.200000000000000000e+01 6.000000000000000000e+02 -8.240000000000000000e+02
1.688600000000000000e+04 -8.800000000000000000e+01 6.240000000000000000e+02 -8.320000000000000000e+02
1.692600000000000000e+04 -8.000000000000000000e+01 6.160000000000000000e+02 -8.480000000000000000e+02
1.696600000000000000e+04 -6.400000000000000000e+01 6.320000000000000000e+02 -7.600000000000000000e+02
1.700600000000000000e+04 -7.200000000000000000e+01 6.240000000000000000e+02 -8.000000000000000000e+02
1.704600000000000000e+04 -8.000000000000000000e+01 6.160000000000000000e+02 -8.080000000000000000e+02
1.708600000000000000e+04 -7.200000000000000000e+01 6.080000000000000000e+02 -8.240000000000000000e+02
1.712600000000000000e+04 -7.200000000000000000e+01 6.000000000000000000e+02 -7.680000000000000000e+02
1.716600000000000000e+04 -7.200000000000000000e+01 6.000000000000000000e+02 -8.000000000000000000e+02
1.720600000000000000e+04 -6.400000000000000000e+01 5.920000000000000000e+02 -8.080000000000000000e+02
1.724600000000000000e+04 -7.200000000000000000e+01 6.000000000000000000e+02 -8.240000000000000000e+02
1.728600000000000000e+04 -6.400000000000000000e+01 6.080000000000000000e+02 -8.000000000000000000e+02
1.732600000000000000e+04 -7.200000000000000000e+01 6.080000000000000000e+02 -7.840000000000000000e+02
1.736600000000000000e+04 -7.200000000000000000e+01 6.080000000000000000e+02 -7.920000000000000000e+02
1.740600000000000000e+04 -8.000000000000000000e+01 6.160000000000000000e+02 -8.080000000000000000e+02
1.744600000000000000e+04 -7.200000000000000000e+01 6.080000000000000000e+02 -8.640000000000000000e+02
1.748600000000000000e+04 -6.400000000000000000e+01 6.080000000000000000e+02 -7.920000000000000000e+02
1.752600000000000000e+04 -7.200000000000000000e+01 6.000000000000000000e+02 -8.080000000000000000e+02
1.756600000000000000e+04 -7.200000000000000000e+01 6.080000000000000000e+02 -8.160000000000000000e+02
1.760600000000000000e+04 -8.000000000000000000e+01 6.080000000000000000e+02 -8.080000000000000000e+02
1.764600000000000000e+04 -8.000000000000000000e+01 5.920000000000000000e+02 -8.080000000000000000e+02
1.768600000000000000e+04 -8.000000000000000000e+01 5.920000000000000000e+02 -7.920000000000000000e+02
1.772600000000000000e+04 -7.200000000000000000e+01 6.000000000000000000e+02 -8.080000000000000000e+02
1.776600000000000000e+04 -8.800000000000000000e+01 6.000000000000000000e+02 -8.320000000000000000e+02
1.780600000000000000e+04 -8.000000000000000000e+01 6.080000000000000000e+02 -8.080000000000000000e+02
1.784600000000000000e+04 -8.800000000000000000e+01 5.920000000000000000e+02 -8.400000000000000000e+02
1.787700000000000000e+04 -8.000000000000000000e+01 6.000000000000000000e+02 -8.080000000000000000e+02
1.791700000000000000e+04 -6.400000000000000000e+01 6.000000000000000000e+02 -8.320000000000000000e+02
1.795700000000000000e+04 -7.200000000000000000e+01 5.920000000000000000e+02 -8.240000000000000000e+02
1.799700000000000000e+04 -7.200000000000000000e+01 6.080000000000000000e+02 -8.160000000000000000e+02
1.803700000000000000e+04 -7.200000000000000000e+01 6.000000000000000000e+02 -8.080000000000000000e+02
1.807700000000000000e+04 -8.800000000000000000e+01 6.320000000000000000e+02 -8.080000000000000000e+02
1.811700000000000000e+04 -8.000000000000000000e+01 6.160000000000000000e+02 -8.080000000000000000e+02
1.815700000000000000e+04 -4.800000000000000000e+01 6.080000000000000000e+02 -8.320000000000000000e+02
1.819700000000000000e+04 -5.600000000000000000e+01 6.080000000000000000e+02 -8.080000000000000000e+02
1.823700000000000000e+04 -6.400000000000000000e+01 6.000000000000000000e+02 -7.760000000000000000e+02
1.827700000000000000e+04 -6.400000000000000000e+01 6.000000000000000000e+02 -8.240000000000000000e+02
1.831700000000000000e+04 -7.200000000000000000e+01 5.920000000000000000e+02 -8.080000000000000000e+02
1.835700000000000000e+04 -8.000000000000000000e+01 6.080000000000000000e+02 -7.920000000000000000e+02
1.839700000000000000e+04 -7.200000000000000000e+01 6.240000000000000000e+02 -8.000000000000000000e+02
1.843700000000000000e+04 -7.200000000000000000e+01 6.240000000000000000e+02 -7.680000000000000000e+02
1.847700000000000000e+04 -7.200000000000000000e+01 6.240000000000000000e+02 -8.160000000000000000e+02
1.851700000000000000e+04 -6.400000000000000000e+01 6.000000000000000000e+02 -8.240000000000000000e+02
1.855700000000000000e+04 -7.200000000000000000e+01 5.920000000000000000e+02 -8.000000000000000000e+02
1.859700000000000000e+04 -5.600000000000000000e+01 6.000000000000000000e+02 -7.920000000000000000e+02
1.863700000000000000e+04 -6.400000000000000000e+01 6.080000000000000000e+02 -8.240000000000000000e+02
1.867700000000000000e+04 -7.200000000000000000e+01 6.160000000000000000e+02 -8.160000000000000000e+02
1.871700000000000000e+04 -6.400000000000000000e+01 6.160000000000000000e+02 -7.920000000000000000e+02
1.875700000000000000e+04 -8.000000000000000000e+01 6.160000000000000000e+02 -8.000000000000000000e+02
1.879700000000000000e+04 -8.000000000000000000e+01 6.160000000000000000e+02 -8.080000000000000000e+02
1.883700000000000000e+04 -6.400000000000000000e+01 6.160000000000000000e+02 -8.320000000000000000e+02
1.886800000000000000e+04 -6.400000000000000000e+01 6.080000000000000000e+02 -8.160000000000000000e+02
1.890800000000000000e+04 -6.400000000000000000e+01 6.160000000000000000e+02 -8.080000000000000000e+02
1.894800000000000000e+04 -7.200000000000000000e+01 6.160000000000000000e+02 -8.080000000000000000e+02
1.898800000000000000e+04 -7.200000000000000000e+01 6.080000000000000000e+02 -8.480000000000000000e+02
1.902800000000000000e+04 -7.200000000000000000e+01 5.920000000000000000e+02 -8.240000000000000000e+02
1.906800000000000000e+04 -8.000000000000000000e+01 5.920000000000000000e+02 -8.240000000000000000e+02
1.910800000000000000e+04 -8.000000000000000000e+01 6.000000000000000000e+02 -8.160000000000000000e+02
1.914800000000000000e+04 -8.000000000000000000e+01 6.000000000000000000e+02 -8.160000000000000000e+02
1.918800000000000000e+04 -8.000000000000000000e+01 6.000000000000000000e+02 -8.080000000000000000e+02
1.922800000000000000e+04 -8.000000000000000000e+01 6.000000000000000000e+02 -8.160000000000000000e+02
1.926800000000000000e+04 -8.000000000000000000e+01 6.000000000000000000e+02 -8.240000000000000000e+02
1.930800000000000000e+04 -8.000000000000000000e+01 5.920000000000000000e+02 -8.240000000000000000e+02
1.934800000000000000e+04 -7.200000000000000000e+01 6.000000000000000000e+02 -8.240000000000000000e+02
1.938800000000000000e+04 -7.200000000000000000e+01 6.000000000000000000e+02 -8.160000000000000000e+02
1.942800000000000000e+04 -9.600000000000000000e+01 5.920000000000000000e+02 -8.080000000000000000e+02
1.946800000000000000e+04 -8.800000000000000000e+01 6.000000000000000000e+02 -8.320000000000000000e+02
1.950800000000000000e+04 -8.000000000000000000e+01 5.920000000000000000e+02 -8.080000000000000000e+02
1.954800000000000000e+04 -8.000000000000000000e+01 5.920000000000000000e+02 -8.240000000000000000e+02
1.958800000000000000e+04 -8.000000000000000000e+01 5.920000000000000000e+02 -8.320000000000000000e+02
1.962800000000000000e+04 -8.800000000000000000e+01 5.840000000000000000e+02 -8.080000000000000000e+02
1.966800000000000000e+04 -8.000000000000000000e+01 5.840000000000000000e+02 -8.080000000000000000e+02
1.970800000000000000e+04 -9.600000000000000000e+01 5.920000000000000000e+02 -8.320000000000000000e+02
1.974800000000000000e+04 -8.800000000000000000e+01 6.000000000000000000e+02 -8.080000000000000000e+02
1.978800000000000000e+04 -8.000000000000000000e+01 6.240000000000000000e+02 -8.400000000000000000e+02
1.982800000000000000e+04 -6.400000000000000000e+01 6.080000000000000000e+02 -8.160000000000000000e+02
