7.000000000000000000e+01 -1.600000000000000000e+01 1.008000000000000000e+03 1.360000000000000000e+02
1.100000000000000000e+02 -1.600000000000000000e+01 1.008000000000000000e+03 1.200000000000000000e+02
1.500000000000000000e+02 -8.000000000000000000e+00 1.008000000000000000e+03 1.200000000000000000e+02
1.900000000000000000e+02 -1.600000000000000000e+01 1.016000000000000000e+03 1.360000000000000000e+02
2.300000000000000000e+02 -8.000000000000000000e+00 1.008000000000000000e+03 1.200000000000000000e+02
2.700000000000000000e+02 -8.000000000000000000e+00 1.008000000000000000e+03 1.360000000000000000e+02
3.100000000000000000e+02 -3.200000000000000000e+01 1.000000000000000000e+03 9.600000000000000000e+01
3.500000000000000000e+02 -3.200000000000000000e+01 9.840000000000000000e+02 1.600000000000000000e+02
3.900000000000000000e+02 -3.200000000000000000e+01 1.000000000000000000e+03 1.120000000000000000e+02
4.300000000000000000e+02 2.400000000000000000e+01 9.920000000000000000e+02 1.040000000000000000e+02
4.700000000000000000e+02 1.600000000000000000e+01 9.920000000000000000e+02 1.280000000000000000e+02
5.100000000000000000e+02 8.000000000000000000e+00 1.000000000000000000e+03 1.120000000000000000e+02
5.500000000000000000e+02 8.000000000000000000e+00 1.000000000000000000e+03 1.440000000000000000e+02
5.900000000000000000e+02 0.000000000000000000e+00 1.000000000000000000e+03 1.280000000000000000e+02
6.300000000000000000e+02 -8.000000000000000000e+00 1.000000000000000000e+03 1.600000000000000000e+02
6.700000000000000000e+02 -8.000000000000000000e+00 1.008000000000000000e+03 1.280000000000000000e+02
7.100000000000000000e+02 -8.000000000000000000e+00 1.008000000000000000e+03 1.440000000000000000e+02
7.500000000000000000e+02 -1.600000000000000000e+01 1.000000000000000000e+03 1.200000000000000000e+02
7.900000000000000000e+02 0.000000000000000000e+00 1.000000000000000000e+03 1.280000000000000000e+02
8.300000000000000000e+02 0.000000000000000000e+00 1.000000000000000000e+03 1.280000000000000000e+02
8.700000000000000000e+02 0.000000000000000000e+00 9.920000000000000000e+02 1.360000000000000000e+02
9.100000000000000000e+02 0.000000000000000000e+00 1.000000000000000000e+03 1.280000000000000000e+02
9.500000000000000000e+02 -8.000000000000000000e+00 1.000000000000000000e+03 1.360000000000000000e+02
9.900000000000000000e+02 -8.000000000000000000e+00 1.000000000000000000e+03 1.200000000000000000e+02
1.030000000000000000e+03 -1.600000000000000000e+01 1.000000000000000000e+03 1.520000000000000000e+02
1.061000000000000000e+03 -8.000000000000000000e+00 1.000000000000000000e+03 1.520000000000000000e+02
1.101000000000000000e+03 -8.000000000000000000e+00 1.008000000000000000e+03 1.360000000000000000e+02
1.141000000000000000e+03 0.000000000000000000e+00 1.008000000000000000e+03 1.360000000000000000e+02
1.181000000000000000e+03 0.000000000000000000e+00 9.920000000000000000e+02 1.600000000000000000e+02
1.221000000000000000e+03 1.600000000000000000e+01 9.920000000000000000e+02 1.920000000000000000e+02
1.261000000000000000e+03 8.000000000000000000e+00 1.024000000000000000e+03 1.120000000000000000e+02
1.301000000000000000e+03 8.000000000000000000e+00 1.016000000000000000e+03 1.360000000000000000e+02
1.341000000000000000e+03 0.000000000000000000e+00 1.008000000000000000e+03 1.360000000000000000e+02
1.381000000000000000e+03 0.000000000000000000e+00 1.000000000000000000e+03 1.440000000000000000e+02
1.421000000000000000e+03 0.000000000000000000e+00 1.000000000000000000e+03 1.280000000000000000e+02
1.461000000000000000e+03 -8.000000000000000000e+00 1.016000000000000000e+03 1.360000000000000000e+02
1.501000000000000000e+03 -2.400000000000000000e+01 1.016000000000000000e+03 9.600000000000000000e+01
1.541000000000000000e+03 -8.000000000000000000e+00 1.016000000000000000e+03 1.600000000000000000e+02
1.581000000000000000e+03 0.000000000000000000e+00 1.016000000000000000e+03 1.280000000000000000e+02
1.621000000000000000e+03 -8.000000000000000000e+00 1.000000000000000000e+03 1.520000000000000000e+02
1.661000000000000000e+03 -8.000000000000000000e+00 1.000000000000000000e+03 1.120000000000000000e+02
1.701000000000000000e+03 -1.600000000000000000e+01 1.008000000000000000e+03 1.280000000000000000e+02
1.741000000000000000e+03 -8.000000000000000000e+00 9.920000000000000000e+02 8.000000000000000000e+01
1.781000000000000000e+03 -1.600000000000000000e+01 9.920000000000000000e+02 1.440000000000000000e+02
1.821000000000000000e+03 -8.000000000000000000e+00 9.840000000000000000e+02 1.280000000000000000e+02
1.861000000000000000e+03 -8.000000000000000000e+00 9.920000000000000000e+02 1.280000000000000000e+02
1.901000000000000000e+03 8.000000000000000000e+00 1.000000000000000000e+03 9.600000000000000000e+01
1.941000000000000000e+03 0.000000000000000000e+00 1.008000000000000000e+03 1.520000000000000000e+02
1.981000000000000000e+03 0.000000000000000000e+00 1.000000000000000000e+03 1.280000000000000000e+02
2.021000000000000000e+03 0.000000000000000000e+00 1.024000000000000000e+03 1.200000000000000000e+02
2.052000000000000000e+03 0.000000000000000000e+00 1.000000000000000000e+03 1.280000000000000000e+02
2.092000000000000000e+03 8.000000000000000000e+00 1.040000000000000000e+03 1.440000000000000000e+02
2.132000000000000000e+03 0.000000000000000000e+00 1.016000000000000000e+03 1.280000000000000000e+02
2.172000000000000000e+03 0.000000000000000000e+00 1.000000000000000000e+03 1.360000000000000000e+02
2.212000000000000000e+03 2.400000000000000000e+01 9.920000000000000000e+02 1.440000000000000000e+02
2.252000000000000000e+03 8.000000000000000000e+00 9.920000000000000000e+02 1.120000000000000000e+02
2.292000000000000000e+03 8.000000000000000000e+00 1.024000000000000000e+03 1.280000000000000000e+02
2.332000000000000000e+03 8.000000000000000000e+00 1.016000000000000000e+03 1.360000000000000000e+02
2.372000000000000000e+03 -8.000000000000000000e+00 1.008000000000000000e+03 1.280000000000000000e+02
2.412000000000000000e+03 -8.000000000000000000e+00 1.008000000000000000e+03 1.360000000000000000e+02
2.452000000000000000e+03 -1.600000000000000000e+01 1.008000000000000000e+03 1.280000000000000000e+02
2.492000000000000000e+03 -8.000000000000000000e+00 9.680000000000000000e+02 1.360000000000000000e+02
2.532000000000000000e+03 -8.000000000000000000e+00 9.840000000000000000e+02 1.200000000000000000e+02
2.572000000000000000e+03 -8.000000000000000000e+00 9.920000000000000000e+02 1.280000000000000000e+02
2.612000000000000000e+03 0.000000000000000000e+00 1.000000000000000000e+03 1.120000000000000000e+02
2.652000000000000000e+03 -8.000000000000000000e+00 9.920000000000000000e+02 1.040000000000000000e+02
2.692000000000000000e+03 -8.000000000000000000e+00 1.000000000000000000e+03 1.040000000000000000e+02
2.732000000000000000e+03 -1.600000000000000000e+01 1.008000000000000000e+03 1.520000000000000000e+02
2.772000000000000000e+03 -8.000000000000000000e+00 1.016000000000000000e+03 1.360000000000000000e+02
2.812000000000000000e+03 1.600000000000000000e+01 1.008000000000000000e+03 8.000000000000000000e+01
2.852000000000000000e+03 0.000000000000000000e+00 1.008000000000000000e+03 1.440000000000000000e+02
2.892000000000000000e+03 0.000000000000000000e+00 1.008000000000000000e+03 1.280000000000000000e+02
2.932000000000000000e+03 0.000000000000000000e+00 1.024000000000000000e+03 1.360000000000000000e+02
2.972000000000000000e+03 0.000000000000000000e+00 1.016000000000000000e+03 1.600000000000000000e+02
3.012000000000000000e+03 -1.600000000000000000e+01 1.016000000000000000e+03 1.360000000000000000e+02
3.044000000000000000e+03 -1.600000000000000000e+01 1.008000000000000000e+03 1.280000000000000000e+02
3.084000000000000000e+03 1.600000000000000000e+01 1.000000000000000000e+03 1.200000000000000000e+02
3.124000000000000000e+03 2.400000000000000000e+01 1.008000000000000000e+03 1.200000000000000000e+02
3.164000000000000000e+03 8.000000000000000000e+00 1.000000000000000000e+03 1.280000000000000000e+02
3.204000000000000000e+03 0.000000000000000000e+00 1.040000000000000000e+03 1.760000000000000000e+02
3.244000000000000000e+03 -8.000000000000000000e+00 1.032000000000000000e+03 1.040000000000000000e+02
3.284000000000000000e+03 -8.000000000000000000e+00 1.016000000000000000e+03 1.280000000000000000e+02
3.324000000000000000e+03 -8.000000000000000000e+00 1.008000000000000000e+03 1.360000000000000000e+02
3.364000000000000000e+03 -8.000000000000000000e+00 1.008000000000000000e+03 1.440000000000000000e+02
3.404000000000000000e+03 -8.000000000000000000e+00 1.024000000000000000e+03 8.800000000000000000e+01
3.444000000000000000e+03 -8.000000000000000000e+00 1.016000000000000000e+03 1.280000000000000000e+02
3.484000000000000000e+03 -8.000000000000000000e+00 1.008000000000000000e+03 1.280000000000000000e+02
3.524000000000000000e+03 0.000000000000000000e+00 1.032000000000000000e+03 1.280000000000000000e+02
3.564000000000000000e+03 1.600000000000000000e+01 1.024000000000000000e+03 1.120000000000000000e+02
3.604000000000000000e+03 0.000000000000000000e+00 1.024000000000000000e+03 9.600000000000000000e+01
3.644000000000000000e+03 0.000000000000000000e+00 1.008000000000000000e+03 1.440000000000000000e+02
3.684000000000000000e+03 0.000000000000000000e+00 1.008000000000000000e+03 1.440000000000000000e+02
3.724000000000000000e+03 0.000000000000000000e+00 1.008000000000000000e+03 1.200000000000000000e+02
3.764000000000000000e+03 0.000000000000000000e+00 1.008000000000000000e+03 1.440000000000000000e+02
3.804000000000000000e+03 -8.000000000000000000e+00 1.008000000000000000e+03 8.000000000000000000e+01
3.844000000000000000e+03 -2.400000000000000000e+01 1.000000000000000000e+03 1.600000000000000000e+02
3.884000000000000000e+03 -1.600000000000000000e+01 1.008000000000000000e+03 1.120000000000000000e+02
3.924000000000000000e+03 0.000000000000000000e+00 1.008000000000000000e+03 1.360000000000000000e+02
3.964000000000000000e+03 -8.000000000000000000e+00 1.008000000000000000e+03 1.600000000000000000e+02
4.004000000000000000e+03 -8.000000000000000000e+00 1.016000000000000000e+03 1.520000000000000000e+02
4.036000000000000000e+03 0.000000000000000000e+00 1.008000000000000000e+03 1.520000000000000000e+02
4.076000000000000000e+03 -8.000000000000000000e+00 1.008000000000000000e+03 7.200000000000000000e+01
4.116000000000000000e+03 -8.000000000000000000e+00 9.840000000000000000e+02 1.360000000000000000e+02
4.156000000000000000e+03 8.000000000000000000e+00 1.008000000000000000e+03 1.360000000000000000e+02
4.196000000000000000e+03 0.000000000000000000e+00 1.024000000000000000e+03 1.200000000000000000e+02
4.236000000000000000e+03 -8.000000000000000000e+00 1.032000000000000000e+03 1.440000000000000000e+02
4.276000000000000000e+03 1.600000000000000000e+01 1.024000000000000000e+03 1.200000000000000000e+02
4.316000000000000000e+03 0.000000000000000000e+00 9.760000000000000000e+02 1.120000000000000000e+02
4.356000000000000000e+03 0.000000000000000000e+00 9.920000000000000000e+02 1.360000000000000000e+02
4.396000000000000000e+03 -8.000000000000000000e+00 1.000000000000000000e+03 1.120000000000000000e+02
4.436000000000000000e+03 0.000000000000000000e+00 9.920000000000000000e+02 1.200000000000000000e+02
4.476000000000000000e+03 8.000000000000000000e+00 9.920000000000000000e+02 1.440000000000000000e+02
4.516000000000000000e+03 0.000000000000000000e+00 1.000000000000000000e+03 1.600000000000000000e+02
4.556000000000000000e+03 8.000000000000000000e+00 1.008000000000000000e+03 1.040000000000000000e+02
4.596000000000000000e+03 0.000000000000000000e+00 1.008000000000000000e+03 1.280000000000000000e+02
4.636000000000000000e+03 -8.000000000000000000e+00 1.008000000000000000e+03 1.280000000000000000e+02
4.676000000000000000e+03 0.000000000000000000e+00 1.016000000000000000e+03 8.800000000000000000e+01
4.716000000000000000e+03 -2.400000000000000000e+01 1.000000000000000000e+03 1.280000000000000000e+02
4.756000000000000000e+03 -8.000000000000000000e+00 1.000000000000000000e+03 1.360000000000000000e+02
4.796000000000000000e+03 0.000000000000000000e+00 1.000000000000000000e+03 1.200000000000000000e+02
4.836000000000000000e+03 -8.000000000000000000e+00 1.008000000000000000e+03 1.200000000000000000e+02
4.876000000000000000e+03 0.000000000000000000e+00 1.056000000000000000e+03 1.280000000000000000e+02
4.916000000000000000e+03 -8.000000000000000000e+00 1.032000000000000000e+03 1.280000000000000000e+02
4.956000000000000000e+03 -8.000000000000000000e+00 1.024000000000000000e+03 1.360000000000000000e+02
4.996000000000000000e+03 -1.600000000000000000e+01 1.016000000000000000e+03 1.280000000000000000e+02
5.027000000000000000e+03 -8.000000000000000000e+00 1.008000000000000000e+03 1.280000000000000000e+02
5.067000000000000000e+03 0.000000000000000000e+00 1.016000000000000000e+03 1.280000000000000000e+02
5.107000000000000000e+03 0.000000000000000000e+00 1.000000000000000000e+03 1.360000000000000000e+02
5.147000000000000000e+03 -2.400000000000000000e+01 1.000000000000000000e+03 1.120000000000000000e+02
5.187000000000000000e+03 -2.400000000000000000e+01 1.000000000000000000e+03 1.520000000000000000e+02
5.227000000000000000e+03 -8.000000000000000000e+00 9.840000000000000000e+02 8.800000000000000000e+01
5.267000000000000000e+03 0.000000000000000000e+00 9.680000000000000000e+02 1.120000000000000000e+02
5.307000000000000000e+03 -8.000000000000000000e+00 9.840000000000000000e+02 1.040000000000000000e+02
5.347000000000000000e+03 -8.000000000000000000e+00 9.760000000000000000e+02 9.600000000000000000e+01
5.387000000000000000e+03 -8.000000000000000000e+00 1.000000000000000000e+03 1.040000000000000000e+02
5.427000000000000000e+03 -1.600000000000000000e+01 1.008000000000000000e+03 1.520000000000000000e+02
5.467000000000000000e+03 -8.000000000000000000e+00 1.008000000000000000e+03 1.040000000000000000e+02
5.507000000000000000e+03 -8.000000000000000000e+00 1.008000000000000000e+03 8.800000000000000000e+01
5.547000000000000000e+03 -1.600000000000000000e+01 1.000000000000000000e+03 1.120000000000000000e+02
5.587000000000000000e+03 -1.600000000000000000e+01 1.008000000000000000e+03 8.800000000000000000e+01
5.627000000000000000e+03 -1.600000000000000000e+01 1.024000000000000000e+03 1.360000000000000000e+02
5.667000000000000000e+03 8.000000000000000000e+00 1.032000000000000000e+03 1.280000000000000000e+02
5.707000000000000000e+03 8.000000000000000000e+00 1.000000000000000000e+03 1.520000000000000000e+02
5.747000000000000000e+03 -8.000000000000000000e+00 1.000000000000000000e+03 1.360000000000000000e+02
5.787000000000000000e+03 -1.600000000000000000e+01 1.024000000000000000e+03 1.120000000000000000e+02
5.827000000000000000e+03 -8.000000000000000000e+00 9.840000000000000000e+02 1.360000000000000000e+02
5.867000000000000000e+03 1.600000000000000000e+01 1.016000000000000000e+03 1.040000000000000000e+02
5.907000000000000000e+03 0.000000000000000000e+00 1.008000000000000000e+03 1.280000000000000000e+02
5.947000000000000000e+03 -8.000000000000000000e+00 1.000000000000000000e+03 1.360000000000000000e+02
5.987000000000000000e+03 -3.200000000000000000e+01 1.008000000000000000e+03 1.360000000000000000e+02
6.019000000000000000e+03 -1.600000000000000000e+01 1.032000000000000000e+03 7.200000000000000000e+01
6.059000000000000000e+03 -1.600000000000000000e+01 1.016000000000000000e+03 1.280000000000000000e+02
6.099000000000000000e+03 -1.600000000000000000e+01 9.920000000000000000e+02 1.200000000000000000e+02
6.139000000000000000e+03 -8.000000000000000000e+00 9.600000000000000000e+02 1.120000000000000000e+02
6.179000000000000000e+03 -8.000000000000000000e+00 9.840000000000000000e+02 1.520000000000000000e+02
6.219000000000000000e+03 -8.000000000000000000e+00 9.840000000000000000e+02 1.520000000000000000e+02
6.259000000000000000e+03 -2.400000000000000000e+01 9.920000000000000000e+02 1.600000000000000000e+02
6.299000000000000000e+03 0.000000000000000000e+00 1.016000000000000000e+03 1.520000000000000000e+02
6.339000000000000000e+03 0.000000000000000000e+00 1.008000000000000000e+03 1.440000000000000000e+02
6.379000000000000000e+03 -8.000000000000000000e+00 1.008000000000000000e+03 1.680000000000000000e+02
6.419000000000000000e+03 0.000000000000000000e+00 1.000000000000000000e+03 1.360000000000000000e+02
6.459000000000000000e+03 -2.400000000000000000e+01 9.920000000000000000e+02 1.200000000000000000e+02
6.499000000000000000e+03 -1.600000000000000000e+01 1.000000000000000000e+03 1.600000000000000000e+02
6.539000000000000000e+03 -8.000000000000000000e+00 9.920000000000000000e+02 1.440000000000000000e+02
6.579000000000000000e+03 -4.800000000000000000e+01 9.920000000000000000e+02 1.520000000000000000e+02
6.619000000000000000e+03 -1.600000000000000000e+01 9.920000000000000000e+02 1.280000000000000000e+02
6.659000000000000000e+03 -1.600000000000000000e+01 1.000000000000000000e+03 1.680000000000000000e+02
6.699000000000000000e+03 0.000000000000000000e+00 1.016000000000000000e+03 1.440000000000000000e+02
6.739000000000000000e+03 -2.400000000000000000e+01 1.008000000000000000e+03 1.440000000000000000e+02
6.779000000000000000e+03 -1.600000000000000000e+01 1.008000000000000000e+03 1.360000000000000000e+02
6.819000000000000000e+03 -8.000000000000000000e+00 1.000000000000000000e+03 1.440000000000000000e+02
6.859000000000000000e+03 -8.000000000000000000e+00 1.000000000000000000e+03 1.280000000000000000e+02
6.899000000000000000e+03 -8.000000000000000000e+00 1.000000000000000000e+03 1.360000000000000000e+02
6.939000000000000000e+03 -1.600000000000000000e+01 1.000000000000000000e+03 1.680000000000000000e+02
6.979000000000000000e+03 -1.600000000000000000e+01 1.000000000000000000e+03 1.440000000000000000e+02
7.010000000000000000e+03 -8.000000000000000000e+00 9.920000000000000000e+02 1.520000000000000000e+02
7.050000000000000000e+03 -8.000000000000000000e+00 1.000000000000000000e+03 1.520000000000000000e+02
7.090000000000000000e+03 -2.400000000000000000e+01 1.000000000000000000e+03 1.600000000000000000e+02
7.130000000000000000e+03 -8.000000000000000000e+00 1.008000000000000000e+03 1.520000000000000000e+02
7.170000000000000000e+03 -1.600000000000000000e+01 1.000000000000000000e+03 1.520000000000000000e+02
7.210000000000000000e+03 -2.400000000000000000e+01 1.000000000000000000e+03 1.440000000000000000e+02
7.250000000000000000e+03 -1.600000000000000000e+01 1.000000000000000000e+03 1.520000000000000000e+02
7.290000000000000000e+03 -1.600000000000000000e+01 1.008000000000000000e+03 1.760000000000000000e+02
7.330000000000000000e+03 -1.600000000000000000e+01 1.008000000000000000e+03 1.440000000000000000e+02
7.370000000000000000e+03 -8.000000000000000000e+00 1.000000000000000000e+03 1.440000000000000000e+02
7.410000000000000000e+03 -8.000000000000000000e+00 1.000000000000000000e+03 1.360000000000000000e+02
7.450000000000000000e+03 -8.000000000000000000e+00 1.000000000000000000e+03 1.440000000000000000e+02
7.490000000000000000e+03 -2.400000000000000000e+01 1.008000000000000000e+03 1.600000000000000000e+02
7.530000000000000000e+03 -2.400000000000000000e+01 1.008000000000000000e+03 1.440000000000000000e+02
7.570000000000000000e+03 -2.400000000000000000e+01 1.008000000000000000e+03 1.520000000000000000e+02
7.610000000000000000e+03 -1.600000000000000000e+01 1.008000000000000000e+03 1.600000000000000000e+02
7.650000000000000000e+03 -1.600000000000000000e+01 1.000000000000000000e+03 1.520000000000000000e+02
7.690000000000000000e+03 -8.000000000000000000e+00 1.008000000000000000e+03 1.360000000000000000e+02
7.730000000000000000e+03 -1.600000000000000000e+01 1.024000000000000000e+03 1.840000000000000000e+02
7.770000000000000000e+03 -1.600000000000000000e+01 1.008000000000000000e+03 1.600000000000000000e+02
7.810000000000000000e+03 8.000000000000000000e+00 1.016000000000000000e+03 1.840000000000000000e+02
7.850000000000000000e+03 0.000000000000000000e+00 1.000000000000000000e+03 1.440000000000000000e+02
7.890000000000000000e+03 0.000000000000000000e+00 9.920000000000000000e+02 1.200000000000000000e+02
7.930000000000000000e+03 -8.000000000000000000e+00 9.920000000000000000e+02 1.440000000000000000e+02
7.970000000000000000e+03 0.000000000000000000e+00 9.920000000000000000e+02 1.680000000000000000e+02
8.001000000000000000e+03 -3.200000000000000000e+01 9.920000000000000000e+02 1.200000000000000000e+02
8.041000000000000000e+03 -8.000000000000000000e+00 9.920000000000000000e+02 1.280000000000000000e+02
8.081000000000000000e+03 -8.000000000000000000e+00 9.920000000000000000e+02 1.600000000000000000e+02
8.121000000000000000e+03 -8.000000000000000000e+00 1.000000000000000000e+03 1.440000000000000000e+02
8.161000000000000000e+03 -1.600000000000000000e+01 1.000000000000000000e+03 1.600000000000000000e+02
8.201000000000000000e+03 -1.600000000000000000e+01 1.008000000000000000e+03 1.440000000000000000e+02
8.241000000000000000e+03 -1.600000000000000000e+01 1.000000000000000000e+03 1.440000000000000000e+02
8.281000000000000000e+03 -1.600000000000000000e+01 1.008000000000000000e+03 1.360000000000000000e+02
8.321000000000000000e+03 -1.600000000000000000e+01 1.008000000000000000e+03 1.440000000000000000e+02
8.361000000000000000e+03 -2.400000000000000000e+01 1.008000000000000000e+03 1.440000000000000000e+02
8.401000000000000000e+03 -3.200000000000000000e+01 1.008000000000000000e+03 1.440000000000000000e+02
8.441000000000000000e+03 -1.600000000000000000e+01 1.000000000000000000e+03 1.440000000000000000e+02
8.481000000000000000e+03 0.000000000000000000e+00 9.840000000000000000e+02 1.520000000000000000e+02
8.521000000000000000e+03 8.000000000000000000e+00 9.920000000000000000e+02 1.680000000000000000e+02
8.561000000000000000e+03 -8.000000000000000000e+00 1.000000000000000000e+03 1.680000000000000000e+02
8.601000000000000000e+03 -8.000000000000000000e+00 1.008000000000000000e+03 1.120000000000000000e+02
8.641000000000000000e+03 -1.600000000000000000e+01 1.000000000000000000e+03 1.600000000000000000e+02
8.681000000000000000e+03 -1.600000000000000000e+01 1.000000000000000000e+03 1.360000000000000000e+02
8.721000000000000000e+03 -8.000000000000000000e+00 1.000000000000000000e+03 1.360000000000000000e+02
8.761000000000000000e+03 0.000000000000000000e+00 1.008000000000000000e+03 1.200000000000000000e+02
8.801000000000000000e+03 -8.000000000000000000e+00 1.008000000000000000e+03 1.280000000000000000e+02
8.841000000000000000e+03 -3.200000000000000000e+01 1.000000000000000000e+03 1.440000000000000000e+02
8.881000000000000000e+03 -1.600000000000000000e+01 1.000000000000000000e+03 1.440000000000000000e+02
8.921000000000000000e+03 8.000000000000000000e+00 1.016000000000000000e+03 1.360000000000000000e+02
8.961000000000000000e+03 8.000000000000000000e+00 1.000000000000000000e+03 1.520000000000000000e+02
8.994000000000000000e+03 0.000000000000000000e+00 1.000000000000000000e+03 1.440000000000000000e+02
9.034000000000000000e+03 1.600000000000000000e+01 1.000000000000000000e+03 1.840000000000000000e+02
9.074000000000000000e+03 1.600000000000000000e+01 9.840000000000000000e+02 1.280000000000000000e+02
9.114000000000000000e+03 0.000000000000000000e+00 9.920000000000000000e+02 1.600000000000000000e+02
9.154000000000000000e+03 0.000000000000000000e+00 1.008000000000000000e+03 1.520000000000000000e+02
9.194000000000000000e+03 -8.000000000000000000e+00 1.008000000000000000e+03 1.600000000000000000e+02
9.234000000000000000e+03 -1.600000000000000000e+01 1.016000000000000000e+03 2.080000000000000000e+02
9.274000000000000000e+03 -8.000000000000000000e+00 1.008000000000000000e+03 1.040000000000000000e+02
9.314000000000000000e+03 -1.600000000000000000e+01 9.920000000000000000e+02 1.360000000000000000e+02
9.354000000000000000e+03 -1.600000000000000000e+01 9.920000000000000000e+02 7.200000000000000000e+01
9.394000000000000000e+03 -8.000000000000000000e+00 9.760000000000000000e+02 9.600000000000000000e+01
9.434000000000000000e+03 -1.600000000000000000e+01 9.920000000000000000e+02 1.680000000000000000e+02
9.474000000000000000e+03 -8.000000000000000000e+00 1.000000000000000000e+03 1.280000000000000000e+02
9.514000000000000000e+03 -8.000000000000000000e+00 9.840000000000000000e+02 2.000000000000000000e+02
9.554000000000000000e+03 -8.000000000000000000e+00 9.920000000000000000e+02 1.440000000000000000e+02
9.594000000000000000e+03 -8.000000000000000000e+00 1.000000000000000000e+03 1.440000000000000000e+02
9.634000000000000000e+03 -8.000000000000000000e+00 9.920000000000000000e+02 1.520000000000000000e+02
9.674000000000000000e+03 0.000000000000000000e+00 1.000000000000000000e+03 1.440000000000000000e+02
9.714000000000000000e+03 0.000000000000000000e+00 1.000000000000000000e+03 1.360000000000000000e+02
9.754000000000000000e+03 8.000000000000000000e+00 1.000000000000000000e+03 1.280000000000000000e+02
9.794000000000000000e+03 -1.600000000000000000e+01 1.000000000000000000e+03 1.440000000000000000e+02
9.834000000000000000e+03 -8.000000000000000000e+00 1.000000000000000000e+03 1.440000000000000000e+02
9.874000000000000000e+03 -1.600000000000000000e+01 1.000000000000000000e+03 1.840000000000000000e+02
9.914000000000000000e+03 -1.600000000000000000e+01 1.000000000000000000e+03 1.360000000000000000e+02
9.954000000000000000e+03 -1.600000000000000000e+01 1.000000000000000000e+03 1.360000000000000000e+02
9.985000000000000000e+03 -3.200000000000000000e+01 1.024000000000000000e+03 1.600000000000000000e+02
1.002500000000000000e+04 -2.400000000000000000e+01 1.008000000000000000e+03 1.040000000000000000e+02
1.006500000000000000e+04 -3.200000000000000000e+01 1.008000000000000000e+03 1.040000000000000000e+02
1.010500000000000000e+04 -2.400000000000000000e+01 1.008000000000000000e+03 1.360000000000000000e+02
1.014500000000000000e+04 -3.200000000000000000e+01 1.000000000000000000e+03 1.360000000000000000e+02
1.018500000000000000e+04 -2.400000000000000000e+01 1.000000000000000000e+03 1.520000000000000000e+02
1.022500000000000000e+04 -3.200000000000000000e+01 1.008000000000000000e+03 1.360000000000000000e+02
1.026500000000000000e+04 0.000000000000000000e+00 1.008000000000000000e+03 1.360000000000000000e+02
1.030500000000000000e+04 -8.000000000000000000e+00 1.000000000000000000e+03 1.440000000000000000e+02
1.034500000000000000e+04 -2.400000000000000000e+01 1.016000000000000000e+03 9.600000000000000000e+01
1.038500000000000000e+04 -2.400000000000000000e+01 1.008000000000000000e+03 1.360000000000000000e+02
1.042500000000000000e+04 -1.600000000000000000e+01 1.016000000000000000e+03 1.520000000000000000e+02
1.046500000000000000e+04 -8.000000000000000000e+00 1.008000000000000000e+03 1.440000000000000000e+02
1.050500000000000000e+04 -3.200000000000000000e+01 9.920000000000000000e+02 1.520000000000000000e+02
1.054500000000000000e+04 -2.400000000000000000e+01 1.016000000000000000e+03 1.280000000000000000e+02
1.058500000000000000e+04 -1.600000000000000000e+01 1.016000000000000000e+03 1.680000000000000000e+02
1.062500000000000000e+04 -1.600000000000000000e+01 1.008000000000000000e+03 1.360000000000000000e+02
1.066500000000000000e+04 -1.600000000000000000e+01 1.008000000000000000e+03 1.440000000000000000e+02
1.070500000000000000e+04 -1.600000000000000000e+01 1.008000000000000000e+03 1.520000000000000000e+02
1.074500000000000000e+04 -8.000000000000000000e+00 1.008000000000000000e+03 1.680000000000000000e+02
1.078500000000000000e+04 -1.600000000000000000e+01 1.000000000000000000e+03 1.200000000000000000e+02
1.082500000000000000e+04 -1.600000000000000000e+01 1.000000000000000000e+03 1.680000000000000000e+02
1.086500000000000000e+04 -8.000000000000000000e+00 1.016000000000000000e+03 1.360000000000000000e+02
1.090500000000000000e+04 -8.000000000000000000e+00 1.008000000000000000e+03 1.440000000000000000e+02
1.094500000000000000e+04 -1.600000000000000000e+01 9.920000000000000000e+02 1.440000000000000000e+02
1.097700000000000000e+04 -3.200000000000000000e+01 1.000000000000000000e+03 1.360000000000000000e+02
1.101700000000000000e+04 -1.600000000000000000e+01 1.008000000000000000e+03 1.520000000000000000e+02
1.105700000000000000e+04 -1.600000000000000000e+01 1.000000000000000000e+03 1.440000000000000000e+02
1.109700000000000000e+04 -3.200000000000000000e+01 9.920000000000000000e+02 1.360000000000000000e+02
1.113700000000000000e+04 -2.400000000000000000e+01 1.000000000000000000e+03 1.120000000000000000e+02
1.117700000000000000e+04 -1.600000000000000000e+01 1.000000000000000000e+03 1.360000000000000000e+02
1.121700000000000000e+04 -1.600000000000000000e+01 9.920000000000000000e+02 1.520000000000000000e+02
1.125700000000000000e+04 -1.600000000000000000e+01 1.000000000000000000e+03 1.520000000000000000e+02
1.129700000000000000e+04 -1.600000000000000000e+01 9.920000000000000000e+02 1.200000000000000000e+02
1.133700000000000000e+04 -1.600000000000000000e+01 1.008000000000000000e+03 1.440000000000000000e+02
1.137700000000000000e+04 -1.600000000000000000e+01 1.000000000000000000e+03 1.200000000000000000e+02
1.141700000000000000e+04 -8.000000000000000000e+00 1.008000000000000000e+03 1.600000000000000000e+02
1.145700000000000000e+04 -1.600000000000000000e+01 9.840000000000000000e+02 9.600000000000000000e+01
1.149700000000000000e+04 -1.600000000000000000e+01 9.920000000000000000e+02 1.440000000000000000e+02
1.153700000000000000e+04 -4.000000000000000000e+01 1.000000000000000000e+03 1.520000000000000000e+02
1.157700000000000000e+04 -2.400000000000000000e+01 1.008000000000000000e+03 1.440000000000000000e+02
1.161700000000000000e+04 -2.400000000000000000e+01 1.000000000000000000e+03 1.360000000000000000e+02
1.165700000000000000e+04 -1.600000000000000000e+01 1.000000000000000000e+03 1.200000000000000000e+02
1.169700000000000000e+04 -1.600000000000000000e+01 1.016000000000000000e+03 1.200000000000000000e+02
1.173700000000000000e+04 -3.200000000000000000e+01 1.008000000000000000e+03 1.600000000000000000e+02
1.177700000000000000e+04 -2.400000000000000000e+01 1.016000000000000000e+03 1.440000000000000000e+02
1.181700000000000000e+04 -8.000000000000000000e+00 1.016000000000000000e+03 1.440000000000000000e+02
1.185700000000000000e+04 -1.600000000000000000e+01 1.008000000000000000e+03 1.440000000000000000e+02
1.189700000000000000e+04 -1.600000000000000000e+01 1.016000000000000000e+03 1.040000000000000000e+02
1.193700000000000000e+04 -2.400000000000000000e+01 1.008000000000000000e+03 1.040000000000000000e+02
1.196800000000000000e+04 -4.000000000000000000e+01 9.920000000000000000e+02 9.600000000000000000e+01
1.200800000000000000e+04 -2.400000000000000000e+01 9.840000000000000000e+02 8.800000000000000000e+01
1.204800000000000000e+04 -2.400000000000000000e+01 1.016000000000000000e+03 1.040000000000000000e+02
1.208800000000000000e+04 -4.000000000000000000e+01 9.920000000000000000e+02 1.120000000000000000e+02
1.212800000000000000e+04 -2.400000000000000000e+01 9.760000000000000000e+02 7.200000000000000000e+01
1.216800000000000000e+04 -8.000000000000000000e+00 9.920000000000000000e+02 1.120000000000000000e+02
1.220800000000000000e+04 -8.000000000000000000e+00 1.008000000000000000e+03 1.440000000000000000e+02
1.224800000000000000e+04 -1.600000000000000000e+01 1.000000000000000000e+03 1.280000000000000000e+02
1.228800000000000000e+04 -1.600000000000000000e+01 1.000000000000000000e+03 1.200000000000000000e+02
1.232800000000000000e+04 -1.600000000000000000e+01 9.920000000000000000e+02 1.440000000000000000e+02
1.236800000000000000e+04 -1.600000000000000000e+01 1.000000000000000000e+03 1.520000000000000000e+02
1.240800000000000000e+04 -1.600000000000000000e+01 1.008000000000000000e+03 1.600000000000000000e+02
1.244800000000000000e+04 -1.600000000000000000e+01 1.000000000000000000e+03 1.280000000000000000e+02
1.248800000000000000e+04 -3.200000000000000000e+01 9.920000000000000000e+02 1.360000000000000000e+02
1.252800000000000000e+04 -1.600000000000000000e+01 1.000000000000000000e+03 1.040000000000000000e+02
1.256800000000000000e+04 -1.600000000000000000e+01 1.000000000000000000e+03 1.600000000000000000e+02
1.260800000000000000e+04 -1.600000000000000000e+01 1.000000000000000000e+03 1.440000000000000000e+02
1.264800000000000000e+04 0.000000000000000000e+00 1.000000000000000000e+03 1.840000000000000000e+02
1.268800000000000000e+04 -1.600000000000000000e+01 1.024000000000000000e+03 1.760000000000000000e+02
1.272800000000000000e+04 -1.600000000000000000e+01 1.016000000000000000e+03 1.680000000000000000e+02
1.276800000000000000e+04 -4.000000000000000000e+01 1.016000000000000000e+03 1.120000000000000000e+02
1.280800000000000000e+04 -2.400000000000000000e+01 1.040000000000000000e+03 1.040000000000000000e+02
1.284800000000000000e+04 -2.400000000000000000e+01 1.032000000000000000e+03 1.440000000000000000e+02
1.288800000000000000e+04 -3.200000000000000000e+01 1.016000000000000000e+03 1.360000000000000000e+02
1.292800000000000000e+04 -1.600000000000000000e+01 1.016000000000000000e+03 1.120000000000000000e+02
1.296000000000000000e+04 -3.200000000000000000e+01 9.920000000000000000e+02 1.200000000000000000e+02
1.300000000000000000e+04 -1.600000000000000000e+01 9.920000000000000000e+02 1.360000000000000000e+02
1.304000000000000000e+04 -3.200000000000000000e+01 1.000000000000000000e+03 1.280000000000000000e+02
1.308000000000000000e+04 -2.400000000000000000e+01 9.920000000000000000e+02 1.280000000000000000e+02
1.312000000000000000e+04 -1.600000000000000000e+01 1.000000000000000000e+03 1.360000000000000000e+02
1.316000000000000000e+04 -8.000000000000000000e+00 1.000000000000000000e+03 1.200000000000000000e+02
1.320000000000000000e+04 0.000000000000000000e+00 1.008000000000000000e+03 1.280000000000000000e+02
1.324000000000000000e+04 -1.600000000000000000e+01 1.008000000000000000e+03 1.360000000000000000e+02
1.328000000000000000e+04 -3.200000000000000000e+01 1.008000000000000000e+03 1.360000000000000000e+02
1.332000000000000000e+04 -2.400000000000000000e+01 1.008000000000000000e+03 1.280000000000000000e+02
1.336000000000000000e+04 -1.600000000000000000e+01 1.008000000000000000e+03 1.280000000000000000e+02
1.340000000000000000e+04 -1.600000000000000000e+01 1.008000000000000000e+03 1.360000000000000000e+02
1.344000000000000000e+04 -1.600000000000000000e+01 1.016000000000000000e+03 1.760000000000000000e+02
1.348000000000000000e+04 -8.000000000000000000e+00 1.016000000000000000e+03 1.360000000000000000e+02
1.352000000000000000e+04 -8.000000000000000000e+00 1.032000000000000000e+03 1.440000000000000000e+02
1.356000000000000000e+04 -8.000000000000000000e+00 9.920000000000000000e+02 1.360000000000000000e+02
1.360000000000000000e+04 -1.600000000000000000e+01 9.920000000000000000e+02 1.520000000000000000e+02
1.364000000000000000e+04 -8.000000000000000000e+00 1.000000000000000000e+03 1.040000000000000000e+02
1.368000000000000000e+04 -8.000000000000000000e+00 1.000000000000000000e+03 1.040000000000000000e+02
1.372000000000000000e+04 -8.000000000000000000e+00 1.000000000000000000e+03 8.800000000000000000e+01
1.376000000000000000e+04 -8.000000000000000000e+00 1.000000000000000000e+03 1.120000000000000000e+02
1.380000000000000000e+04 -1.600000000000000000e+01 1.008000000000000000e+03 1.280000000000000000e+02
1.384000000000000000e+04 -1.600000000000000000e+01 1.008000000000000000e+03 1.280000000000000000e+02
1.388000000000000000e+04 -1.600000000000000000e+01 1.008000000000000000e+03 1.360000000000000000e+02
1.392000000000000000e+04 -8.000000000000000000e+00 1.008000000000000000e+03 1.760000000000000000e+02
1.395200000000000000e+04 -1.600000000000000000e+01 1.000000000000000000e+03 1.920000000000000000e+02
1.399200000000000000e+04 -2.400000000000000000e+01 1.000000000000000000e+03 1.120000000000000000e+02
1.403200000000000000e+04 0.000000000000000000e+00 1.000000000000000000e+03 1.280000000000000000e+02
1.407200000000000000e+04 -8.000000000000000000e+00 9.920000000000000000e+02 1.440000000000000000e+02
1.411200000000000000e+04 -8.000000000000000000e+00 1.000000000000000000e+03 1.600000000000000000e+02
1.415200000000000000e+04 -1.600000000000000000e+01 1.024000000000000000e+03 1.200000000000000000e+02
1.419200000000000000e+04 -1.600000000000000000e+01 1.016000000000000000e+03 1.440000000000000000e+02
1.423200000000000000e+04 -1.600000000000000000e+01 1.016000000000000000e+03 1.360000000000000000e+02
1.427200000000000000e+04 -3.200000000000000000e+01 1.000000000000000000e+03 1.280000000000000000e+02
1.431200000000000000e+04 -3.200000000000000000e+01 1.000000000000000000e+03 1.440000000000000000e+02
1.435200000000000000e+04 -8.000000000000000000e+00 1.000000000000000000e+03 1.440000000000000000e+02
1.439200000000000000e+04 -2.400000000000000000e+01 1.000000000000000000e+03 1.520000000000000000e+02
1.443200000000000000e+04 -2.400000000000000000e+01 1.000000000000000000e+03 1.120000000000000000e+02
1.447200000000000000e+04 -1.600000000000000000e+01 1.000000000000000000e+03 1.440000000000000000e+02
1.451200000000000000e+04 -1.600000000000000000e+01 9.840000000000000000e+02 1.360000000000000000e+02
1.455200000000000000e+04 -3.200000000000000000e+01 1.000000000000000000e+03 1.440000000000000000e+02
1.459200000000000000e+04 -8.000000000000000000e+00 1.008000000000000000e+03 1.440000000000000000e+02
1.463200000000000000e+04 -1.600000000000000000e+01 1.008000000000000000e+03 1.120000000000000000e+02
1.467200000000000000e+04 -1.600000000000000000e+01 1.008000000000000000e+03 9.600000000000000000e+01
1.471200000000000000e+04 -1.600000000000000000e+01 1.000000000000000000e+03 1.440000000000000000e+02
1.475200000000000000e+04 -1.600000000000000000e+01 1.016000000000000000e+03 1.440000000000000000e+02
1.479200000000000000e+04 -1.600000000000000000e+01 1.032000000000000000e+03 1.360000000000000000e+02
1.483200000000000000e+04 -1.600000000000000000e+01 1.008000000000000000e+03 1.120000000000000000e+02
1.487200000000000000e+04 -2.400000000000000000e+01 1.000000000000000000e+03 1.600000000000000000e+02
1.491200000000000000e+04 -8.000000000000000000e+00 1.000000000000000000e+03 1.280000000000000000e+02
1.494300000000000000e+04 -8.000000000000000000e+00 1.000000000000000000e+03 1.280000000000000000e+02
1.498300000000000000e+04 8.000000000000000000e+00 1.008000000000000000e+03 1.600000000000000000e+02
1.502300000000000000e+04 -8.000000000000000000e+00 1.000000000000000000e+03 1.600000000000000000e+02
1.506300000000000000e+04 -1.600000000000000000e+01 1.008000000000000000e+03 1.120000000000000000e+02
1.510300000000000000e+04 0.000000000000000000e+00 1.000000000000000000e+03 1.680000000000000000e+02
1.514300000000000000e+04 -8.000000000000000000e+00 9.920000000000000000e+02 1.600000000000000000e+02
1.518300000000000000e+04 -8.000000000000000000e+00 1.000000000000000000e+03 1.360000000000000000e+02
1.522300000000000000e+04 -1.600000000000000000e+01 9.840000000000000000e+02 1.520000000000000000e+02
1.526300000000000000e+04 -1.600000000000000000e+01 1.008000000000000000e+03 1.440000000000000000e+02
1.530300000000000000e+04 -1.600000000000000000e+01 1.008000000000000000e+03 1.280000000000000000e+02
1.534300000000000000e+04 -1.600000000000000000e+01 1.008000000000000000e+03 1.440000000000000000e+02
1.538300000000000000e+04 -1.600000000000000000e+01 1.008000000000000000e+03 1.360000000000000000e+02
1.542300000000000000e+04 -1.600000000000000000e+01 1.008000000000000000e+03 1.360000000000000000e+02
1.546300000000000000e+04 8.000000000000000000e+00 1.008000000000000000e+03 1.360000000000000000e+02
1.550300000000000000e+04 -8.000000000000000000e+00 1.000000000000000000e+03 1.280000000000000000e+02
1.554300000000000000e+04 8.000000000000000000e+00 1.024000000000000000e+03 1.440000000000000000e+02
1.558300000000000000e+04 -8.000000000000000000e+00 1.016000000000000000e+03 1.360000000000000000e+02
1.562300000000000000e+04 8.000000000000000000e+00 1.008000000000000000e+03 1.280000000000000000e+02
1.566300000000000000e+04 0.000000000000000000e+00 1.008000000000000000e+03 1.440000000000000000e+02
1.570300000000000000e+04 -1.600000000000000000e+01 1.008000000000000000e+03 1.360000000000000000e+02
1.574300000000000000e+04 -1.600000000000000000e+01 1.016000000000000000e+03 1.440000000000000000e+02
1.578300000000000000e+04 -8.000000000000000000e+00 9.920000000000000000e+02 1.280000000000000000e+02
1.582300000000000000e+04 -1.600000000000000000e+01 9.920000000000000000e+02 1.360000000000000000e+02
1.586300000000000000e+04 -1.600000000000000000e+01 9.920000000000000000e+02 1.440000000000000000e+02
1.590300000000000000e+04 -3.200000000000000000e+01 1.000000000000000000e+03 1.360000000000000000e+02
1.593500000000000000e+04 -2.400000000000000000e+01 9.840000000000000000e+02 1.040000000000000000e+02
1.597500000000000000e+04 -1.600000000000000000e+01 9.920000000000000000e+02 1.440000000000000000e+02
1.601500000000000000e+04 -1.600000000000000000e+01 9.760000000000000000e+02 8.800000000000000000e+01
1.605500000000000000e+04 -1.600000000000000000e+01 1.000000000000000000e+03 7.200000000000000000e+01
1.609500000000000000e+04 -1.600000000000000000e+01 1.000000000000000000e+03 1.040000000000000000e+02
1.613500000000000000e+04 -2.400000000000000000e+01 1.000000000000000000e+03 1.120000000000000000e+02
1.617500000000000000e+04 -2.400000000000000000e+01 1.000000000000000000e+03 1.280000000000000000e+02
1.621500000000000000e+04 -3.200000000000000000e+01 1.000000000000000000e+03 1.280000000000000000e+02
1.625500000000000000e+04 -8.000000000000000000e+00 1.000000000000000000e+03 1.120000000000000000e+02
1.629500000000000000e+04 -1.600000000000000000e+01 1.016000000000000000e+03 1.120000000000000000e+02
1.633500000000000000e+04 -2.400000000000000000e+01 1.024000000000000000e+03 1.120000000000000000e+02
1.637500000000000000e+04 -1.600000000000000000e+01 1.016000000000000000e+03 1.040000000000000000e+02
1.641500000000000000e+04 -1.600000000000000000e+01 1.008000000000000000e+03 1.120000000000000000e+02
1.645500000000000000e+04 -1.600000000000000000e+01 9.840000000000000000e+02 1.360000000000000000e+02
1.649500000000000000e+04 -1.600000000000000000e+01 1.000000000000000000e+03 1.600000000000000000e+02
1.653500000000000000e+04 -2.400000000000000000e+01 9.840000000000000000e+02 1.360000000000000000e+02
1.657500000000000000e+04 -2.400000000000000000e+01 1.000000000000000000e+03 1.360000000000000000e+02
1.661500000000000000e+04 -2.400000000000000000e+01 1.008000000000000000e+03 1.120000000000000000e+02
1.665500000000000000e+04 -1.600000000000000000e+01 1.000000000000000000e+03 1.520000000000000000e+02
1.669500000000000000e+04 -1.600000000000000000e+01 1.000000000000000000e+03 1.680000000000000000e+02
1.673500000000000000e+04 -1.600000000000000000e+01 1.000000000000000000e+03 1.280000000000000000e+02
1.677500000000000000e+04 -1.600000000000000000e+01 1.000000000000000000e+03 1.280000000000000000e+02
1.681500000000000000e+04 -2.400000000000000000e+01 1.016000000000000000e+03 1.600000000000000000e+02
1.685500000000000000e+04 -2.400000000000000000e+01 1.016000000000000000e+03 1.600000000000000000e+02
1.689500000000000000e+04 -2.400000000000000000e+01 1.008000000000000000e+03 1.360000000000000000e+02
1.692700000000000000e+04 -1.600000000000000000e+01 1.000000000000000000e+03 1.680000000000000000e+02
1.696700000000000000e+04 -4.000000000000000000e+01 9.920000000000000000e+02 1.440000000000000000e+02
1.700700000000000000e+04 -2.400000000000000000e+01 1.000000000000000000e+03 1.200000000000000000e+02
1.704700000000000000e+04 -3.200000000000000000e+01 1.024000000000000000e+03 1.360000000000000000e+02
1.708700000000000000e+04 -1.600000000000000000e+01 1.008000000000000000e+03 1.600000000000000000e+02
1.712700000000000000e+04 -1.600000000000000000e+01 1.024000000000000000e+03 1.440000000000000000e+02
1.716700000000000000e+04 -1.600000000000000000e+01 1.016000000000000000e+03 1.600000000000000000e+02
1.720700000000000000e+04 -1.600000000000000000e+01 1.008000000000000000e+03 1.280000000000000000e+02
1.724700000000000000e+04 -8.000000000000000000e+00 1.008000000000000000e+03 1.280000000000000000e+02
1.728700000000000000e+04 0.000000000000000000e+00 1.000000000000000000e+03 8.800000000000000000e+01
1.732700000000000000e+04 -1.600000000000000000e+01 1.000000000000000000e+03 1.760000000000000000e+02
1.736700000000000000e+04 -1.600000000000000000e+01 1.008000000000000000e+03 1.360000000000000000e+02
1.740700000000000000e+04 -2.400000000000000000e+01 9.840000000000000000e+02 8.800000000000000000e+01
1.744700000000000000e+04 -3.200000000000000000e+01 9.920000000000000000e+02 1.760000000000000000e+02
1.748700000000000000e+04 -2.400000000000000000e+01 1.008000000000000000e+03 1.520000000000000000e+02
1.752700000000000000e+04 -3.200000000000000000e+01 1.016000000000000000e+03 1.440000000000000000e+02
1.756700000000000000e+04 -2.400000000000000000e+01 1.008000000000000000e+03 1.600000000000000000e+02
1.760700000000000000e+04 -2.400000000000000000e+01 1.000000000000000000e+03 1.520000000000000000e+02
1.764700000000000000e+04 -2.400000000000000000e+01 1.008000000000000000e+03 1.600000000000000000e+02
1.768700000000000000e+04 -2.400000000000000000e+01 1.008000000000000000e+03 1.440000000000000000e+02
1.772700000000000000e+04 -8.000000000000000000e+00 1.008000000000000000e+03 2.000000000000000000e+02
1.776700000000000000e+04 -1.600000000000000000e+01 1.008000000000000000e+03 1.600000000000000000e+02
1.780700000000000000e+04 -2.400000000000000000e+01 9.760000000000000000e+02 1.600000000000000000e+02
1.784700000000000000e+04 -1.600000000000000000e+01 1.000000000000000000e+03 1.360000000000000000e+02
1.788700000000000000e+04 -1.600000000000000000e+01 9.920000000000000000e+02 1.440000000000000000e+02
1.791800000000000000e+04 -1.600000000000000000e+01 1.000000000000000000e+03 1.520000000000000000e+02
1.795800000000000000e+04 -3.200000000000000000e+01 1.016000000000000000e+03 1.920000000000000000e+02
1.799800000000000000e+04 -8.000000000000000000e+00 1.024000000000000000e+03 1.280000000000000000e+02
1.803800000000000000e+04 -1.600000000000000000e+01 1.008000000000000000e+03 1.200000000000000000e+02
1.807800000000000000e+04 -1.600000000000000000e+01 1.008000000000000000e+03 1.200000000000000000e+02
1.811800000000000000e+04 -3.200000000000000000e+01 1.016000000000000000e+03 1.520000000000000000e+02
1.815800000000000000e+04 -2.400000000000000000e+01 1.008000000000000000e+03 1.440000000000000000e+02
1.819800000000000000e+04 -2.400000000000000000e+01 1.016000000000000000e+03 1.440000000000000000e+02
1.823800000000000000e+04 -1.600000000000000000e+01 9.920000000000000000e+02 1.280000000000000000e+02
1.827800000000000000e+04 -1.600000000000000000e+01 9.920000000000000000e+02 1.840000000000000000e+02
1.831800000000000000e+04 -1.600000000000000000e+01 1.000000000000000000e+03 1.680000000000000000e+02
1.835800000000000000e+04 -1.600000000000000000e+01 1.000000000000000000e+03 1.440000000000000000e+02
1.839800000000000000e+04 -3.200000000000000000e+01 1.008000000000000000e+03 1.600000000000000000e+02
1.843800000000000000e+04 -2.400000000000000000e+01 1.008000000000000000e+03 1.920000000000000000e+02
1.847800000000000000e+04 -2.400000000000000000e+01 1.000000000000000000e+03 1.600000000000000000e+02
1.851800000000000000e+04 -1.600000000000000000e+01 1.000000000000000000e+03 1.680000000000000000e+02
1.855800000000000000e+04 -8.000000000000000000e+00 1.000000000000000000e+03 1.680000000000000000e+02
1.859800000000000000e+04 -2.400000000000000000e+01 1.000000000000000000e+03 1.760000000000000000e+02
1.863800000000000000e+04 -2.400000000000000000e+01 1.000000000000000000e+03 1.760000000000000000e+02
1.867800000000000000e+04 -2.400000000000000000e+01 9.920000000000000000e+02 1.520000000000000000e+02
1.871800000000000000e+04 -1.600000000000000000e+01 9.920000000000000000e+02 1.280000000000000000e+02
1.875800000000000000e+04 -1.600000000000000000e+01 9.760000000000000000e+02 1.760000000000000000e+02
1.879800000000000000e+04 -1.600000000000000000e+01 9.840000000000000000e+02 1.520000000000000000e+02
1.883800000000000000e+04 -2.400000000000000000e+01 9.920000000000000000e+02 1.360000000000000000e+02
1.887800000000000000e+04 -2.400000000000000000e+01 9.920000000000000000e+02 1.600000000000000000e+02
1.891000000000000000e+04 -2.400000000000000000e+01 1.000000000000000000e+03 1.680000000000000000e+02
1.895000000000000000e+04 -2.400000000000000000e+01 1.000000000000000000e+03 1.360000000000000000e+02
1.899000000000000000e+04 -2.400000000000000000e+01 1.000000000000000000e+03 1.440000000000000000e+02
1.903000000000000000e+04 -2.400000000000000000e+01 1.008000000000000000e+03 1.600000000000000000e+02
1.907000000000000000e+04 -2.400000000000000000e+01 1.000000000000000000e+03 1.600000000000000000e+02
1.911000000000000000e+04 -2.400000000000000000e+01 1.000000000000000000e+03 1.760000000000000000e+02
1.915000000000000000e+04 -4.000000000000000000e+01 1.008000000000000000e+03 1.760000000000000000e+02
1.919000000000000000e+04 -2.400000000000000000e+01 1.000000000000000000e+03 1.360000000000000000e+02
1.923000000000000000e+04 -3.200000000000000000e+01 1.000000000000000000e+03 1.760000000000000000e+02
1.927000000000000000e+04 -2.400000000000000000e+01 9.920000000000000000e+02 1.760000000000000000e+02
1.931000000000000000e+04 -3.200000000000000000e+01 9.920000000000000000e+02 1.760000000000000000e+02
1.935000000000000000e+04 -2.400000000000000000e+01 1.000000000000000000e+03 1.680000000000000000e+02
1.939000000000000000e+04 -2.400000000000000000e+01 9.920000000000000000e+02 1.760000000000000000e+02
1.943000000000000000e+04 -4.000000000000000000e+01 1.000000000000000000e+03 2.480000000000000000e+02
1.947000000000000000e+04 -2.400000000000000000e+01 1.008000000000000000e+03 1.360000000000000000e+02
1.951000000000000000e+04 -2.400000000000000000e+01 1.008000000000000000e+03 1.440000000000000000e+02
1.955000000000000000e+04 -3.200000000000000000e+01 9.920000000000000000e+02 1.520000000000000000e+02
1.959000000000000000e+04 -1.600000000000000000e+01 1.016000000000000000e+03 1.040000000000000000e+02
1.963000000000000000e+04 -2.400000000000000000e+01 1.016000000000000000e+03 1.120000000000000000e+02
1.967000000000000000e+04 -8.000000000000000000e+00 1.000000000000000000e+03 1.520000000000000000e+02
1.971000000000000000e+04 -3.200000000000000000e+01 1.000000000000000000e+03 1.200000000000000000e+02
1.975000000000000000e+04 -2.400000000000000000e+01 1.008000000000000000e+03 1.600000000000000000e+02
1.979000000000000000e+04 -1.600000000000000000e+01 1.008000000000000000e+03 1.520000000000000000e+02
1.983000000000000000e+04 -2.400000000000000000e+01 1.000000000000000000e+03 1.680000000000000000e+02
1.987000000000000000e+04 -2.400000000000000000e+01 9.840000000000000000e+02 1.520000000000000000e+02
