7.800000000000000000e+01 -9.760000000000000000e+02 1.680000000000000000e+02 -1.840000000000000000e+02
1.180000000000000000e+02 -9.840000000000000000e+02 1.840000000000000000e+02 -1.920000000000000000e+02
1.580000000000000000e+02 -9.680000000000000000e+02 2.000000000000000000e+02 -2.400000000000000000e+02
1.980000000000000000e+02 -9.760000000000000000e+02 1.920000000000000000e+02 -2.080000000000000000e+02
2.380000000000000000e+02 -9.840000000000000000e+02 1.920000000000000000e+02 -1.920000000000000000e+02
2.780000000000000000e+02 -9.840000000000000000e+02 1.840000000000000000e+02 -1.600000000000000000e+02
3.180000000000000000e+02 -9.840000000000000000e+02 1.840000000000000000e+02 -2.000000000000000000e+02
3.580000000000000000e+02 -9.920000000000000000e+02 1.920000000000000000e+02 -2.080000000000000000e+02
3.980000000000000000e+02 -9.920000000000000000e+02 1.920000000000000000e+02 -2.080000000000000000e+02
4.380000000000000000e+02 -9.840000000000000000e+02 1.920000000000000000e+02 -1.920000000000000000e+02
4.780000000000000000e+02 -9.920000000000000000e+02 2.000000000000000000e+02 -1.920000000000000000e+02
5.180000000000000000e+02 -9.840000000000000000e+02 2.000000000000000000e+02 -2.000000000000000000e+02
5.580000000000000000e+02 -9.840000000000000000e+02 1.840000000000000000e+02 -1.920000000000000000e+02
5.980000000000000000e+02 -9.840000000000000000e+02 1.920000000000000000e+02 -1.840000000000000000e+02
6.380000000000000000e+02 -9.840000000000000000e+02 2.000000000000000000e+02 -2.080000000000000000e+02
6.780000000000000000e+02 -9.840000000000000000e+02 2.000000000000000000e+02 -2.000000000000000000e+02
7.180000000000000000e+02 -9.920000000000000000e+02 1.920000000000000000e+02 -2.000000000000000000e+02
7.580000000000000000e+02 -9.840000000000000000e+02 1.920000000000000000e+02 -2.080000000000000000e+02
7.980000000000000000e+02 -9.840000000000000000e+02 1.840000000000000000e+02 -1.520000000000000000e+02
8.380000000000000000e+02 -9.840000000000000000e+02 1.840000000000000000e+02 -2.080000000000000000e+02
8.780000000000000000e+02 -9.840000000000000000e+02 2.080000000000000000e+02 -2.080000000000000000e+02
9.180000000000000000e+02 -9.840000000000000000e+02 1.920000000000000000e+02 -1.920000000000000000e+02
9.580000000000000000e+02 -9.920000000000000000e+02 1.920000000000000000e+02 -1.920000000000000000e+02
9.980000000000000000e+02 -9.920000000000000000e+02 1.920000000000000000e+02 -1.840000000000000000e+02
1.038000000000000000e+03 -9.840000000000000000e+02 1.920000000000000000e+02 -1.760000000000000000e+02
1.070000000000000000e+03 -9.840000000000000000e+02 1.840000000000000000e+02 -1.840000000000000000e+02
1.110000000000000000e+03 -9.680000000000000000e+02 1.840000000000000000e+02 -2.000000000000000000e+02
1.150000000000000000e+03 -9.840000000000000000e+02 1.840000000000000000e+02 -2.080000000000000000e+02
1.190000000000000000e+03 -9.840000000000000000e+02 1.840000000000000000e+02 -2.480000000000000000e+02
1.230000000000000000e+03 -9.920000000000000000e+02 1.920000000000000000e+02 -2.240000000000000000e+02
1.270000000000000000e+03 -9.840000000000000000e+02 1.920000000000000000e+02 -2.000000000000000000e+02
1.310000000000000000e+03 -9.840000000000000000e+02 1.840000000000000000e+02 -2.000000000000000000e+02
1.350000000000000000e+03 -9.840000000000000000e+02 1.840000000000000000e+02 -2.000000000000000000e+02
1.390000000000000000e+03 -9.840000000000000000e+02 1.920000000000000000e+02 -2.000000000000000000e+02
1.430000000000000000e+03 -9.840000000000000000e+02 1.680000000000000000e+02 -1.520000000000000000e+02
1.470000000000000000e+03 -9.680000000000000000e+02 1.760000000000000000e+02 -1.920000000000000000e+02
1.510000000000000000e+03 -9.760000000000000000e+02 1.840000000000000000e+02 -2.000000000000000000e+02
1.550000000000000000e+03 -9.920000000000000000e+02 1.840000000000000000e+02 -1.600000000000000000e+02
1.590000000000000000e+03 -9.840000000000000000e+02 2.000000000000000000e+02 -1.840000000000000000e+02
1.630000000000000000e+03 -9.920000000000000000e+02 1.920000000000000000e+02 -2.080000000000000000e+02
1.670000000000000000e+03 -9.840000000000000000e+02 1.920000000000000000e+02 -2.000000000000000000e+02
1.710000000000000000e+03 -9.760000000000000000e+02 1.840000000000000000e+02 -2.000000000000000000e+02
1.750000000000000000e+03 -9.760000000000000000e+02 1.760000000000000000e+02 -1.920000000000000000e+02
1.790000000000000000e+03 -9.840000000000000000e+02 1.840000000000000000e+02 -2.000000000000000000e+02
1.830000000000000000e+03 -9.680000000000000000e+02 1.840000000000000000e+02 -1.920000000000000000e+02
1.870000000000000000e+03 -9.760000000000000000e+02 1.760000000000000000e+02 -1.920000000000000000e+02
1.910000000000000000e+03 -9.840000000000000000e+02 1.760000000000000000e+02 -1.920000000000000000e+02
1.950000000000000000e+03 -9.840000000000000000e+02 1.760000000000000000e+02 -1.840000000000000000e+02
1.990000000000000000e+03 -1.000000000000000000e+03 1.840000000000000000e+02 -1.920000000000000000e+02
2.030000000000000000e+03 -9.920000000000000000e+02 1.760000000000000000e+02 -1.920000000000000000e+02
2.062000000000000000e+03 -9.840000000000000000e+02 1.760000000000000000e+02 -1.920000000000000000e+02
2.102000000000000000e+03 -9.840000000000000000e+02 1.760000000000000000e+02 -1.920000000000000000e+02
2.142000000000000000e+03 -1.024000000000000000e+03 2.000000000000000000e+02 -1.760000000000000000e+02
2.182000000000000000e+03 -1.008000000000000000e+03 1.920000000000000000e+02 -2.000000000000000000e+02
2.222000000000000000e+03 -9.680000000000000000e+02 1.920000000000000000e+02 -1.440000000000000000e+02
2.262000000000000000e+03 -9.760000000000000000e+02 1.840000000000000000e+02 -2.400000000000000000e+02
2.302000000000000000e+03 -9.760000000000000000e+02 1.840000000000000000e+02 -2.080000000000000000e+02
2.342000000000000000e+03 -9.760000000000000000e+02 1.920000000000000000e+02 -1.920000000000000000e+02
2.382000000000000000e+03 -9.840000000000000000e+02 1.840000000000000000e+02 -2.320000000000000000e+02
2.422000000000000000e+03 -9.840000000000000000e+02 1.920000000000000000e+02 -1.840000000000000000e+02
2.462000000000000000e+03 -9.760000000000000000e+02 1.840000000000000000e+02 -1.920000000000000000e+02
2.502000000000000000e+03 -9.680000000000000000e+02 1.840000000000000000e+02 -2.240000000000000000e+02
2.542000000000000000e+03 -9.680000000000000000e+02 1.840000000000000000e+02 -1.920000000000000000e+02
2.582000000000000000e+03 -9.760000000000000000e+02 1.840000000000000000e+02 -1.360000000000000000e+02
2.622000000000000000e+03 -9.840000000000000000e+02 1.840000000000000000e+02 -1.680000000000000000e+02
2.662000000000000000e+03 -9.840000000000000000e+02 1.600000000000000000e+02 -1.920000000000000000e+02
2.702000000000000000e+03 -9.840000000000000000e+02 1.600000000000000000e+02 -1.920000000000000000e+02
2.742000000000000000e+03 -9.840000000000000000e+02 1.760000000000000000e+02 -2.080000000000000000e+02
2.782000000000000000e+03 -9.840000000000000000e+02 1.840000000000000000e+02 -2.000000000000000000e+02
2.822000000000000000e+03 -9.760000000000000000e+02 2.000000000000000000e+02 -1.920000000000000000e+02
2.862000000000000000e+03 -9.840000000000000000e+02 2.000000000000000000e+02 -1.920000000000000000e+02
2.902000000000000000e+03 -1.000000000000000000e+03 1.920000000000000000e+02 -1.920000000000000000e+02
2.942000000000000000e+03 -9.920000000000000000e+02 1.840000000000000000e+02 -2.000000000000000000e+02
2.982000000000000000e+03 -9.840000000000000000e+02 1.840000000000000000e+02 -1.760000000000000000e+02
3.022000000000000000e+03 -9.680000000000000000e+02 1.760000000000000000e+02 -1.920000000000000000e+02
3.054000000000000000e+03 -9.760000000000000000e+02 1.680000000000000000e+02 -1.680000000000000000e+02
3.094000000000000000e+03 -9.680000000000000000e+02 1.920000000000000000e+02 -1.760000000000000000e+02
3.134000000000000000e+03 -9.680000000000000000e+02 1.840000000000000000e+02 -2.240000000000000000e+02
3.174000000000000000e+03 -9.760000000000000000e+02 1.840000000000000000e+02 -1.840000000000000000e+02
3.214000000000000000e+03 -9.600000000000000000e+02 1.840000000000000000e+02 -1.680000000000000000e+02
3.254000000000000000e+03 -9.840000000000000000e+02 1.760000000000000000e+02 -2.000000000000000000e+02
3.294000000000000000e+03 -9.840000000000000000e+02 1.920000000000000000e+02 -1.600000000000000000e+02
3.334000000000000000e+03 -9.840000000000000000e+02 1.840000000000000000e+02 -2.160000000000000000e+02
3.374000000000000000e+03 -9.840000000000000000e+02 1.680000000000000000e+02 -2.160000000000000000e+02
3.414000000000000000e+03 -9.840000000000000000e+02 1.760000000000000000e+02 -2.000000000000000000e+02
3.454000000000000000e+03 -9.760000000000000000e+02 1.840000000000000000e+02 -2.000000000000000000e+02
3.494000000000000000e+03 -9.840000000000000000e+02 1.760000000000000000e+02 -2.400000000000000000e+02
3.534000000000000000e+03 -9.920000000000000000e+02 1.840000000000000000e+02 -2.000000000000000000e+02
3.574000000000000000e+03 -9.920000000000000000e+02 1.840000000000000000e+02 -2.080000000000000000e+02
3.614000000000000000e+03 -9.920000000000000000e+02 1.680000000000000000e+02 -2.000000000000000000e+02
3.654000000000000000e+03 -9.840000000000000000e+02 1.680000000000000000e+02 -1.600000000000000000e+02
3.694000000000000000e+03 -9.840000000000000000e+02 1.920000000000000000e+02 -1.840000000000000000e+02
3.734000000000000000e+03 -9.840000000000000000e+02 1.920000000000000000e+02 -2.000000000000000000e+02
3.774000000000000000e+03 -9.920000000000000000e+02 1.840000000000000000e+02 -1.920000000000000000e+02
3.814000000000000000e+03 -9.840000000000000000e+02 1.760000000000000000e+02 -1.840000000000000000e+02
3.854000000000000000e+03 -9.840000000000000000e+02 1.600000000000000000e+02 -1.920000000000000000e+02
3.894000000000000000e+03 -9.840000000000000000e+02 1.760000000000000000e+02 -2.320000000000000000e+02
3.934000000000000000e+03 -9.840000000000000000e+02 1.840000000000000000e+02 -1.760000000000000000e+02
3.974000000000000000e+03 -1.008000000000000000e+03 1.760000000000000000e+02 -1.520000000000000000e+02
4.014000000000000000e+03 -1.016000000000000000e+03 1.760000000000000000e+02 -2.160000000000000000e+02
4.046000000000000000e+03 -1.008000000000000000e+03 1.760000000000000000e+02 -1.920000000000000000e+02
4.086000000000000000e+03 -1.000000000000000000e+03 2.000000000000000000e+02 -2.320000000000000000e+02
4.126000000000000000e+03 -1.000000000000000000e+03 1.680000000000000000e+02 -2.160000000000000000e+02
4.166000000000000000e+03 -1.000000000000000000e+03 1.520000000000000000e+02 -2.160000000000000000e+02
4.206000000000000000e+03 -1.000000000000000000e+03 1.920000000000000000e+02 -2.160000000000000000e+02
4.246000000000000000e+03 -9.920000000000000000e+02 1.920000000000000000e+02 -2.000000000000000000e+02
4.286000000000000000e+03 -9.920000000000000000e+02 1.920000000000000000e+02 -1.840000000000000000e+02
4.326000000000000000e+03 -9.920000000000000000e+02 1.840000000000000000e+02 -2.000000000000000000e+02
4.366000000000000000e+03 -9.760000000000000000e+02 1.840000000000000000e+02 -1.840000000000000000e+02
4.406000000000000000e+03 -9.920000000000000000e+02 1.840000000000000000e+02 -1.920000000000000000e+02
4.446000000000000000e+03 -9.840000000000000000e+02 1.760000000000000000e+02 -2.080000000000000000e+02
4.486000000000000000e+03 -9.760000000000000000e+02 1.840000000000000000e+02 -1.920000000000000000e+02
4.526000000000000000e+03 -9.840000000000000000e+02 1.920000000000000000e+02 -1.920000000000000000e+02
4.566000000000000000e+03 -9.920000000000000000e+02 1.840000000000000000e+02 -1.920000000000000000e+02
4.606000000000000000e+03 -9.840000000000000000e+02 1.760000000000000000e+02 -1.840000000000000000e+02
4.646000000000000000e+03 -9.840000000000000000e+02 1.760000000000000000e+02 -2.080000000000000000e+02
4.686000000000000000e+03 -9.920000000000000000e+02 1.760000000000000000e+02 -1.920000000000000000e+02
4.726000000000000000e+03 -9.920000000000000000e+02 1.760000000000000000e+02 -2.000000000000000000e+02
4.766000000000000000e+03 -9.840000000000000000e+02 1.920000000000000000e+02 -1.840000000000000000e+02
4.806000000000000000e+03 -9.920000000000000000e+02 1.840000000000000000e+02 -1.600000000000000000e+02
4.846000000000000000e+03 -9.920000000000000000e+02 1.920000000000000000e+02 -1.920000000000000000e+02
4.886000000000000000e+03 -9.840000000000000000e+02 1.920000000000000000e+02 -2.160000000000000000e+02
4.926000000000000000e+03 -9.920000000000000000e+02 1.920000000000000000e+02 -2.000000000000000000e+02
4.966000000000000000e+03 -1.008000000000000000e+03 1.840000000000000000e+02 -2.000000000000000000e+02
5.006000000000000000e+03 -1.008000000000000000e+03 1.840000000000000000e+02 -2.000000000000000000e+02
5.039000000000000000e+03 -9.920000000000000000e+02 1.840000000000000000e+02 -2.000000000000000000e+02
5.079000000000000000e+03 -9.920000000000000000e+02 1.680000000000000000e+02 -2.080000000000000000e+02
5.119000000000000000e+03 -9.760000000000000000e+02 1.760000000000000000e+02 -2.480000000000000000e+02
5.159000000000000000e+03 -9.760000000000000000e+02 1.840000000000000000e+02 -1.600000000000000000e+02
5.199000000000000000e+03 -9.760000000000000000e+02 2.000000000000000000e+02 -1.840000000000000000e+02
5.239000000000000000e+03 -9.840000000000000000e+02 1.760000000000000000e+02 -2.000000000000000000e+02
5.279000000000000000e+03 -9.840000000000000000e+02 1.840000000000000000e+02 -2.160000000000000000e+02
5.319000000000000000e+03 -1.000000000000000000e+03 1.840000000000000000e+02 -2.240000000000000000e+02
5.359000000000000000e+03 -9.920000000000000000e+02 1.840000000000000000e+02 -1.760000000000000000e+02
5.399000000000000000e+03 -9.920000000000000000e+02 1.760000000000000000e+02 -1.920000000000000000e+02
5.439000000000000000e+03 -9.920000000000000000e+02 1.840000000000000000e+02 -1.600000000000000000e+02
5.479000000000000000e+03 -9.760000000000000000e+02 1.760000000000000000e+02 -2.160000000000000000e+02
5.519000000000000000e+03 -9.840000000000000000e+02 1.760000000000000000e+02 -1.920000000000000000e+02
5.559000000000000000e+03 -9.840000000000000000e+02 1.840000000000000000e+02 -1.920000000000000000e+02
5.599000000000000000e+03 -9.920000000000000000e+02 1.840000000000000000e+02 -2.160000000000000000e+02
5.639000000000000000e+03 -9.840000000000000000e+02 1.760000000000000000e+02 -1.680000000000000000e+02
5.679000000000000000e+03 -1.000000000000000000e+03 1.680000000000000000e+02 -1.840000000000000000e+02
5.719000000000000000e+03 -1.008000000000000000e+03 2.000000000000000000e+02 -1.760000000000000000e+02
5.759000000000000000e+03 -9.760000000000000000e+02 2.000000000000000000e+02 -1.840000000000000000e+02
5.799000000000000000e+03 -9.760000000000000000e+02 1.840000000000000000e+02 -1.840000000000000000e+02
5.839000000000000000e+03 -9.840000000000000000e+02 1.920000000000000000e+02 -1.840000000000000000e+02
5.879000000000000000e+03 -9.840000000000000000e+02 1.920000000000000000e+02 -1.920000000000000000e+02
5.919000000000000000e+03 -9.760000000000000000e+02 1.840000000000000000e+02 -2.080000000000000000e+02
5.959000000000000000e+03 -9.760000000000000000e+02 1.840000000000000000e+02 -1.920000000000000000e+02
5.999000000000000000e+03 -9.920000000000000000e+02 1.920000000000000000e+02 -2.000000000000000000e+02
6.030000000000000000e+03 -9.840000000000000000e+02 1.840000000000000000e+02 -1.840000000000000000e+02
6.070000000000000000e+03 -1.016000000000000000e+03 1.840000000000000000e+02 -2.400000000000000000e+02
6.110000000000000000e+03 -1.008000000000000000e+03 1.840000000000000000e+02 -2.240000000000000000e+02
6.150000000000000000e+03 -9.920000000000000000e+02 1.840000000000000000e+02 -1.920000000000000000e+02
6.190000000000000000e+03 -1.000000000000000000e+03 1.920000000000000000e+02 -1.920000000000000000e+02
6.230000000000000000e+03 -1.000000000000000000e+03 1.840000000000000000e+02 -1.360000000000000000e+02
6.270000000000000000e+03 -9.760000000000000000e+02 1.840000000000000000e+02 -2.000000000000000000e+02
6.310000000000000000e+03 -9.920000000000000000e+02 1.840000000000000000e+02 -1.920000000000000000e+02
6.350000000000000000e+03 -9.920000000000000000e+02 1.760000000000000000e+02 -1.760000000000000000e+02
6.390000000000000000e+03 -9.840000000000000000e+02 1.760000000000000000e+02 -2.160000000000000000e+02
6.430000000000000000e+03 -9.920000000000000000e+02 1.840000000000000000e+02 -1.600000000000000000e+02
6.470000000000000000e+03 -9.840000000000000000e+02 1.760000000000000000e+02 -1.840000000000000000e+02
6.510000000000000000e+03 -9.840000000000000000e+02 1.760000000000000000e+02 -1.680000000000000000e+02
6.550000000000000000e+03 -9.840000000000000000e+02 1.920000000000000000e+02 -1.840000000000000000e+02
6.590000000000000000e+03 -9.840000000000000000e+02 1.840000000000000000e+02 -2.080000000000000000e+02
6.630000000000000000e+03 -9.840000000000000000e+02 1.760000000000000000e+02 -1.920000000000000000e+02
6.670000000000000000e+03 -9.920000000000000000e+02 1.920000000000000000e+02 -2.080000000000000000e+02
6.710000000000000000e+03 -1.008000000000000000e+03 1.840000000000000000e+02 -1.920000000000000000e+02
6.750000000000000000e+03 -1.008000000000000000e+03 1.840000000000000000e+02 -2.000000000000000000e+02
6.790000000000000000e+03 -9.920000000000000000e+02 1.840000000000000000e+02 -1.920000000000000000e+02
6.830000000000000000e+03 -9.840000000000000000e+02 1.840000000000000000e+02 -1.920000000000000000e+02
6.870000000000000000e+03 -9.840000000000000000e+02 1.840000000000000000e+02 -2.000000000000000000e+02
6.910000000000000000e+03 -9.840000000000000000e+02 1.760000000000000000e+02 -1.840000000000000000e+02
6.950000000000000000e+03 -9.920000000000000000e+02 1.840000000000000000e+02 -2.000000000000000000e+02
6.990000000000000000e+03 -9.920000000000000000e+02 1.840000000000000000e+02 -2.000000000000000000e+02
7.022000000000000000e+03 -9.920000000000000000e+02 1.840000000000000000e+02 -1.920000000000000000e+02
7.062000000000000000e+03 -9.920000000000000000e+02 1.840000000000000000e+02 -1.920000000000000000e+02
7.102000000000000000e+03 -9.920000000000000000e+02 2.000000000000000000e+02 -2.240000000000000000e+02
7.142000000000000000e+03 -9.920000000000000000e+02 1.760000000000000000e+02 -1.840000000000000000e+02
7.182000000000000000e+03 -9.840000000000000000e+02 1.520000000000000000e+02 -2.080000000000000000e+02
7.222000000000000000e+03 -9.840000000000000000e+02 1.680000000000000000e+02 -2.000000000000000000e+02
7.262000000000000000e+03 -9.840000000000000000e+02 1.760000000000000000e+02 -1.840000000000000000e+02
7.302000000000000000e+03 -9.920000000000000000e+02 1.760000000000000000e+02 -1.760000000000000000e+02
7.342000000000000000e+03 -9.840000000000000000e+02 1.840000000000000000e+02 -2.000000000000000000e+02
7.382000000000000000e+03 -9.840000000000000000e+02 1.840000000000000000e+02 -1.920000000000000000e+02
7.422000000000000000e+03 -9.920000000000000000e+02 1.760000000000000000e+02 -1.760000000000000000e+02
7.462000000000000000e+03 -9.840000000000000000e+02 1.520000000000000000e+02 -1.680000000000000000e+02
7.502000000000000000e+03 -9.920000000000000000e+02 1.600000000000000000e+02 -2.000000000000000000e+02
7.542000000000000000e+03 -9.920000000000000000e+02 1.840000000000000000e+02 -2.160000000000000000e+02
7.582000000000000000e+03 -9.920000000000000000e+02 1.760000000000000000e+02 -2.000000000000000000e+02
7.622000000000000000e+03 -9.840000000000000000e+02 1.840000000000000000e+02 -1.840000000000000000e+02
7.662000000000000000e+03 -9.840000000000000000e+02 1.760000000000000000e+02 -1.840000000000000000e+02
7.702000000000000000e+03 -9.680000000000000000e+02 1.680000000000000000e+02 -1.920000000000000000e+02
7.742000000000000000e+03 -9.920000000000000000e+02 1.600000000000000000e+02 -1.920000000000000000e+02
7.782000000000000000e+03 -9.680000000000000000e+02 1.600000000000000000e+02 -1.840000000000000000e+02
7.822000000000000000e+03 -1.000000000000000000e+03 1.600000000000000000e+02 -2.000000000000000000e+02
7.862000000000000000e+03 -9.920000000000000000e+02 1.760000000000000000e+02 -1.760000000000000000e+02
7.902000000000000000e+03 -9.920000000000000000e+02 1.760000000000000000e+02 -2.000000000000000000e+02
7.942000000000000000e+03 -9.840000000000000000e+02 1.920000000000000000e+02 -1.920000000000000000e+02
7.982000000000000000e+03 -9.840000000000000000e+02 1.840000000000000000e+02 -1.920000000000000000e+02
8.014000000000000000e+03 -9.840000000000000000e+02 1.840000000000000000e+02 -1.920000000000000000e+02
8.054000000000000000e+03 -9.760000000000000000e+02 1.840000000000000000e+02 -2.240000000000000000e+02
8.094000000000000000e+03 -9.760000000000000000e+02 1.680000000000000000e+02 -2.080000000000000000e+02
8.134000000000000000e+03 -9.760000000000000000e+02 1.680000000000000000e+02 -1.840000000000000000e+02
8.174000000000000000e+03 -9.680000000000000000e+02 1.840000000000000000e+02 -1.920000000000000000e+02
8.214000000000000000e+03 -9.840000000000000000e+02 1.840000000000000000e+02 -1.760000000000000000e+02
8.254000000000000000e+03 -9.920000000000000000e+02 1.840000000000000000e+02 -2.000000000000000000e+02
8.294000000000000000e+03 -9.920000000000000000e+02 1.840000000000000000e+02 -1.920000000000000000e+02
8.334000000000000000e+03 -9.840000000000000000e+02 2.000000000000000000e+02 -1.840000000000000000e+02
8.374000000000000000e+03 -9.840000000000000000e+02 1.920000000000000000e+02 -1.920000000000000000e+02
8.414000000000000000e+03 -9.920000000000000000e+02 2.080000000000000000e+02 -2.160000000000000000e+02
8.454000000000000000e+03 -9.840000000000000000e+02 1.920000000000000000e+02 -2.000000000000000000e+02
8.494000000000000000e+03 -9.840000000000000000e+02 1.840000000000000000e+02 -1.840000000000000000e+02
8.534000000000000000e+03 -9.920000000000000000e+02 1.680000000000000000e+02 -2.080000000000000000e+02
8.574000000000000000e+03 -9.920000000000000000e+02 1.760000000000000000e+02 -2.000000000000000000e+02
8.614000000000000000e+03 -9.920000000000000000e+02 1.760000000000000000e+02 -2.000000000000000000e+02
8.654000000000000000e+03 -9.840000000000000000e+02 1.840000000000000000e+02 -1.760000000000000000e+02
8.694000000000000000e+03 -9.840000000000000000e+02 2.000000000000000000e+02 -2.000000000000000000e+02
8.734000000000000000e+03 -9.760000000000000000e+02 1.840000000000000000e+02 -1.920000000000000000e+02
8.774000000000000000e+03 -9.760000000000000000e+02 1.840000000000000000e+02 -2.000000000000000000e+02
8.814000000000000000e+03 -9.840000000000000000e+02 1.760000000000000000e+02 -2.160000000000000000e+02
8.854000000000000000e+03 -9.760000000000000000e+02 1.920000000000000000e+02 -2.000000000000000000e+02
8.894000000000000000e+03 -9.920000000000000000e+02 1.920000000000000000e+02 -1.600000000000000000e+02
8.934000000000000000e+03 -9.840000000000000000e+02 1.920000000000000000e+02 -1.840000000000000000e+02
8.974000000000000000e+03 -9.920000000000000000e+02 1.840000000000000000e+02 -1.760000000000000000e+02
9.006000000000000000e+03 -9.760000000000000000e+02 1.840000000000000000e+02 -2.000000000000000000e+02
9.046000000000000000e+03 -9.680000000000000000e+02 1.760000000000000000e+02 -1.920000000000000000e+02
9.086000000000000000e+03 -9.680000000000000000e+02 1.920000000000000000e+02 -2.080000000000000000e+02
9.126000000000000000e+03 -9.600000000000000000e+02 1.920000000000000000e+02 -1.920000000000000000e+02
9.166000000000000000e+03 -9.680000000000000000e+02 1.840000000000000000e+02 -2.000000000000000000e+02
9.206000000000000000e+03 -9.760000000000000000e+02 1.760000000000000000e+02 -2.000000000000000000e+02
9.246000000000000000e+03 -9.840000000000000000e+02 1.840000000000000000e+02 -1.840000000000000000e+02
9.286000000000000000e+03 -9.840000000000000000e+02 1.760000000000000000e+02 -1.840000000000000000e+02
9.326000000000000000e+03 -9.840000000000000000e+02 1.760000000000000000e+02 -2.000000000000000000e+02
9.366000000000000000e+03 -9.920000000000000000e+02 1.920000000000000000e+02 -2.000000000000000000e+02
9.406000000000000000e+03 -9.680000000000000000e+02 1.920000000000000000e+02 -1.840000000000000000e+02
9.446000000000000000e+03 -9.760000000000000000e+02 1.840000000000000000e+02 -1.440000000000000000e+02
9.486000000000000000e+03 -9.760000000000000000e+02 1.840000000000000000e+02 -2.080000000000000000e+02
9.526000000000000000e+03 -1.008000000000000000e+03 1.760000000000000000e+02 -1.840000000000000000e+02
9.566000000000000000e+03 -1.000000000000000000e+03 1.840000000000000000e+02 -2.000000000000000000e+02
9.606000000000000000e+03 -1.000000000000000000e+03 1.840000000000000000e+02 -1.840000000000000000e+02
9.646000000000000000e+03 -9.920000000000000000e+02 1.840000000000000000e+02 -2.000000000000000000e+02
9.686000000000000000e+03 -9.920000000000000000e+02 1.840000000000000000e+02 -1.760000000000000000e+02
9.726000000000000000e+03 -9.920000000000000000e+02 1.840000000000000000e+02 -1.760000000000000000e+02
9.766000000000000000e+03 -9.840000000000000000e+02 1.760000000000000000e+02 -2.400000000000000000e+02
9.806000000000000000e+03 -9.920000000000000000e+02 1.840000000000000000e+02 -1.840000000000000000e+02
9.846000000000000000e+03 -9.920000000000000000e+02 1.840000000000000000e+02 -1.680000000000000000e+02
9.886000000000000000e+03 -9.840000000000000000e+02 1.840000000000000000e+02 -1.840000000000000000e+02
9.926000000000000000e+03 -9.840000000000000000e+02 1.760000000000000000e+02 -1.920000000000000000e+02
9.966000000000000000e+03 -9.840000000000000000e+02 1.840000000000000000e+02 -2.320000000000000000e+02
9.999000000000000000e+03 -9.760000000000000000e+02 1.920000000000000000e+02 -2.080000000000000000e+02
1.003900000000000000e+04 -9.600000000000000000e+02 1.840000000000000000e+02 -1.840000000000000000e+02
1.007900000000000000e+04 -9.680000000000000000e+02 1.840000000000000000e+02 -2.000000000000000000e+02
1.011900000000000000e+04 -9.760000000000000000e+02 2.000000000000000000e+02 -1.920000000000000000e+02
1.015900000000000000e+04 -9.680000000000000000e+02 2.000000000000000000e+02 -1.920000000000000000e+02
1.019900000000000000e+04 -9.760000000000000000e+02 1.920000000000000000e+02 -1.920000000000000000e+02
1.023900000000000000e+04 -9.840000000000000000e+02 1.840000000000000000e+02 -2.000000000000000000e+02
1.027900000000000000e+04 -9.920000000000000000e+02 1.840000000000000000e+02 -2.080000000000000000e+02
1.031900000000000000e+04 -9.920000000000000000e+02 1.920000000000000000e+02 -1.680000000000000000e+02
1.035900000000000000e+04 -9.920000000000000000e+02 1.920000000000000000e+02 -1.840000000000000000e+02
1.039900000000000000e+04 -9.840000000000000000e+02 1.920000000000000000e+02 -1.600000000000000000e+02
1.043900000000000000e+04 -9.840000000000000000e+02 1.920000000000000000e+02 -1.520000000000000000e+02
1.047900000000000000e+04 -9.840000000000000000e+02 1.760000000000000000e+02 -2.480000000000000000e+02
1.051900000000000000e+04 -9.840000000000000000e+02 1.840000000000000000e+02 -1.760000000000000000e+02
1.055900000000000000e+04 -9.840000000000000000e+02 1.920000000000000000e+02 -1.760000000000000000e+02
1.059900000000000000e+04 -1.000000000000000000e+03 1.760000000000000000e+02 -2.080000000000000000e+02
1.063900000000000000e+04 -1.000000000000000000e+03 1.760000000000000000e+02 -1.920000000000000000e+02
1.067900000000000000e+04 -9.760000000000000000e+02 1.840000000000000000e+02 -1.920000000000000000e+02
1.071900000000000000e+04 -9.760000000000000000e+02 1.680000000000000000e+02 -2.000000000000000000e+02
1.075900000000000000e+04 -9.920000000000000000e+02 1.760000000000000000e+02 -1.520000000000000000e+02
1.079900000000000000e+04 -9.920000000000000000e+02 1.760000000000000000e+02 -1.920000000000000000e+02
1.083900000000000000e+04 -1.000000000000000000e+03 1.840000000000000000e+02 -2.000000000000000000e+02
1.087900000000000000e+04 -9.920000000000000000e+02 1.920000000000000000e+02 -1.840000000000000000e+02
1.091900000000000000e+04 -1.008000000000000000e+03 1.840000000000000000e+02 -2.080000000000000000e+02
1.095900000000000000e+04 -9.920000000000000000e+02 1.840000000000000000e+02 -1.840000000000000000e+02
1.099100000000000000e+04 -9.920000000000000000e+02 1.920000000000000000e+02 -2.000000000000000000e+02
1.103100000000000000e+04 -1.000000000000000000e+03 2.080000000000000000e+02 -2.160000000000000000e+02
1.107100000000000000e+04 -1.032000000000000000e+03 2.080000000000000000e+02 -2.080000000000000000e+02
1.111100000000000000e+04 -1.000000000000000000e+03 1.920000000000000000e+02 -1.680000000000000000e+02
1.115100000000000000e+04 -9.840000000000000000e+02 1.760000000000000000e+02 -2.000000000000000000e+02
1.119100000000000000e+04 -9.760000000000000000e+02 1.760000000000000000e+02 -1.840000000000000000e+02
1.123100000000000000e+04 -9.840000000000000000e+02 1.840000000000000000e+02 -1.600000000000000000e+02
1.127100000000000000e+04 -9.760000000000000000e+02 1.600000000000000000e+02 -1.840000000000000000e+02
1.131100000000000000e+04 -9.760000000000000000e+02 1.520000000000000000e+02 -2.000000000000000000e+02
1.135100000000000000e+04 -9.920000000000000000e+02 1.680000000000000000e+02 -1.920000000000000000e+02
1.139100000000000000e+04 -9.840000000000000000e+02 1.760000000000000000e+02 -1.920000000000000000e+02
1.143100000000000000e+04 -9.600000000000000000e+02 1.760000000000000000e+02 -2.000000000000000000e+02
1.147100000000000000e+04 -9.680000000000000000e+02 1.760000000000000000e+02 -2.000000000000000000e+02
1.151100000000000000e+04 -9.760000000000000000e+02 1.680000000000000000e+02 -2.000000000000000000e+02
1.155100000000000000e+04 -9.840000000000000000e+02 1.840000000000000000e+02 -1.920000000000000000e+02
1.159100000000000000e+04 -9.840000000000000000e+02 1.840000000000000000e+02 -1.840000000000000000e+02
1.163100000000000000e+04 -9.920000000000000000e+02 1.840000000000000000e+02 -2.080000000000000000e+02
1.167100000000000000e+04 -9.920000000000000000e+02 1.920000000000000000e+02 -1.680000000000000000e+02
1.171100000000000000e+04 -9.840000000000000000e+02 1.680000000000000000e+02 -2.080000000000000000e+02
1.175100000000000000e+04 -1.000000000000000000e+03 1.760000000000000000e+02 -1.840000000000000000e+02
1.179100000000000000e+04 -9.920000000000000000e+02 1.840000000000000000e+02 -2.080000000000000000e+02
1.183100000000000000e+04 -1.000000000000000000e+03 1.840000000000000000e+02 -1.920000000000000000e+02
1.187100000000000000e+04 -9.840000000000000000e+02 1.840000000000000000e+02 -2.160000000000000000e+02
1.191100000000000000e+04 -9.920000000000000000e+02 1.920000000000000000e+02 -1.920000000000000000e+02
1.195100000000000000e+04 -9.840000000000000000e+02 1.840000000000000000e+02 -1.920000000000000000e+02
1.198300000000000000e+04 -9.680000000000000000e+02 1.920000000000000000e+02 -2.000000000000000000e+02
1.202300000000000000e+04 -9.680000000000000000e+02 1.920000000000000000e+02 -2.080000000000000000e+02
1.206300000000000000e+04 -9.840000000000000000e+02 2.000000000000000000e+02 -1.760000000000000000e+02
1.210300000000000000e+04 -9.840000000000000000e+02 2.000000000000000000e+02 -1.920000000000000000e+02
1.214300000000000000e+04 -9.840000000000000000e+02 2.160000000000000000e+02 -1.680000000000000000e+02
1.218300000000000000e+04 -9.840000000000000000e+02 2.000000000000000000e+02 -1.600000000000000000e+02
1.222300000000000000e+04 -9.760000000000000000e+02 1.920000000000000000e+02 -1.920000000000000000e+02
1.226300000000000000e+04 -1.000000000000000000e+03 1.840000000000000000e+02 -1.920000000000000000e+02
1.230300000000000000e+04 -9.920000000000000000e+02 1.840000000000000000e+02 -1.840000000000000000e+02
1.234300000000000000e+04 -1.000000000000000000e+03 1.840000000000000000e+02 -1.840000000000000000e+02
1.238300000000000000e+04 -9.920000000000000000e+02 1.840000000000000000e+02 -1.920000000000000000e+02
1.242300000000000000e+04 -9.920000000000000000e+02 1.680000000000000000e+02 -1.920000000000000000e+02
1.246300000000000000e+04 -1.016000000000000000e+03 1.680000000000000000e+02 -2.000000000000000000e+02
1.250300000000000000e+04 -1.016000000000000000e+03 1.760000000000000000e+02 -1.440000000000000000e+02
1.254300000000000000e+04 -9.920000000000000000e+02 1.840000000000000000e+02 -1.760000000000000000e+02
1.258300000000000000e+04 -9.920000000000000000e+02 1.760000000000000000e+02 -2.480000000000000000e+02
1.262300000000000000e+04 -9.760000000000000000e+02 1.840000000000000000e+02 -2.080000000000000000e+02
1.266300000000000000e+04 -9.840000000000000000e+02 2.000000000000000000e+02 -2.000000000000000000e+02
1.270300000000000000e+04 -9.840000000000000000e+02 1.920000000000000000e+02 -1.760000000000000000e+02
1.274300000000000000e+04 -9.920000000000000000e+02 1.920000000000000000e+02 -2.080000000000000000e+02
1.278300000000000000e+04 -9.840000000000000000e+02 1.920000000000000000e+02 -1.680000000000000000e+02
1.282300000000000000e+04 -9.600000000000000000e+02 1.920000000000000000e+02 -1.840000000000000000e+02
1.286300000000000000e+04 -9.520000000000000000e+02 1.840000000000000000e+02 -2.000000000000000000e+02
1.290300000000000000e+04 -9.680000000000000000e+02 1.920000000000000000e+02 -1.840000000000000000e+02
1.294300000000000000e+04 -9.760000000000000000e+02 1.920000000000000000e+02 -1.920000000000000000e+02
1.297500000000000000e+04 -9.760000000000000000e+02 1.840000000000000000e+02 -2.160000000000000000e+02
1.301500000000000000e+04 -9.760000000000000000e+02 1.920000000000000000e+02 -1.920000000000000000e+02
1.305500000000000000e+04 -9.760000000000000000e+02 1.920000000000000000e+02 -1.680000000000000000e+02
1.309500000000000000e+04 -9.600000000000000000e+02 1.840000000000000000e+02 -1.920000000000000000e+02
1.313500000000000000e+04 -9.760000000000000000e+02 1.840000000000000000e+02 -1.920000000000000000e+02
1.317500000000000000e+04 -9.760000000000000000e+02 1.920000000000000000e+02 -1.920000000000000000e+02
1.321500000000000000e+04 -9.840000000000000000e+02 1.920000000000000000e+02 -1.760000000000000000e+02
1.325500000000000000e+04 -9.840000000000000000e+02 1.920000000000000000e+02 -2.080000000000000000e+02
1.329500000000000000e+04 -9.840000000000000000e+02 1.760000000000000000e+02 -2.080000000000000000e+02
1.333500000000000000e+04 -9.920000000000000000e+02 1.760000000000000000e+02 -2.080000000000000000e+02
1.337500000000000000e+04 -9.840000000000000000e+02 1.840000000000000000e+02 -2.000000000000000000e+02
1.341500000000000000e+04 -9.920000000000000000e+02 1.840000000000000000e+02 -1.920000000000000000e+02
1.345500000000000000e+04 -9.920000000000000000e+02 1.840000000000000000e+02 -1.520000000000000000e+02
1.349500000000000000e+04 -9.840000000000000000e+02 1.760000000000000000e+02 -1.920000000000000000e+02
1.353500000000000000e+04 -9.840000000000000000e+02 2.080000000000000000e+02 -1.920000000000000000e+02
1.357500000000000000e+04 -9.920000000000000000e+02 1.840000000000000000e+02 -1.920000000000000000e+02
1.361500000000000000e+04 -9.920000000000000000e+02 1.840000000000000000e+02 -1.920000000000000000e+02
1.365500000000000000e+04 -9.840000000000000000e+02 1.920000000000000000e+02 -1.920000000000000000e+02
1.369500000000000000e+04 -9.840000000000000000e+02 1.920000000000000000e+02 -2.160000000000000000e+02
1.373500000000000000e+04 -9.840000000000000000e+02 1.840000000000000000e+02 -2.000000000000000000e+02
1.377500000000000000e+04 -9.840000000000000000e+02 1.760000000000000000e+02 -1.840000000000000000e+02
1.381500000000000000e+04 -9.840000000000000000e+02 1.840000000000000000e+02 -1.760000000000000000e+02
1.385500000000000000e+04 -9.840000000000000000e+02 1.840000000000000000e+02 -1.840000000000000000e+02
1.389500000000000000e+04 -9.920000000000000000e+02 1.920000000000000000e+02 -1.920000000000000000e+02
1.393500000000000000e+04 -9.840000000000000000e+02 1.760000000000000000e+02 -1.680000000000000000e+02
1.396700000000000000e+04 -9.840000000000000000e+02 1.840000000000000000e+02 -2.640000000000000000e+02
1.400700000000000000e+04 -1.000000000000000000e+03 1.840000000000000000e+02 -1.840000000000000000e+02
1.404700000000000000e+04 -1.000000000000000000e+03 1.920000000000000000e+02 -2.000000000000000000e+02
1.408700000000000000e+04 -9.920000000000000000e+02 1.760000000000000000e+02 -2.240000000000000000e+02
1.412700000000000000e+04 -9.840000000000000000e+02 1.760000000000000000e+02 -1.840000000000000000e+02
1.416700000000000000e+04 -9.920000000000000000e+02 1.760000000000000000e+02 -1.920000000000000000e+02
1.420700000000000000e+04 -9.760000000000000000e+02 1.840000000000000000e+02 -1.840000000000000000e+02
1.424700000000000000e+04 -1.000000000000000000e+03 1.840000000000000000e+02 -1.840000000000000000e+02
1.428700000000000000e+04 -1.000000000000000000e+03 1.920000000000000000e+02 -1.920000000000000000e+02
1.432700000000000000e+04 -9.840000000000000000e+02 1.920000000000000000e+02 -2.160000000000000000e+02
1.436700000000000000e+04 -9.840000000000000000e+02 1.920000000000000000e+02 -1.600000000000000000e+02
1.440700000000000000e+04 -9.600000000000000000e+02 1.840000000000000000e+02 -1.920000000000000000e+02
1.444700000000000000e+04 -9.840000000000000000e+02 1.840000000000000000e+02 -1.920000000000000000e+02
1.448700000000000000e+04 -9.840000000000000000e+02 1.840000000000000000e+02 -1.920000000000000000e+02
1.452700000000000000e+04 -9.760000000000000000e+02 1.920000000000000000e+02 -2.080000000000000000e+02
1.456700000000000000e+04 -9.840000000000000000e+02 1.840000000000000000e+02 -2.000000000000000000e+02
1.460700000000000000e+04 -9.840000000000000000e+02 1.920000000000000000e+02 -1.440000000000000000e+02
1.464700000000000000e+04 -9.840000000000000000e+02 1.920000000000000000e+02 -2.000000000000000000e+02
1.468700000000000000e+04 -9.840000000000000000e+02 2.000000000000000000e+02 -1.920000000000000000e+02
1.472700000000000000e+04 -9.920000000000000000e+02 2.080000000000000000e+02 -1.520000000000000000e+02
1.476700000000000000e+04 -9.920000000000000000e+02 1.920000000000000000e+02 -1.840000000000000000e+02
1.480700000000000000e+04 -9.920000000000000000e+02 1.920000000000000000e+02 -1.920000000000000000e+02
1.484700000000000000e+04 -9.840000000000000000e+02 1.920000000000000000e+02 -2.000000000000000000e+02
1.488700000000000000e+04 -9.840000000000000000e+02 1.920000000000000000e+02 -2.080000000000000000e+02
1.492700000000000000e+04 -9.760000000000000000e+02 1.920000000000000000e+02 -2.160000000000000000e+02
1.496000000000000000e+04 -9.760000000000000000e+02 2.000000000000000000e+02 -1.520000000000000000e+02
1.500000000000000000e+04 -9.760000000000000000e+02 2.080000000000000000e+02 -1.360000000000000000e+02
1.504000000000000000e+04 -9.520000000000000000e+02 1.840000000000000000e+02 -2.000000000000000000e+02
1.508000000000000000e+04 -9.840000000000000000e+02 1.920000000000000000e+02 -1.680000000000000000e+02
1.512000000000000000e+04 -9.840000000000000000e+02 1.840000000000000000e+02 -1.680000000000000000e+02
1.516000000000000000e+04 -9.920000000000000000e+02 1.920000000000000000e+02 -1.760000000000000000e+02
1.520000000000000000e+04 -9.920000000000000000e+02 1.920000000000000000e+02 -2.000000000000000000e+02
1.524000000000000000e+04 -9.920000000000000000e+02 1.920000000000000000e+02 -2.000000000000000000e+02
1.528000000000000000e+04 -9.920000000000000000e+02 1.920000000000000000e+02 -1.840000000000000000e+02
1.532000000000000000e+04 -9.920000000000000000e+02 1.920000000000000000e+02 -2.080000000000000000e+02
1.536000000000000000e+04 -9.920000000000000000e+02 2.000000000000000000e+02 -1.920000000000000000e+02
1.540000000000000000e+04 -9.920000000000000000e+02 2.080000000000000000e+02 -2.000000000000000000e+02
1.544000000000000000e+04 -9.760000000000000000e+02 1.920000000000000000e+02 -2.400000000000000000e+02
1.548000000000000000e+04 -9.840000000000000000e+02 1.920000000000000000e+02 -2.240000000000000000e+02
1.552000000000000000e+04 -9.760000000000000000e+02 1.840000000000000000e+02 -1.760000000000000000e+02
1.556000000000000000e+04 -9.840000000000000000e+02 1.920000000000000000e+02 -1.920000000000000000e+02
1.560000000000000000e+04 -9.840000000000000000e+02 1.920000000000000000e+02 -2.080000000000000000e+02
1.564000000000000000e+04 -9.840000000000000000e+02 1.760000000000000000e+02 -1.920000000000000000e+02
1.568000000000000000e+04 -9.840000000000000000e+02 1.760000000000000000e+02 -1.920000000000000000e+02
1.572000000000000000e+04 -9.760000000000000000e+02 1.840000000000000000e+02 -2.000000000000000000e+02
1.576000000000000000e+04 -9.920000000000000000e+02 1.680000000000000000e+02 -1.680000000000000000e+02
1.580000000000000000e+04 -9.920000000000000000e+02 1.760000000000000000e+02 -1.840000000000000000e+02
1.584000000000000000e+04 -9.920000000000000000e+02 1.920000000000000000e+02 -2.000000000000000000e+02
1.588000000000000000e+04 -9.840000000000000000e+02 2.000000000000000000e+02 -1.840000000000000000e+02
1.592000000000000000e+04 -9.760000000000000000e+02 2.000000000000000000e+02 -1.840000000000000000e+02
1.595100000000000000e+04 -9.840000000000000000e+02 2.000000000000000000e+02 -1.360000000000000000e+02
1.599100000000000000e+04 -9.840000000000000000e+02 2.000000000000000000e+02 -1.840000000000000000e+02
1.603100000000000000e+04 -9.840000000000000000e+02 1.920000000000000000e+02 -1.680000000000000000e+02
1.607100000000000000e+04 -1.000000000000000000e+03 1.760000000000000000e+02 -1.440000000000000000e+02
1.611100000000000000e+04 -9.920000000000000000e+02 1.440000000000000000e+02 -1.680000000000000000e+02
1.615100000000000000e+04 -9.920000000000000000e+02 1.760000000000000000e+02 -1.920000000000000000e+02
1.619100000000000000e+04 -9.920000000000000000e+02 1.840000000000000000e+02 -1.760000000000000000e+02
1.623100000000000000e+04 -1.000000000000000000e+03 1.920000000000000000e+02 -1.840000000000000000e+02
1.627100000000000000e+04 -1.008000000000000000e+03 2.000000000000000000e+02 -2.000000000000000000e+02
1.631100000000000000e+04 -1.000000000000000000e+03 2.000000000000000000e+02 -2.000000000000000000e+02
1.635100000000000000e+04 -9.920000000000000000e+02 1.920000000000000000e+02 -1.920000000000000000e+02
1.639100000000000000e+04 -9.920000000000000000e+02 2.000000000000000000e+02 -1.840000000000000000e+02
1.643100000000000000e+04 -1.000000000000000000e+03 2.000000000000000000e+02 -2.000000000000000000e+02
1.647100000000000000e+04 -9.920000000000000000e+02 1.920000000000000000e+02 -1.920000000000000000e+02
1.651100000000000000e+04 -9.920000000000000000e+02 1.920000000000000000e+02 -1.840000000000000000e+02
1.655100000000000000e+04 -9.840000000000000000e+02 1.840000000000000000e+02 -2.080000000000000000e+02
1.659100000000000000e+04 -9.840000000000000000e+02 1.840000000000000000e+02 -1.840000000000000000e+02
1.663100000000000000e+04 -9.920000000000000000e+02 1.840000000000000000e+02 -1.760000000000000000e+02
1.667100000000000000e+04 -9.840000000000000000e+02 1.920000000000000000e+02 -2.240000000000000000e+02
1.671100000000000000e+04 -9.760000000000000000e+02 1.920000000000000000e+02 -1.600000000000000000e+02
1.675100000000000000e+04 -9.840000000000000000e+02 1.840000000000000000e+02 -1.920000000000000000e+02
1.679100000000000000e+04 -9.840000000000000000e+02 2.000000000000000000e+02 -1.920000000000000000e+02
1.683100000000000000e+04 -9.920000000000000000e+02 1.760000000000000000e+02 -2.080000000000000000e+02
1.687100000000000000e+04 -9.840000000000000000e+02 1.840000000000000000e+02 -1.680000000000000000e+02
1.691100000000000000e+04 -9.840000000000000000e+02 1.840000000000000000e+02 -2.000000000000000000e+02
1.694400000000000000e+04 -9.920000000000000000e+02 1.840000000000000000e+02 -1.920000000000000000e+02
1.698400000000000000e+04 -9.280000000000000000e+02 2.000000000000000000e+02 -1.760000000000000000e+02
1.702400000000000000e+04 -9.520000000000000000e+02 2.320000000000000000e+02 -1.760000000000000000e+02
1.706400000000000000e+04 -9.680000000000000000e+02 2.000000000000000000e+02 -2.080000000000000000e+02
1.710400000000000000e+04 -9.680000000000000000e+02 1.920000000000000000e+02 -2.000000000000000000e+02
1.714400000000000000e+04 -9.840000000000000000e+02 1.840000000000000000e+02 -2.000000000000000000e+02
1.718400000000000000e+04 -9.760000000000000000e+02 1.840000000000000000e+02 -2.080000000000000000e+02
1.722400000000000000e+04 -1.008000000000000000e+03 1.920000000000000000e+02 -1.840000000000000000e+02
1.726400000000000000e+04 -1.016000000000000000e+03 1.920000000000000000e+02 -1.920000000000000000e+02
1.730400000000000000e+04 -9.920000000000000000e+02 1.840000000000000000e+02 -2.000000000000000000e+02
1.734400000000000000e+04 -1.008000000000000000e+03 2.000000000000000000e+02 -1.920000000000000000e+02
1.738400000000000000e+04 -1.000000000000000000e+03 1.920000000000000000e+02 -2.240000000000000000e+02
1.742400000000000000e+04 -9.840000000000000000e+02 1.920000000000000000e+02 -2.000000000000000000e+02
1.746400000000000000e+04 -9.840000000000000000e+02 1.840000000000000000e+02 -1.760000000000000000e+02
1.750400000000000000e+04 -9.840000000000000000e+02 1.840000000000000000e+02 -1.760000000000000000e+02
1.754400000000000000e+04 -9.840000000000000000e+02 2.000000000000000000e+02 -1.760000000000000000e+02
1.758400000000000000e+04 -9.840000000000000000e+02 2.000000000000000000e+02 -2.000000000000000000e+02
1.762400000000000000e+04 -9.920000000000000000e+02 1.840000000000000000e+02 -2.080000000000000000e+02
1.766400000000000000e+04 -1.000000000000000000e+03 1.840000000000000000e+02 -1.840000000000000000e+02
1.770400000000000000e+04 -1.000000000000000000e+03 1.920000000000000000e+02 -1.920000000000000000e+02
1.774400000000000000e+04 -9.920000000000000000e+02 2.000000000000000000e+02 -1.920000000000000000e+02
1.778400000000000000e+04 -9.920000000000000000e+02 1.760000000000000000e+02 -2.080000000000000000e+02
1.782400000000000000e+04 -9.920000000000000000e+02 1.840000000000000000e+02 -1.840000000000000000e+02
1.786400000000000000e+04 -9.920000000000000000e+02 1.920000000000000000e+02 -2.240000000000000000e+02
1.790400000000000000e+04 -1.008000000000000000e+03 1.920000000000000000e+02 -1.840000000000000000e+02
1.793600000000000000e+04 -1.000000000000000000e+03 1.840000000000000000e+02 -1.920000000000000000e+02
1.797600000000000000e+04 -9.760000000000000000e+02 1.920000000000000000e+02 -1.680000000000000000e+02
1.801600000000000000e+04 -9.840000000000000000e+02 2.000000000000000000e+02 -1.920000000000000000e+02
1.805600000000000000e+04 -9.840000000000000000e+02 1.920000000000000000e+02 -2.400000000000000000e+02
1.809600000000000000e+04 -9.840000000000000000e+02 1.920000000000000000e+02 -1.520000000000000000e+02
1.813600000000000000e+04 -9.840000000000000000e+02 1.920000000000000000e+02 -2.160000000000000000e+02
1.817600000000000000e+04 -9.680000000000000000e+02 1.920000000000000000e+02 -1.920000000000000000e+02
1.821600000000000000e+04 -9.760000000000000000e+02 1.920000000000000000e+02 -1.920000000000000000e+02
1.825600000000000000e+04 -9.840000000000000000e+02 1.440000000000000000e+02 -2.000000000000000000e+02
1.829600000000000000e+04 -9.840000000000000000e+02 1.680000000000000000e+02 -1.840000000000000000e+02
1.833600000000000000e+04 -9.760000000000000000e+02 1.920000000000000000e+02 -1.920000000000000000e+02
1.837600000000000000e+04 -9.840000000000000000e+02 1.840000000000000000e+02 -1.760000000000000000e+02
1.841600000000000000e+04 -9.920000000000000000e+02 1.920000000000000000e+02 -2.320000000000000000e+02
1.845600000000000000e+04 -9.840000000000000000e+02 2.080000000000000000e+02 -2.080000000000000000e+02
1.849600000000000000e+04 -9.920000000000000000e+02 2.000000000000000000e+02 -1.360000000000000000e+02
1.853600000000000000e+04 -9.920000000000000000e+02 1.920000000000000000e+02 -2.000000000000000000e+02
1.857600000000000000e+04 -9.840000000000000000e+02 2.000000000000000000e+02 -1.680000000000000000e+02
1.861600000000000000e+04 -9.840000000000000000e+02 1.920000000000000000e+02 -1.760000000000000000e+02
1.865600000000000000e+04 -1.008000000000000000e+03 1.840000000000000000e+02 -1.600000000000000000e+02
1.869600000000000000e+04 -1.008000000000000000e+03 1.920000000000000000e+02 -2.080000000000000000e+02
1.873600000000000000e+04 -1.000000000000000000e+03 1.920000000000000000e+02 -2.080000000000000000e+02
1.877600000000000000e+04 -1.000000000000000000e+03 1.920000000000000000e+02 -2.400000000000000000e+02
1.881600000000000000e+04 -9.920000000000000000e+02 1.920000000000000000e+02 -1.920000000000000000e+02
1.885600000000000000e+04 -9.920000000000000000e+02 1.920000000000000000e+02 -2.080000000000000000e+02
1.889600000000000000e+04 -9.840000000000000000e+02 1.920000000000000000e+02 -1.760000000000000000e+02
1.892700000000000000e+04 -9.840000000000000000e+02 1.920000000000000000e+02 -2.000000000000000000e+02
1.896700000000000000e+04 -9.840000000000000000e+02 1.840000000000000000e+02 -1.920000000000000000e+02
1.900700000000000000e+04 -9.840000000000000000e+02 1.920000000000000000e+02 -1.840000000000000000e+02
1.904700000000000000e+04 -9.840000000000000000e+02 1.920000000000000000e+02 -1.920000000000000000e+02
1.908700000000000000e+04 -9.840000000000000000e+02 1.920000000000000000e+02 -2.080000000000000000e+02
1.912700000000000000e+04 -9.840000000000000000e+02 1.920000000000000000e+02 -2.000000000000000000e+02
1.916700000000000000e+04 -9.840000000000000000e+02 1.760000000000000000e+02 -2.000000000000000000e+02
1.920700000000000000e+04 -9.920000000000000000e+02 1.840000000000000000e+02 -1.840000000000000000e+02
1.924700000000000000e+04 -9.840000000000000000e+02 1.920000000000000000e+02 -1.840000000000000000e+02
1.928700000000000000e+04 -9.920000000000000000e+02 1.920000000000000000e+02 -1.840000000000000000e+02
1.932700000000000000e+04 -9.840000000000000000e+02 1.920000000000000000e+02 -1.760000000000000000e+02
1.936700000000000000e+04 -9.920000000000000000e+02 1.920000000000000000e+02 -1.840000000000000000e+02
1.940700000000000000e+04 -9.920000000000000000e+02 1.920000000000000000e+02 -1.920000000000000000e+02
1.944700000000000000e+04 -9.920000000000000000e+02 1.920000000000000000e+02 -1.920000000000000000e+02
1.948700000000000000e+04 -9.920000000000000000e+02 2.000000000000000000e+02 -1.920000000000000000e+02
1.952700000000000000e+04 -9.920000000000000000e+02 1.760000000000000000e+02 -1.920000000000000000e+02
1.956700000000000000e+04 -9.920000000000000000e+02 1.840000000000000000e+02 -1.920000000000000000e+02
1.960700000000000000e+04 -9.920000000000000000e+02 1.920000000000000000e+02 -1.840000000000000000e+02
1.964700000000000000e+04 -9.920000000000000000e+02 1.920000000000000000e+02 -2.000000000000000000e+02
1.968700000000000000e+04 -1.000000000000000000e+03 1.920000000000000000e+02 -2.320000000000000000e+02
1.972700000000000000e+04 -1.016000000000000000e+03 1.920000000000000000e+02 -1.840000000000000000e+02
1.976700000000000000e+04 -9.920000000000000000e+02 2.080000000000000000e+02 -1.840000000000000000e+02
1.980700000000000000e+04 -9.920000000000000000e+02 2.080000000000000000e+02 -1.840000000000000000e+02
1.984700000000000000e+04 -9.840000000000000000e+02 2.000000000000000000e+02 -2.320000000000000000e+02
1.988700000000000000e+04 -1.008000000000000000e+03 2.000000000000000000e+02 -1.840000000000000000e+02
