2.400000000000000000e+01 -7.200000000000000000e+01 5.760000000000000000e+02 -8.480000000000000000e+02
6.400000000000000000e+01 -5.600000000000000000e+01 5.200000000000000000e+02 -8.720000000000000000e+02
1.040000000000000000e+02 -5.600000000000000000e+01 5.200000000000000000e+02 -8.880000000000000000e+02
1.440000000000000000e+02 -6.400000000000000000e+01 5.200000000000000000e+02 -8.800000000000000000e+02
1.840000000000000000e+02 -6.400000000000000000e+01 5.120000000000000000e+02 -8.720000000000000000e+02
2.240000000000000000e+02 -6.400000000000000000e+01 5.120000000000000000e+02 -9.040000000000000000e+02
2.640000000000000000e+02 -7.200000000000000000e+01 4.960000000000000000e+02 -8.720000000000000000e+02
3.040000000000000000e+02 -6.400000000000000000e+01 4.880000000000000000e+02 -9.360000000000000000e+02
3.440000000000000000e+02 -5.600000000000000000e+01 4.800000000000000000e+02 -8.960000000000000000e+02
3.840000000000000000e+02 -4.800000000000000000e+01 4.880000000000000000e+02 -9.120000000000000000e+02
4.240000000000000000e+02 -7.200000000000000000e+01 4.880000000000000000e+02 -8.480000000000000000e+02
4.640000000000000000e+02 -4.800000000000000000e+01 4.960000000000000000e+02 -8.880000000000000000e+02
5.040000000000000000e+02 -4.800000000000000000e+01 4.800000000000000000e+02 -8.880000000000000000e+02
5.440000000000000000e+02 -5.600000000000000000e+01 4.880000000000000000e+02 -8.960000000000000000e+02
5.840000000000000000e+02 -6.400000000000000000e+01 4.960000000000000000e+02 -8.640000000000000000e+02
6.240000000000000000e+02 -6.400000000000000000e+01 4.880000000000000000e+02 -8.720000000000000000e+02
6.640000000000000000e+02 -6.400000000000000000e+01 4.960000000000000000e+02 -8.800000000000000000e+02
7.040000000000000000e+02 -6.400000000000000000e+01 4.960000000000000000e+02 -8.800000000000000000e+02
7.440000000000000000e+02 -6.400000000000000000e+01 5.040000000000000000e+02 -9.040000000000000000e+02
7.840000000000000000e+02 -6.400000000000000000e+01 4.960000000000000000e+02 -8.880000000000000000e+02
8.240000000000000000e+02 -6.400000000000000000e+01 5.040000000000000000e+02 -8.960000000000000000e+02
8.640000000000000000e+02 -6.400000000000000000e+01 5.040000000000000000e+02 -8.800000000000000000e+02
9.040000000000000000e+02 -5.600000000000000000e+01 4.960000000000000000e+02 -8.880000000000000000e+02
9.440000000000000000e+02 -5.600000000000000000e+01 4.960000000000000000e+02 -8.720000000000000000e+02
9.840000000000000000e+02 -6.400000000000000000e+01 4.960000000000000000e+02 -8.640000000000000000e+02
1.018000000000000000e+03 -6.400000000000000000e+01 5.040000000000000000e+02 -8.960000000000000000e+02
1.058000000000000000e+03 -6.400000000000000000e+01 4.960000000000000000e+02 -8.960000000000000000e+02
1.098000000000000000e+03 -7.200000000000000000e+01 4.960000000000000000e+02 -8.800000000000000000e+02
1.138000000000000000e+03 -6.400000000000000000e+01 5.040000000000000000e+02 -8.960000000000000000e+02
1.178000000000000000e+03 -8.000000000000000000e+01 4.880000000000000000e+02 -9.760000000000000000e+02
1.218000000000000000e+03 -6.400000000000000000e+01 4.960000000000000000e+02 -8.880000000000000000e+02
1.258000000000000000e+03 -5.600000000000000000e+01 4.960000000000000000e+02 -8.880000000000000000e+02
1.298000000000000000e+03 -5.600000000000000000e+01 4.960000000000000000e+02 -9.040000000000000000e+02
1.338000000000000000e+03 -5.600000000000000000e+01 4.960000000000000000e+02 -8.960000000000000000e+02
1.378000000000000000e+03 -5.600000000000000000e+01 4.960000000000000000e+02 -8.880000000000000000e+02
1.418000000000000000e+03 -6.400000000000000000e+01 4.960000000000000000e+02 -8.720000000000000000e+02
1.458000000000000000e+03 -4.800000000000000000e+01 4.960000000000000000e+02 -8.480000000000000000e+02
1.498000000000000000e+03 -5.600000000000000000e+01 4.960000000000000000e+02 -8.720000000000000000e+02
1.538000000000000000e+03 -5.600000000000000000e+01 5.040000000000000000e+02 -8.880000000000000000e+02
1.578000000000000000e+03 -4.800000000000000000e+01 5.040000000000000000e+02 -8.960000000000000000e+02
1.618000000000000000e+03 -5.600000000000000000e+01 4.960000000000000000e+02 -8.880000000000000000e+02
1.658000000000000000e+03 -5.600000000000000000e+01 4.960000000000000000e+02 -8.720000000000000000e+02
1.698000000000000000e+03 -5.600000000000000000e+01 4.960000000000000000e+02 -8.880000000000000000e+02
1.738000000000000000e+03 -5.600000000000000000e+01 4.880000000000000000e+02 -8.560000000000000000e+02
1.778000000000000000e+03 -5.600000000000000000e+01 4.960000000000000000e+02 -8.720000000000000000e+02
1.818000000000000000e+03 -4.000000000000000000e+01 5.040000000000000000e+02 -8.800000000000000000e+02
1.858000000000000000e+03 -4.800000000000000000e+01 5.040000000000000000e+02 -8.960000000000000000e+02
1.898000000000000000e+03 -5.600000000000000000e+01 4.960000000000000000e+02 -8.640000000000000000e+02
1.938000000000000000e+03 -3.200000000000000000e+01 4.880000000000000000e+02 -8.880000000000000000e+02
1.978000000000000000e+03 -4.800000000000000000e+01 4.880000000000000000e+02 -8.800000000000000000e+02
2.010000000000000000e+03 -4.800000000000000000e+01 4.960000000000000000e+02 -8.960000000000000000e+02
2.050000000000000000e+03 -4.000000000000000000e+01 5.040000000000000000e+02 -8.800000000000000000e+02
2.090000000000000000e+03 -5.600000000000000000e+01 5.040000000000000000e+02 -9.200000000000000000e+02
2.130000000000000000e+03 -5.600000000000000000e+01 5.040000000000000000e+02 -8.800000000000000000e+02
2.170000000000000000e+03 -6.400000000000000000e+01 5.120000000000000000e+02 -8.880000000000000000e+02
2.210000000000000000e+03 -7.200000000000000000e+01 5.120000000000000000e+02 -8.240000000000000000e+02
2.250000000000000000e+03 -6.400000000000000000e+01 5.120000000000000000e+02 -8.800000000000000000e+02
2.290000000000000000e+03 -4.800000000000000000e+01 5.120000000000000000e+02 -8.800000000000000000e+02
2.330000000000000000e+03 -5.600000000000000000e+01 5.040000000000000000e+02 -8.880000000000000000e+02
2.370000000000000000e+03 -5.600000000000000000e+01 5.040000000000000000e+02 -8.880000000000000000e+02
2.410000000000000000e+03 -7.200000000000000000e+01 4.960000000000000000e+02 -8.640000000000000000e+02
2.450000000000000000e+03 -6.400000000000000000e+01 4.960000000000000000e+02 -8.800000000000000000e+02
2.490000000000000000e+03 -6.400000000000000000e+01 4.960000000000000000e+02 -8.800000000000000000e+02
2.530000000000000000e+03 -4.800000000000000000e+01 5.040000000000000000e+02 -8.800000000000000000e+02
2.570000000000000000e+03 -4.000000000000000000e+01 4.960000000000000000e+02 -9.040000000000000000e+02
2.610000000000000000e+03 -5.600000000000000000e+01 5.040000000000000000e+02 -9.360000000000000000e+02
2.650000000000000000e+03 -5.600000000000000000e+01 4.960000000000000000e+02 -8.640000000000000000e+02
2.690000000000000000e+03 -5.600000000000000000e+01 5.040000000000000000e+02 -8.800000000000000000e+02
2.730000000000000000e+03 -5.600000000000000000e+01 4.960000000000000000e+02 -9.040000000000000000e+02
2.770000000000000000e+03 -5.600000000000000000e+01 5.040000000000000000e+02 -8.800000000000000000e+02
2.810000000000000000e+03 -6.400000000000000000e+01 5.040000000000000000e+02 -8.880000000000000000e+02
2.850000000000000000e+03 -6.400000000000000000e+01 5.120000000000000000e+02 -8.960000000000000000e+02
2.890000000000000000e+03 -5.600000000000000000e+01 5.040000000000000000e+02 -8.880000000000000000e+02
2.930000000000000000e+03 -5.600000000000000000e+01 5.040000000000000000e+02 -8.800000000000000000e+02
2.970000000000000000e+03 -5.600000000000000000e+01 5.040000000000000000e+02 -8.800000000000000000e+02
3.003000000000000000e+03 -5.600000000000000000e+01 5.040000000000000000e+02 -8.880000000000000000e+02
3.043000000000000000e+03 -4.800000000000000000e+01 5.040000000000000000e+02 -9.280000000000000000e+02
3.083000000000000000e+03 -6.400000000000000000e+01 4.960000000000000000e+02 -9.040000000000000000e+02
3.123000000000000000e+03 -5.600000000000000000e+01 5.120000000000000000e+02 -8.880000000000000000e+02
3.163000000000000000e+03 -5.600000000000000000e+01 5.040000000000000000e+02 -9.040000000000000000e+02
3.203000000000000000e+03 -3.200000000000000000e+01 5.040000000000000000e+02 -9.120000000000000000e+02
3.243000000000000000e+03 -4.000000000000000000e+01 5.040000000000000000e+02 -8.640000000000000000e+02
3.283000000000000000e+03 -4.000000000000000000e+01 5.040000000000000000e+02 -8.880000000000000000e+02
3.323000000000000000e+03 -4.800000000000000000e+01 4.960000000000000000e+02 -8.880000000000000000e+02
3.363000000000000000e+03 -4.000000000000000000e+01 4.960000000000000000e+02 -8.560000000000000000e+02
3.403000000000000000e+03 -5.600000000000000000e+01 5.120000000000000000e+02 -9.120000000000000000e+02
3.443000000000000000e+03 -4.800000000000000000e+01 4.960000000000000000e+02 -8.720000000000000000e+02
3.483000000000000000e+03 -4.800000000000000000e+01 4.960000000000000000e+02 -8.960000000000000000e+02
3.523000000000000000e+03 -5.600000000000000000e+01 5.040000000000000000e+02 -8.880000000000000000e+02
3.563000000000000000e+03 -5.600000000000000000e+01 5.040000000000000000e+02 -8.960000000000000000e+02
3.603000000000000000e+03 -5.600000000000000000e+01 4.960000000000000000e+02 -8.960000000000000000e+02
3.643000000000000000e+03 -5.600000000000000000e+01 4.960000000000000000e+02 -8.800000000000000000e+02
3.683000000000000000e+03 -7.200000000000000000e+01 4.880000000000000000e+02 -8.880000000000000000e+02
3.723000000000000000e+03 -4.800000000000000000e+01 4.960000000000000000e+02 -8.960000000000000000e+02
3.763000000000000000e+03 -4.800000000000000000e+01 4.960000000000000000e+02 -8.880000000000000000e+02
3.803000000000000000e+03 -4.800000000000000000e+01 4.960000000000000000e+02 -8.960000000000000000e+02
3.843000000000000000e+03 -4.800000000000000000e+01 4.880000000000000000e+02 -9.040000000000000000e+02
3.883000000000000000e+03 -2.400000000000000000e+01 4.880000000000000000e+02 -8.960000000000000000e+02
3.923000000000000000e+03 -4.000000000000000000e+01 4.880000000000000000e+02 -8.880000000000000000e+02
3.963000000000000000e+03 -4.000000000000000000e+01 4.800000000000000000e+02 -8.960000000000000000e+02
3.995000000000000000e+03 -3.200000000000000000e+01 4.800000000000000000e+02 -9.040000000000000000e+02
4.035000000000000000e+03 -4.800000000000000000e+01 4.880000000000000000e+02 -8.880000000000000000e+02
4.075000000000000000e+03 -4.800000000000000000e+01 4.800000000000000000e+02 -9.040000000000000000e+02
4.115000000000000000e+03 -5.600000000000000000e+01 4.880000000000000000e+02 -8.880000000000000000e+02
4.155000000000000000e+03 -4.800000000000000000e+01 4.880000000000000000e+02 -8.880000000000000000e+02
4.195000000000000000e+03 -7.200000000000000000e+01 4.880000000000000000e+02 -9.040000000000000000e+02
4.235000000000000000e+03 -5.600000000000000000e+01 4.960000000000000000e+02 -8.880000000000000000e+02
4.275000000000000000e+03 -5.600000000000000000e+01 4.880000000000000000e+02 -8.880000000000000000e+02
4.315000000000000000e+03 -4.800000000000000000e+01 4.880000000000000000e+02 -8.640000000000000000e+02
4.355000000000000000e+03 -6.400000000000000000e+01 4.880000000000000000e+02 -8.960000000000000000e+02
4.395000000000000000e+03 -5.600000000000000000e+01 4.880000000000000000e+02 -9.040000000000000000e+02
4.435000000000000000e+03 -5.600000000000000000e+01 4.880000000000000000e+02 -8.720000000000000000e+02
4.475000000000000000e+03 -5.600000000000000000e+01 4.800000000000000000e+02 -9.200000000000000000e+02
4.515000000000000000e+03 -5.600000000000000000e+01 4.880000000000000000e+02 -9.120000000000000000e+02
4.555000000000000000e+03 -6.400000000000000000e+01 4.880000000000000000e+02 -8.960000000000000000e+02
4.595000000000000000e+03 -5.600000000000000000e+01 4.880000000000000000e+02 -8.880000000000000000e+02
4.635000000000000000e+03 -5.600000000000000000e+01 4.960000000000000000e+02 -8.640000000000000000e+02
4.675000000000000000e+03 -5.600000000000000000e+01 4.960000000000000000e+02 -8.960000000000000000e+02
4.715000000000000000e+03 -4.800000000000000000e+01 4.800000000000000000e+02 -8.880000000000000000e+02
4.755000000000000000e+03 -5.600000000000000000e+01 5.120000000000000000e+02 -8.800000000000000000e+02
4.795000000000000000e+03 -5.600000000000000000e+01 5.120000000000000000e+02 -8.880000000000000000e+02
4.835000000000000000e+03 -6.400000000000000000e+01 5.040000000000000000e+02 -8.720000000000000000e+02
4.875000000000000000e+03 -6.400000000000000000e+01 5.040000000000000000e+02 -8.880000000000000000e+02
4.915000000000000000e+03 -6.400000000000000000e+01 5.040000000000000000e+02 -9.200000000000000000e+02
4.955000000000000000e+03 -6.400000000000000000e+01 4.960000000000000000e+02 -8.720000000000000000e+02
4.988000000000000000e+03 -5.600000000000000000e+01 4.960000000000000000e+02 -8.720000000000000000e+02
5.028000000000000000e+03 -5.600000000000000000e+01 5.040000000000000000e+02 -8.800000000000000000e+02
5.068000000000000000e+03 -5.600000000000000000e+01 4.960000000000000000e+02 -9.040000000000000000e+02
5.108000000000000000e+03 -2.400000000000000000e+01 5.120000000000000000e+02 -8.480000000000000000e+02
5.148000000000000000e+03 -4.800000000000000000e+01 5.280000000000000000e+02 -8.800000000000000000e+02
5.188000000000000000e+03 -6.400000000000000000e+01 5.120000000000000000e+02 -8.480000000000000000e+02
5.228000000000000000e+03 -5.600000000000000000e+01 5.120000000000000000e+02 -8.720000000000000000e+02
5.268000000000000000e+03 -4.800000000000000000e+01 5.120000000000000000e+02 -8.560000000000000000e+02
5.308000000000000000e+03 -4.800000000000000000e+01 5.120000000000000000e+02 -8.640000000000000000e+02
5.348000000000000000e+03 -5.600000000000000000e+01 5.120000000000000000e+02 -8.880000000000000000e+02
5.388000000000000000e+03 -5.600000000000000000e+01 5.120000000000000000e+02 -8.800000000000000000e+02
5.428000000000000000e+03 -5.600000000000000000e+01 5.280000000000000000e+02 -8.800000000000000000e+02
5.468000000000000000e+03 -6.400000000000000000e+01 5.280000000000000000e+02 -8.560000000000000000e+02
5.508000000000000000e+03 -6.400000000000000000e+01 5.280000000000000000e+02 -8.640000000000000000e+02
5.548000000000000000e+03 -7.200000000000000000e+01 5.280000000000000000e+02 -8.800000000000000000e+02
5.588000000000000000e+03 -4.800000000000000000e+01 5.280000000000000000e+02 -8.880000000000000000e+02
5.628000000000000000e+03 -6.400000000000000000e+01 5.360000000000000000e+02 -8.560000000000000000e+02
5.668000000000000000e+03 -6.400000000000000000e+01 5.280000000000000000e+02 -8.240000000000000000e+02
5.708000000000000000e+03 -5.600000000000000000e+01 5.360000000000000000e+02 -8.800000000000000000e+02
5.748000000000000000e+03 -5.600000000000000000e+01 5.280000000000000000e+02 -8.400000000000000000e+02
5.788000000000000000e+03 -4.800000000000000000e+01 5.120000000000000000e+02 -9.120000000000000000e+02
5.828000000000000000e+03 -7.200000000000000000e+01 5.200000000000000000e+02 -8.640000000000000000e+02
5.868000000000000000e+03 -5.600000000000000000e+01 5.280000000000000000e+02 -8.640000000000000000e+02
5.908000000000000000e+03 -5.600000000000000000e+01 5.280000000000000000e+02 -8.640000000000000000e+02
5.948000000000000000e+03 -5.600000000000000000e+01 5.200000000000000000e+02 -8.720000000000000000e+02
5.980000000000000000e+03 -5.600000000000000000e+01 5.280000000000000000e+02 -8.560000000000000000e+02
6.020000000000000000e+03 -6.400000000000000000e+01 5.280000000000000000e+02 -8.720000000000000000e+02
6.060000000000000000e+03 -5.600000000000000000e+01 5.280000000000000000e+02 -9.120000000000000000e+02
6.100000000000000000e+03 -4.800000000000000000e+01 5.600000000000000000e+02 -9.040000000000000000e+02
6.140000000000000000e+03 -4.000000000000000000e+01 5.520000000000000000e+02 -8.640000000000000000e+02
6.180000000000000000e+03 -5.600000000000000000e+01 5.360000000000000000e+02 -8.560000000000000000e+02
6.220000000000000000e+03 -6.400000000000000000e+01 5.440000000000000000e+02 -8.480000000000000000e+02
6.260000000000000000e+03 -6.400000000000000000e+01 5.200000000000000000e+02 -8.480000000000000000e+02
6.300000000000000000e+03 -5.600000000000000000e+01 5.200000000000000000e+02 -8.720000000000000000e+02
6.340000000000000000e+03 -5.600000000000000000e+01 5.200000000000000000e+02 -8.880000000000000000e+02
6.380000000000000000e+03 -6.400000000000000000e+01 5.280000000000000000e+02 -8.400000000000000000e+02
6.420000000000000000e+03 -4.800000000000000000e+01 5.200000000000000000e+02 -8.800000000000000000e+02
6.460000000000000000e+03 -4.800000000000000000e+01 5.200000000000000000e+02 -8.640000000000000000e+02
6.500000000000000000e+03 -4.800000000000000000e+01 5.200000000000000000e+02 -8.640000000000000000e+02
6.540000000000000000e+03 -5.600000000000000000e+01 5.360000000000000000e+02 -8.800000000000000000e+02
6.580000000000000000e+03 -4.800000000000000000e+01 5.280000000000000000e+02 -8.400000000000000000e+02
6.620000000000000000e+03 -5.600000000000000000e+01 5.360000000000000000e+02 -8.640000000000000000e+02
6.660000000000000000e+03 -5.600000000000000000e+01 5.280000000000000000e+02 -8.800000000000000000e+02
6.700000000000000000e+03 -5.600000000000000000e+01 5.360000000000000000e+02 -8.560000000000000000e+02
6.740000000000000000e+03 -6.400000000000000000e+01 5.600000000000000000e+02 -8.480000000000000000e+02
6.780000000000000000e+03 -6.400000000000000000e+01 5.680000000000000000e+02 -8.480000000000000000e+02
6.820000000000000000e+03 -6.400000000000000000e+01 5.440000000000000000e+02 -8.720000000000000000e+02
6.860000000000000000e+03 -6.400000000000000000e+01 5.360000000000000000e+02 -8.560000000000000000e+02
6.900000000000000000e+03 -4.800000000000000000e+01 5.360000000000000000e+02 -8.720000000000000000e+02
6.940000000000000000e+03 -5.600000000000000000e+01 5.200000000000000000e+02 -8.400000000000000000e+02
6.971000000000000000e+03 -5.600000000000000000e+01 5.280000000000000000e+02 -8.640000000000000000e+02
7.011000000000000000e+03 -5.600000000000000000e+01 5.520000000000000000e+02 -8.720000000000000000e+02
7.051000000000000000e+03 -6.400000000000000000e+01 5.440000000000000000e+02 -8.720000000000000000e+02
7.091000000000000000e+03 -5.600000000000000000e+01 5.360000000000000000e+02 -8.320000000000000000e+02
7.131000000000000000e+03 -8.800000000000000000e+01 5.360000000000000000e+02 -8.400000000000000000e+02
7.171000000000000000e+03 -7.200000000000000000e+01 5.440000000000000000e+02 -8.560000000000000000e+02
7.211000000000000000e+03 -7.200000000000000000e+01 5.360000000000000000e+02 -8.560000000000000000e+02
7.251000000000000000e+03 -4.800000000000000000e+01 5.360000000000000000e+02 -8.480000000000000000e+02
7.291000000000000000e+03 -5.600000000000000000e+01 5.120000000000000000e+02 -9.120000000000000000e+02
7.331000000000000000e+03 -4.800000000000000000e+01 5.280000000000000000e+02 -8.400000000000000000e+02
7.371000000000000000e+03 -5.600000000000000000e+01 5.280000000000000000e+02 -8.480000000000000000e+02
7.411000000000000000e+03 -6.400000000000000000e+01 5.360000000000000000e+02 -8.480000000000000000e+02
7.451000000000000000e+03 -6.400000000000000000e+01 5.520000000000000000e+02 -8.960000000000000000e+02
7.491000000000000000e+03 -5.600000000000000000e+01 5.440000000000000000e+02 -8.240000000000000000e+02
7.531000000000000000e+03 -5.600000000000000000e+01 5.440000000000000000e+02 -8.560000000000000000e+02
7.571000000000000000e+03 -5.600000000000000000e+01 5.600000000000000000e+02 -8.320000000000000000e+02
7.611000000000000000e+03 -6.400000000000000000e+01 5.520000000000000000e+02 -8.560000000000000000e+02
7.651000000000000000e+03 -3.200000000000000000e+01 5.520000000000000000e+02 -8.320000000000000000e+02
7.691000000000000000e+03 -4.800000000000000000e+01 5.520000000000000000e+02 -8.480000000000000000e+02
7.731000000000000000e+03 -4.000000000000000000e+01 5.600000000000000000e+02 -8.320000000000000000e+02
7.771000000000000000e+03 -5.600000000000000000e+01 5.520000000000000000e+02 -8.400000000000000000e+02
7.811000000000000000e+03 -5.600000000000000000e+01 5.600000000000000000e+02 -8.560000000000000000e+02
7.851000000000000000e+03 -5.600000000000000000e+01 5.520000000000000000e+02 -9.040000000000000000e+02
7.891000000000000000e+03 -4.000000000000000000e+01 5.600000000000000000e+02 -8.720000000000000000e+02
7.931000000000000000e+03 -4.000000000000000000e+01 5.280000000000000000e+02 -8.560000000000000000e+02
7.965000000000000000e+03 -4.800000000000000000e+01 5.360000000000000000e+02 -8.560000000000000000e+02
8.005000000000000000e+03 -7.200000000000000000e+01 5.440000000000000000e+02 -8.640000000000000000e+02
8.045000000000000000e+03 -8.000000000000000000e+01 5.520000000000000000e+02 -8.080000000000000000e+02
8.085000000000000000e+03 -7.200000000000000000e+01 5.680000000000000000e+02 -8.320000000000000000e+02
8.125000000000000000e+03 -4.800000000000000000e+01 5.600000000000000000e+02 -8.320000000000000000e+02
8.165000000000000000e+03 -8.000000000000000000e+01 5.680000000000000000e+02 -8.400000000000000000e+02
8.205000000000000000e+03 -8.800000000000000000e+01 5.520000000000000000e+02 -8.480000000000000000e+02
8.245000000000000000e+03 -8.800000000000000000e+01 5.520000000000000000e+02 -8.480000000000000000e+02
8.285000000000000000e+03 -7.200000000000000000e+01 5.440000000000000000e+02 -8.720000000000000000e+02
8.325000000000000000e+03 -7.200000000000000000e+01 5.440000000000000000e+02 -8.400000000000000000e+02
8.365000000000000000e+03 -7.200000000000000000e+01 5.440000000000000000e+02 -8.720000000000000000e+02
8.405000000000000000e+03 -7.200000000000000000e+01 5.440000000000000000e+02 -8.640000000000000000e+02
8.445000000000000000e+03 -5.600000000000000000e+01 5.360000000000000000e+02 -8.480000000000000000e+02
8.485000000000000000e+03 -6.400000000000000000e+01 5.440000000000000000e+02 -8.640000000000000000e+02
8.525000000000000000e+03 -4.800000000000000000e+01 5.360000000000000000e+02 -8.640000000000000000e+02
8.565000000000000000e+03 -5.600000000000000000e+01 5.360000000000000000e+02 -8.240000000000000000e+02
8.605000000000000000e+03 -5.600000000000000000e+01 5.360000000000000000e+02 -8.640000000000000000e+02
8.645000000000000000e+03 -7.200000000000000000e+01 5.440000000000000000e+02 -8.560000000000000000e+02
8.685000000000000000e+03 -6.400000000000000000e+01 5.600000000000000000e+02 -8.560000000000000000e+02
8.725000000000000000e+03 -6.400000000000000000e+01 5.440000000000000000e+02 -8.720000000000000000e+02
8.765000000000000000e+03 -6.400000000000000000e+01 5.360000000000000000e+02 -8.560000000000000000e+02
8.805000000000000000e+03 -4.000000000000000000e+01 5.200000000000000000e+02 -8.640000000000000000e+02
8.845000000000000000e+03 -4.800000000000000000e+01 5.120000000000000000e+02 -9.120000000000000000e+02
8.885000000000000000e+03 -5.600000000000000000e+01 5.280000000000000000e+02 -8.400000000000000000e+02
8.925000000000000000e+03 -5.600000000000000000e+01 5.280000000000000000e+02 -8.640000000000000000e+02
8.957000000000000000e+03 -6.400000000000000000e+01 5.360000000000000000e+02 -8.560000000000000000e+02
8.997000000000000000e+03 -8.000000000000000000e+01 5.280000000000000000e+02 -8.640000000000000000e+02
9.037000000000000000e+03 -5.600000000000000000e+01 5.200000000000000000e+02 -8.800000000000000000e+02
9.077000000000000000e+03 -6.400000000000000000e+01 5.200000000000000000e+02 -8.800000000000000000e+02
9.117000000000000000e+03 -5.600000000000000000e+01 5.120000000000000000e+02 -8.480000000000000000e+02
9.157000000000000000e+03 -6.400000000000000000e+01 5.040000000000000000e+02 -8.720000000000000000e+02
9.197000000000000000e+03 -8.800000000000000000e+01 5.200000000000000000e+02 -8.560000000000000000e+02
9.237000000000000000e+03 -6.400000000000000000e+01 5.280000000000000000e+02 -8.400000000000000000e+02
9.277000000000000000e+03 -5.600000000000000000e+01 5.280000000000000000e+02 -8.640000000000000000e+02
9.317000000000000000e+03 -4.800000000000000000e+01 5.360000000000000000e+02 -8.640000000000000000e+02
9.357000000000000000e+03 -5.600000000000000000e+01 5.360000000000000000e+02 -8.320000000000000000e+02
9.397000000000000000e+03 -6.400000000000000000e+01 5.440000000000000000e+02 -8.640000000000000000e+02
9.437000000000000000e+03 -6.400000000000000000e+01 5.280000000000000000e+02 -8.800000000000000000e+02
9.477000000000000000e+03 -8.000000000000000000e+01 5.280000000000000000e+02 -8.560000000000000000e+02
9.517000000000000000e+03 -7.200000000000000000e+01 5.520000000000000000e+02 -8.800000000000000000e+02
9.557000000000000000e+03 -5.600000000000000000e+01 5.360000000000000000e+02 -8.720000000000000000e+02
9.597000000000000000e+03 -8.000000000000000000e+01 5.360000000000000000e+02 -8.560000000000000000e+02
9.637000000000000000e+03 -8.000000000000000000e+01 5.360000000000000000e+02 -8.560000000000000000e+02
9.677000000000000000e+03 -7.200000000000000000e+01 5.360000000000000000e+02 -8.320000000000000000e+02
9.717000000000000000e+03 -6.400000000000000000e+01 5.440000000000000000e+02 -8.640000000000000000e+02
9.757000000000000000e+03 -6.400000000000000000e+01 5.440000000000000000e+02 -8.640000000000000000e+02
9.797000000000000000e+03 -6.400000000000000000e+01 5.360000000000000000e+02 -8.240000000000000000e+02
9.837000000000000000e+03 -5.600000000000000000e+01 5.360000000000000000e+02 -8.480000000000000000e+02
9.877000000000000000e+03 -5.600000000000000000e+01 5.520000000000000000e+02 -8.560000000000000000e+02
9.917000000000000000e+03 -5.600000000000000000e+01 5.440000000000000000e+02 -9.040000000000000000e+02
9.949000000000000000e+03 -5.600000000000000000e+01 5.360000000000000000e+02 -9.040000000000000000e+02
9.989000000000000000e+03 -5.600000000000000000e+01 5.360000000000000000e+02 -8.320000000000000000e+02
1.002900000000000000e+04 -5.600000000000000000e+01 5.360000000000000000e+02 -8.560000000000000000e+02
1.006900000000000000e+04 -5.600000000000000000e+01 5.200000000000000000e+02 -8.560000000000000000e+02
1.010900000000000000e+04 -8.000000000000000000e+01 5.280000000000000000e+02 -8.480000000000000000e+02
1.014900000000000000e+04 -7.200000000000000000e+01 5.280000000000000000e+02 -8.480000000000000000e+02
1.018900000000000000e+04 -6.400000000000000000e+01 5.360000000000000000e+02 -8.560000000000000000e+02
1.022900000000000000e+04 -5.600000000000000000e+01 5.360000000000000000e+02 -8.640000000000000000e+02
1.026900000000000000e+04 -6.400000000000000000e+01 5.600000000000000000e+02 -8.560000000000000000e+02
1.030900000000000000e+04 -6.400000000000000000e+01 5.680000000000000000e+02 -8.640000000000000000e+02
1.034900000000000000e+04 -5.600000000000000000e+01 5.680000000000000000e+02 -8.640000000000000000e+02
1.038900000000000000e+04 -6.400000000000000000e+01 5.440000000000000000e+02 -8.560000000000000000e+02
1.042900000000000000e+04 -6.400000000000000000e+01 5.440000000000000000e+02 -8.640000000000000000e+02
1.046900000000000000e+04 -7.200000000000000000e+01 5.360000000000000000e+02 -8.720000000000000000e+02
1.050900000000000000e+04 -6.400000000000000000e+01 5.360000000000000000e+02 -8.560000000000000000e+02
1.054900000000000000e+04 -8.000000000000000000e+01 5.360000000000000000e+02 -8.720000000000000000e+02
1.058900000000000000e+04 -6.400000000000000000e+01 5.440000000000000000e+02 -8.960000000000000000e+02
1.062900000000000000e+04 -5.600000000000000000e+01 5.440000000000000000e+02 -8.640000000000000000e+02
1.066900000000000000e+04 -5.600000000000000000e+01 5.440000000000000000e+02 -8.480000000000000000e+02
1.070900000000000000e+04 -6.400000000000000000e+01 5.280000000000000000e+02 -8.720000000000000000e+02
1.074900000000000000e+04 -6.400000000000000000e+01 5.280000000000000000e+02 -8.560000000000000000e+02
1.078900000000000000e+04 -6.400000000000000000e+01 5.360000000000000000e+02 -8.480000000000000000e+02
1.082900000000000000e+04 -6.400000000000000000e+01 5.520000000000000000e+02 -8.640000000000000000e+02
1.086900000000000000e+04 -4.800000000000000000e+01 5.360000000000000000e+02 -8.720000000000000000e+02
1.090900000000000000e+04 -9.600000000000000000e+01 5.360000000000000000e+02 -8.640000000000000000e+02
1.094100000000000000e+04 -8.000000000000000000e+01 5.440000000000000000e+02 -8.640000000000000000e+02
1.098100000000000000e+04 -7.200000000000000000e+01 5.360000000000000000e+02 -8.640000000000000000e+02
1.102100000000000000e+04 -8.000000000000000000e+01 5.360000000000000000e+02 -8.080000000000000000e+02
1.106100000000000000e+04 -6.400000000000000000e+01 5.360000000000000000e+02 -8.160000000000000000e+02
1.110100000000000000e+04 -8.000000000000000000e+01 5.600000000000000000e+02 -8.640000000000000000e+02
1.114100000000000000e+04 -6.400000000000000000e+01 5.440000000000000000e+02 -8.640000000000000000e+02
1.118100000000000000e+04 -6.400000000000000000e+01 5.360000000000000000e+02 -8.560000000000000000e+02
1.122100000000000000e+04 -6.400000000000000000e+01 5.360000000000000000e+02 -8.560000000000000000e+02
1.126100000000000000e+04 -4.800000000000000000e+01 5.280000000000000000e+02 -8.720000000000000000e+02
1.130100000000000000e+04 -4.800000000000000000e+01 5.280000000000000000e+02 -8.720000000000000000e+02
1.134100000000000000e+04 -6.400000000000000000e+01 5.440000000000000000e+02 -8.640000000000000000e+02
1.138100000000000000e+04 -4.800000000000000000e+01 5.360000000000000000e+02 -8.800000000000000000e+02
1.142100000000000000e+04 -6.400000000000000000e+01 5.360000000000000000e+02 -8.720000000000000000e+02
1.146100000000000000e+04 -6.400000000000000000e+01 5.440000000000000000e+02 -8.480000000000000000e+02
1.150100000000000000e+04 -5.600000000000000000e+01 5.360000000000000000e+02 -8.800000000000000000e+02
1.154100000000000000e+04 -5.600000000000000000e+01 5.360000000000000000e+02 -8.640000000000000000e+02
1.158100000000000000e+04 -5.600000000000000000e+01 5.360000000000000000e+02 -8.560000000000000000e+02
1.162100000000000000e+04 -5.600000000000000000e+01 5.280000000000000000e+02 -8.800000000000000000e+02
1.166100000000000000e+04 -5.600000000000000000e+01 5.280000000000000000e+02 -8.560000000000000000e+02
1.170100000000000000e+04 -6.400000000000000000e+01 5.360000000000000000e+02 -8.320000000000000000e+02
1.174100000000000000e+04 -8.000000000000000000e+01 5.360000000000000000e+02 -8.720000000000000000e+02
1.178100000000000000e+04 -6.400000000000000000e+01 5.280000000000000000e+02 -8.560000000000000000e+02
1.182100000000000000e+04 -4.800000000000000000e+01 5.360000000000000000e+02 -8.480000000000000000e+02
1.186100000000000000e+04 -5.600000000000000000e+01 5.280000000000000000e+02 -9.040000000000000000e+02
1.190100000000000000e+04 -5.600000000000000000e+01 5.280000000000000000e+02 -8.720000000000000000e+02
1.193300000000000000e+04 -6.400000000000000000e+01 5.280000000000000000e+02 -8.800000000000000000e+02
1.197300000000000000e+04 -7.200000000000000000e+01 5.280000000000000000e+02 -8.560000000000000000e+02
1.201300000000000000e+04 -4.800000000000000000e+01 5.360000000000000000e+02 -8.960000000000000000e+02
1.205300000000000000e+04 -5.600000000000000000e+01 5.440000000000000000e+02 -8.880000000000000000e+02
1.209300000000000000e+04 -7.200000000000000000e+01 5.360000000000000000e+02 -8.720000000000000000e+02
1.213300000000000000e+04 -6.400000000000000000e+01 5.280000000000000000e+02 -8.560000000000000000e+02
1.217300000000000000e+04 -6.400000000000000000e+01 5.280000000000000000e+02 -8.720000000000000000e+02
1.221300000000000000e+04 -6.400000000000000000e+01 5.280000000000000000e+02 -8.480000000000000000e+02
1.225300000000000000e+04 -6.400000000000000000e+01 5.280000000000000000e+02 -8.720000000000000000e+02
1.229300000000000000e+04 -5.600000000000000000e+01 5.120000000000000000e+02 -8.240000000000000000e+02
1.233300000000000000e+04 -7.200000000000000000e+01 5.200000000000000000e+02 -8.640000000000000000e+02
1.237300000000000000e+04 -6.400000000000000000e+01 5.280000000000000000e+02 -8.560000000000000000e+02
1.241300000000000000e+04 -5.600000000000000000e+01 5.280000000000000000e+02 -8.800000000000000000e+02
1.245300000000000000e+04 -3.200000000000000000e+01 5.280000000000000000e+02 -8.480000000000000000e+02
1.249300000000000000e+04 -4.800000000000000000e+01 5.120000000000000000e+02 -8.640000000000000000e+02
1.253300000000000000e+04 -5.600000000000000000e+01 5.280000000000000000e+02 -8.560000000000000000e+02
1.257300000000000000e+04 -5.600000000000000000e+01 5.440000000000000000e+02 -8.480000000000000000e+02
1.261300000000000000e+04 -4.800000000000000000e+01 5.440000000000000000e+02 -8.720000000000000000e+02
1.265300000000000000e+04 -5.600000000000000000e+01 5.200000000000000000e+02 -8.800000000000000000e+02
1.269300000000000000e+04 -5.600000000000000000e+01 5.280000000000000000e+02 -8.560000000000000000e+02
1.273300000000000000e+04 -6.400000000000000000e+01 5.440000000000000000e+02 -8.640000000000000000e+02
1.277300000000000000e+04 -5.600000000000000000e+01 5.440000000000000000e+02 -8.640000000000000000e+02
1.281300000000000000e+04 -5.600000000000000000e+01 5.360000000000000000e+02 -8.560000000000000000e+02
1.285300000000000000e+04 -5.600000000000000000e+01 5.440000000000000000e+02 -8.480000000000000000e+02
1.289300000000000000e+04 -5.600000000000000000e+01 5.440000000000000000e+02 -8.480000000000000000e+02
1.292500000000000000e+04 -5.600000000000000000e+01 5.600000000000000000e+02 -8.400000000000000000e+02
1.296500000000000000e+04 -5.600000000000000000e+01 5.520000000000000000e+02 -8.320000000000000000e+02
1.300500000000000000e+04 -4.000000000000000000e+01 5.440000000000000000e+02 -8.880000000000000000e+02
1.304500000000000000e+04 -4.800000000000000000e+01 5.360000000000000000e+02 -8.720000000000000000e+02
1.308500000000000000e+04 -5.600000000000000000e+01 5.360000000000000000e+02 -8.480000000000000000e+02
1.312500000000000000e+04 -6.400000000000000000e+01 5.360000000000000000e+02 -8.560000000000000000e+02
1.316500000000000000e+04 -6.400000000000000000e+01 5.360000000000000000e+02 -8.960000000000000000e+02
1.320500000000000000e+04 -4.800000000000000000e+01 5.440000000000000000e+02 -8.480000000000000000e+02
1.324500000000000000e+04 -7.200000000000000000e+01 5.360000000000000000e+02 -8.720000000000000000e+02
1.328500000000000000e+04 -6.400000000000000000e+01 5.360000000000000000e+02 -8.640000000000000000e+02
1.332500000000000000e+04 -6.400000000000000000e+01 5.360000000000000000e+02 -8.400000000000000000e+02
1.336500000000000000e+04 -6.400000000000000000e+01 5.360000000000000000e+02 -8.480000000000000000e+02
1.340500000000000000e+04 -6.400000000000000000e+01 5.360000000000000000e+02 -8.480000000000000000e+02
1.344500000000000000e+04 -6.400000000000000000e+01 5.600000000000000000e+02 -8.800000000000000000e+02
1.348500000000000000e+04 -5.600000000000000000e+01 5.440000000000000000e+02 -8.640000000000000000e+02
1.352500000000000000e+04 -4.800000000000000000e+01 5.440000000000000000e+02 -8.640000000000000000e+02
1.356500000000000000e+04 -2.400000000000000000e+01 5.360000000000000000e+02 -8.560000000000000000e+02
1.360500000000000000e+04 -4.000000000000000000e+01 5.440000000000000000e+02 -8.080000000000000000e+02
1.364500000000000000e+04 -5.600000000000000000e+01 5.440000000000000000e+02 -8.560000000000000000e+02
1.368500000000000000e+04 -5.600000000000000000e+01 5.520000000000000000e+02 -8.800000000000000000e+02
1.372500000000000000e+04 -5.600000000000000000e+01 5.440000000000000000e+02 -8.720000000000000000e+02
1.376500000000000000e+04 -4.800000000000000000e+01 5.680000000000000000e+02 -8.640000000000000000e+02
1.380500000000000000e+04 -5.600000000000000000e+01 5.520000000000000000e+02 -8.880000000000000000e+02
1.384500000000000000e+04 -5.600000000000000000e+01 5.440000000000000000e+02 -8.640000000000000000e+02
1.388500000000000000e+04 -5.600000000000000000e+01 5.360000000000000000e+02 -8.000000000000000000e+02
1.391800000000000000e+04 -6.400000000000000000e+01 5.440000000000000000e+02 -8.320000000000000000e+02
1.395800000000000000e+04 -6.400000000000000000e+01 5.440000000000000000e+02 -8.640000000000000000e+02
1.399800000000000000e+04 -7.200000000000000000e+01 5.280000000000000000e+02 -8.320000000000000000e+02
1.403800000000000000e+04 -8.000000000000000000e+01 5.680000000000000000e+02 -8.160000000000000000e+02
1.407800000000000000e+04 -7.200000000000000000e+01 5.520000000000000000e+02 -8.560000000000000000e+02
1.411800000000000000e+04 -7.200000000000000000e+01 5.360000000000000000e+02 -8.560000000000000000e+02
1.415800000000000000e+04 -7.200000000000000000e+01 5.360000000000000000e+02 -8.400000000000000000e+02
1.419800000000000000e+04 -6.400000000000000000e+01 5.440000000000000000e+02 -8.640000000000000000e+02
1.423800000000000000e+04 -5.600000000000000000e+01 5.440000000000000000e+02 -8.640000000000000000e+02
1.427800000000000000e+04 -4.800000000000000000e+01 5.360000000000000000e+02 -8.640000000000000000e+02
1.431800000000000000e+04 -6.400000000000000000e+01 5.360000000000000000e+02 -8.560000000000000000e+02
1.435800000000000000e+04 -8.800000000000000000e+01 5.440000000000000000e+02 -8.480000000000000000e+02
1.439800000000000000e+04 -7.200000000000000000e+01 5.280000000000000000e+02 -8.560000000000000000e+02
1.443800000000000000e+04 -6.400000000000000000e+01 5.360000000000000000e+02 -8.400000000000000000e+02
1.447800000000000000e+04 -5.600000000000000000e+01 5.520000000000000000e+02 -8.480000000000000000e+02
1.451800000000000000e+04 -5.600000000000000000e+01 5.440000000000000000e+02 -8.640000000000000000e+02
1.455800000000000000e+04 -4.000000000000000000e+01 5.360000000000000000e+02 -8.880000000000000000e+02
1.459800000000000000e+04 -4.800000000000000000e+01 5.520000000000000000e+02 -8.560000000000000000e+02
1.463800000000000000e+04 -4.800000000000000000e+01 5.600000000000000000e+02 -9.200000000000000000e+02
1.467800000000000000e+04 -8.800000000000000000e+01 4.880000000000000000e+02 -9.600000000000000000e+02
1.471800000000000000e+04 -8.800000000000000000e+01 4.880000000000000000e+02 -9.200000000000000000e+02
1.475800000000000000e+04 -4.800000000000000000e+01 5.120000000000000000e+02 -8.160000000000000000e+02
1.479800000000000000e+04 -5.600000000000000000e+01 4.800000000000000000e+02 -8.560000000000000000e+02
1.483800000000000000e+04 -2.400000000000000000e+01 4.960000000000000000e+02 -9.120000000000000000e+02
1.487800000000000000e+04 -8.000000000000000000e+00 4.800000000000000000e+02 -9.680000000000000000e+02
1.491000000000000000e+04 -8.000000000000000000e+00 4.720000000000000000e+02 -9.120000000000000000e+02
1.495000000000000000e+04 -1.600000000000000000e+01 4.320000000000000000e+02 -8.880000000000000000e+02
1.499000000000000000e+04 -4.800000000000000000e+01 4.640000000000000000e+02 -9.120000000000000000e+02
1.503000000000000000e+04 -4.800000000000000000e+01 4.800000000000000000e+02 -8.960000000000000000e+02
1.507000000000000000e+04 -7.200000000000000000e+01 4.720000000000000000e+02 -8.960000000000000000e+02
1.511000000000000000e+04 -6.400000000000000000e+01 5.120000000000000000e+02 -8.960000000000000000e+02
1.515000000000000000e+04 -7.200000000000000000e+01 4.880000000000000000e+02 -9.600000000000000000e+02
1.519000000000000000e+04 -5.600000000000000000e+01 4.320000000000000000e+02 -9.840000000000000000e+02
1.523000000000000000e+04 -1.600000000000000000e+01 4.240000000000000000e+02 -9.440000000000000000e+02
1.527000000000000000e+04 1.600000000000000000e+01 3.440000000000000000e+02 -9.920000000000000000e+02
1.531000000000000000e+04 1.600000000000000000e+01 3.360000000000000000e+02 -8.640000000000000000e+02
1.535000000000000000e+04 1.600000000000000000e+01 4.000000000000000000e+02 -9.520000000000000000e+02
1.539000000000000000e+04 8.000000000000000000e+00 4.320000000000000000e+02 -8.880000000000000000e+02
1.543000000000000000e+04 -8.000000000000000000e+00 4.160000000000000000e+02 -9.840000000000000000e+02
1.547000000000000000e+04 -1.600000000000000000e+01 3.680000000000000000e+02 -9.680000000000000000e+02
1.551000000000000000e+04 -2.400000000000000000e+01 3.680000000000000000e+02 -9.680000000000000000e+02
1.555000000000000000e+04 -2.400000000000000000e+01 3.360000000000000000e+02 -9.760000000000000000e+02
1.559000000000000000e+04 -2.400000000000000000e+01 3.440000000000000000e+02 -9.680000000000000000e+02
1.563000000000000000e+04 -3.200000000000000000e+01 3.440000000000000000e+02 -9.600000000000000000e+02
1.567000000000000000e+04 -1.600000000000000000e+01 3.520000000000000000e+02 -9.520000000000000000e+02
1.571000000000000000e+04 -1.600000000000000000e+01 3.280000000000000000e+02 -9.920000000000000000e+02
1.575000000000000000e+04 -1.600000000000000000e+01 3.360000000000000000e+02 -9.600000000000000000e+02
1.579000000000000000e+04 -1.600000000000000000e+01 3.520000000000000000e+02 -9.440000000000000000e+02
1.583000000000000000e+04 8.000000000000000000e+00 3.200000000000000000e+02 -9.680000000000000000e+02
1.587000000000000000e+04 8.000000000000000000e+00 3.200000000000000000e+02 -1.000000000000000000e+03
1.590300000000000000e+04 8.000000000000000000e+00 3.280000000000000000e+02 -9.680000000000000000e+02
1.594300000000000000e+04 8.000000000000000000e+00 3.520000000000000000e+02 -9.360000000000000000e+02
1.598300000000000000e+04 -2.400000000000000000e+01 3.920000000000000000e+02 -9.840000000000000000e+02
1.602300000000000000e+04 -1.600000000000000000e+01 4.000000000000000000e+02 -9.600000000000000000e+02
1.606300000000000000e+04 -2.400000000000000000e+01 4.080000000000000000e+02 -9.360000000000000000e+02
1.610300000000000000e+04 -8.000000000000000000e+00 3.760000000000000000e+02 -9.840000000000000000e+02
1.614300000000000000e+04 -2.400000000000000000e+01 3.440000000000000000e+02 -9.360000000000000000e+02
1.618300000000000000e+04 -1.600000000000000000e+01 3.440000000000000000e+02 -8.720000000000000000e+02
1.622300000000000000e+04 -1.600000000000000000e+01 3.920000000000000000e+02 -9.440000000000000000e+02
1.626300000000000000e+04 -1.600000000000000000e+01 4.000000000000000000e+02 -9.360000000000000000e+02
1.630300000000000000e+04 -8.000000000000000000e+00 3.760000000000000000e+02 -1.000000000000000000e+03
1.634300000000000000e+04 -3.200000000000000000e+01 3.520000000000000000e+02 -9.680000000000000000e+02
1.638300000000000000e+04 -2.400000000000000000e+01 3.680000000000000000e+02 -9.680000000000000000e+02
1.642300000000000000e+04 -2.400000000000000000e+01 3.680000000000000000e+02 -9.440000000000000000e+02
1.646300000000000000e+04 0.000000000000000000e+00 3.680000000000000000e+02 -1.008000000000000000e+03
1.650300000000000000e+04 1.600000000000000000e+01 3.280000000000000000e+02 -1.008000000000000000e+03
1.654300000000000000e+04 8.000000000000000000e+00 3.680000000000000000e+02 -9.280000000000000000e+02
1.658300000000000000e+04 8.000000000000000000e+00 4.080000000000000000e+02 -9.040000000000000000e+02
1.662300000000000000e+04 0.000000000000000000e+00 4.320000000000000000e+02 -8.880000000000000000e+02
1.666300000000000000e+04 0.000000000000000000e+00 4.240000000000000000e+02 -9.120000000000000000e+02
1.670300000000000000e+04 0.000000000000000000e+00 3.680000000000000000e+02 -1.040000000000000000e+03
1.674300000000000000e+04 -8.000000000000000000e+00 3.520000000000000000e+02 -9.760000000000000000e+02
1.678300000000000000e+04 -8.000000000000000000e+00 3.520000000000000000e+02 -9.920000000000000000e+02
1.682300000000000000e+04 -8.000000000000000000e+00 3.680000000000000000e+02 -9.920000000000000000e+02
1.686300000000000000e+04 -1.600000000000000000e+01 3.680000000000000000e+02 -9.760000000000000000e+02
1.689500000000000000e+04 -1.600000000000000000e+01 3.840000000000000000e+02 -9.840000000000000000e+02
1.693500000000000000e+04 -2.400000000000000000e+01 4.480000000000000000e+02 -8.960000000000000000e+02
1.697500000000000000e+04 -8.000000000000000000e+00 4.480000000000000000e+02 -8.800000000000000000e+02
1.701500000000000000e+04 8.000000000000000000e+00 4.000000000000000000e+02 -9.200000000000000000e+02
1.705500000000000000e+04 1.600000000000000000e+01 4.160000000000000000e+02 -9.600000000000000000e+02
1.709500000000000000e+04 8.000000000000000000e+00 4.240000000000000000e+02 -9.600000000000000000e+02
1.713500000000000000e+04 -8.000000000000000000e+00 4.080000000000000000e+02 -9.920000000000000000e+02
1.717500000000000000e+04 -1.600000000000000000e+01 4.000000000000000000e+02 -8.880000000000000000e+02
1.721500000000000000e+04 8.000000000000000000e+00 4.160000000000000000e+02 -9.280000000000000000e+02
1.725500000000000000e+04 0.000000000000000000e+00 4.080000000000000000e+02 -9.360000000000000000e+02
1.729500000000000000e+04 0.000000000000000000e+00 3.600000000000000000e+02 -9.760000000000000000e+02
1.733500000000000000e+04 8.000000000000000000e+00 3.840000000000000000e+02 -9.600000000000000000e+02
1.737500000000000000e+04 0.000000000000000000e+00 3.760000000000000000e+02 -9.520000000000000000e+02
1.741500000000000000e+04 8.000000000000000000e+00 3.840000000000000000e+02 -9.760000000000000000e+02
1.745500000000000000e+04 8.000000000000000000e+00 3.760000000000000000e+02 -1.000000000000000000e+03
1.749500000000000000e+04 -8.000000000000000000e+00 3.760000000000000000e+02 -9.440000000000000000e+02
1.753500000000000000e+04 -2.400000000000000000e+01 3.600000000000000000e+02 -9.760000000000000000e+02
1.757500000000000000e+04 -1.600000000000000000e+01 3.760000000000000000e+02 -9.680000000000000000e+02
1.761500000000000000e+04 0.000000000000000000e+00 4.480000000000000000e+02 -8.800000000000000000e+02
1.765500000000000000e+04 -8.000000000000000000e+00 4.880000000000000000e+02 -7.840000000000000000e+02
1.769500000000000000e+04 0.000000000000000000e+00 4.960000000000000000e+02 -8.720000000000000000e+02
1.773500000000000000e+04 8.000000000000000000e+00 4.720000000000000000e+02 -9.600000000000000000e+02
1.777500000000000000e+04 -1.600000000000000000e+01 4.960000000000000000e+02 -8.720000000000000000e+02
1.781500000000000000e+04 -1.600000000000000000e+01 5.120000000000000000e+02 -9.520000000000000000e+02
1.785500000000000000e+04 -8.000000000000000000e+00 5.120000000000000000e+02 -8.720000000000000000e+02
1.788700000000000000e+04 0.000000000000000000e+00 4.880000000000000000e+02 -9.280000000000000000e+02
1.792700000000000000e+04 -1.600000000000000000e+01 4.400000000000000000e+02 -9.920000000000000000e+02
1.796700000000000000e+04 -1.600000000000000000e+01 4.000000000000000000e+02 -9.200000000000000000e+02
1.800700000000000000e+04 -1.600000000000000000e+01 3.920000000000000000e+02 -9.440000000000000000e+02
1.804700000000000000e+04 1.600000000000000000e+01 4.160000000000000000e+02 -8.800000000000000000e+02
1.808700000000000000e+04 0.000000000000000000e+00 4.160000000000000000e+02 -9.520000000000000000e+02
1.812700000000000000e+04 -8.000000000000000000e+00 4.080000000000000000e+02 -9.520000000000000000e+02
1.816700000000000000e+04 -2.400000000000000000e+01 4.240000000000000000e+02 -9.360000000000000000e+02
1.820700000000000000e+04 -2.400000000000000000e+01 4.000000000000000000e+02 -9.360000000000000000e+02
1.824700000000000000e+04 -1.600000000000000000e+01 3.920000000000000000e+02 -9.840000000000000000e+02
1.828700000000000000e+04 -1.600000000000000000e+01 4.080000000000000000e+02 -8.880000000000000000e+02
1.832700000000000000e+04 -3.200000000000000000e+01 4.080000000000000000e+02 -8.960000000000000000e+02
1.836700000000000000e+04 -3.200000000000000000e+01 4.160000000000000000e+02 -9.280000000000000000e+02
1.840700000000000000e+04 -3.200000000000000000e+01 4.160000000000000000e+02 -9.360000000000000000e+02
1.844700000000000000e+04 -2.400000000000000000e+01 3.840000000000000000e+02 -9.200000000000000000e+02
1.848700000000000000e+04 -3.200000000000000000e+01 3.840000000000000000e+02 -9.680000000000000000e+02
1.852700000000000000e+04 -3.200000000000000000e+01 3.520000000000000000e+02 -9.360000000000000000e+02
1.856700000000000000e+04 -8.000000000000000000e+00 3.920000000000000000e+02 -9.120000000000000000e+02
1.860700000000000000e+04 -2.400000000000000000e+01 4.160000000000000000e+02 -9.440000000000000000e+02
1.864700000000000000e+04 -8.000000000000000000e+00 4.080000000000000000e+02 -9.440000000000000000e+02
1.868700000000000000e+04 0.000000000000000000e+00 4.160000000000000000e+02 -9.920000000000000000e+02
1.872700000000000000e+04 3.200000000000000000e+01 3.920000000000000000e+02 -1.032000000000000000e+03
1.876700000000000000e+04 -8.000000000000000000e+00 4.000000000000000000e+02 -9.040000000000000000e+02
1.880700000000000000e+04 -8.000000000000000000e+00 3.680000000000000000e+02 -1.000000000000000000e+03
1.884700000000000000e+04 -8.000000000000000000e+00 4.160000000000000000e+02 -8.640000000000000000e+02
1.888000000000000000e+04 -1.600000000000000000e+01 4.480000000000000000e+02 -8.960000000000000000e+02
1.892000000000000000e+04 -1.600000000000000000e+01 4.160000000000000000e+02 -9.360000000000000000e+02
1.896000000000000000e+04 -1.600000000000000000e+01 4.400000000000000000e+02 -1.000000000000000000e+03
1.900000000000000000e+04 -8.000000000000000000e+00 4.320000000000000000e+02 -9.760000000000000000e+02
1.904000000000000000e+04 -2.400000000000000000e+01 4.320000000000000000e+02 -1.040000000000000000e+03
1.908000000000000000e+04 -1.040000000000000000e+02 4.880000000000000000e+02 -8.720000000000000000e+02
1.912000000000000000e+04 -2.400000000000000000e+01 4.800000000000000000e+02 -8.000000000000000000e+02
1.916000000000000000e+04 -4.800000000000000000e+01 4.320000000000000000e+02 -6.720000000000000000e+02
1.920000000000000000e+04 -4.000000000000000000e+01 4.640000000000000000e+02 -8.800000000000000000e+02
1.924000000000000000e+04 -2.400000000000000000e+01 6.080000000000000000e+02 -9.600000000000000000e+02
1.928000000000000000e+04 -3.200000000000000000e+01 5.680000000000000000e+02 -8.320000000000000000e+02
1.932000000000000000e+04 -4.000000000000000000e+01 5.360000000000000000e+02 -8.560000000000000000e+02
1.936000000000000000e+04 -4.000000000000000000e+01 5.280000000000000000e+02 -8.720000000000000000e+02
1.940000000000000000e+04 -4.800000000000000000e+01 5.360000000000000000e+02 -1.000000000000000000e+03
1.944000000000000000e+04 -3.200000000000000000e+01 5.200000000000000000e+02 -8.560000000000000000e+02
1.948000000000000000e+04 -2.400000000000000000e+01 4.960000000000000000e+02 -9.280000000000000000e+02
1.952000000000000000e+04 -2.400000000000000000e+01 4.720000000000000000e+02 -9.040000000000000000e+02
1.956000000000000000e+04 -2.400000000000000000e+01 4.560000000000000000e+02 -8.880000000000000000e+02
1.960000000000000000e+04 -4.000000000000000000e+01 4.640000000000000000e+02 -8.880000000000000000e+02
1.964000000000000000e+04 -4.800000000000000000e+01 4.640000000000000000e+02 -9.360000000000000000e+02
1.968000000000000000e+04 -5.600000000000000000e+01 4.560000000000000000e+02 -9.200000000000000000e+02
1.972000000000000000e+04 -6.400000000000000000e+01 4.640000000000000000e+02 -9.120000000000000000e+02
1.976000000000000000e+04 -6.400000000000000000e+01 4.560000000000000000e+02 -9.120000000000000000e+02
1.980000000000000000e+04 -8.000000000000000000e+01 4.720000000000000000e+02 -9.120000000000000000e+02
1.984000000000000000e+04 -6.400000000000000000e+01 4.480000000000000000e+02 -9.200000000000000000e+02
