7.500000000000000000e+01 8.000000000000000000e+00 9.920000000000000000e+02 2.400000000000000000e+02
1.150000000000000000e+02 1.600000000000000000e+01 9.920000000000000000e+02 2.560000000000000000e+02
1.550000000000000000e+02 8.000000000000000000e+00 9.840000000000000000e+02 2.480000000000000000e+02
1.950000000000000000e+02 8.000000000000000000e+00 9.920000000000000000e+02 2.400000000000000000e+02
2.350000000000000000e+02 8.000000000000000000e+00 9.920000000000000000e+02 2.480000000000000000e+02
2.750000000000000000e+02 8.000000000000000000e+00 9.840000000000000000e+02 2.320000000000000000e+02
3.150000000000000000e+02 8.000000000000000000e+00 9.840000000000000000e+02 2.080000000000000000e+02
3.550000000000000000e+02 8.000000000000000000e+00 1.000000000000000000e+03 2.400000000000000000e+02
3.950000000000000000e+02 4.000000000000000000e+01 9.840000000000000000e+02 2.080000000000000000e+02
4.350000000000000000e+02 2.400000000000000000e+01 9.920000000000000000e+02 2.240000000000000000e+02
4.750000000000000000e+02 2.400000000000000000e+01 9.840000000000000000e+02 2.000000000000000000e+02
5.150000000000000000e+02 1.600000000000000000e+01 9.840000000000000000e+02 2.480000000000000000e+02
5.550000000000000000e+02 1.600000000000000000e+01 9.840000000000000000e+02 2.480000000000000000e+02
5.950000000000000000e+02 8.000000000000000000e+00 9.840000000000000000e+02 2.560000000000000000e+02
6.350000000000000000e+02 8.000000000000000000e+00 9.760000000000000000e+02 2.560000000000000000e+02
6.750000000000000000e+02 1.600000000000000000e+01 9.840000000000000000e+02 2.400000000000000000e+02
7.150000000000000000e+02 8.000000000000000000e+00 9.840000000000000000e+02 2.560000000000000000e+02
7.550000000000000000e+02 8.000000000000000000e+00 9.840000000000000000e+02 2.320000000000000000e+02
7.950000000000000000e+02 8.000000000000000000e+00 9.840000000000000000e+02 2.560000000000000000e+02
8.350000000000000000e+02 0.000000000000000000e+00 9.840000000000000000e+02 2.080000000000000000e+02
8.750000000000000000e+02 0.000000000000000000e+00 9.840000000000000000e+02 2.240000000000000000e+02
9.150000000000000000e+02 1.600000000000000000e+01 9.840000000000000000e+02 2.480000000000000000e+02
9.550000000000000000e+02 8.000000000000000000e+00 9.920000000000000000e+02 2.160000000000000000e+02
9.950000000000000000e+02 8.000000000000000000e+00 9.920000000000000000e+02 2.480000000000000000e+02
1.035000000000000000e+03 8.000000000000000000e+00 9.840000000000000000e+02 2.320000000000000000e+02
1.066000000000000000e+03 1.600000000000000000e+01 9.920000000000000000e+02 2.240000000000000000e+02
1.106000000000000000e+03 1.600000000000000000e+01 9.920000000000000000e+02 2.240000000000000000e+02
1.146000000000000000e+03 1.600000000000000000e+01 9.840000000000000000e+02 2.400000000000000000e+02
1.186000000000000000e+03 1.600000000000000000e+01 9.920000000000000000e+02 2.320000000000000000e+02
1.226000000000000000e+03 1.600000000000000000e+01 9.920000000000000000e+02 2.480000000000000000e+02
1.266000000000000000e+03 1.600000000000000000e+01 9.760000000000000000e+02 2.080000000000000000e+02
1.306000000000000000e+03 1.600000000000000000e+01 9.760000000000000000e+02 2.240000000000000000e+02
1.346000000000000000e+03 8.000000000000000000e+00 9.920000000000000000e+02 2.240000000000000000e+02
1.386000000000000000e+03 8.000000000000000000e+00 9.920000000000000000e+02 2.320000000000000000e+02
1.426000000000000000e+03 8.000000000000000000e+00 9.840000000000000000e+02 2.000000000000000000e+02
1.466000000000000000e+03 -8.000000000000000000e+00 9.760000000000000000e+02 2.560000000000000000e+02
1.506000000000000000e+03 0.000000000000000000e+00 9.840000000000000000e+02 2.160000000000000000e+02
1.546000000000000000e+03 0.000000000000000000e+00 9.840000000000000000e+02 2.480000000000000000e+02
1.586000000000000000e+03 2.400000000000000000e+01 9.920000000000000000e+02 2.560000000000000000e+02
1.626000000000000000e+03 1.600000000000000000e+01 9.920000000000000000e+02 2.480000000000000000e+02
1.666000000000000000e+03 1.600000000000000000e+01 9.920000000000000000e+02 2.080000000000000000e+02
1.706000000000000000e+03 1.600000000000000000e+01 9.920000000000000000e+02 2.080000000000000000e+02
1.746000000000000000e+03 2.400000000000000000e+01 9.760000000000000000e+02 2.000000000000000000e+02
1.786000000000000000e+03 2.400000000000000000e+01 9.440000000000000000e+02 2.240000000000000000e+02
1.826000000000000000e+03 0.000000000000000000e+00 9.680000000000000000e+02 2.320000000000000000e+02
1.866000000000000000e+03 8.000000000000000000e+00 9.840000000000000000e+02 2.480000000000000000e+02
1.906000000000000000e+03 0.000000000000000000e+00 9.840000000000000000e+02 2.320000000000000000e+02
1.946000000000000000e+03 1.600000000000000000e+01 9.920000000000000000e+02 2.240000000000000000e+02
1.986000000000000000e+03 8.000000000000000000e+00 9.840000000000000000e+02 2.400000000000000000e+02
2.026000000000000000e+03 8.000000000000000000e+00 9.920000000000000000e+02 2.320000000000000000e+02
2.058000000000000000e+03 0.000000000000000000e+00 9.840000000000000000e+02 2.640000000000000000e+02
2.098000000000000000e+03 8.000000000000000000e+00 1.000000000000000000e+03 2.480000000000000000e+02
2.138000000000000000e+03 0.000000000000000000e+00 1.008000000000000000e+03 2.160000000000000000e+02
2.178000000000000000e+03 -1.600000000000000000e+01 9.600000000000000000e+02 2.240000000000000000e+02
2.218000000000000000e+03 8.000000000000000000e+00 9.760000000000000000e+02 2.640000000000000000e+02
2.258000000000000000e+03 8.000000000000000000e+00 9.840000000000000000e+02 2.240000000000000000e+02
2.298000000000000000e+03 0.000000000000000000e+00 9.760000000000000000e+02 2.080000000000000000e+02
2.338000000000000000e+03 8.000000000000000000e+00 9.920000000000000000e+02 2.400000000000000000e+02
2.378000000000000000e+03 8.000000000000000000e+00 9.920000000000000000e+02 2.560000000000000000e+02
2.418000000000000000e+03 1.600000000000000000e+01 9.920000000000000000e+02 2.320000000000000000e+02
2.458000000000000000e+03 1.600000000000000000e+01 9.920000000000000000e+02 2.480000000000000000e+02
2.498000000000000000e+03 2.400000000000000000e+01 9.840000000000000000e+02 2.160000000000000000e+02
2.538000000000000000e+03 1.600000000000000000e+01 9.920000000000000000e+02 2.320000000000000000e+02
2.578000000000000000e+03 2.400000000000000000e+01 9.840000000000000000e+02 2.240000000000000000e+02
2.618000000000000000e+03 0.000000000000000000e+00 9.840000000000000000e+02 2.400000000000000000e+02
2.658000000000000000e+03 8.000000000000000000e+00 9.840000000000000000e+02 2.080000000000000000e+02
2.698000000000000000e+03 8.000000000000000000e+00 9.920000000000000000e+02 2.240000000000000000e+02
2.738000000000000000e+03 1.600000000000000000e+01 9.920000000000000000e+02 2.160000000000000000e+02
2.778000000000000000e+03 1.600000000000000000e+01 9.920000000000000000e+02 2.000000000000000000e+02
2.818000000000000000e+03 1.600000000000000000e+01 9.920000000000000000e+02 2.320000000000000000e+02
2.858000000000000000e+03 1.600000000000000000e+01 9.920000000000000000e+02 2.400000000000000000e+02
2.898000000000000000e+03 1.600000000000000000e+01 9.840000000000000000e+02 2.640000000000000000e+02
2.938000000000000000e+03 1.600000000000000000e+01 9.840000000000000000e+02 2.320000000000000000e+02
2.978000000000000000e+03 0.000000000000000000e+00 9.920000000000000000e+02 2.400000000000000000e+02
3.018000000000000000e+03 8.000000000000000000e+00 9.920000000000000000e+02 2.640000000000000000e+02
3.049000000000000000e+03 1.600000000000000000e+01 9.840000000000000000e+02 2.560000000000000000e+02
3.089000000000000000e+03 2.400000000000000000e+01 9.760000000000000000e+02 2.240000000000000000e+02
3.129000000000000000e+03 1.600000000000000000e+01 9.920000000000000000e+02 2.800000000000000000e+02
3.169000000000000000e+03 2.400000000000000000e+01 9.920000000000000000e+02 2.240000000000000000e+02
3.209000000000000000e+03 1.600000000000000000e+01 9.840000000000000000e+02 2.000000000000000000e+02
3.249000000000000000e+03 2.400000000000000000e+01 9.920000000000000000e+02 2.480000000000000000e+02
3.289000000000000000e+03 4.000000000000000000e+01 9.840000000000000000e+02 2.160000000000000000e+02
3.329000000000000000e+03 3.200000000000000000e+01 9.680000000000000000e+02 2.560000000000000000e+02
3.369000000000000000e+03 0.000000000000000000e+00 9.760000000000000000e+02 2.160000000000000000e+02
3.409000000000000000e+03 0.000000000000000000e+00 9.760000000000000000e+02 2.240000000000000000e+02
3.449000000000000000e+03 2.400000000000000000e+01 9.840000000000000000e+02 2.320000000000000000e+02
3.489000000000000000e+03 1.600000000000000000e+01 1.000000000000000000e+03 2.400000000000000000e+02
3.529000000000000000e+03 8.000000000000000000e+00 9.920000000000000000e+02 2.400000000000000000e+02
3.569000000000000000e+03 8.000000000000000000e+00 9.920000000000000000e+02 2.560000000000000000e+02
3.609000000000000000e+03 1.600000000000000000e+01 9.760000000000000000e+02 2.000000000000000000e+02
3.649000000000000000e+03 8.000000000000000000e+00 9.920000000000000000e+02 2.240000000000000000e+02
3.689000000000000000e+03 -1.600000000000000000e+01 9.840000000000000000e+02 2.400000000000000000e+02
3.729000000000000000e+03 0.000000000000000000e+00 9.840000000000000000e+02 2.240000000000000000e+02
3.769000000000000000e+03 8.000000000000000000e+00 9.840000000000000000e+02 2.320000000000000000e+02
3.809000000000000000e+03 0.000000000000000000e+00 9.920000000000000000e+02 2.160000000000000000e+02
3.849000000000000000e+03 0.000000000000000000e+00 9.840000000000000000e+02 2.240000000000000000e+02
3.889000000000000000e+03 1.600000000000000000e+01 9.760000000000000000e+02 2.320000000000000000e+02
3.929000000000000000e+03 8.000000000000000000e+00 9.840000000000000000e+02 2.240000000000000000e+02
3.969000000000000000e+03 1.600000000000000000e+01 9.840000000000000000e+02 2.080000000000000000e+02
4.009000000000000000e+03 8.000000000000000000e+00 9.760000000000000000e+02 2.560000000000000000e+02
4.040000000000000000e+03 1.600000000000000000e+01 9.680000000000000000e+02 2.080000000000000000e+02
4.080000000000000000e+03 2.400000000000000000e+01 1.008000000000000000e+03 2.000000000000000000e+02
4.120000000000000000e+03 1.600000000000000000e+01 9.920000000000000000e+02 2.480000000000000000e+02
4.160000000000000000e+03 8.000000000000000000e+00 9.920000000000000000e+02 2.720000000000000000e+02
4.200000000000000000e+03 1.600000000000000000e+01 9.760000000000000000e+02 2.240000000000000000e+02
4.240000000000000000e+03 8.000000000000000000e+00 9.760000000000000000e+02 2.720000000000000000e+02
4.280000000000000000e+03 0.000000000000000000e+00 9.760000000000000000e+02 2.480000000000000000e+02
4.320000000000000000e+03 0.000000000000000000e+00 9.760000000000000000e+02 2.560000000000000000e+02
4.360000000000000000e+03 0.000000000000000000e+00 9.760000000000000000e+02 2.640000000000000000e+02
4.400000000000000000e+03 0.000000000000000000e+00 9.680000000000000000e+02 2.320000000000000000e+02
4.440000000000000000e+03 0.000000000000000000e+00 9.920000000000000000e+02 2.400000000000000000e+02
4.480000000000000000e+03 0.000000000000000000e+00 1.000000000000000000e+03 2.480000000000000000e+02
4.520000000000000000e+03 8.000000000000000000e+00 1.000000000000000000e+03 2.400000000000000000e+02
4.560000000000000000e+03 8.000000000000000000e+00 9.920000000000000000e+02 2.640000000000000000e+02
4.600000000000000000e+03 1.600000000000000000e+01 9.840000000000000000e+02 2.480000000000000000e+02
4.640000000000000000e+03 1.600000000000000000e+01 9.920000000000000000e+02 2.480000000000000000e+02
4.680000000000000000e+03 8.000000000000000000e+00 9.760000000000000000e+02 2.640000000000000000e+02
4.720000000000000000e+03 8.000000000000000000e+00 9.760000000000000000e+02 2.480000000000000000e+02
4.760000000000000000e+03 0.000000000000000000e+00 9.760000000000000000e+02 2.080000000000000000e+02
4.800000000000000000e+03 -1.600000000000000000e+01 9.760000000000000000e+02 1.600000000000000000e+02
4.840000000000000000e+03 -8.000000000000000000e+00 9.920000000000000000e+02 2.800000000000000000e+02
4.880000000000000000e+03 -8.000000000000000000e+00 9.920000000000000000e+02 2.080000000000000000e+02
4.920000000000000000e+03 0.000000000000000000e+00 1.008000000000000000e+03 2.400000000000000000e+02
4.960000000000000000e+03 1.600000000000000000e+01 1.008000000000000000e+03 2.080000000000000000e+02
5.000000000000000000e+03 2.400000000000000000e+01 1.000000000000000000e+03 2.240000000000000000e+02
5.033000000000000000e+03 1.600000000000000000e+01 1.000000000000000000e+03 2.320000000000000000e+02
5.073000000000000000e+03 1.600000000000000000e+01 9.920000000000000000e+02 2.320000000000000000e+02
5.113000000000000000e+03 2.400000000000000000e+01 9.840000000000000000e+02 2.640000000000000000e+02
5.153000000000000000e+03 -8.000000000000000000e+00 9.760000000000000000e+02 2.400000000000000000e+02
5.193000000000000000e+03 8.000000000000000000e+00 9.760000000000000000e+02 2.400000000000000000e+02
5.233000000000000000e+03 1.600000000000000000e+01 9.760000000000000000e+02 2.320000000000000000e+02
5.273000000000000000e+03 8.000000000000000000e+00 9.840000000000000000e+02 2.400000000000000000e+02
5.313000000000000000e+03 8.000000000000000000e+00 9.840000000000000000e+02 2.000000000000000000e+02
5.353000000000000000e+03 1.600000000000000000e+01 9.840000000000000000e+02 2.320000000000000000e+02
5.393000000000000000e+03 8.000000000000000000e+00 1.024000000000000000e+03 2.320000000000000000e+02
5.433000000000000000e+03 1.600000000000000000e+01 9.920000000000000000e+02 2.800000000000000000e+02
5.473000000000000000e+03 8.000000000000000000e+00 9.920000000000000000e+02 2.400000000000000000e+02
5.513000000000000000e+03 0.000000000000000000e+00 1.000000000000000000e+03 2.320000000000000000e+02
5.553000000000000000e+03 8.000000000000000000e+00 1.000000000000000000e+03 2.080000000000000000e+02
5.593000000000000000e+03 1.600000000000000000e+01 9.840000000000000000e+02 2.240000000000000000e+02
5.633000000000000000e+03 2.400000000000000000e+01 9.840000000000000000e+02 2.400000000000000000e+02
5.673000000000000000e+03 3.200000000000000000e+01 9.840000000000000000e+02 2.080000000000000000e+02
5.713000000000000000e+03 3.200000000000000000e+01 9.920000000000000000e+02 2.240000000000000000e+02
5.753000000000000000e+03 1.600000000000000000e+01 9.760000000000000000e+02 2.320000000000000000e+02
5.793000000000000000e+03 1.600000000000000000e+01 9.840000000000000000e+02 2.320000000000000000e+02
5.833000000000000000e+03 1.600000000000000000e+01 9.760000000000000000e+02 2.400000000000000000e+02
5.873000000000000000e+03 1.600000000000000000e+01 9.760000000000000000e+02 2.400000000000000000e+02
5.913000000000000000e+03 1.600000000000000000e+01 9.760000000000000000e+02 2.000000000000000000e+02
5.953000000000000000e+03 1.600000000000000000e+01 9.680000000000000000e+02 2.160000000000000000e+02
5.993000000000000000e+03 1.600000000000000000e+01 9.760000000000000000e+02 2.720000000000000000e+02
6.024000000000000000e+03 -8.000000000000000000e+00 9.920000000000000000e+02 2.240000000000000000e+02
6.064000000000000000e+03 1.600000000000000000e+01 1.008000000000000000e+03 2.160000000000000000e+02
6.104000000000000000e+03 1.600000000000000000e+01 1.008000000000000000e+03 2.240000000000000000e+02
6.144000000000000000e+03 -1.600000000000000000e+01 1.008000000000000000e+03 2.400000000000000000e+02
6.184000000000000000e+03 -8.000000000000000000e+00 1.016000000000000000e+03 2.400000000000000000e+02
6.224000000000000000e+03 0.000000000000000000e+00 1.000000000000000000e+03 2.160000000000000000e+02
6.264000000000000000e+03 8.000000000000000000e+00 1.000000000000000000e+03 2.320000000000000000e+02
6.304000000000000000e+03 8.000000000000000000e+00 9.920000000000000000e+02 2.160000000000000000e+02
6.344000000000000000e+03 8.000000000000000000e+00 9.920000000000000000e+02 2.880000000000000000e+02
6.384000000000000000e+03 8.000000000000000000e+00 9.920000000000000000e+02 2.400000000000000000e+02
6.424000000000000000e+03 0.000000000000000000e+00 9.760000000000000000e+02 2.400000000000000000e+02
6.464000000000000000e+03 0.000000000000000000e+00 1.008000000000000000e+03 2.080000000000000000e+02
6.504000000000000000e+03 8.000000000000000000e+00 1.008000000000000000e+03 1.920000000000000000e+02
6.544000000000000000e+03 -8.000000000000000000e+00 9.840000000000000000e+02 1.600000000000000000e+02
6.584000000000000000e+03 0.000000000000000000e+00 9.920000000000000000e+02 1.840000000000000000e+02
6.624000000000000000e+03 8.000000000000000000e+00 9.920000000000000000e+02 1.840000000000000000e+02
6.664000000000000000e+03 0.000000000000000000e+00 9.920000000000000000e+02 1.840000000000000000e+02
6.704000000000000000e+03 0.000000000000000000e+00 9.840000000000000000e+02 1.440000000000000000e+02
6.744000000000000000e+03 0.000000000000000000e+00 1.000000000000000000e+03 1.920000000000000000e+02
6.784000000000000000e+03 0.000000000000000000e+00 1.000000000000000000e+03 1.520000000000000000e+02
6.824000000000000000e+03 0.000000000000000000e+00 9.920000000000000000e+02 1.600000000000000000e+02
6.864000000000000000e+03 0.000000000000000000e+00 9.920000000000000000e+02 1.680000000000000000e+02
6.904000000000000000e+03 8.000000000000000000e+00 9.920000000000000000e+02 1.680000000000000000e+02
6.944000000000000000e+03 8.000000000000000000e+00 9.920000000000000000e+02 2.080000000000000000e+02
6.984000000000000000e+03 0.000000000000000000e+00 9.920000000000000000e+02 1.920000000000000000e+02
7.015000000000000000e+03 0.000000000000000000e+00 1.000000000000000000e+03 2.080000000000000000e+02
7.055000000000000000e+03 8.000000000000000000e+00 9.920000000000000000e+02 2.320000000000000000e+02
7.095000000000000000e+03 8.000000000000000000e+00 9.920000000000000000e+02 2.000000000000000000e+02
7.135000000000000000e+03 8.000000000000000000e+00 9.920000000000000000e+02 2.320000000000000000e+02
7.175000000000000000e+03 -8.000000000000000000e+00 9.760000000000000000e+02 2.240000000000000000e+02
7.215000000000000000e+03 0.000000000000000000e+00 9.840000000000000000e+02 1.840000000000000000e+02
7.255000000000000000e+03 8.000000000000000000e+00 9.920000000000000000e+02 1.920000000000000000e+02
7.295000000000000000e+03 8.000000000000000000e+00 9.840000000000000000e+02 1.760000000000000000e+02
7.335000000000000000e+03 0.000000000000000000e+00 9.920000000000000000e+02 2.000000000000000000e+02
7.375000000000000000e+03 8.000000000000000000e+00 9.920000000000000000e+02 1.760000000000000000e+02
7.415000000000000000e+03 0.000000000000000000e+00 1.008000000000000000e+03 1.760000000000000000e+02
7.455000000000000000e+03 8.000000000000000000e+00 1.000000000000000000e+03 1.840000000000000000e+02
7.495000000000000000e+03 8.000000000000000000e+00 1.008000000000000000e+03 2.080000000000000000e+02
7.535000000000000000e+03 8.000000000000000000e+00 1.000000000000000000e+03 1.760000000000000000e+02
7.575000000000000000e+03 8.000000000000000000e+00 9.920000000000000000e+02 1.520000000000000000e+02
7.615000000000000000e+03 8.000000000000000000e+00 9.920000000000000000e+02 1.840000000000000000e+02
7.655000000000000000e+03 1.600000000000000000e+01 9.920000000000000000e+02 1.680000000000000000e+02
7.695000000000000000e+03 -1.600000000000000000e+01 9.920000000000000000e+02 2.000000000000000000e+02
7.735000000000000000e+03 0.000000000000000000e+00 9.920000000000000000e+02 1.680000000000000000e+02
7.775000000000000000e+03 0.000000000000000000e+00 9.920000000000000000e+02 1.760000000000000000e+02
7.815000000000000000e+03 -8.000000000000000000e+00 9.760000000000000000e+02 1.600000000000000000e+02
7.855000000000000000e+03 8.000000000000000000e+00 9.760000000000000000e+02 1.600000000000000000e+02
7.895000000000000000e+03 0.000000000000000000e+00 1.000000000000000000e+03 1.600000000000000000e+02
7.935000000000000000e+03 8.000000000000000000e+00 1.000000000000000000e+03 1.920000000000000000e+02
7.975000000000000000e+03 8.000000000000000000e+00 1.000000000000000000e+03 1.840000000000000000e+02
8.007000000000000000e+03 1.600000000000000000e+01 9.840000000000000000e+02 1.840000000000000000e+02
8.047000000000000000e+03 8.000000000000000000e+00 1.008000000000000000e+03 1.760000000000000000e+02
8.087000000000000000e+03 0.000000000000000000e+00 1.008000000000000000e+03 2.160000000000000000e+02
8.127000000000000000e+03 1.600000000000000000e+01 9.920000000000000000e+02 1.520000000000000000e+02
8.167000000000000000e+03 2.400000000000000000e+01 9.760000000000000000e+02 1.760000000000000000e+02
8.207000000000000000e+03 8.000000000000000000e+00 1.000000000000000000e+03 2.000000000000000000e+02
8.247000000000000000e+03 8.000000000000000000e+00 9.840000000000000000e+02 1.680000000000000000e+02
8.287000000000000000e+03 8.000000000000000000e+00 9.760000000000000000e+02 1.360000000000000000e+02
8.327000000000000000e+03 -8.000000000000000000e+00 9.840000000000000000e+02 2.160000000000000000e+02
8.367000000000000000e+03 -8.000000000000000000e+00 9.840000000000000000e+02 2.720000000000000000e+02
8.407000000000000000e+03 0.000000000000000000e+00 9.920000000000000000e+02 2.240000000000000000e+02
8.447000000000000000e+03 -1.600000000000000000e+01 9.840000000000000000e+02 2.160000000000000000e+02
8.487000000000000000e+03 8.000000000000000000e+00 1.000000000000000000e+03 2.080000000000000000e+02
8.527000000000000000e+03 -1.600000000000000000e+01 1.000000000000000000e+03 2.720000000000000000e+02
8.567000000000000000e+03 -8.000000000000000000e+00 9.920000000000000000e+02 2.240000000000000000e+02
8.607000000000000000e+03 0.000000000000000000e+00 9.920000000000000000e+02 2.400000000000000000e+02
8.647000000000000000e+03 0.000000000000000000e+00 9.920000000000000000e+02 2.640000000000000000e+02
8.687000000000000000e+03 0.000000000000000000e+00 9.920000000000000000e+02 2.400000000000000000e+02
8.727000000000000000e+03 0.000000000000000000e+00 9.840000000000000000e+02 2.160000000000000000e+02
8.767000000000000000e+03 0.000000000000000000e+00 1.000000000000000000e+03 2.320000000000000000e+02
8.807000000000000000e+03 8.000000000000000000e+00 1.008000000000000000e+03 2.400000000000000000e+02
8.847000000000000000e+03 8.000000000000000000e+00 9.920000000000000000e+02 2.080000000000000000e+02
8.887000000000000000e+03 0.000000000000000000e+00 9.920000000000000000e+02 2.320000000000000000e+02
8.927000000000000000e+03 1.600000000000000000e+01 9.920000000000000000e+02 2.240000000000000000e+02
8.967000000000000000e+03 8.000000000000000000e+00 1.000000000000000000e+03 2.240000000000000000e+02
8.998000000000000000e+03 8.000000000000000000e+00 9.840000000000000000e+02 2.160000000000000000e+02
9.038000000000000000e+03 0.000000000000000000e+00 1.000000000000000000e+03 2.240000000000000000e+02
9.078000000000000000e+03 0.000000000000000000e+00 9.760000000000000000e+02 2.240000000000000000e+02
9.118000000000000000e+03 0.000000000000000000e+00 9.840000000000000000e+02 1.840000000000000000e+02
9.158000000000000000e+03 0.000000000000000000e+00 9.920000000000000000e+02 2.160000000000000000e+02
9.198000000000000000e+03 -8.000000000000000000e+00 9.840000000000000000e+02 1.760000000000000000e+02
9.238000000000000000e+03 -8.000000000000000000e+00 9.920000000000000000e+02 2.320000000000000000e+02
9.278000000000000000e+03 -8.000000000000000000e+00 9.840000000000000000e+02 2.160000000000000000e+02
9.318000000000000000e+03 0.000000000000000000e+00 9.840000000000000000e+02 2.160000000000000000e+02
9.358000000000000000e+03 0.000000000000000000e+00 9.840000000000000000e+02 2.000000000000000000e+02
9.398000000000000000e+03 8.000000000000000000e+00 9.920000000000000000e+02 1.680000000000000000e+02
9.438000000000000000e+03 -8.000000000000000000e+00 9.920000000000000000e+02 2.000000000000000000e+02
9.478000000000000000e+03 -1.600000000000000000e+01 9.920000000000000000e+02 2.080000000000000000e+02
9.518000000000000000e+03 -8.000000000000000000e+00 9.760000000000000000e+02 2.000000000000000000e+02
9.558000000000000000e+03 -8.000000000000000000e+00 9.840000000000000000e+02 2.080000000000000000e+02
9.598000000000000000e+03 0.000000000000000000e+00 9.680000000000000000e+02 2.240000000000000000e+02
9.638000000000000000e+03 -8.000000000000000000e+00 9.840000000000000000e+02 2.000000000000000000e+02
9.678000000000000000e+03 0.000000000000000000e+00 9.920000000000000000e+02 2.240000000000000000e+02
9.718000000000000000e+03 0.000000000000000000e+00 9.840000000000000000e+02 2.080000000000000000e+02
9.758000000000000000e+03 0.000000000000000000e+00 9.840000000000000000e+02 2.080000000000000000e+02
9.798000000000000000e+03 8.000000000000000000e+00 9.920000000000000000e+02 2.000000000000000000e+02
9.838000000000000000e+03 0.000000000000000000e+00 1.000000000000000000e+03 2.000000000000000000e+02
9.878000000000000000e+03 0.000000000000000000e+00 1.008000000000000000e+03 1.760000000000000000e+02
9.918000000000000000e+03 -8.000000000000000000e+00 9.920000000000000000e+02 2.160000000000000000e+02
9.958000000000000000e+03 -8.000000000000000000e+00 9.920000000000000000e+02 1.920000000000000000e+02
9.990000000000000000e+03 0.000000000000000000e+00 9.920000000000000000e+02 2.080000000000000000e+02
1.003000000000000000e+04 8.000000000000000000e+00 1.000000000000000000e+03 2.080000000000000000e+02
1.007000000000000000e+04 1.600000000000000000e+01 1.000000000000000000e+03 2.160000000000000000e+02
1.011000000000000000e+04 1.600000000000000000e+01 9.920000000000000000e+02 2.320000000000000000e+02
1.015000000000000000e+04 2.400000000000000000e+01 9.920000000000000000e+02 1.760000000000000000e+02
1.019000000000000000e+04 0.000000000000000000e+00 9.760000000000000000e+02 2.080000000000000000e+02
1.023000000000000000e+04 0.000000000000000000e+00 9.920000000000000000e+02 2.240000000000000000e+02
1.027000000000000000e+04 0.000000000000000000e+00 9.840000000000000000e+02 1.920000000000000000e+02
1.031000000000000000e+04 0.000000000000000000e+00 9.920000000000000000e+02 1.920000000000000000e+02
1.035000000000000000e+04 8.000000000000000000e+00 9.920000000000000000e+02 2.160000000000000000e+02
1.039000000000000000e+04 0.000000000000000000e+00 9.840000000000000000e+02 1.840000000000000000e+02
1.043000000000000000e+04 8.000000000000000000e+00 9.840000000000000000e+02 2.160000000000000000e+02
1.047000000000000000e+04 0.000000000000000000e+00 1.008000000000000000e+03 1.680000000000000000e+02
1.051000000000000000e+04 1.600000000000000000e+01 1.016000000000000000e+03 2.240000000000000000e+02
1.055000000000000000e+04 1.600000000000000000e+01 1.000000000000000000e+03 2.160000000000000000e+02
1.059000000000000000e+04 8.000000000000000000e+00 1.000000000000000000e+03 2.000000000000000000e+02
1.063000000000000000e+04 8.000000000000000000e+00 9.760000000000000000e+02 1.760000000000000000e+02
1.067000000000000000e+04 -8.000000000000000000e+00 9.840000000000000000e+02 2.000000000000000000e+02
1.071000000000000000e+04 -8.000000000000000000e+00 9.840000000000000000e+02 1.920000000000000000e+02
1.075000000000000000e+04 0.000000000000000000e+00 9.920000000000000000e+02 2.160000000000000000e+02
1.079000000000000000e+04 8.000000000000000000e+00 1.000000000000000000e+03 1.840000000000000000e+02
1.083000000000000000e+04 0.000000000000000000e+00 9.920000000000000000e+02 1.680000000000000000e+02
1.087000000000000000e+04 0.000000000000000000e+00 1.000000000000000000e+03 2.160000000000000000e+02
1.091000000000000000e+04 0.000000000000000000e+00 1.008000000000000000e+03 2.080000000000000000e+02
1.095000000000000000e+04 8.000000000000000000e+00 1.000000000000000000e+03 2.080000000000000000e+02
1.098200000000000000e+04 0.000000000000000000e+00 9.920000000000000000e+02 2.080000000000000000e+02
1.102200000000000000e+04 1.600000000000000000e+01 9.920000000000000000e+02 1.840000000000000000e+02
1.106200000000000000e+04 -8.000000000000000000e+00 9.920000000000000000e+02 2.000000000000000000e+02
1.110200000000000000e+04 1.600000000000000000e+01 1.008000000000000000e+03 2.240000000000000000e+02
1.114200000000000000e+04 1.600000000000000000e+01 1.000000000000000000e+03 1.920000000000000000e+02
1.118200000000000000e+04 0.000000000000000000e+00 9.920000000000000000e+02 1.920000000000000000e+02
1.122200000000000000e+04 -1.600000000000000000e+01 9.920000000000000000e+02 1.920000000000000000e+02
1.126200000000000000e+04 0.000000000000000000e+00 9.920000000000000000e+02 2.320000000000000000e+02
1.130200000000000000e+04 0.000000000000000000e+00 9.920000000000000000e+02 2.000000000000000000e+02
1.134200000000000000e+04 8.000000000000000000e+00 9.920000000000000000e+02 2.080000000000000000e+02
1.138200000000000000e+04 8.000000000000000000e+00 9.920000000000000000e+02 1.840000000000000000e+02
1.142200000000000000e+04 8.000000000000000000e+00 9.920000000000000000e+02 2.000000000000000000e+02
1.146200000000000000e+04 0.000000000000000000e+00 9.920000000000000000e+02 2.000000000000000000e+02
1.150200000000000000e+04 0.000000000000000000e+00 9.920000000000000000e+02 2.000000000000000000e+02
1.154200000000000000e+04 8.000000000000000000e+00 1.000000000000000000e+03 2.080000000000000000e+02
1.158200000000000000e+04 8.000000000000000000e+00 1.000000000000000000e+03 2.000000000000000000e+02
1.162200000000000000e+04 0.000000000000000000e+00 9.920000000000000000e+02 2.000000000000000000e+02
1.166200000000000000e+04 0.000000000000000000e+00 9.840000000000000000e+02 1.760000000000000000e+02
1.170200000000000000e+04 -8.000000000000000000e+00 9.760000000000000000e+02 2.160000000000000000e+02
1.174200000000000000e+04 0.000000000000000000e+00 9.760000000000000000e+02 2.080000000000000000e+02
1.178200000000000000e+04 -2.400000000000000000e+01 9.920000000000000000e+02 2.080000000000000000e+02
1.182200000000000000e+04 0.000000000000000000e+00 9.920000000000000000e+02 1.760000000000000000e+02
1.186200000000000000e+04 1.600000000000000000e+01 9.920000000000000000e+02 1.920000000000000000e+02
1.190200000000000000e+04 8.000000000000000000e+00 9.920000000000000000e+02 1.920000000000000000e+02
1.194200000000000000e+04 0.000000000000000000e+00 9.920000000000000000e+02 2.080000000000000000e+02
1.197300000000000000e+04 -1.600000000000000000e+01 9.920000000000000000e+02 2.080000000000000000e+02
1.201300000000000000e+04 -8.000000000000000000e+00 9.920000000000000000e+02 1.920000000000000000e+02
1.205300000000000000e+04 1.600000000000000000e+01 1.008000000000000000e+03 1.840000000000000000e+02
1.209300000000000000e+04 1.600000000000000000e+01 9.920000000000000000e+02 2.160000000000000000e+02
1.213300000000000000e+04 8.000000000000000000e+00 1.000000000000000000e+03 2.160000000000000000e+02
1.217300000000000000e+04 0.000000000000000000e+00 9.920000000000000000e+02 1.200000000000000000e+02
1.221300000000000000e+04 0.000000000000000000e+00 1.000000000000000000e+03 2.000000000000000000e+02
1.225300000000000000e+04 1.600000000000000000e+01 1.000000000000000000e+03 2.400000000000000000e+02
1.229300000000000000e+04 8.000000000000000000e+00 9.920000000000000000e+02 2.080000000000000000e+02
1.233300000000000000e+04 8.000000000000000000e+00 1.000000000000000000e+03 1.840000000000000000e+02
1.237300000000000000e+04 0.000000000000000000e+00 1.000000000000000000e+03 2.160000000000000000e+02
1.241300000000000000e+04 -8.000000000000000000e+00 1.000000000000000000e+03 1.920000000000000000e+02
1.245300000000000000e+04 0.000000000000000000e+00 9.920000000000000000e+02 2.080000000000000000e+02
1.249300000000000000e+04 0.000000000000000000e+00 9.920000000000000000e+02 2.080000000000000000e+02
1.253300000000000000e+04 8.000000000000000000e+00 9.920000000000000000e+02 1.840000000000000000e+02
1.257300000000000000e+04 -8.000000000000000000e+00 1.000000000000000000e+03 1.760000000000000000e+02
1.261300000000000000e+04 -8.000000000000000000e+00 1.000000000000000000e+03 2.000000000000000000e+02
1.265300000000000000e+04 -1.600000000000000000e+01 1.000000000000000000e+03 2.320000000000000000e+02
1.269300000000000000e+04 -8.000000000000000000e+00 1.000000000000000000e+03 1.760000000000000000e+02
1.273300000000000000e+04 -1.600000000000000000e+01 9.920000000000000000e+02 1.920000000000000000e+02
1.277300000000000000e+04 -1.600000000000000000e+01 9.920000000000000000e+02 1.920000000000000000e+02
1.281300000000000000e+04 -2.400000000000000000e+01 9.920000000000000000e+02 2.000000000000000000e+02
1.285300000000000000e+04 0.000000000000000000e+00 9.920000000000000000e+02 1.920000000000000000e+02
1.289300000000000000e+04 0.000000000000000000e+00 9.920000000000000000e+02 1.840000000000000000e+02
1.293300000000000000e+04 2.400000000000000000e+01 9.920000000000000000e+02 1.760000000000000000e+02
1.296400000000000000e+04 1.600000000000000000e+01 9.920000000000000000e+02 2.080000000000000000e+02
1.300400000000000000e+04 1.600000000000000000e+01 9.760000000000000000e+02 2.080000000000000000e+02
1.304400000000000000e+04 8.000000000000000000e+00 9.680000000000000000e+02 2.000000000000000000e+02
1.308400000000000000e+04 0.000000000000000000e+00 9.680000000000000000e+02 2.240000000000000000e+02
1.312400000000000000e+04 0.000000000000000000e+00 9.920000000000000000e+02 1.920000000000000000e+02
1.316400000000000000e+04 0.000000000000000000e+00 9.920000000000000000e+02 1.760000000000000000e+02
1.320400000000000000e+04 0.000000000000000000e+00 9.920000000000000000e+02 1.760000000000000000e+02
1.324400000000000000e+04 0.000000000000000000e+00 9.840000000000000000e+02 2.160000000000000000e+02
1.328400000000000000e+04 1.600000000000000000e+01 1.000000000000000000e+03 2.080000000000000000e+02
1.332400000000000000e+04 8.000000000000000000e+00 9.840000000000000000e+02 2.080000000000000000e+02
1.336400000000000000e+04 0.000000000000000000e+00 9.920000000000000000e+02 2.080000000000000000e+02
1.340400000000000000e+04 0.000000000000000000e+00 9.840000000000000000e+02 2.240000000000000000e+02
1.344400000000000000e+04 0.000000000000000000e+00 9.840000000000000000e+02 2.080000000000000000e+02
1.348400000000000000e+04 8.000000000000000000e+00 9.840000000000000000e+02 2.000000000000000000e+02
1.352400000000000000e+04 8.000000000000000000e+00 9.760000000000000000e+02 1.920000000000000000e+02
1.356400000000000000e+04 8.000000000000000000e+00 9.840000000000000000e+02 2.080000000000000000e+02
1.360400000000000000e+04 8.000000000000000000e+00 9.920000000000000000e+02 2.160000000000000000e+02
1.364400000000000000e+04 8.000000000000000000e+00 9.840000000000000000e+02 2.240000000000000000e+02
1.368400000000000000e+04 1.600000000000000000e+01 1.000000000000000000e+03 2.480000000000000000e+02
1.372400000000000000e+04 4.000000000000000000e+01 9.840000000000000000e+02 2.160000000000000000e+02
1.376400000000000000e+04 2.400000000000000000e+01 9.760000000000000000e+02 2.160000000000000000e+02
1.380400000000000000e+04 1.600000000000000000e+01 9.920000000000000000e+02 1.920000000000000000e+02
1.384400000000000000e+04 -2.400000000000000000e+01 9.840000000000000000e+02 1.840000000000000000e+02
1.388400000000000000e+04 -1.600000000000000000e+01 1.000000000000000000e+03 2.080000000000000000e+02
1.392400000000000000e+04 -1.600000000000000000e+01 9.920000000000000000e+02 2.000000000000000000e+02
1.395600000000000000e+04 -8.000000000000000000e+00 9.920000000000000000e+02 2.000000000000000000e+02
1.399600000000000000e+04 0.000000000000000000e+00 1.008000000000000000e+03 2.160000000000000000e+02
1.403600000000000000e+04 0.000000000000000000e+00 1.008000000000000000e+03 1.280000000000000000e+02
1.407600000000000000e+04 0.000000000000000000e+00 1.000000000000000000e+03 2.000000000000000000e+02
1.411600000000000000e+04 -8.000000000000000000e+00 1.000000000000000000e+03 2.160000000000000000e+02
1.415600000000000000e+04 -1.600000000000000000e+01 9.920000000000000000e+02 2.080000000000000000e+02
1.419600000000000000e+04 8.000000000000000000e+00 9.920000000000000000e+02 2.000000000000000000e+02
1.423600000000000000e+04 8.000000000000000000e+00 9.920000000000000000e+02 2.240000000000000000e+02
1.427600000000000000e+04 -8.000000000000000000e+00 9.840000000000000000e+02 2.000000000000000000e+02
1.431600000000000000e+04 -8.000000000000000000e+00 9.840000000000000000e+02 2.080000000000000000e+02
1.435600000000000000e+04 0.000000000000000000e+00 9.920000000000000000e+02 2.000000000000000000e+02
1.439600000000000000e+04 0.000000000000000000e+00 9.920000000000000000e+02 2.080000000000000000e+02
1.443600000000000000e+04 8.000000000000000000e+00 9.840000000000000000e+02 2.000000000000000000e+02
1.447600000000000000e+04 8.000000000000000000e+00 9.920000000000000000e+02 2.080000000000000000e+02
1.451600000000000000e+04 0.000000000000000000e+00 9.920000000000000000e+02 1.920000000000000000e+02
1.455600000000000000e+04 8.000000000000000000e+00 9.920000000000000000e+02 1.920000000000000000e+02
1.459600000000000000e+04 8.000000000000000000e+00 9.920000000000000000e+02 2.240000000000000000e+02
1.463600000000000000e+04 8.000000000000000000e+00 9.760000000000000000e+02 2.160000000000000000e+02
1.467600000000000000e+04 8.000000000000000000e+00 9.840000000000000000e+02 2.320000000000000000e+02
1.471600000000000000e+04 8.000000000000000000e+00 9.760000000000000000e+02 1.840000000000000000e+02
1.475600000000000000e+04 8.000000000000000000e+00 9.920000000000000000e+02 2.320000000000000000e+02
1.479600000000000000e+04 8.000000000000000000e+00 1.000000000000000000e+03 2.160000000000000000e+02
1.483600000000000000e+04 0.000000000000000000e+00 9.920000000000000000e+02 2.000000000000000000e+02
1.487600000000000000e+04 0.000000000000000000e+00 9.920000000000000000e+02 1.920000000000000000e+02
1.491600000000000000e+04 1.600000000000000000e+01 9.920000000000000000e+02 1.920000000000000000e+02
1.494800000000000000e+04 8.000000000000000000e+00 9.840000000000000000e+02 2.080000000000000000e+02
1.498800000000000000e+04 1.600000000000000000e+01 9.920000000000000000e+02 2.400000000000000000e+02
1.502800000000000000e+04 3.200000000000000000e+01 9.840000000000000000e+02 1.520000000000000000e+02
1.506800000000000000e+04 3.200000000000000000e+01 9.920000000000000000e+02 2.160000000000000000e+02
1.510800000000000000e+04 5.600000000000000000e+01 9.760000000000000000e+02 2.000000000000000000e+02
1.514800000000000000e+04 3.200000000000000000e+01 9.840000000000000000e+02 1.920000000000000000e+02
1.518800000000000000e+04 1.600000000000000000e+01 9.920000000000000000e+02 2.000000000000000000e+02
1.522800000000000000e+04 8.000000000000000000e+00 1.000000000000000000e+03 2.080000000000000000e+02
1.526800000000000000e+04 8.000000000000000000e+00 9.920000000000000000e+02 1.920000000000000000e+02
1.530800000000000000e+04 0.000000000000000000e+00 9.920000000000000000e+02 2.400000000000000000e+02
1.534800000000000000e+04 0.000000000000000000e+00 1.000000000000000000e+03 1.680000000000000000e+02
1.538800000000000000e+04 0.000000000000000000e+00 9.920000000000000000e+02 1.920000000000000000e+02
1.542800000000000000e+04 0.000000000000000000e+00 1.000000000000000000e+03 2.160000000000000000e+02
1.546800000000000000e+04 2.400000000000000000e+01 9.920000000000000000e+02 2.320000000000000000e+02
1.550800000000000000e+04 2.400000000000000000e+01 9.840000000000000000e+02 2.000000000000000000e+02
1.554800000000000000e+04 3.200000000000000000e+01 9.840000000000000000e+02 2.000000000000000000e+02
1.558800000000000000e+04 4.000000000000000000e+01 9.840000000000000000e+02 1.920000000000000000e+02
1.562800000000000000e+04 2.400000000000000000e+01 1.008000000000000000e+03 2.080000000000000000e+02
1.566800000000000000e+04 8.000000000000000000e+00 1.000000000000000000e+03 2.000000000000000000e+02
1.570800000000000000e+04 8.000000000000000000e+00 9.840000000000000000e+02 1.840000000000000000e+02
1.574800000000000000e+04 8.000000000000000000e+00 1.000000000000000000e+03 2.080000000000000000e+02
1.578800000000000000e+04 0.000000000000000000e+00 1.016000000000000000e+03 1.760000000000000000e+02
1.582800000000000000e+04 8.000000000000000000e+00 1.000000000000000000e+03 2.000000000000000000e+02
1.586800000000000000e+04 -1.600000000000000000e+01 9.920000000000000000e+02 2.480000000000000000e+02
1.590800000000000000e+04 -8.000000000000000000e+00 9.920000000000000000e+02 2.080000000000000000e+02
1.594000000000000000e+04 0.000000000000000000e+00 1.000000000000000000e+03 1.840000000000000000e+02
1.598000000000000000e+04 3.200000000000000000e+01 9.920000000000000000e+02 1.920000000000000000e+02
1.602000000000000000e+04 1.600000000000000000e+01 1.000000000000000000e+03 2.480000000000000000e+02
1.606000000000000000e+04 8.000000000000000000e+00 9.920000000000000000e+02 1.920000000000000000e+02
1.610000000000000000e+04 0.000000000000000000e+00 9.920000000000000000e+02 2.240000000000000000e+02
1.614000000000000000e+04 8.000000000000000000e+00 9.920000000000000000e+02 1.680000000000000000e+02
1.618000000000000000e+04 0.000000000000000000e+00 9.920000000000000000e+02 1.920000000000000000e+02
1.622000000000000000e+04 8.000000000000000000e+00 9.920000000000000000e+02 2.000000000000000000e+02
1.626000000000000000e+04 8.000000000000000000e+00 9.920000000000000000e+02 2.000000000000000000e+02
1.630000000000000000e+04 0.000000000000000000e+00 1.000000000000000000e+03 2.000000000000000000e+02
1.634000000000000000e+04 0.000000000000000000e+00 9.760000000000000000e+02 2.080000000000000000e+02
1.638000000000000000e+04 8.000000000000000000e+00 9.920000000000000000e+02 2.000000000000000000e+02
1.642000000000000000e+04 0.000000000000000000e+00 9.920000000000000000e+02 2.320000000000000000e+02
1.646000000000000000e+04 0.000000000000000000e+00 9.920000000000000000e+02 2.000000000000000000e+02
1.650000000000000000e+04 0.000000000000000000e+00 1.000000000000000000e+03 2.000000000000000000e+02
1.654000000000000000e+04 1.600000000000000000e+01 9.920000000000000000e+02 2.240000000000000000e+02
1.658000000000000000e+04 1.600000000000000000e+01 9.760000000000000000e+02 2.160000000000000000e+02
1.662000000000000000e+04 8.000000000000000000e+00 9.680000000000000000e+02 2.080000000000000000e+02
1.666000000000000000e+04 1.600000000000000000e+01 9.840000000000000000e+02 2.000000000000000000e+02
1.670000000000000000e+04 1.600000000000000000e+01 9.840000000000000000e+02 1.840000000000000000e+02
1.674000000000000000e+04 0.000000000000000000e+00 9.920000000000000000e+02 2.000000000000000000e+02
1.678000000000000000e+04 0.000000000000000000e+00 9.920000000000000000e+02 2.160000000000000000e+02
1.682000000000000000e+04 8.000000000000000000e+00 9.520000000000000000e+02 2.080000000000000000e+02
1.686000000000000000e+04 8.000000000000000000e+00 9.760000000000000000e+02 2.240000000000000000e+02
1.690000000000000000e+04 8.000000000000000000e+00 1.000000000000000000e+03 2.080000000000000000e+02
1.693100000000000000e+04 8.000000000000000000e+00 9.920000000000000000e+02 2.080000000000000000e+02
1.697100000000000000e+04 8.000000000000000000e+00 9.920000000000000000e+02 2.240000000000000000e+02
1.701100000000000000e+04 8.000000000000000000e+00 1.008000000000000000e+03 2.320000000000000000e+02
1.705100000000000000e+04 8.000000000000000000e+00 1.000000000000000000e+03 2.000000000000000000e+02
1.709100000000000000e+04 2.400000000000000000e+01 1.016000000000000000e+03 2.160000000000000000e+02
1.713100000000000000e+04 8.000000000000000000e+00 1.000000000000000000e+03 2.160000000000000000e+02
1.717100000000000000e+04 2.400000000000000000e+01 1.000000000000000000e+03 1.680000000000000000e+02
1.721100000000000000e+04 0.000000000000000000e+00 1.000000000000000000e+03 2.000000000000000000e+02
1.725100000000000000e+04 1.600000000000000000e+01 1.000000000000000000e+03 2.080000000000000000e+02
1.729100000000000000e+04 8.000000000000000000e+00 9.840000000000000000e+02 2.000000000000000000e+02
1.733100000000000000e+04 8.000000000000000000e+00 9.920000000000000000e+02 1.600000000000000000e+02
1.737100000000000000e+04 0.000000000000000000e+00 9.920000000000000000e+02 2.160000000000000000e+02
1.741100000000000000e+04 8.000000000000000000e+00 9.840000000000000000e+02 2.000000000000000000e+02
1.745100000000000000e+04 0.000000000000000000e+00 9.760000000000000000e+02 1.680000000000000000e+02
1.749100000000000000e+04 0.000000000000000000e+00 9.920000000000000000e+02 2.080000000000000000e+02
1.753100000000000000e+04 0.000000000000000000e+00 9.920000000000000000e+02 2.000000000000000000e+02
1.757100000000000000e+04 1.600000000000000000e+01 9.920000000000000000e+02 1.920000000000000000e+02
1.761100000000000000e+04 8.000000000000000000e+00 9.840000000000000000e+02 1.840000000000000000e+02
1.765100000000000000e+04 0.000000000000000000e+00 9.920000000000000000e+02 2.320000000000000000e+02
1.769100000000000000e+04 0.000000000000000000e+00 1.000000000000000000e+03 1.760000000000000000e+02
1.773100000000000000e+04 0.000000000000000000e+00 1.008000000000000000e+03 2.000000000000000000e+02
1.777100000000000000e+04 0.000000000000000000e+00 9.920000000000000000e+02 2.320000000000000000e+02
1.781100000000000000e+04 0.000000000000000000e+00 9.920000000000000000e+02 2.000000000000000000e+02
1.785100000000000000e+04 0.000000000000000000e+00 9.840000000000000000e+02 1.920000000000000000e+02
1.789100000000000000e+04 1.600000000000000000e+01 9.840000000000000000e+02 2.080000000000000000e+02
1.792300000000000000e+04 8.000000000000000000e+00 9.920000000000000000e+02 1.920000000000000000e+02
1.796300000000000000e+04 1.600000000000000000e+01 1.000000000000000000e+03 2.000000000000000000e+02
1.800300000000000000e+04 1.600000000000000000e+01 1.008000000000000000e+03 1.920000000000000000e+02
1.804300000000000000e+04 1.600000000000000000e+01 1.000000000000000000e+03 1.920000000000000000e+02
1.808300000000000000e+04 8.000000000000000000e+00 1.000000000000000000e+03 1.840000000000000000e+02
1.812300000000000000e+04 -8.000000000000000000e+00 1.000000000000000000e+03 1.840000000000000000e+02
1.816300000000000000e+04 -8.000000000000000000e+00 1.008000000000000000e+03 1.840000000000000000e+02
1.820300000000000000e+04 -8.000000000000000000e+00 1.008000000000000000e+03 1.840000000000000000e+02
1.824300000000000000e+04 -8.000000000000000000e+00 1.000000000000000000e+03 2.000000000000000000e+02
1.828300000000000000e+04 -8.000000000000000000e+00 9.840000000000000000e+02 1.840000000000000000e+02
1.832300000000000000e+04 0.000000000000000000e+00 9.840000000000000000e+02 1.840000000000000000e+02
1.836300000000000000e+04 0.000000000000000000e+00 9.920000000000000000e+02 2.000000000000000000e+02
1.840300000000000000e+04 0.000000000000000000e+00 1.000000000000000000e+03 1.680000000000000000e+02
1.844300000000000000e+04 0.000000000000000000e+00 1.000000000000000000e+03 1.840000000000000000e+02
1.848300000000000000e+04 0.000000000000000000e+00 1.000000000000000000e+03 1.680000000000000000e+02
1.852300000000000000e+04 0.000000000000000000e+00 9.920000000000000000e+02 1.760000000000000000e+02
1.856300000000000000e+04 0.000000000000000000e+00 1.000000000000000000e+03 1.680000000000000000e+02
1.860300000000000000e+04 8.000000000000000000e+00 1.000000000000000000e+03 1.920000000000000000e+02
1.864300000000000000e+04 8.000000000000000000e+00 1.000000000000000000e+03 1.760000000000000000e+02
1.868300000000000000e+04 8.000000000000000000e+00 1.000000000000000000e+03 1.520000000000000000e+02
1.872300000000000000e+04 8.000000000000000000e+00 9.920000000000000000e+02 1.520000000000000000e+02
1.876300000000000000e+04 -8.000000000000000000e+00 9.920000000000000000e+02 1.680000000000000000e+02
1.880300000000000000e+04 -8.000000000000000000e+00 1.008000000000000000e+03 1.840000000000000000e+02
1.884300000000000000e+04 -8.000000000000000000e+00 1.016000000000000000e+03 1.840000000000000000e+02
1.888300000000000000e+04 0.000000000000000000e+00 1.008000000000000000e+03 1.760000000000000000e+02
1.891400000000000000e+04 0.000000000000000000e+00 1.000000000000000000e+03 1.840000000000000000e+02
1.895400000000000000e+04 1.600000000000000000e+01 1.000000000000000000e+03 1.840000000000000000e+02
1.899400000000000000e+04 0.000000000000000000e+00 1.000000000000000000e+03 1.520000000000000000e+02
1.903400000000000000e+04 -1.600000000000000000e+01 1.000000000000000000e+03 1.600000000000000000e+02
1.907400000000000000e+04 0.000000000000000000e+00 9.920000000000000000e+02 1.440000000000000000e+02
1.911400000000000000e+04 0.000000000000000000e+00 1.000000000000000000e+03 1.760000000000000000e+02
1.915400000000000000e+04 0.000000000000000000e+00 1.000000000000000000e+03 1.680000000000000000e+02
1.919400000000000000e+04 8.000000000000000000e+00 1.000000000000000000e+03 1.680000000000000000e+02
1.923400000000000000e+04 1.600000000000000000e+01 1.008000000000000000e+03 1.680000000000000000e+02
1.927400000000000000e+04 8.000000000000000000e+00 1.008000000000000000e+03 1.600000000000000000e+02
1.931400000000000000e+04 8.000000000000000000e+00 1.000000000000000000e+03 1.600000000000000000e+02
1.935400000000000000e+04 0.000000000000000000e+00 1.000000000000000000e+03 1.680000000000000000e+02
1.939400000000000000e+04 0.000000000000000000e+00 1.000000000000000000e+03 1.680000000000000000e+02
1.943400000000000000e+04 0.000000000000000000e+00 1.016000000000000000e+03 1.680000000000000000e+02
1.947400000000000000e+04 0.000000000000000000e+00 1.016000000000000000e+03 1.520000000000000000e+02
1.951400000000000000e+04 -1.600000000000000000e+01 1.024000000000000000e+03 1.520000000000000000e+02
1.955400000000000000e+04 -2.400000000000000000e+01 1.008000000000000000e+03 2.160000000000000000e+02
1.959400000000000000e+04 -8.000000000000000000e+00 1.000000000000000000e+03 1.520000000000000000e+02
1.963400000000000000e+04 -2.400000000000000000e+01 1.000000000000000000e+03 1.840000000000000000e+02
1.967400000000000000e+04 -8.000000000000000000e+00 1.000000000000000000e+03 1.360000000000000000e+02
1.971400000000000000e+04 -8.000000000000000000e+00 1.000000000000000000e+03 1.600000000000000000e+02
1.975400000000000000e+04 -1.600000000000000000e+01 1.000000000000000000e+03 1.600000000000000000e+02
1.979400000000000000e+04 -8.000000000000000000e+00 9.920000000000000000e+02 1.920000000000000000e+02
1.983400000000000000e+04 -8.000000000000000000e+00 9.760000000000000000e+02 1.680000000000000000e+02
1.987400000000000000e+04 0.000000000000000000e+00 9.840000000000000000e+02 1.600000000000000000e+02
