4.800000000000000000e+01 -8.000000000000000000e+01 5.600000000000000000e+02 -7.840000000000000000e+02
8.800000000000000000e+01 -8.800000000000000000e+01 5.200000000000000000e+02 -8.720000000000000000e+02
1.280000000000000000e+02 -1.040000000000000000e+02 5.200000000000000000e+02 -8.480000000000000000e+02
1.680000000000000000e+02 -9.600000000000000000e+01 5.200000000000000000e+02 -8.720000000000000000e+02
2.080000000000000000e+02 -9.600000000000000000e+01 5.280000000000000000e+02 -8.480000000000000000e+02
2.480000000000000000e+02 -9.600000000000000000e+01 5.280000000000000000e+02 -8.560000000000000000e+02
2.880000000000000000e+02 -9.600000000000000000e+01 5.280000000000000000e+02 -8.960000000000000000e+02
3.280000000000000000e+02 -1.200000000000000000e+02 5.280000000000000000e+02 -8.480000000000000000e+02
3.680000000000000000e+02 -1.120000000000000000e+02 5.600000000000000000e+02 -8.560000000000000000e+02
4.080000000000000000e+02 -1.120000000000000000e+02 5.600000000000000000e+02 -8.000000000000000000e+02
4.480000000000000000e+02 -1.120000000000000000e+02 5.360000000000000000e+02 -8.240000000000000000e+02
4.880000000000000000e+02 -1.040000000000000000e+02 5.360000000000000000e+02 -8.720000000000000000e+02
5.280000000000000000e+02 -9.600000000000000000e+01 5.440000000000000000e+02 -8.640000000000000000e+02
5.680000000000000000e+02 -9.600000000000000000e+01 5.360000000000000000e+02 -8.640000000000000000e+02
6.080000000000000000e+02 -1.040000000000000000e+02 5.280000000000000000e+02 -8.560000000000000000e+02
6.480000000000000000e+02 -1.040000000000000000e+02 5.360000000000000000e+02 -8.480000000000000000e+02
6.880000000000000000e+02 -9.600000000000000000e+01 5.360000000000000000e+02 -8.560000000000000000e+02
7.280000000000000000e+02 -9.600000000000000000e+01 5.360000000000000000e+02 -8.480000000000000000e+02
7.680000000000000000e+02 -1.040000000000000000e+02 5.360000000000000000e+02 -8.560000000000000000e+02
8.080000000000000000e+02 -1.040000000000000000e+02 5.280000000000000000e+02 -8.720000000000000000e+02
8.480000000000000000e+02 -1.040000000000000000e+02 5.280000000000000000e+02 -8.720000000000000000e+02
8.880000000000000000e+02 -1.040000000000000000e+02 5.280000000000000000e+02 -8.640000000000000000e+02
9.280000000000000000e+02 -1.040000000000000000e+02 5.200000000000000000e+02 -8.800000000000000000e+02
9.680000000000000000e+02 -1.120000000000000000e+02 5.200000000000000000e+02 -8.640000000000000000e+02
1.008000000000000000e+03 -1.040000000000000000e+02 5.200000000000000000e+02 -8.560000000000000000e+02
1.039000000000000000e+03 -1.040000000000000000e+02 5.200000000000000000e+02 -8.560000000000000000e+02
1.079000000000000000e+03 -9.600000000000000000e+01 5.280000000000000000e+02 -8.480000000000000000e+02
1.119000000000000000e+03 -9.600000000000000000e+01 5.200000000000000000e+02 -8.720000000000000000e+02
1.159000000000000000e+03 -1.040000000000000000e+02 5.280000000000000000e+02 -8.880000000000000000e+02
1.199000000000000000e+03 -1.040000000000000000e+02 5.200000000000000000e+02 -8.640000000000000000e+02
1.239000000000000000e+03 -9.600000000000000000e+01 5.280000000000000000e+02 -8.480000000000000000e+02
1.279000000000000000e+03 -9.600000000000000000e+01 5.280000000000000000e+02 -8.560000000000000000e+02
1.319000000000000000e+03 -9.600000000000000000e+01 5.280000000000000000e+02 -8.560000000000000000e+02
1.359000000000000000e+03 -9.600000000000000000e+01 5.280000000000000000e+02 -8.640000000000000000e+02
1.399000000000000000e+03 -1.040000000000000000e+02 5.280000000000000000e+02 -8.560000000000000000e+02
1.439000000000000000e+03 -1.120000000000000000e+02 5.200000000000000000e+02 -8.080000000000000000e+02
1.479000000000000000e+03 -1.040000000000000000e+02 5.200000000000000000e+02 -8.800000000000000000e+02
1.519000000000000000e+03 -1.200000000000000000e+02 5.360000000000000000e+02 -8.720000000000000000e+02
1.559000000000000000e+03 -8.000000000000000000e+01 5.280000000000000000e+02 -8.560000000000000000e+02
1.599000000000000000e+03 -1.040000000000000000e+02 5.280000000000000000e+02 -8.560000000000000000e+02
1.639000000000000000e+03 -1.040000000000000000e+02 5.280000000000000000e+02 -8.560000000000000000e+02
1.679000000000000000e+03 -9.600000000000000000e+01 5.280000000000000000e+02 -8.560000000000000000e+02
1.719000000000000000e+03 -8.000000000000000000e+01 5.280000000000000000e+02 -8.240000000000000000e+02
1.759000000000000000e+03 -8.800000000000000000e+01 5.200000000000000000e+02 -8.640000000000000000e+02
1.799000000000000000e+03 -1.040000000000000000e+02 5.200000000000000000e+02 -8.640000000000000000e+02
1.839000000000000000e+03 -8.000000000000000000e+01 5.200000000000000000e+02 -8.720000000000000000e+02
1.879000000000000000e+03 -1.040000000000000000e+02 5.280000000000000000e+02 -8.480000000000000000e+02
1.919000000000000000e+03 -8.800000000000000000e+01 5.280000000000000000e+02 -9.040000000000000000e+02
1.959000000000000000e+03 -9.600000000000000000e+01 5.280000000000000000e+02 -8.560000000000000000e+02
1.999000000000000000e+03 -9.600000000000000000e+01 5.120000000000000000e+02 -8.720000000000000000e+02
2.031000000000000000e+03 -1.040000000000000000e+02 5.440000000000000000e+02 -8.880000000000000000e+02
2.071000000000000000e+03 -1.040000000000000000e+02 5.520000000000000000e+02 -8.320000000000000000e+02
2.111000000000000000e+03 -8.800000000000000000e+01 5.520000000000000000e+02 -8.560000000000000000e+02
2.151000000000000000e+03 -1.120000000000000000e+02 5.360000000000000000e+02 -8.880000000000000000e+02
2.191000000000000000e+03 -1.120000000000000000e+02 5.200000000000000000e+02 -8.720000000000000000e+02
2.231000000000000000e+03 -9.600000000000000000e+01 5.280000000000000000e+02 -8.560000000000000000e+02
2.271000000000000000e+03 -9.600000000000000000e+01 5.520000000000000000e+02 -8.720000000000000000e+02
2.311000000000000000e+03 -8.000000000000000000e+01 5.360000000000000000e+02 -8.720000000000000000e+02
2.351000000000000000e+03 -1.040000000000000000e+02 5.280000000000000000e+02 -9.120000000000000000e+02
2.391000000000000000e+03 -1.040000000000000000e+02 5.200000000000000000e+02 -8.720000000000000000e+02
2.431000000000000000e+03 -9.600000000000000000e+01 5.200000000000000000e+02 -8.800000000000000000e+02
2.471000000000000000e+03 -1.120000000000000000e+02 5.200000000000000000e+02 -8.160000000000000000e+02
2.511000000000000000e+03 -1.040000000000000000e+02 5.200000000000000000e+02 -8.800000000000000000e+02
2.551000000000000000e+03 -1.040000000000000000e+02 5.360000000000000000e+02 -8.720000000000000000e+02
2.591000000000000000e+03 -8.800000000000000000e+01 5.200000000000000000e+02 -8.640000000000000000e+02
2.631000000000000000e+03 -1.040000000000000000e+02 5.360000000000000000e+02 -8.640000000000000000e+02
2.671000000000000000e+03 -1.120000000000000000e+02 5.360000000000000000e+02 -8.400000000000000000e+02
2.711000000000000000e+03 -1.120000000000000000e+02 5.280000000000000000e+02 -8.640000000000000000e+02
2.751000000000000000e+03 -1.120000000000000000e+02 5.200000000000000000e+02 -8.480000000000000000e+02
2.791000000000000000e+03 -1.120000000000000000e+02 5.280000000000000000e+02 -8.400000000000000000e+02
2.831000000000000000e+03 -1.040000000000000000e+02 5.280000000000000000e+02 -8.640000000000000000e+02
2.871000000000000000e+03 -1.040000000000000000e+02 5.440000000000000000e+02 -8.640000000000000000e+02
2.911000000000000000e+03 -1.040000000000000000e+02 5.360000000000000000e+02 -8.560000000000000000e+02
2.951000000000000000e+03 -1.120000000000000000e+02 5.280000000000000000e+02 -8.560000000000000000e+02
2.991000000000000000e+03 -1.120000000000000000e+02 5.280000000000000000e+02 -8.480000000000000000e+02
3.023000000000000000e+03 -1.200000000000000000e+02 5.440000000000000000e+02 -8.560000000000000000e+02
3.063000000000000000e+03 -1.120000000000000000e+02 5.440000000000000000e+02 -8.480000000000000000e+02
3.103000000000000000e+03 -1.120000000000000000e+02 5.280000000000000000e+02 -8.880000000000000000e+02
3.143000000000000000e+03 -1.120000000000000000e+02 5.280000000000000000e+02 -8.640000000000000000e+02
3.183000000000000000e+03 -1.120000000000000000e+02 5.360000000000000000e+02 -8.560000000000000000e+02
3.223000000000000000e+03 -1.120000000000000000e+02 5.200000000000000000e+02 -8.800000000000000000e+02
3.263000000000000000e+03 -1.040000000000000000e+02 5.200000000000000000e+02 -8.720000000000000000e+02
3.303000000000000000e+03 -9.600000000000000000e+01 5.280000000000000000e+02 -8.640000000000000000e+02
3.343000000000000000e+03 -9.600000000000000000e+01 5.200000000000000000e+02 -8.720000000000000000e+02
3.383000000000000000e+03 -1.040000000000000000e+02 5.120000000000000000e+02 -8.640000000000000000e+02
3.423000000000000000e+03 -1.040000000000000000e+02 5.200000000000000000e+02 -8.640000000000000000e+02
3.463000000000000000e+03 -1.120000000000000000e+02 5.280000000000000000e+02 -8.720000000000000000e+02
3.503000000000000000e+03 -1.040000000000000000e+02 5.280000000000000000e+02 -8.720000000000000000e+02
3.543000000000000000e+03 -1.040000000000000000e+02 5.360000000000000000e+02 -8.800000000000000000e+02
3.583000000000000000e+03 -9.600000000000000000e+01 5.280000000000000000e+02 -8.480000000000000000e+02
3.623000000000000000e+03 -1.040000000000000000e+02 5.200000000000000000e+02 -8.800000000000000000e+02
3.663000000000000000e+03 -9.600000000000000000e+01 5.280000000000000000e+02 -8.720000000000000000e+02
3.703000000000000000e+03 -1.040000000000000000e+02 5.440000000000000000e+02 -8.720000000000000000e+02
3.743000000000000000e+03 -1.280000000000000000e+02 5.360000000000000000e+02 -8.640000000000000000e+02
3.783000000000000000e+03 -1.200000000000000000e+02 5.440000000000000000e+02 -8.560000000000000000e+02
3.823000000000000000e+03 -1.120000000000000000e+02 5.200000000000000000e+02 -8.720000000000000000e+02
3.863000000000000000e+03 -1.200000000000000000e+02 5.200000000000000000e+02 -8.480000000000000000e+02
3.903000000000000000e+03 -1.040000000000000000e+02 5.040000000000000000e+02 -8.480000000000000000e+02
3.943000000000000000e+03 -9.600000000000000000e+01 5.280000000000000000e+02 -8.480000000000000000e+02
3.983000000000000000e+03 -1.120000000000000000e+02 5.280000000000000000e+02 -8.480000000000000000e+02
4.015000000000000000e+03 -1.120000000000000000e+02 5.280000000000000000e+02 -8.560000000000000000e+02
4.055000000000000000e+03 -1.280000000000000000e+02 5.280000000000000000e+02 -8.160000000000000000e+02
4.095000000000000000e+03 -1.440000000000000000e+02 5.440000000000000000e+02 -8.560000000000000000e+02
4.135000000000000000e+03 -1.280000000000000000e+02 5.360000000000000000e+02 -9.120000000000000000e+02
4.175000000000000000e+03 -1.360000000000000000e+02 5.360000000000000000e+02 -8.480000000000000000e+02
4.215000000000000000e+03 -1.200000000000000000e+02 5.360000000000000000e+02 -8.800000000000000000e+02
4.255000000000000000e+03 -1.040000000000000000e+02 5.360000000000000000e+02 -8.400000000000000000e+02
4.295000000000000000e+03 -1.200000000000000000e+02 5.280000000000000000e+02 -8.560000000000000000e+02
4.335000000000000000e+03 -1.200000000000000000e+02 5.360000000000000000e+02 -8.560000000000000000e+02
4.375000000000000000e+03 -1.120000000000000000e+02 5.200000000000000000e+02 -8.560000000000000000e+02
4.415000000000000000e+03 -1.120000000000000000e+02 5.360000000000000000e+02 -8.800000000000000000e+02
4.455000000000000000e+03 -1.120000000000000000e+02 5.360000000000000000e+02 -8.480000000000000000e+02
4.495000000000000000e+03 -1.040000000000000000e+02 5.440000000000000000e+02 -8.880000000000000000e+02
4.535000000000000000e+03 -1.040000000000000000e+02 5.440000000000000000e+02 -8.000000000000000000e+02
4.575000000000000000e+03 -1.200000000000000000e+02 5.600000000000000000e+02 -8.480000000000000000e+02
4.615000000000000000e+03 -1.280000000000000000e+02 5.440000000000000000e+02 -8.640000000000000000e+02
4.655000000000000000e+03 -1.200000000000000000e+02 5.440000000000000000e+02 -8.400000000000000000e+02
4.695000000000000000e+03 -1.200000000000000000e+02 5.520000000000000000e+02 -8.400000000000000000e+02
4.735000000000000000e+03 -1.120000000000000000e+02 5.440000000000000000e+02 -8.480000000000000000e+02
4.775000000000000000e+03 -1.200000000000000000e+02 5.440000000000000000e+02 -8.480000000000000000e+02
4.815000000000000000e+03 -1.200000000000000000e+02 5.520000000000000000e+02 -8.640000000000000000e+02
4.855000000000000000e+03 -1.120000000000000000e+02 5.600000000000000000e+02 -8.320000000000000000e+02
4.895000000000000000e+03 -1.120000000000000000e+02 5.440000000000000000e+02 -8.480000000000000000e+02
4.935000000000000000e+03 -1.280000000000000000e+02 5.440000000000000000e+02 -9.040000000000000000e+02
4.975000000000000000e+03 -1.360000000000000000e+02 5.440000000000000000e+02 -8.400000000000000000e+02
5.006000000000000000e+03 -1.280000000000000000e+02 5.440000000000000000e+02 -8.880000000000000000e+02
5.046000000000000000e+03 -1.120000000000000000e+02 5.360000000000000000e+02 -8.400000000000000000e+02
5.086000000000000000e+03 -1.200000000000000000e+02 5.360000000000000000e+02 -8.560000000000000000e+02
5.126000000000000000e+03 -1.280000000000000000e+02 5.360000000000000000e+02 -8.240000000000000000e+02
5.166000000000000000e+03 -1.120000000000000000e+02 5.520000000000000000e+02 -8.480000000000000000e+02
5.206000000000000000e+03 -1.120000000000000000e+02 5.440000000000000000e+02 -8.400000000000000000e+02
5.246000000000000000e+03 -1.200000000000000000e+02 5.520000000000000000e+02 -8.560000000000000000e+02
5.286000000000000000e+03 -1.120000000000000000e+02 5.440000000000000000e+02 -8.400000000000000000e+02
5.326000000000000000e+03 -1.040000000000000000e+02 5.520000000000000000e+02 -8.480000000000000000e+02
5.366000000000000000e+03 -1.120000000000000000e+02 5.520000000000000000e+02 -8.080000000000000000e+02
5.406000000000000000e+03 -1.280000000000000000e+02 5.440000000000000000e+02 -8.560000000000000000e+02
5.446000000000000000e+03 -1.280000000000000000e+02 5.520000000000000000e+02 -8.480000000000000000e+02
5.486000000000000000e+03 -8.800000000000000000e+01 5.520000000000000000e+02 -8.480000000000000000e+02
5.526000000000000000e+03 -1.040000000000000000e+02 5.440000000000000000e+02 -8.560000000000000000e+02
5.566000000000000000e+03 -1.040000000000000000e+02 5.520000000000000000e+02 -8.240000000000000000e+02
5.606000000000000000e+03 -1.040000000000000000e+02 5.520000000000000000e+02 -8.640000000000000000e+02
5.646000000000000000e+03 -1.120000000000000000e+02 5.440000000000000000e+02 -8.480000000000000000e+02
5.686000000000000000e+03 -1.120000000000000000e+02 5.600000000000000000e+02 -8.400000000000000000e+02
5.726000000000000000e+03 -1.040000000000000000e+02 5.520000000000000000e+02 -8.400000000000000000e+02
5.766000000000000000e+03 -1.200000000000000000e+02 5.600000000000000000e+02 -8.160000000000000000e+02
5.806000000000000000e+03 -1.200000000000000000e+02 5.680000000000000000e+02 -8.080000000000000000e+02
5.846000000000000000e+03 -1.280000000000000000e+02 5.680000000000000000e+02 -8.400000000000000000e+02
5.886000000000000000e+03 -1.120000000000000000e+02 5.680000000000000000e+02 -8.320000000000000000e+02
5.926000000000000000e+03 -1.200000000000000000e+02 5.520000000000000000e+02 -8.320000000000000000e+02
5.966000000000000000e+03 -1.200000000000000000e+02 5.680000000000000000e+02 -8.320000000000000000e+02
5.998000000000000000e+03 -1.120000000000000000e+02 5.600000000000000000e+02 -8.480000000000000000e+02
6.038000000000000000e+03 -1.040000000000000000e+02 5.600000000000000000e+02 -8.000000000000000000e+02
6.078000000000000000e+03 -9.600000000000000000e+01 5.680000000000000000e+02 -8.560000000000000000e+02
6.118000000000000000e+03 -1.120000000000000000e+02 5.680000000000000000e+02 -8.320000000000000000e+02
6.158000000000000000e+03 -1.200000000000000000e+02 5.920000000000000000e+02 -8.640000000000000000e+02
6.198000000000000000e+03 -1.040000000000000000e+02 5.680000000000000000e+02 -8.320000000000000000e+02
6.238000000000000000e+03 -1.200000000000000000e+02 5.680000000000000000e+02 -8.480000000000000000e+02
6.278000000000000000e+03 -1.040000000000000000e+02 5.920000000000000000e+02 -9.280000000000000000e+02
6.318000000000000000e+03 -8.000000000000000000e+01 6.000000000000000000e+02 -8.560000000000000000e+02
6.358000000000000000e+03 -4.800000000000000000e+01 6.240000000000000000e+02 -8.160000000000000000e+02
6.398000000000000000e+03 -6.400000000000000000e+01 6.160000000000000000e+02 -8.240000000000000000e+02
6.438000000000000000e+03 -1.200000000000000000e+02 6.000000000000000000e+02 -8.000000000000000000e+02
6.478000000000000000e+03 -1.280000000000000000e+02 5.440000000000000000e+02 -8.240000000000000000e+02
6.518000000000000000e+03 -1.520000000000000000e+02 5.520000000000000000e+02 -8.080000000000000000e+02
6.558000000000000000e+03 -1.760000000000000000e+02 5.520000000000000000e+02 -7.760000000000000000e+02
6.598000000000000000e+03 -2.000000000000000000e+02 5.120000000000000000e+02 -7.120000000000000000e+02
6.638000000000000000e+03 -2.320000000000000000e+02 5.520000000000000000e+02 -7.360000000000000000e+02
6.678000000000000000e+03 -2.400000000000000000e+02 5.840000000000000000e+02 -7.760000000000000000e+02
6.718000000000000000e+03 -2.480000000000000000e+02 6.160000000000000000e+02 -7.520000000000000000e+02
6.758000000000000000e+03 -2.720000000000000000e+02 6.320000000000000000e+02 -8.000000000000000000e+02
6.798000000000000000e+03 -2.800000000000000000e+02 6.240000000000000000e+02 -8.000000000000000000e+02
6.838000000000000000e+03 -2.800000000000000000e+02 6.000000000000000000e+02 -8.080000000000000000e+02
6.878000000000000000e+03 -2.560000000000000000e+02 5.760000000000000000e+02 -8.320000000000000000e+02
6.918000000000000000e+03 -2.480000000000000000e+02 5.760000000000000000e+02 -8.320000000000000000e+02
6.958000000000000000e+03 -2.480000000000000000e+02 5.840000000000000000e+02 -8.160000000000000000e+02
6.989000000000000000e+03 -2.240000000000000000e+02 5.920000000000000000e+02 -8.080000000000000000e+02
7.029000000000000000e+03 -2.240000000000000000e+02 5.840000000000000000e+02 -8.240000000000000000e+02
7.069000000000000000e+03 -2.400000000000000000e+02 5.440000000000000000e+02 -8.320000000000000000e+02
7.109000000000000000e+03 -3.040000000000000000e+02 4.800000000000000000e+02 -8.400000000000000000e+02
7.149000000000000000e+03 -2.800000000000000000e+02 4.960000000000000000e+02 -8.560000000000000000e+02
7.189000000000000000e+03 -2.320000000000000000e+02 3.840000000000000000e+02 -7.200000000000000000e+02
7.229000000000000000e+03 -1.680000000000000000e+02 5.200000000000000000e+02 -9.200000000000000000e+02
7.269000000000000000e+03 -1.760000000000000000e+02 5.200000000000000000e+02 -8.320000000000000000e+02
7.309000000000000000e+03 -1.360000000000000000e+02 5.520000000000000000e+02 -9.360000000000000000e+02
7.349000000000000000e+03 -1.280000000000000000e+02 5.360000000000000000e+02 -9.600000000000000000e+02
7.389000000000000000e+03 -1.440000000000000000e+02 4.720000000000000000e+02 -8.800000000000000000e+02
7.429000000000000000e+03 -1.440000000000000000e+02 4.720000000000000000e+02 -9.920000000000000000e+02
7.469000000000000000e+03 -1.040000000000000000e+02 4.640000000000000000e+02 -9.360000000000000000e+02
7.509000000000000000e+03 -1.360000000000000000e+02 4.880000000000000000e+02 -8.080000000000000000e+02
7.549000000000000000e+03 -1.760000000000000000e+02 4.960000000000000000e+02 -8.720000000000000000e+02
7.589000000000000000e+03 -1.760000000000000000e+02 4.720000000000000000e+02 -8.880000000000000000e+02
7.629000000000000000e+03 -1.440000000000000000e+02 4.160000000000000000e+02 -9.280000000000000000e+02
7.669000000000000000e+03 -1.360000000000000000e+02 3.600000000000000000e+02 -8.960000000000000000e+02
7.709000000000000000e+03 -1.520000000000000000e+02 3.280000000000000000e+02 -8.400000000000000000e+02
7.749000000000000000e+03 -1.680000000000000000e+02 3.760000000000000000e+02 -9.680000000000000000e+02
7.789000000000000000e+03 -8.800000000000000000e+01 4.240000000000000000e+02 -9.680000000000000000e+02
7.829000000000000000e+03 -4.800000000000000000e+01 4.080000000000000000e+02 -9.920000000000000000e+02
7.869000000000000000e+03 -5.600000000000000000e+01 3.760000000000000000e+02 -9.520000000000000000e+02
7.909000000000000000e+03 -8.800000000000000000e+01 3.040000000000000000e+02 -8.560000000000000000e+02
7.949000000000000000e+03 -1.200000000000000000e+02 3.680000000000000000e+02 -9.360000000000000000e+02
7.981000000000000000e+03 -8.800000000000000000e+01 4.000000000000000000e+02 -9.840000000000000000e+02
8.021000000000000000e+03 -4.000000000000000000e+01 3.600000000000000000e+02 -1.016000000000000000e+03
8.061000000000000000e+03 -4.800000000000000000e+01 3.280000000000000000e+02 -9.120000000000000000e+02
8.101000000000000000e+03 -5.600000000000000000e+01 2.960000000000000000e+02 -9.840000000000000000e+02
8.141000000000000000e+03 -5.600000000000000000e+01 2.880000000000000000e+02 -9.600000000000000000e+02
8.181000000000000000e+03 -6.400000000000000000e+01 3.360000000000000000e+02 -9.920000000000000000e+02
8.221000000000000000e+03 -6.400000000000000000e+01 3.120000000000000000e+02 -9.600000000000000000e+02
8.261000000000000000e+03 -9.600000000000000000e+01 3.360000000000000000e+02 -9.520000000000000000e+02
8.301000000000000000e+03 -7.200000000000000000e+01 3.040000000000000000e+02 -1.024000000000000000e+03
8.341000000000000000e+03 -7.200000000000000000e+01 2.640000000000000000e+02 -9.840000000000000000e+02
8.381000000000000000e+03 -7.200000000000000000e+01 2.880000000000000000e+02 -1.008000000000000000e+03
8.421000000000000000e+03 -6.400000000000000000e+01 3.040000000000000000e+02 -1.056000000000000000e+03
8.461000000000000000e+03 -4.800000000000000000e+01 3.120000000000000000e+02 -9.760000000000000000e+02
8.501000000000000000e+03 -3.200000000000000000e+01 2.880000000000000000e+02 -9.760000000000000000e+02
8.541000000000000000e+03 -3.200000000000000000e+01 2.800000000000000000e+02 -1.024000000000000000e+03
8.581000000000000000e+03 -4.800000000000000000e+01 2.640000000000000000e+02 -9.680000000000000000e+02
8.621000000000000000e+03 -4.800000000000000000e+01 2.800000000000000000e+02 -1.016000000000000000e+03
8.661000000000000000e+03 -6.400000000000000000e+01 2.560000000000000000e+02 -1.000000000000000000e+03
8.701000000000000000e+03 -4.800000000000000000e+01 2.720000000000000000e+02 -9.840000000000000000e+02
8.741000000000000000e+03 -6.400000000000000000e+01 2.480000000000000000e+02 -1.056000000000000000e+03
8.781000000000000000e+03 -5.600000000000000000e+01 2.080000000000000000e+02 -1.040000000000000000e+03
8.821000000000000000e+03 -6.400000000000000000e+01 2.400000000000000000e+02 -9.360000000000000000e+02
8.861000000000000000e+03 -3.200000000000000000e+01 2.800000000000000000e+02 -9.760000000000000000e+02
8.901000000000000000e+03 -5.600000000000000000e+01 3.200000000000000000e+02 -1.056000000000000000e+03
8.941000000000000000e+03 -6.400000000000000000e+01 3.520000000000000000e+02 -1.056000000000000000e+03
8.973000000000000000e+03 -1.360000000000000000e+02 3.600000000000000000e+02 -1.056000000000000000e+03
9.013000000000000000e+03 -1.840000000000000000e+02 3.600000000000000000e+02 -8.960000000000000000e+02
9.053000000000000000e+03 -2.320000000000000000e+02 4.000000000000000000e+02 -9.200000000000000000e+02
9.093000000000000000e+03 -3.040000000000000000e+02 4.080000000000000000e+02 -6.800000000000000000e+02
9.133000000000000000e+03 -3.600000000000000000e+02 5.040000000000000000e+02 -4.240000000000000000e+02
9.173000000000000000e+03 -3.840000000000000000e+02 4.880000000000000000e+02 -5.840000000000000000e+02
9.213000000000000000e+03 -3.680000000000000000e+02 4.880000000000000000e+02 -5.040000000000000000e+02
9.253000000000000000e+03 -3.440000000000000000e+02 5.680000000000000000e+02 -6.160000000000000000e+02
9.293000000000000000e+03 -2.960000000000000000e+02 5.840000000000000000e+02 -7.600000000000000000e+02
9.333000000000000000e+03 -2.560000000000000000e+02 7.760000000000000000e+02 -6.560000000000000000e+02
9.373000000000000000e+03 -2.000000000000000000e+02 8.880000000000000000e+02 -7.840000000000000000e+02
9.413000000000000000e+03 -2.240000000000000000e+02 8.480000000000000000e+02 -6.320000000000000000e+02
9.453000000000000000e+03 -2.320000000000000000e+02 8.640000000000000000e+02 -6.240000000000000000e+02
9.493000000000000000e+03 -2.480000000000000000e+02 8.320000000000000000e+02 -4.880000000000000000e+02
9.533000000000000000e+03 -3.040000000000000000e+02 8.640000000000000000e+02 -4.320000000000000000e+02
9.573000000000000000e+03 -2.880000000000000000e+02 8.960000000000000000e+02 -4.240000000000000000e+02
9.613000000000000000e+03 -3.040000000000000000e+02 8.640000000000000000e+02 -4.720000000000000000e+02
9.653000000000000000e+03 -2.880000000000000000e+02 8.560000000000000000e+02 -4.560000000000000000e+02
9.693000000000000000e+03 -2.720000000000000000e+02 8.480000000000000000e+02 -3.760000000000000000e+02
9.733000000000000000e+03 -2.560000000000000000e+02 8.480000000000000000e+02 -3.680000000000000000e+02
9.773000000000000000e+03 -2.160000000000000000e+02 8.880000000000000000e+02 -4.960000000000000000e+02
9.813000000000000000e+03 -2.080000000000000000e+02 8.960000000000000000e+02 -5.200000000000000000e+02
9.853000000000000000e+03 -1.920000000000000000e+02 8.640000000000000000e+02 -5.120000000000000000e+02
9.893000000000000000e+03 -1.840000000000000000e+02 8.640000000000000000e+02 -4.880000000000000000e+02
9.933000000000000000e+03 -1.760000000000000000e+02 8.720000000000000000e+02 -5.280000000000000000e+02
9.965000000000000000e+03 -2.000000000000000000e+02 9.120000000000000000e+02 -5.360000000000000000e+02
1.000500000000000000e+04 -2.320000000000000000e+02 9.200000000000000000e+02 -5.040000000000000000e+02
1.004500000000000000e+04 -2.480000000000000000e+02 9.120000000000000000e+02 -5.920000000000000000e+02
1.008500000000000000e+04 -2.640000000000000000e+02 9.120000000000000000e+02 -5.360000000000000000e+02
1.012500000000000000e+04 -3.040000000000000000e+02 8.560000000000000000e+02 -5.520000000000000000e+02
1.016500000000000000e+04 -3.280000000000000000e+02 8.160000000000000000e+02 -6.320000000000000000e+02
1.020500000000000000e+04 -3.440000000000000000e+02 8.160000000000000000e+02 -6.160000000000000000e+02
1.024500000000000000e+04 -3.760000000000000000e+02 7.440000000000000000e+02 -5.520000000000000000e+02
1.028500000000000000e+04 -3.600000000000000000e+02 7.040000000000000000e+02 -5.840000000000000000e+02
1.032500000000000000e+04 -3.440000000000000000e+02 6.720000000000000000e+02 -6.720000000000000000e+02
1.036500000000000000e+04 -3.280000000000000000e+02 6.880000000000000000e+02 -6.240000000000000000e+02
1.040500000000000000e+04 -2.960000000000000000e+02 6.560000000000000000e+02 -6.320000000000000000e+02
1.044500000000000000e+04 -2.800000000000000000e+02 7.040000000000000000e+02 -7.520000000000000000e+02
1.048500000000000000e+04 -2.560000000000000000e+02 6.640000000000000000e+02 -6.720000000000000000e+02
1.052500000000000000e+04 -2.480000000000000000e+02 5.920000000000000000e+02 -6.880000000000000000e+02
1.056500000000000000e+04 -2.000000000000000000e+02 6.080000000000000000e+02 -8.000000000000000000e+02
1.060500000000000000e+04 -1.840000000000000000e+02 5.760000000000000000e+02 -7.120000000000000000e+02
1.064500000000000000e+04 -1.680000000000000000e+02 6.000000000000000000e+02 -7.840000000000000000e+02
1.068500000000000000e+04 -1.440000000000000000e+02 6.080000000000000000e+02 -7.840000000000000000e+02
1.072500000000000000e+04 -1.280000000000000000e+02 5.760000000000000000e+02 -8.000000000000000000e+02
1.076500000000000000e+04 -1.200000000000000000e+02 6.160000000000000000e+02 -8.560000000000000000e+02
1.080500000000000000e+04 -1.120000000000000000e+02 5.840000000000000000e+02 -8.480000000000000000e+02
1.084500000000000000e+04 -1.120000000000000000e+02 5.360000000000000000e+02 -8.800000000000000000e+02
1.088500000000000000e+04 -8.800000000000000000e+01 5.040000000000000000e+02 -9.040000000000000000e+02
1.092500000000000000e+04 -8.000000000000000000e+01 4.720000000000000000e+02 -9.120000000000000000e+02
1.095600000000000000e+04 -5.600000000000000000e+01 4.960000000000000000e+02 -9.440000000000000000e+02
1.099600000000000000e+04 -7.200000000000000000e+01 4.880000000000000000e+02 -8.880000000000000000e+02
1.103600000000000000e+04 -4.800000000000000000e+01 5.120000000000000000e+02 -8.400000000000000000e+02
1.107600000000000000e+04 -6.400000000000000000e+01 4.960000000000000000e+02 -8.080000000000000000e+02
1.111600000000000000e+04 -7.200000000000000000e+01 5.520000000000000000e+02 -8.240000000000000000e+02
1.115600000000000000e+04 -5.600000000000000000e+01 6.640000000000000000e+02 -7.840000000000000000e+02
1.119600000000000000e+04 -8.000000000000000000e+01 6.960000000000000000e+02 -7.280000000000000000e+02
1.123600000000000000e+04 -1.120000000000000000e+02 6.880000000000000000e+02 -7.280000000000000000e+02
1.127600000000000000e+04 -9.600000000000000000e+01 6.800000000000000000e+02 -7.920000000000000000e+02
1.131600000000000000e+04 -8.000000000000000000e+01 6.480000000000000000e+02 -8.080000000000000000e+02
1.135600000000000000e+04 -8.000000000000000000e+01 6.400000000000000000e+02 -8.320000000000000000e+02
1.139600000000000000e+04 -7.200000000000000000e+01 6.240000000000000000e+02 -8.000000000000000000e+02
1.143600000000000000e+04 -9.600000000000000000e+01 5.920000000000000000e+02 -8.000000000000000000e+02
1.147600000000000000e+04 -1.040000000000000000e+02 5.840000000000000000e+02 -7.760000000000000000e+02
1.151600000000000000e+04 -1.120000000000000000e+02 5.920000000000000000e+02 -8.000000000000000000e+02
1.155600000000000000e+04 -1.280000000000000000e+02 6.080000000000000000e+02 -8.000000000000000000e+02
1.159600000000000000e+04 -1.360000000000000000e+02 6.160000000000000000e+02 -7.920000000000000000e+02
1.163600000000000000e+04 -1.360000000000000000e+02 6.160000000000000000e+02 -8.000000000000000000e+02
1.167600000000000000e+04 -1.200000000000000000e+02 6.000000000000000000e+02 -8.400000000000000000e+02
1.171600000000000000e+04 -1.120000000000000000e+02 6.080000000000000000e+02 -8.160000000000000000e+02
1.175600000000000000e+04 -1.360000000000000000e+02 6.160000000000000000e+02 -8.080000000000000000e+02
1.179600000000000000e+04 -1.200000000000000000e+02 6.160000000000000000e+02 -8.160000000000000000e+02
1.183600000000000000e+04 -1.200000000000000000e+02 6.080000000000000000e+02 -8.080000000000000000e+02
1.187600000000000000e+04 -1.360000000000000000e+02 6.000000000000000000e+02 -8.080000000000000000e+02
1.191600000000000000e+04 -1.360000000000000000e+02 6.000000000000000000e+02 -7.520000000000000000e+02
1.194700000000000000e+04 -1.200000000000000000e+02 6.160000000000000000e+02 -8.640000000000000000e+02
1.198700000000000000e+04 -1.280000000000000000e+02 6.160000000000000000e+02 -8.400000000000000000e+02
1.202700000000000000e+04 -1.360000000000000000e+02 6.240000000000000000e+02 -8.000000000000000000e+02
1.206700000000000000e+04 -1.280000000000000000e+02 6.160000000000000000e+02 -7.760000000000000000e+02
1.210700000000000000e+04 -1.280000000000000000e+02 6.080000000000000000e+02 -7.920000000000000000e+02
1.214700000000000000e+04 -1.200000000000000000e+02 6.080000000000000000e+02 -8.080000000000000000e+02
1.218700000000000000e+04 -1.440000000000000000e+02 6.160000000000000000e+02 -7.920000000000000000e+02
1.222700000000000000e+04 -1.280000000000000000e+02 6.160000000000000000e+02 -7.920000000000000000e+02
1.226700000000000000e+04 -1.200000000000000000e+02 6.080000000000000000e+02 -7.680000000000000000e+02
1.230700000000000000e+04 -1.120000000000000000e+02 6.160000000000000000e+02 -8.320000000000000000e+02
1.234700000000000000e+04 -1.440000000000000000e+02 6.080000000000000000e+02 -8.160000000000000000e+02
1.238700000000000000e+04 -1.280000000000000000e+02 6.240000000000000000e+02 -7.920000000000000000e+02
1.242700000000000000e+04 -1.200000000000000000e+02 6.080000000000000000e+02 -8.080000000000000000e+02
1.246700000000000000e+04 -1.280000000000000000e+02 6.080000000000000000e+02 -8.080000000000000000e+02
1.250700000000000000e+04 -1.600000000000000000e+02 6.160000000000000000e+02 -7.760000000000000000e+02
1.254700000000000000e+04 -1.360000000000000000e+02 6.080000000000000000e+02 -7.600000000000000000e+02
1.258700000000000000e+04 -1.280000000000000000e+02 6.160000000000000000e+02 -7.680000000000000000e+02
1.262700000000000000e+04 -1.200000000000000000e+02 6.080000000000000000e+02 -7.920000000000000000e+02
1.266700000000000000e+04 -1.280000000000000000e+02 6.080000000000000000e+02 -7.840000000000000000e+02
1.270700000000000000e+04 -1.280000000000000000e+02 6.160000000000000000e+02 -7.920000000000000000e+02
1.274700000000000000e+04 -1.440000000000000000e+02 6.240000000000000000e+02 -8.080000000000000000e+02
1.278700000000000000e+04 -1.280000000000000000e+02 6.160000000000000000e+02 -7.600000000000000000e+02
1.282700000000000000e+04 -1.200000000000000000e+02 6.240000000000000000e+02 -7.840000000000000000e+02
1.286700000000000000e+04 -1.200000000000000000e+02 6.160000000000000000e+02 -8.080000000000000000e+02
1.290700000000000000e+04 -1.200000000000000000e+02 6.160000000000000000e+02 -8.000000000000000000e+02
1.293900000000000000e+04 -1.200000000000000000e+02 6.160000000000000000e+02 -7.840000000000000000e+02
1.297900000000000000e+04 -1.040000000000000000e+02 6.240000000000000000e+02 -7.840000000000000000e+02
1.301900000000000000e+04 -1.120000000000000000e+02 6.000000000000000000e+02 -7.920000000000000000e+02
1.305900000000000000e+04 -1.200000000000000000e+02 6.080000000000000000e+02 -7.840000000000000000e+02
1.309900000000000000e+04 -1.200000000000000000e+02 6.080000000000000000e+02 -8.000000000000000000e+02
1.313900000000000000e+04 -1.200000000000000000e+02 6.080000000000000000e+02 -7.920000000000000000e+02
1.317900000000000000e+04 -1.520000000000000000e+02 5.840000000000000000e+02 -8.240000000000000000e+02
1.321900000000000000e+04 -1.360000000000000000e+02 5.840000000000000000e+02 -7.840000000000000000e+02
1.325900000000000000e+04 -1.280000000000000000e+02 6.000000000000000000e+02 -7.920000000000000000e+02
1.329900000000000000e+04 -1.200000000000000000e+02 6.160000000000000000e+02 -7.920000000000000000e+02
1.333900000000000000e+04 -1.200000000000000000e+02 6.160000000000000000e+02 -7.840000000000000000e+02
1.337900000000000000e+04 -1.200000000000000000e+02 6.080000000000000000e+02 -8.080000000000000000e+02
1.341900000000000000e+04 -1.200000000000000000e+02 6.160000000000000000e+02 -7.920000000000000000e+02
1.345900000000000000e+04 -1.200000000000000000e+02 6.160000000000000000e+02 -7.840000000000000000e+02
1.349900000000000000e+04 -1.040000000000000000e+02 6.160000000000000000e+02 -8.320000000000000000e+02
1.353900000000000000e+04 -1.120000000000000000e+02 6.160000000000000000e+02 -7.920000000000000000e+02
1.357900000000000000e+04 -1.200000000000000000e+02 6.240000000000000000e+02 -8.000000000000000000e+02
1.361900000000000000e+04 -1.200000000000000000e+02 6.080000000000000000e+02 -7.600000000000000000e+02
1.365900000000000000e+04 -9.600000000000000000e+01 6.080000000000000000e+02 -8.000000000000000000e+02
1.369900000000000000e+04 -1.200000000000000000e+02 5.920000000000000000e+02 -7.680000000000000000e+02
1.373900000000000000e+04 -1.200000000000000000e+02 6.080000000000000000e+02 -8.000000000000000000e+02
1.377900000000000000e+04 -1.280000000000000000e+02 6.080000000000000000e+02 -7.840000000000000000e+02
1.381900000000000000e+04 -1.280000000000000000e+02 6.000000000000000000e+02 -8.240000000000000000e+02
1.385900000000000000e+04 -1.120000000000000000e+02 6.320000000000000000e+02 -7.680000000000000000e+02
1.389900000000000000e+04 -1.360000000000000000e+02 6.240000000000000000e+02 -7.360000000000000000e+02
1.393100000000000000e+04 -1.120000000000000000e+02 6.320000000000000000e+02 -8.080000000000000000e+02
1.397100000000000000e+04 -1.200000000000000000e+02 6.320000000000000000e+02 -7.840000000000000000e+02
1.401100000000000000e+04 -1.360000000000000000e+02 6.240000000000000000e+02 -7.760000000000000000e+02
1.405100000000000000e+04 -1.440000000000000000e+02 6.000000000000000000e+02 -7.760000000000000000e+02
1.409100000000000000e+04 -1.280000000000000000e+02 6.320000000000000000e+02 -7.920000000000000000e+02
1.413100000000000000e+04 -1.200000000000000000e+02 6.160000000000000000e+02 -8.000000000000000000e+02
1.417100000000000000e+04 -1.200000000000000000e+02 6.240000000000000000e+02 -7.920000000000000000e+02
1.421100000000000000e+04 -1.120000000000000000e+02 6.080000000000000000e+02 -7.520000000000000000e+02
1.425100000000000000e+04 -1.040000000000000000e+02 6.000000000000000000e+02 -8.160000000000000000e+02
1.429100000000000000e+04 -1.120000000000000000e+02 6.160000000000000000e+02 -7.920000000000000000e+02
1.433100000000000000e+04 -1.200000000000000000e+02 6.160000000000000000e+02 -8.000000000000000000e+02
1.437100000000000000e+04 -1.120000000000000000e+02 6.000000000000000000e+02 -8.000000000000000000e+02
1.441100000000000000e+04 -1.200000000000000000e+02 5.840000000000000000e+02 -8.160000000000000000e+02
1.445100000000000000e+04 -1.280000000000000000e+02 5.760000000000000000e+02 -7.600000000000000000e+02
1.449100000000000000e+04 -1.280000000000000000e+02 5.920000000000000000e+02 -8.160000000000000000e+02
1.453100000000000000e+04 -1.200000000000000000e+02 5.760000000000000000e+02 -8.480000000000000000e+02
1.457100000000000000e+04 -1.280000000000000000e+02 5.840000000000000000e+02 -7.760000000000000000e+02
1.461100000000000000e+04 -1.280000000000000000e+02 5.600000000000000000e+02 -8.320000000000000000e+02
1.465100000000000000e+04 -1.280000000000000000e+02 5.520000000000000000e+02 -8.400000000000000000e+02
1.469100000000000000e+04 -1.360000000000000000e+02 5.600000000000000000e+02 -8.320000000000000000e+02
1.473100000000000000e+04 -1.120000000000000000e+02 5.520000000000000000e+02 -8.800000000000000000e+02
1.477100000000000000e+04 -1.120000000000000000e+02 5.680000000000000000e+02 -8.080000000000000000e+02
1.481100000000000000e+04 -1.040000000000000000e+02 5.680000000000000000e+02 -8.160000000000000000e+02
1.485100000000000000e+04 -1.360000000000000000e+02 5.680000000000000000e+02 -8.240000000000000000e+02
1.489100000000000000e+04 -1.360000000000000000e+02 5.520000000000000000e+02 -8.560000000000000000e+02
1.492200000000000000e+04 -1.280000000000000000e+02 5.600000000000000000e+02 -8.560000000000000000e+02
1.496200000000000000e+04 -1.280000000000000000e+02 5.520000000000000000e+02 -8.480000000000000000e+02
1.500200000000000000e+04 -1.040000000000000000e+02 5.280000000000000000e+02 -8.960000000000000000e+02
1.504200000000000000e+04 -1.200000000000000000e+02 5.200000000000000000e+02 -8.320000000000000000e+02
1.508200000000000000e+04 -1.280000000000000000e+02 5.360000000000000000e+02 -8.240000000000000000e+02
1.512200000000000000e+04 -1.360000000000000000e+02 5.440000000000000000e+02 -7.920000000000000000e+02
1.516200000000000000e+04 -1.360000000000000000e+02 5.360000000000000000e+02 -8.400000000000000000e+02
1.520200000000000000e+04 -1.280000000000000000e+02 5.440000000000000000e+02 -8.400000000000000000e+02
1.524200000000000000e+04 -1.120000000000000000e+02 5.520000000000000000e+02 -8.400000000000000000e+02
1.528200000000000000e+04 -1.280000000000000000e+02 5.600000000000000000e+02 -8.400000000000000000e+02
1.532200000000000000e+04 -1.360000000000000000e+02 5.600000000000000000e+02 -8.480000000000000000e+02
1.536200000000000000e+04 -1.360000000000000000e+02 5.680000000000000000e+02 -8.480000000000000000e+02
1.540200000000000000e+04 -1.280000000000000000e+02 5.680000000000000000e+02 -8.240000000000000000e+02
1.544200000000000000e+04 -1.280000000000000000e+02 5.680000000000000000e+02 -7.920000000000000000e+02
1.548200000000000000e+04 -1.280000000000000000e+02 5.600000000000000000e+02 -8.240000000000000000e+02
1.552200000000000000e+04 -1.360000000000000000e+02 5.760000000000000000e+02 -8.320000000000000000e+02
1.556200000000000000e+04 -1.360000000000000000e+02 5.840000000000000000e+02 -8.560000000000000000e+02
1.560200000000000000e+04 -1.360000000000000000e+02 5.840000000000000000e+02 -8.160000000000000000e+02
1.564200000000000000e+04 -1.360000000000000000e+02 5.840000000000000000e+02 -8.080000000000000000e+02
1.568200000000000000e+04 -1.280000000000000000e+02 5.920000000000000000e+02 -8.240000000000000000e+02
1.572200000000000000e+04 -1.280000000000000000e+02 5.840000000000000000e+02 -8.480000000000000000e+02
1.576200000000000000e+04 -1.360000000000000000e+02 5.840000000000000000e+02 -8.400000000000000000e+02
1.580200000000000000e+04 -1.280000000000000000e+02 5.840000000000000000e+02 -8.080000000000000000e+02
1.584200000000000000e+04 -1.280000000000000000e+02 6.080000000000000000e+02 -8.080000000000000000e+02
1.588200000000000000e+04 -1.280000000000000000e+02 5.920000000000000000e+02 -8.480000000000000000e+02
1.591400000000000000e+04 -1.360000000000000000e+02 5.840000000000000000e+02 -7.840000000000000000e+02
1.595400000000000000e+04 -1.520000000000000000e+02 5.840000000000000000e+02 -8.160000000000000000e+02
1.599400000000000000e+04 -1.120000000000000000e+02 5.840000000000000000e+02 -8.080000000000000000e+02
1.603400000000000000e+04 -1.440000000000000000e+02 5.920000000000000000e+02 -8.240000000000000000e+02
1.607400000000000000e+04 -1.440000000000000000e+02 6.240000000000000000e+02 -7.600000000000000000e+02
1.611400000000000000e+04 -1.280000000000000000e+02 6.080000000000000000e+02 -7.920000000000000000e+02
1.615400000000000000e+04 -1.120000000000000000e+02 6.160000000000000000e+02 -8.080000000000000000e+02
1.619400000000000000e+04 -1.280000000000000000e+02 6.160000000000000000e+02 -8.160000000000000000e+02
1.623400000000000000e+04 -1.280000000000000000e+02 5.920000000000000000e+02 -8.560000000000000000e+02
1.627400000000000000e+04 -1.440000000000000000e+02 5.680000000000000000e+02 -8.480000000000000000e+02
1.631400000000000000e+04 -1.280000000000000000e+02 5.680000000000000000e+02 -8.400000000000000000e+02
1.635400000000000000e+04 -1.440000000000000000e+02 5.840000000000000000e+02 -8.800000000000000000e+02
1.639400000000000000e+04 -1.440000000000000000e+02 5.680000000000000000e+02 -8.240000000000000000e+02
1.643400000000000000e+04 -1.440000000000000000e+02 5.680000000000000000e+02 -8.400000000000000000e+02
1.647400000000000000e+04 -1.520000000000000000e+02 5.760000000000000000e+02 -8.400000000000000000e+02
1.651400000000000000e+04 -1.440000000000000000e+02 5.680000000000000000e+02 -8.320000000000000000e+02
1.655400000000000000e+04 -1.360000000000000000e+02 5.760000000000000000e+02 -8.400000000000000000e+02
1.659400000000000000e+04 -1.200000000000000000e+02 6.000000000000000000e+02 -7.680000000000000000e+02
1.663400000000000000e+04 -1.520000000000000000e+02 6.560000000000000000e+02 -8.080000000000000000e+02
1.667400000000000000e+04 -1.280000000000000000e+02 5.760000000000000000e+02 -9.200000000000000000e+02
1.671400000000000000e+04 -1.360000000000000000e+02 5.760000000000000000e+02 -8.720000000000000000e+02
1.675400000000000000e+04 -1.040000000000000000e+02 5.360000000000000000e+02 -8.560000000000000000e+02
1.679400000000000000e+04 -7.200000000000000000e+01 5.280000000000000000e+02 -8.480000000000000000e+02
1.683400000000000000e+04 -4.800000000000000000e+01 5.280000000000000000e+02 -8.720000000000000000e+02
1.687400000000000000e+04 -4.000000000000000000e+01 5.120000000000000000e+02 -8.320000000000000000e+02
1.690500000000000000e+04 -4.800000000000000000e+01 4.880000000000000000e+02 -9.200000000000000000e+02
1.694500000000000000e+04 -7.200000000000000000e+01 4.960000000000000000e+02 -8.720000000000000000e+02
1.698500000000000000e+04 -7.200000000000000000e+01 4.720000000000000000e+02 -8.320000000000000000e+02
1.702500000000000000e+04 -7.200000000000000000e+01 4.720000000000000000e+02 -8.560000000000000000e+02
1.706500000000000000e+04 -5.600000000000000000e+01 5.200000000000000000e+02 -9.040000000000000000e+02
1.710500000000000000e+04 -5.600000000000000000e+01 4.960000000000000000e+02 -9.760000000000000000e+02
1.714500000000000000e+04 -8.800000000000000000e+01 4.720000000000000000e+02 -8.720000000000000000e+02
1.718500000000000000e+04 -8.800000000000000000e+01 5.280000000000000000e+02 -9.120000000000000000e+02
1.722500000000000000e+04 -8.000000000000000000e+01 5.280000000000000000e+02 -7.840000000000000000e+02
1.726500000000000000e+04 -7.200000000000000000e+01 5.280000000000000000e+02 -8.480000000000000000e+02
1.730500000000000000e+04 -6.400000000000000000e+01 5.120000000000000000e+02 -9.120000000000000000e+02
1.734500000000000000e+04 -7.200000000000000000e+01 5.040000000000000000e+02 -8.640000000000000000e+02
1.738500000000000000e+04 -8.000000000000000000e+01 5.360000000000000000e+02 -8.400000000000000000e+02
1.742500000000000000e+04 -1.120000000000000000e+02 5.520000000000000000e+02 -8.480000000000000000e+02
1.746500000000000000e+04 -1.280000000000000000e+02 5.280000000000000000e+02 -8.640000000000000000e+02
1.750500000000000000e+04 -1.120000000000000000e+02 4.960000000000000000e+02 -8.800000000000000000e+02
1.754500000000000000e+04 -1.040000000000000000e+02 4.800000000000000000e+02 -9.200000000000000000e+02
1.758500000000000000e+04 -1.040000000000000000e+02 4.880000000000000000e+02 -8.640000000000000000e+02
1.762500000000000000e+04 -1.280000000000000000e+02 4.800000000000000000e+02 -8.960000000000000000e+02
1.766500000000000000e+04 -1.120000000000000000e+02 4.800000000000000000e+02 -9.040000000000000000e+02
1.770500000000000000e+04 -1.120000000000000000e+02 4.880000000000000000e+02 -8.720000000000000000e+02
1.774500000000000000e+04 -1.040000000000000000e+02 4.960000000000000000e+02 -8.800000000000000000e+02
1.778500000000000000e+04 -1.040000000000000000e+02 4.960000000000000000e+02 -8.800000000000000000e+02
1.782500000000000000e+04 -1.040000000000000000e+02 4.880000000000000000e+02 -8.960000000000000000e+02
1.786500000000000000e+04 -1.200000000000000000e+02 4.880000000000000000e+02 -8.880000000000000000e+02
1.789700000000000000e+04 -1.200000000000000000e+02 4.800000000000000000e+02 -8.800000000000000000e+02
1.793700000000000000e+04 -1.040000000000000000e+02 4.880000000000000000e+02 -9.040000000000000000e+02
1.797700000000000000e+04 -1.040000000000000000e+02 4.880000000000000000e+02 -8.480000000000000000e+02
1.801700000000000000e+04 -1.040000000000000000e+02 4.720000000000000000e+02 -9.360000000000000000e+02
1.805700000000000000e+04 -1.040000000000000000e+02 5.040000000000000000e+02 -8.560000000000000000e+02
1.809700000000000000e+04 -1.120000000000000000e+02 5.200000000000000000e+02 -8.240000000000000000e+02
1.813700000000000000e+04 -9.600000000000000000e+01 5.920000000000000000e+02 -8.320000000000000000e+02
1.817700000000000000e+04 -1.040000000000000000e+02 5.520000000000000000e+02 -8.240000000000000000e+02
1.821700000000000000e+04 -8.000000000000000000e+01 5.040000000000000000e+02 -9.120000000000000000e+02
1.825700000000000000e+04 -9.600000000000000000e+01 5.280000000000000000e+02 -8.720000000000000000e+02
1.829700000000000000e+04 -1.120000000000000000e+02 5.600000000000000000e+02 -7.920000000000000000e+02
1.833700000000000000e+04 -1.040000000000000000e+02 5.680000000000000000e+02 -8.240000000000000000e+02
1.837700000000000000e+04 -1.040000000000000000e+02 5.520000000000000000e+02 -8.480000000000000000e+02
1.841700000000000000e+04 -1.200000000000000000e+02 5.120000000000000000e+02 -9.040000000000000000e+02
1.845700000000000000e+04 -1.200000000000000000e+02 4.560000000000000000e+02 -8.480000000000000000e+02
1.849700000000000000e+04 -1.040000000000000000e+02 5.360000000000000000e+02 -8.720000000000000000e+02
1.853700000000000000e+04 -1.280000000000000000e+02 5.200000000000000000e+02 -7.840000000000000000e+02
1.857700000000000000e+04 -1.120000000000000000e+02 5.920000000000000000e+02 -7.600000000000000000e+02
1.861700000000000000e+04 -8.800000000000000000e+01 5.440000000000000000e+02 -8.160000000000000000e+02
1.865700000000000000e+04 -8.000000000000000000e+01 5.280000000000000000e+02 -8.720000000000000000e+02
1.869700000000000000e+04 -1.200000000000000000e+02 5.200000000000000000e+02 -8.880000000000000000e+02
1.873700000000000000e+04 -1.280000000000000000e+02 5.120000000000000000e+02 -8.640000000000000000e+02
1.877700000000000000e+04 -1.200000000000000000e+02 5.280000000000000000e+02 -8.480000000000000000e+02
1.881700000000000000e+04 -1.040000000000000000e+02 5.200000000000000000e+02 -8.560000000000000000e+02
1.885700000000000000e+04 -1.040000000000000000e+02 5.200000000000000000e+02 -7.760000000000000000e+02
1.888900000000000000e+04 -8.800000000000000000e+01 5.200000000000000000e+02 -8.480000000000000000e+02
1.892900000000000000e+04 -8.800000000000000000e+01 5.520000000000000000e+02 -8.080000000000000000e+02
1.896900000000000000e+04 -8.800000000000000000e+01 5.440000000000000000e+02 -8.560000000000000000e+02
1.900900000000000000e+04 -7.200000000000000000e+01 5.200000000000000000e+02 -9.040000000000000000e+02
1.904900000000000000e+04 -9.600000000000000000e+01 5.360000000000000000e+02 -8.240000000000000000e+02
1.908900000000000000e+04 -9.600000000000000000e+01 5.280000000000000000e+02 -8.720000000000000000e+02
1.912900000000000000e+04 -9.600000000000000000e+01 5.040000000000000000e+02 -8.800000000000000000e+02
1.916900000000000000e+04 -9.600000000000000000e+01 4.720000000000000000e+02 -8.960000000000000000e+02
1.920900000000000000e+04 -9.600000000000000000e+01 4.720000000000000000e+02 -8.800000000000000000e+02
1.924900000000000000e+04 -8.800000000000000000e+01 4.880000000000000000e+02 -8.960000000000000000e+02
1.928900000000000000e+04 -8.800000000000000000e+01 4.960000000000000000e+02 -9.200000000000000000e+02
1.932900000000000000e+04 -1.040000000000000000e+02 4.800000000000000000e+02 -8.880000000000000000e+02
1.936900000000000000e+04 -1.120000000000000000e+02 4.400000000000000000e+02 -9.120000000000000000e+02
1.940900000000000000e+04 -1.040000000000000000e+02 4.400000000000000000e+02 -8.240000000000000000e+02
1.944900000000000000e+04 -9.600000000000000000e+01 4.560000000000000000e+02 -9.040000000000000000e+02
1.948900000000000000e+04 -1.040000000000000000e+02 4.640000000000000000e+02 -8.800000000000000000e+02
1.952900000000000000e+04 -1.040000000000000000e+02 4.640000000000000000e+02 -8.800000000000000000e+02
1.956900000000000000e+04 -8.000000000000000000e+01 5.520000000000000000e+02 -8.400000000000000000e+02
1.960900000000000000e+04 -8.800000000000000000e+01 5.600000000000000000e+02 -7.680000000000000000e+02
1.964900000000000000e+04 -8.800000000000000000e+01 5.520000000000000000e+02 -8.240000000000000000e+02
1.968900000000000000e+04 -8.000000000000000000e+01 4.880000000000000000e+02 -9.280000000000000000e+02
1.972900000000000000e+04 -8.800000000000000000e+01 5.120000000000000000e+02 -9.120000000000000000e+02
1.976900000000000000e+04 -9.600000000000000000e+01 5.200000000000000000e+02 -8.400000000000000000e+02
1.980900000000000000e+04 -8.800000000000000000e+01 5.040000000000000000e+02 -9.040000000000000000e+02
1.984900000000000000e+04 -1.040000000000000000e+02 4.880000000000000000e+02 -8.960000000000000000e+02
