7.100000000000000000e+01 -3.360000000000000000e+02 4.640000000000000000e+02 7.520000000000000000e+02
1.110000000000000000e+02 -3.280000000000000000e+02 4.720000000000000000e+02 7.600000000000000000e+02
1.510000000000000000e+02 -3.280000000000000000e+02 4.720000000000000000e+02 8.000000000000000000e+02
1.910000000000000000e+02 -3.280000000000000000e+02 4.880000000000000000e+02 7.600000000000000000e+02
2.310000000000000000e+02 -3.280000000000000000e+02 4.800000000000000000e+02 7.840000000000000000e+02
2.710000000000000000e+02 -3.280000000000000000e+02 4.800000000000000000e+02 7.920000000000000000e+02
3.110000000000000000e+02 -3.360000000000000000e+02 4.800000000000000000e+02 7.840000000000000000e+02
3.510000000000000000e+02 -3.280000000000000000e+02 4.800000000000000000e+02 8.000000000000000000e+02
3.910000000000000000e+02 -3.360000000000000000e+02 4.800000000000000000e+02 8.160000000000000000e+02
4.310000000000000000e+02 -3.360000000000000000e+02 4.960000000000000000e+02 7.840000000000000000e+02
4.710000000000000000e+02 -3.360000000000000000e+02 4.960000000000000000e+02 7.360000000000000000e+02
5.110000000000000000e+02 -3.280000000000000000e+02 4.880000000000000000e+02 7.680000000000000000e+02
5.510000000000000000e+02 -3.280000000000000000e+02 4.800000000000000000e+02 7.760000000000000000e+02
5.910000000000000000e+02 -3.280000000000000000e+02 4.720000000000000000e+02 7.680000000000000000e+02
6.310000000000000000e+02 -3.280000000000000000e+02 4.720000000000000000e+02 8.160000000000000000e+02
6.710000000000000000e+02 -3.280000000000000000e+02 4.560000000000000000e+02 7.920000000000000000e+02
7.110000000000000000e+02 -3.360000000000000000e+02 4.560000000000000000e+02 7.920000000000000000e+02
7.510000000000000000e+02 -3.360000000000000000e+02 4.480000000000000000e+02 7.760000000000000000e+02
7.910000000000000000e+02 -3.360000000000000000e+02 4.560000000000000000e+02 7.680000000000000000e+02
8.310000000000000000e+02 -3.280000000000000000e+02 4.560000000000000000e+02 7.840000000000000000e+02
8.710000000000000000e+02 -3.280000000000000000e+02 4.560000000000000000e+02 7.680000000000000000e+02
9.110000000000000000e+02 -3.280000000000000000e+02 4.720000000000000000e+02 7.760000000000000000e+02
9.510000000000000000e+02 -3.280000000000000000e+02 4.640000000000000000e+02 7.840000000000000000e+02
9.910000000000000000e+02 -3.200000000000000000e+02 4.560000000000000000e+02 7.840000000000000000e+02
1.031000000000000000e+03 -3.200000000000000000e+02 4.320000000000000000e+02 7.760000000000000000e+02
1.064000000000000000e+03 -3.280000000000000000e+02 4.480000000000000000e+02 7.840000000000000000e+02
1.104000000000000000e+03 -3.360000000000000000e+02 4.560000000000000000e+02 8.000000000000000000e+02
1.144000000000000000e+03 -3.360000000000000000e+02 4.640000000000000000e+02 7.760000000000000000e+02
1.184000000000000000e+03 -3.760000000000000000e+02 4.800000000000000000e+02 8.000000000000000000e+02
1.224000000000000000e+03 -3.440000000000000000e+02 4.640000000000000000e+02 7.600000000000000000e+02
1.264000000000000000e+03 -3.440000000000000000e+02 4.640000000000000000e+02 7.520000000000000000e+02
1.304000000000000000e+03 -3.360000000000000000e+02 4.560000000000000000e+02 8.000000000000000000e+02
1.344000000000000000e+03 -3.360000000000000000e+02 4.560000000000000000e+02 7.840000000000000000e+02
1.384000000000000000e+03 -3.440000000000000000e+02 4.400000000000000000e+02 8.000000000000000000e+02
1.424000000000000000e+03 -3.360000000000000000e+02 4.400000000000000000e+02 7.920000000000000000e+02
1.464000000000000000e+03 -3.360000000000000000e+02 4.400000000000000000e+02 8.240000000000000000e+02
1.504000000000000000e+03 -3.440000000000000000e+02 4.320000000000000000e+02 7.840000000000000000e+02
1.544000000000000000e+03 -3.600000000000000000e+02 4.320000000000000000e+02 8.160000000000000000e+02
1.584000000000000000e+03 -3.520000000000000000e+02 4.320000000000000000e+02 8.480000000000000000e+02
1.624000000000000000e+03 -3.360000000000000000e+02 4.240000000000000000e+02 8.320000000000000000e+02
1.664000000000000000e+03 -3.120000000000000000e+02 4.320000000000000000e+02 8.000000000000000000e+02
1.704000000000000000e+03 -3.200000000000000000e+02 4.240000000000000000e+02 8.320000000000000000e+02
1.744000000000000000e+03 -3.280000000000000000e+02 4.320000000000000000e+02 8.160000000000000000e+02
1.784000000000000000e+03 -3.360000000000000000e+02 4.320000000000000000e+02 8.400000000000000000e+02
1.824000000000000000e+03 -3.360000000000000000e+02 4.320000000000000000e+02 8.320000000000000000e+02
1.864000000000000000e+03 -3.280000000000000000e+02 4.400000000000000000e+02 8.240000000000000000e+02
1.904000000000000000e+03 -3.360000000000000000e+02 4.560000000000000000e+02 8.320000000000000000e+02
1.944000000000000000e+03 -3.360000000000000000e+02 4.560000000000000000e+02 8.320000000000000000e+02
1.984000000000000000e+03 -3.360000000000000000e+02 4.480000000000000000e+02 8.240000000000000000e+02
2.024000000000000000e+03 -3.360000000000000000e+02 4.400000000000000000e+02 8.320000000000000000e+02
2.056000000000000000e+03 -3.440000000000000000e+02 4.400000000000000000e+02 8.560000000000000000e+02
2.096000000000000000e+03 -4.000000000000000000e+02 4.400000000000000000e+02 8.320000000000000000e+02
2.136000000000000000e+03 -3.680000000000000000e+02 4.480000000000000000e+02 8.560000000000000000e+02
2.176000000000000000e+03 -3.440000000000000000e+02 4.640000000000000000e+02 8.960000000000000000e+02
2.216000000000000000e+03 -3.520000000000000000e+02 4.400000000000000000e+02 8.480000000000000000e+02
2.256000000000000000e+03 -3.280000000000000000e+02 4.560000000000000000e+02 8.480000000000000000e+02
2.296000000000000000e+03 -3.360000000000000000e+02 4.560000000000000000e+02 8.400000000000000000e+02
2.336000000000000000e+03 -3.360000000000000000e+02 4.400000000000000000e+02 8.480000000000000000e+02
2.376000000000000000e+03 -3.360000000000000000e+02 4.480000000000000000e+02 8.000000000000000000e+02
2.416000000000000000e+03 -3.440000000000000000e+02 4.480000000000000000e+02 8.480000000000000000e+02
2.456000000000000000e+03 -3.440000000000000000e+02 4.480000000000000000e+02 8.400000000000000000e+02
2.496000000000000000e+03 -3.440000000000000000e+02 4.640000000000000000e+02 8.400000000000000000e+02
2.536000000000000000e+03 -3.440000000000000000e+02 4.480000000000000000e+02 8.640000000000000000e+02
2.576000000000000000e+03 -3.440000000000000000e+02 4.480000000000000000e+02 8.560000000000000000e+02
2.616000000000000000e+03 -3.520000000000000000e+02 4.480000000000000000e+02 8.560000000000000000e+02
2.656000000000000000e+03 -3.520000000000000000e+02 4.400000000000000000e+02 8.800000000000000000e+02
2.696000000000000000e+03 -3.600000000000000000e+02 4.320000000000000000e+02 8.560000000000000000e+02
2.736000000000000000e+03 -3.600000000000000000e+02 4.320000000000000000e+02 8.640000000000000000e+02
2.776000000000000000e+03 -3.520000000000000000e+02 4.240000000000000000e+02 8.560000000000000000e+02
2.816000000000000000e+03 -3.200000000000000000e+02 4.400000000000000000e+02 8.640000000000000000e+02
2.856000000000000000e+03 -3.360000000000000000e+02 4.480000000000000000e+02 8.640000000000000000e+02
2.896000000000000000e+03 -3.360000000000000000e+02 4.480000000000000000e+02 8.560000000000000000e+02
2.936000000000000000e+03 -3.360000000000000000e+02 4.480000000000000000e+02 8.720000000000000000e+02
2.976000000000000000e+03 -3.440000000000000000e+02 4.400000000000000000e+02 8.480000000000000000e+02
3.016000000000000000e+03 -3.440000000000000000e+02 4.320000000000000000e+02 8.640000000000000000e+02
3.048000000000000000e+03 -3.440000000000000000e+02 4.320000000000000000e+02 8.640000000000000000e+02
3.088000000000000000e+03 -3.200000000000000000e+02 4.080000000000000000e+02 8.800000000000000000e+02
3.128000000000000000e+03 -3.360000000000000000e+02 4.400000000000000000e+02 8.880000000000000000e+02
3.168000000000000000e+03 -3.360000000000000000e+02 4.320000000000000000e+02 8.480000000000000000e+02
3.208000000000000000e+03 -3.440000000000000000e+02 4.240000000000000000e+02 8.800000000000000000e+02
3.248000000000000000e+03 -3.200000000000000000e+02 4.240000000000000000e+02 8.320000000000000000e+02
3.288000000000000000e+03 -3.120000000000000000e+02 4.160000000000000000e+02 8.880000000000000000e+02
3.328000000000000000e+03 -3.280000000000000000e+02 4.080000000000000000e+02 8.480000000000000000e+02
3.368000000000000000e+03 -3.440000000000000000e+02 4.160000000000000000e+02 8.960000000000000000e+02
3.408000000000000000e+03 -3.360000000000000000e+02 4.000000000000000000e+02 8.640000000000000000e+02
3.448000000000000000e+03 -3.360000000000000000e+02 4.080000000000000000e+02 8.640000000000000000e+02
3.488000000000000000e+03 -3.280000000000000000e+02 4.080000000000000000e+02 8.800000000000000000e+02
3.528000000000000000e+03 -3.360000000000000000e+02 4.080000000000000000e+02 8.880000000000000000e+02
3.568000000000000000e+03 -3.440000000000000000e+02 4.080000000000000000e+02 8.720000000000000000e+02
3.608000000000000000e+03 -3.360000000000000000e+02 4.000000000000000000e+02 8.880000000000000000e+02
3.648000000000000000e+03 -3.600000000000000000e+02 4.000000000000000000e+02 8.720000000000000000e+02
3.688000000000000000e+03 -3.520000000000000000e+02 4.000000000000000000e+02 8.720000000000000000e+02
3.728000000000000000e+03 -3.440000000000000000e+02 3.840000000000000000e+02 8.640000000000000000e+02
3.768000000000000000e+03 -3.520000000000000000e+02 4.160000000000000000e+02 8.800000000000000000e+02
3.808000000000000000e+03 -3.440000000000000000e+02 4.000000000000000000e+02 8.480000000000000000e+02
3.848000000000000000e+03 -3.440000000000000000e+02 4.080000000000000000e+02 8.800000000000000000e+02
3.888000000000000000e+03 -3.440000000000000000e+02 4.080000000000000000e+02 8.960000000000000000e+02
3.928000000000000000e+03 -3.440000000000000000e+02 4.160000000000000000e+02 9.040000000000000000e+02
3.968000000000000000e+03 -3.440000000000000000e+02 4.160000000000000000e+02 8.400000000000000000e+02
4.008000000000000000e+03 -3.440000000000000000e+02 4.240000000000000000e+02 8.400000000000000000e+02
4.041000000000000000e+03 -3.360000000000000000e+02 4.160000000000000000e+02 8.880000000000000000e+02
4.081000000000000000e+03 -3.280000000000000000e+02 4.320000000000000000e+02 8.480000000000000000e+02
4.121000000000000000e+03 -3.440000000000000000e+02 4.400000000000000000e+02 8.320000000000000000e+02
4.161000000000000000e+03 -3.280000000000000000e+02 4.560000000000000000e+02 8.640000000000000000e+02
4.201000000000000000e+03 -3.280000000000000000e+02 4.800000000000000000e+02 8.720000000000000000e+02
4.241000000000000000e+03 -3.200000000000000000e+02 4.640000000000000000e+02 8.720000000000000000e+02
4.281000000000000000e+03 -3.360000000000000000e+02 4.480000000000000000e+02 8.720000000000000000e+02
4.321000000000000000e+03 -3.440000000000000000e+02 4.400000000000000000e+02 8.800000000000000000e+02
4.361000000000000000e+03 -3.520000000000000000e+02 4.400000000000000000e+02 8.320000000000000000e+02
4.401000000000000000e+03 -3.280000000000000000e+02 4.400000000000000000e+02 8.640000000000000000e+02
4.441000000000000000e+03 -3.360000000000000000e+02 4.320000000000000000e+02 8.720000000000000000e+02
4.481000000000000000e+03 -3.280000000000000000e+02 4.320000000000000000e+02 8.640000000000000000e+02
4.521000000000000000e+03 -3.440000000000000000e+02 4.320000000000000000e+02 8.720000000000000000e+02
4.561000000000000000e+03 -3.200000000000000000e+02 4.240000000000000000e+02 8.720000000000000000e+02
4.601000000000000000e+03 -3.200000000000000000e+02 4.400000000000000000e+02 8.800000000000000000e+02
4.641000000000000000e+03 -3.200000000000000000e+02 4.400000000000000000e+02 8.720000000000000000e+02
4.681000000000000000e+03 -3.200000000000000000e+02 4.240000000000000000e+02 8.640000000000000000e+02
4.721000000000000000e+03 -3.280000000000000000e+02 4.240000000000000000e+02 8.880000000000000000e+02
4.761000000000000000e+03 -3.200000000000000000e+02 4.400000000000000000e+02 8.800000000000000000e+02
4.801000000000000000e+03 -3.200000000000000000e+02 4.320000000000000000e+02 8.720000000000000000e+02
4.841000000000000000e+03 -3.360000000000000000e+02 4.320000000000000000e+02 8.560000000000000000e+02
4.881000000000000000e+03 -3.280000000000000000e+02 4.240000000000000000e+02 8.640000000000000000e+02
4.921000000000000000e+03 -3.280000000000000000e+02 4.160000000000000000e+02 8.640000000000000000e+02
4.961000000000000000e+03 -3.280000000000000000e+02 4.240000000000000000e+02 8.720000000000000000e+02
5.001000000000000000e+03 -3.280000000000000000e+02 4.240000000000000000e+02 9.360000000000000000e+02
5.032000000000000000e+03 -3.120000000000000000e+02 4.080000000000000000e+02 8.800000000000000000e+02
5.072000000000000000e+03 -3.040000000000000000e+02 4.320000000000000000e+02 9.600000000000000000e+02
5.112000000000000000e+03 -3.120000000000000000e+02 4.240000000000000000e+02 8.640000000000000000e+02
5.152000000000000000e+03 -3.200000000000000000e+02 4.080000000000000000e+02 8.240000000000000000e+02
5.192000000000000000e+03 -3.280000000000000000e+02 4.240000000000000000e+02 8.640000000000000000e+02
5.232000000000000000e+03 -3.360000000000000000e+02 4.080000000000000000e+02 8.640000000000000000e+02
5.272000000000000000e+03 -3.360000000000000000e+02 4.160000000000000000e+02 8.800000000000000000e+02
5.312000000000000000e+03 -3.440000000000000000e+02 4.320000000000000000e+02 9.040000000000000000e+02
5.352000000000000000e+03 -3.440000000000000000e+02 4.320000000000000000e+02 8.400000000000000000e+02
5.392000000000000000e+03 -3.520000000000000000e+02 4.320000000000000000e+02 8.880000000000000000e+02
5.432000000000000000e+03 -3.440000000000000000e+02 4.240000000000000000e+02 8.560000000000000000e+02
5.472000000000000000e+03 -3.600000000000000000e+02 4.480000000000000000e+02 8.640000000000000000e+02
5.512000000000000000e+03 -3.520000000000000000e+02 4.400000000000000000e+02 8.480000000000000000e+02
5.552000000000000000e+03 -3.520000000000000000e+02 4.240000000000000000e+02 8.960000000000000000e+02
5.592000000000000000e+03 -3.440000000000000000e+02 4.240000000000000000e+02 8.800000000000000000e+02
5.632000000000000000e+03 -3.280000000000000000e+02 4.240000000000000000e+02 9.040000000000000000e+02
5.672000000000000000e+03 -3.440000000000000000e+02 4.320000000000000000e+02 8.640000000000000000e+02
5.712000000000000000e+03 -3.440000000000000000e+02 4.400000000000000000e+02 8.720000000000000000e+02
5.752000000000000000e+03 -3.520000000000000000e+02 4.320000000000000000e+02 8.640000000000000000e+02
5.792000000000000000e+03 -3.360000000000000000e+02 4.320000000000000000e+02 8.560000000000000000e+02
5.832000000000000000e+03 -3.360000000000000000e+02 4.080000000000000000e+02 9.040000000000000000e+02
5.872000000000000000e+03 -3.440000000000000000e+02 4.160000000000000000e+02 8.560000000000000000e+02
5.912000000000000000e+03 -3.360000000000000000e+02 4.160000000000000000e+02 8.640000000000000000e+02
5.952000000000000000e+03 -3.600000000000000000e+02 4.160000000000000000e+02 8.720000000000000000e+02
5.992000000000000000e+03 -3.680000000000000000e+02 4.160000000000000000e+02 8.640000000000000000e+02
6.025000000000000000e+03 -3.600000000000000000e+02 4.320000000000000000e+02 8.640000000000000000e+02
6.065000000000000000e+03 -3.600000000000000000e+02 4.480000000000000000e+02 8.640000000000000000e+02
6.105000000000000000e+03 -3.520000000000000000e+02 4.640000000000000000e+02 8.560000000000000000e+02
6.145000000000000000e+03 -3.600000000000000000e+02 4.480000000000000000e+02 8.480000000000000000e+02
6.185000000000000000e+03 -3.440000000000000000e+02 4.400000000000000000e+02 8.640000000000000000e+02
6.225000000000000000e+03 -3.280000000000000000e+02 4.320000000000000000e+02 8.560000000000000000e+02
6.265000000000000000e+03 -3.360000000000000000e+02 4.160000000000000000e+02 8.720000000000000000e+02
6.305000000000000000e+03 -3.520000000000000000e+02 4.240000000000000000e+02 8.640000000000000000e+02
6.345000000000000000e+03 -3.440000000000000000e+02 4.320000000000000000e+02 8.480000000000000000e+02
6.385000000000000000e+03 -3.360000000000000000e+02 4.320000000000000000e+02 8.800000000000000000e+02
6.425000000000000000e+03 -3.440000000000000000e+02 4.400000000000000000e+02 8.640000000000000000e+02
6.465000000000000000e+03 -3.360000000000000000e+02 4.000000000000000000e+02 8.560000000000000000e+02
6.505000000000000000e+03 -3.440000000000000000e+02 4.320000000000000000e+02 8.800000000000000000e+02
6.545000000000000000e+03 -3.440000000000000000e+02 4.240000000000000000e+02 9.440000000000000000e+02
6.585000000000000000e+03 -3.440000000000000000e+02 4.320000000000000000e+02 9.040000000000000000e+02
6.625000000000000000e+03 -3.520000000000000000e+02 4.320000000000000000e+02 9.040000000000000000e+02
6.665000000000000000e+03 -3.440000000000000000e+02 4.560000000000000000e+02 9.280000000000000000e+02
6.705000000000000000e+03 -3.520000000000000000e+02 4.480000000000000000e+02 8.800000000000000000e+02
6.745000000000000000e+03 -3.440000000000000000e+02 4.400000000000000000e+02 9.040000000000000000e+02
6.785000000000000000e+03 -3.440000000000000000e+02 4.320000000000000000e+02 9.200000000000000000e+02
6.825000000000000000e+03 -3.440000000000000000e+02 4.320000000000000000e+02 8.880000000000000000e+02
6.865000000000000000e+03 -3.520000000000000000e+02 4.480000000000000000e+02 9.040000000000000000e+02
6.905000000000000000e+03 -3.440000000000000000e+02 4.400000000000000000e+02 9.120000000000000000e+02
6.945000000000000000e+03 -3.360000000000000000e+02 4.400000000000000000e+02 9.120000000000000000e+02
6.985000000000000000e+03 -3.440000000000000000e+02 4.320000000000000000e+02 9.200000000000000000e+02
7.017000000000000000e+03 -3.520000000000000000e+02 4.320000000000000000e+02 9.040000000000000000e+02
7.057000000000000000e+03 -3.360000000000000000e+02 4.320000000000000000e+02 9.040000000000000000e+02
7.097000000000000000e+03 -3.520000000000000000e+02 4.240000000000000000e+02 8.720000000000000000e+02
7.137000000000000000e+03 -3.520000000000000000e+02 4.240000000000000000e+02 9.360000000000000000e+02
7.177000000000000000e+03 -3.200000000000000000e+02 4.400000000000000000e+02 8.720000000000000000e+02
7.217000000000000000e+03 -3.360000000000000000e+02 4.320000000000000000e+02 9.440000000000000000e+02
7.257000000000000000e+03 -3.360000000000000000e+02 4.320000000000000000e+02 9.200000000000000000e+02
7.297000000000000000e+03 -3.440000000000000000e+02 4.320000000000000000e+02 9.440000000000000000e+02
7.337000000000000000e+03 -3.440000000000000000e+02 4.320000000000000000e+02 9.280000000000000000e+02
7.377000000000000000e+03 -3.440000000000000000e+02 4.320000000000000000e+02 9.360000000000000000e+02
7.417000000000000000e+03 -3.440000000000000000e+02 4.240000000000000000e+02 8.960000000000000000e+02
7.457000000000000000e+03 -3.360000000000000000e+02 4.320000000000000000e+02 9.120000000000000000e+02
7.497000000000000000e+03 -3.440000000000000000e+02 4.320000000000000000e+02 9.520000000000000000e+02
7.537000000000000000e+03 -3.440000000000000000e+02 4.400000000000000000e+02 9.520000000000000000e+02
7.577000000000000000e+03 -3.520000000000000000e+02 4.400000000000000000e+02 9.600000000000000000e+02
7.617000000000000000e+03 -3.440000000000000000e+02 4.320000000000000000e+02 9.440000000000000000e+02
7.657000000000000000e+03 -3.440000000000000000e+02 4.320000000000000000e+02 9.600000000000000000e+02
7.697000000000000000e+03 -3.440000000000000000e+02 4.160000000000000000e+02 9.440000000000000000e+02
7.737000000000000000e+03 -3.440000000000000000e+02 4.240000000000000000e+02 9.440000000000000000e+02
7.777000000000000000e+03 -3.600000000000000000e+02 4.240000000000000000e+02 9.520000000000000000e+02
7.817000000000000000e+03 -3.520000000000000000e+02 4.240000000000000000e+02 9.520000000000000000e+02
7.857000000000000000e+03 -3.520000000000000000e+02 4.240000000000000000e+02 9.440000000000000000e+02
7.897000000000000000e+03 -3.600000000000000000e+02 4.160000000000000000e+02 9.360000000000000000e+02
7.937000000000000000e+03 -3.440000000000000000e+02 4.320000000000000000e+02 9.440000000000000000e+02
7.977000000000000000e+03 -3.520000000000000000e+02 4.240000000000000000e+02 9.520000000000000000e+02
8.009000000000000000e+03 -3.440000000000000000e+02 4.160000000000000000e+02 9.360000000000000000e+02
8.049000000000000000e+03 -3.680000000000000000e+02 4.240000000000000000e+02 9.440000000000000000e+02
8.089000000000000000e+03 -3.520000000000000000e+02 4.240000000000000000e+02 9.440000000000000000e+02
8.129000000000000000e+03 -3.600000000000000000e+02 4.160000000000000000e+02 9.520000000000000000e+02
8.169000000000000000e+03 -3.520000000000000000e+02 4.240000000000000000e+02 9.520000000000000000e+02
8.209000000000000000e+03 -3.440000000000000000e+02 4.160000000000000000e+02 9.520000000000000000e+02
8.249000000000000000e+03 -3.600000000000000000e+02 4.240000000000000000e+02 9.600000000000000000e+02
8.289000000000000000e+03 -3.520000000000000000e+02 4.160000000000000000e+02 9.680000000000000000e+02
8.329000000000000000e+03 -3.440000000000000000e+02 4.240000000000000000e+02 9.360000000000000000e+02
8.369000000000000000e+03 -3.520000000000000000e+02 4.240000000000000000e+02 9.520000000000000000e+02
8.409000000000000000e+03 -3.360000000000000000e+02 4.240000000000000000e+02 9.440000000000000000e+02
8.449000000000000000e+03 -3.520000000000000000e+02 4.160000000000000000e+02 9.760000000000000000e+02
8.489000000000000000e+03 -3.360000000000000000e+02 4.160000000000000000e+02 9.440000000000000000e+02
8.529000000000000000e+03 -3.440000000000000000e+02 4.400000000000000000e+02 9.600000000000000000e+02
8.569000000000000000e+03 -3.520000000000000000e+02 4.240000000000000000e+02 9.360000000000000000e+02
8.609000000000000000e+03 -3.440000000000000000e+02 4.560000000000000000e+02 8.960000000000000000e+02
8.649000000000000000e+03 -3.440000000000000000e+02 4.320000000000000000e+02 9.200000000000000000e+02
8.689000000000000000e+03 -3.520000000000000000e+02 4.320000000000000000e+02 9.520000000000000000e+02
8.729000000000000000e+03 -3.600000000000000000e+02 4.320000000000000000e+02 9.280000000000000000e+02
8.769000000000000000e+03 -3.600000000000000000e+02 4.240000000000000000e+02 9.520000000000000000e+02
8.809000000000000000e+03 -3.440000000000000000e+02 4.240000000000000000e+02 9.840000000000000000e+02
8.849000000000000000e+03 -3.440000000000000000e+02 4.240000000000000000e+02 8.800000000000000000e+02
8.889000000000000000e+03 -3.440000000000000000e+02 4.320000000000000000e+02 8.800000000000000000e+02
8.929000000000000000e+03 -3.440000000000000000e+02 4.160000000000000000e+02 9.120000000000000000e+02
8.969000000000000000e+03 -3.520000000000000000e+02 4.160000000000000000e+02 9.520000000000000000e+02
9.001000000000000000e+03 -3.680000000000000000e+02 4.160000000000000000e+02 9.040000000000000000e+02
9.041000000000000000e+03 -3.520000000000000000e+02 4.160000000000000000e+02 9.200000000000000000e+02
9.081000000000000000e+03 -3.520000000000000000e+02 4.240000000000000000e+02 9.440000000000000000e+02
9.121000000000000000e+03 -3.440000000000000000e+02 4.160000000000000000e+02 9.040000000000000000e+02
9.161000000000000000e+03 -3.440000000000000000e+02 4.400000000000000000e+02 8.800000000000000000e+02
9.201000000000000000e+03 -3.360000000000000000e+02 4.160000000000000000e+02 9.360000000000000000e+02
9.241000000000000000e+03 -3.360000000000000000e+02 4.400000000000000000e+02 8.880000000000000000e+02
9.281000000000000000e+03 -3.280000000000000000e+02 4.400000000000000000e+02 9.200000000000000000e+02
9.321000000000000000e+03 -3.200000000000000000e+02 4.480000000000000000e+02 9.200000000000000000e+02
9.361000000000000000e+03 -3.360000000000000000e+02 4.320000000000000000e+02 9.120000000000000000e+02
9.401000000000000000e+03 -3.360000000000000000e+02 4.080000000000000000e+02 9.440000000000000000e+02
9.441000000000000000e+03 -3.440000000000000000e+02 4.240000000000000000e+02 9.520000000000000000e+02
9.481000000000000000e+03 -3.440000000000000000e+02 4.240000000000000000e+02 9.280000000000000000e+02
9.521000000000000000e+03 -3.360000000000000000e+02 4.240000000000000000e+02 9.280000000000000000e+02
9.561000000000000000e+03 -3.440000000000000000e+02 4.240000000000000000e+02 9.200000000000000000e+02
9.601000000000000000e+03 -3.440000000000000000e+02 4.080000000000000000e+02 9.040000000000000000e+02
9.641000000000000000e+03 -3.440000000000000000e+02 4.000000000000000000e+02 9.040000000000000000e+02
9.681000000000000000e+03 -3.520000000000000000e+02 4.080000000000000000e+02 9.200000000000000000e+02
9.721000000000000000e+03 -3.360000000000000000e+02 4.160000000000000000e+02 9.200000000000000000e+02
9.761000000000000000e+03 -3.520000000000000000e+02 4.080000000000000000e+02 8.560000000000000000e+02
9.801000000000000000e+03 -3.520000000000000000e+02 4.240000000000000000e+02 8.960000000000000000e+02
9.841000000000000000e+03 -3.440000000000000000e+02 4.160000000000000000e+02 8.880000000000000000e+02
9.881000000000000000e+03 -3.600000000000000000e+02 4.160000000000000000e+02 8.880000000000000000e+02
9.921000000000000000e+03 -3.520000000000000000e+02 4.000000000000000000e+02 8.880000000000000000e+02
9.961000000000000000e+03 -3.440000000000000000e+02 4.080000000000000000e+02 8.560000000000000000e+02
9.993000000000000000e+03 -3.440000000000000000e+02 3.840000000000000000e+02 8.880000000000000000e+02
1.003300000000000000e+04 -3.760000000000000000e+02 4.000000000000000000e+02 8.320000000000000000e+02
1.007300000000000000e+04 -3.520000000000000000e+02 4.160000000000000000e+02 8.720000000000000000e+02
1.011300000000000000e+04 -3.520000000000000000e+02 4.160000000000000000e+02 9.360000000000000000e+02
1.015300000000000000e+04 -3.600000000000000000e+02 4.080000000000000000e+02 8.880000000000000000e+02
1.019300000000000000e+04 -3.600000000000000000e+02 3.920000000000000000e+02 8.880000000000000000e+02
1.023300000000000000e+04 -3.440000000000000000e+02 3.920000000000000000e+02 8.560000000000000000e+02
1.027300000000000000e+04 -3.520000000000000000e+02 3.840000000000000000e+02 8.320000000000000000e+02
1.031300000000000000e+04 -3.440000000000000000e+02 3.680000000000000000e+02 8.880000000000000000e+02
1.035300000000000000e+04 -3.280000000000000000e+02 3.840000000000000000e+02 9.040000000000000000e+02
1.039300000000000000e+04 -3.200000000000000000e+02 3.840000000000000000e+02 8.960000000000000000e+02
1.043300000000000000e+04 -3.120000000000000000e+02 3.920000000000000000e+02 9.200000000000000000e+02
1.047300000000000000e+04 -3.120000000000000000e+02 4.000000000000000000e+02 9.360000000000000000e+02
1.051300000000000000e+04 -3.200000000000000000e+02 4.080000000000000000e+02 9.280000000000000000e+02
1.055300000000000000e+04 -3.200000000000000000e+02 3.920000000000000000e+02 9.200000000000000000e+02
1.059300000000000000e+04 -3.200000000000000000e+02 4.000000000000000000e+02 9.040000000000000000e+02
1.063300000000000000e+04 -3.200000000000000000e+02 3.920000000000000000e+02 8.880000000000000000e+02
1.067300000000000000e+04 -3.040000000000000000e+02 3.840000000000000000e+02 9.520000000000000000e+02
1.071300000000000000e+04 -2.960000000000000000e+02 3.680000000000000000e+02 8.960000000000000000e+02
1.075300000000000000e+04 -2.880000000000000000e+02 3.680000000000000000e+02 8.960000000000000000e+02
1.079300000000000000e+04 -2.800000000000000000e+02 3.600000000000000000e+02 9.600000000000000000e+02
1.083300000000000000e+04 -2.720000000000000000e+02 3.680000000000000000e+02 8.720000000000000000e+02
1.087300000000000000e+04 -2.720000000000000000e+02 3.840000000000000000e+02 8.880000000000000000e+02
1.091300000000000000e+04 -2.720000000000000000e+02 3.760000000000000000e+02 8.640000000000000000e+02
1.095300000000000000e+04 -3.040000000000000000e+02 3.600000000000000000e+02 9.520000000000000000e+02
1.098600000000000000e+04 -3.040000000000000000e+02 3.280000000000000000e+02 9.120000000000000000e+02
1.102600000000000000e+04 -2.880000000000000000e+02 3.280000000000000000e+02 9.040000000000000000e+02
1.106600000000000000e+04 -2.640000000000000000e+02 3.360000000000000000e+02 9.600000000000000000e+02
1.110600000000000000e+04 -2.560000000000000000e+02 3.440000000000000000e+02 9.440000000000000000e+02
1.114600000000000000e+04 -2.640000000000000000e+02 3.360000000000000000e+02 9.200000000000000000e+02
1.118600000000000000e+04 -2.560000000000000000e+02 3.280000000000000000e+02 9.200000000000000000e+02
1.122600000000000000e+04 -2.480000000000000000e+02 3.200000000000000000e+02 9.440000000000000000e+02
1.126600000000000000e+04 -2.800000000000000000e+02 3.040000000000000000e+02 8.880000000000000000e+02
1.130600000000000000e+04 -2.880000000000000000e+02 3.120000000000000000e+02 9.280000000000000000e+02
1.134600000000000000e+04 -2.960000000000000000e+02 2.960000000000000000e+02 9.360000000000000000e+02
1.138600000000000000e+04 -3.040000000000000000e+02 2.800000000000000000e+02 9.280000000000000000e+02
1.142600000000000000e+04 -2.960000000000000000e+02 2.400000000000000000e+02 9.680000000000000000e+02
1.146600000000000000e+04 -2.800000000000000000e+02 2.480000000000000000e+02 9.680000000000000000e+02
1.150600000000000000e+04 -2.640000000000000000e+02 2.400000000000000000e+02 1.032000000000000000e+03
1.154600000000000000e+04 -2.480000000000000000e+02 2.400000000000000000e+02 1.032000000000000000e+03
1.158600000000000000e+04 -2.400000000000000000e+02 2.320000000000000000e+02 9.840000000000000000e+02
1.162600000000000000e+04 -2.400000000000000000e+02 2.160000000000000000e+02 9.680000000000000000e+02
1.166600000000000000e+04 -2.480000000000000000e+02 2.000000000000000000e+02 1.008000000000000000e+03
1.170600000000000000e+04 -2.560000000000000000e+02 2.000000000000000000e+02 9.760000000000000000e+02
1.174600000000000000e+04 -2.480000000000000000e+02 2.160000000000000000e+02 9.600000000000000000e+02
1.178600000000000000e+04 -2.640000000000000000e+02 1.920000000000000000e+02 8.880000000000000000e+02
1.182600000000000000e+04 -2.720000000000000000e+02 1.760000000000000000e+02 9.120000000000000000e+02
1.186600000000000000e+04 -2.880000000000000000e+02 1.600000000000000000e+02 8.960000000000000000e+02
1.190600000000000000e+04 -2.640000000000000000e+02 1.680000000000000000e+02 9.440000000000000000e+02
1.194600000000000000e+04 -2.880000000000000000e+02 1.760000000000000000e+02 9.440000000000000000e+02
1.197800000000000000e+04 -2.800000000000000000e+02 2.000000000000000000e+02 1.032000000000000000e+03
1.201800000000000000e+04 -2.400000000000000000e+02 2.240000000000000000e+02 1.048000000000000000e+03
1.205800000000000000e+04 -2.240000000000000000e+02 2.160000000000000000e+02 1.136000000000000000e+03
1.209800000000000000e+04 -1.600000000000000000e+02 2.160000000000000000e+02 1.112000000000000000e+03
1.213800000000000000e+04 -1.200000000000000000e+02 2.400000000000000000e+02 1.072000000000000000e+03
1.217800000000000000e+04 -5.600000000000000000e+01 2.800000000000000000e+02 1.104000000000000000e+03
1.221800000000000000e+04 -2.400000000000000000e+01 3.280000000000000000e+02 1.112000000000000000e+03
1.225800000000000000e+04 8.000000000000000000e+00 3.760000000000000000e+02 1.032000000000000000e+03
1.229800000000000000e+04 0.000000000000000000e+00 3.680000000000000000e+02 8.160000000000000000e+02
1.233800000000000000e+04 -3.200000000000000000e+01 3.280000000000000000e+02 7.280000000000000000e+02
1.237800000000000000e+04 -8.800000000000000000e+01 3.120000000000000000e+02 7.520000000000000000e+02
1.241800000000000000e+04 -1.120000000000000000e+02 2.400000000000000000e+02 7.440000000000000000e+02
1.245800000000000000e+04 -1.280000000000000000e+02 2.160000000000000000e+02 8.240000000000000000e+02
1.249800000000000000e+04 -1.280000000000000000e+02 2.160000000000000000e+02 9.280000000000000000e+02
1.253800000000000000e+04 -1.600000000000000000e+02 2.640000000000000000e+02 1.008000000000000000e+03
1.257800000000000000e+04 -1.600000000000000000e+02 2.960000000000000000e+02 1.104000000000000000e+03
1.261800000000000000e+04 -1.680000000000000000e+02 3.120000000000000000e+02 1.200000000000000000e+03
1.265800000000000000e+04 -2.160000000000000000e+02 3.200000000000000000e+02 1.304000000000000000e+03
1.269800000000000000e+04 -2.160000000000000000e+02 3.040000000000000000e+02 1.344000000000000000e+03
1.273800000000000000e+04 -2.000000000000000000e+02 3.040000000000000000e+02 1.096000000000000000e+03
1.277800000000000000e+04 -2.000000000000000000e+02 2.800000000000000000e+02 1.040000000000000000e+03
1.281800000000000000e+04 -1.920000000000000000e+02 2.240000000000000000e+02 1.040000000000000000e+03
1.285800000000000000e+04 -1.840000000000000000e+02 1.920000000000000000e+02 1.024000000000000000e+03
1.289800000000000000e+04 -1.440000000000000000e+02 1.840000000000000000e+02 1.048000000000000000e+03
1.293800000000000000e+04 -1.200000000000000000e+02 1.760000000000000000e+02 9.200000000000000000e+02
1.296900000000000000e+04 -7.200000000000000000e+01 1.360000000000000000e+02 8.240000000000000000e+02
1.300900000000000000e+04 -4.000000000000000000e+01 1.440000000000000000e+02 7.840000000000000000e+02
1.304900000000000000e+04 0.000000000000000000e+00 1.680000000000000000e+02 7.360000000000000000e+02
1.308900000000000000e+04 8.000000000000000000e+00 1.680000000000000000e+02 8.880000000000000000e+02
1.312900000000000000e+04 7.200000000000000000e+01 2.080000000000000000e+02 1.080000000000000000e+03
1.316900000000000000e+04 8.000000000000000000e+01 2.400000000000000000e+02 1.008000000000000000e+03
1.320900000000000000e+04 4.800000000000000000e+01 3.200000000000000000e+02 1.088000000000000000e+03
1.324900000000000000e+04 3.200000000000000000e+01 3.440000000000000000e+02 1.264000000000000000e+03
1.328900000000000000e+04 -2.400000000000000000e+01 4.080000000000000000e+02 1.280000000000000000e+03
1.332900000000000000e+04 -7.200000000000000000e+01 4.320000000000000000e+02 9.360000000000000000e+02
1.336900000000000000e+04 -9.600000000000000000e+01 4.880000000000000000e+02 9.840000000000000000e+02
1.340900000000000000e+04 -9.600000000000000000e+01 4.400000000000000000e+02 8.880000000000000000e+02
1.344900000000000000e+04 -1.200000000000000000e+02 3.520000000000000000e+02 6.880000000000000000e+02
1.348900000000000000e+04 -1.360000000000000000e+02 3.280000000000000000e+02 7.600000000000000000e+02
1.352900000000000000e+04 -1.680000000000000000e+02 2.720000000000000000e+02 7.680000000000000000e+02
1.356900000000000000e+04 -1.680000000000000000e+02 2.560000000000000000e+02 8.320000000000000000e+02
1.360900000000000000e+04 -1.760000000000000000e+02 2.960000000000000000e+02 8.880000000000000000e+02
1.364900000000000000e+04 -2.160000000000000000e+02 3.200000000000000000e+02 9.280000000000000000e+02
1.368900000000000000e+04 -2.640000000000000000e+02 3.680000000000000000e+02 1.088000000000000000e+03
1.372900000000000000e+04 -2.560000000000000000e+02 4.320000000000000000e+02 1.192000000000000000e+03
1.376900000000000000e+04 -2.400000000000000000e+02 4.240000000000000000e+02 1.104000000000000000e+03
1.380900000000000000e+04 -2.640000000000000000e+02 4.160000000000000000e+02 1.240000000000000000e+03
1.384900000000000000e+04 -2.320000000000000000e+02 4.000000000000000000e+02 1.152000000000000000e+03
1.388900000000000000e+04 -1.600000000000000000e+02 3.840000000000000000e+02 1.248000000000000000e+03
1.392900000000000000e+04 -6.400000000000000000e+01 3.600000000000000000e+02 1.072000000000000000e+03
1.396100000000000000e+04 -1.600000000000000000e+01 3.360000000000000000e+02 9.840000000000000000e+02
1.400100000000000000e+04 1.600000000000000000e+01 3.040000000000000000e+02 9.200000000000000000e+02
1.404100000000000000e+04 3.200000000000000000e+01 2.640000000000000000e+02 7.600000000000000000e+02
1.408100000000000000e+04 8.000000000000000000e+00 2.640000000000000000e+02 6.960000000000000000e+02
1.412100000000000000e+04 8.000000000000000000e+00 2.640000000000000000e+02 7.360000000000000000e+02
1.416100000000000000e+04 0.000000000000000000e+00 2.640000000000000000e+02 7.680000000000000000e+02
1.420100000000000000e+04 -2.400000000000000000e+01 2.640000000000000000e+02 8.960000000000000000e+02
1.424100000000000000e+04 -3.200000000000000000e+01 2.800000000000000000e+02 9.840000000000000000e+02
1.428100000000000000e+04 -7.200000000000000000e+01 3.040000000000000000e+02 1.128000000000000000e+03
1.432100000000000000e+04 -8.800000000000000000e+01 3.360000000000000000e+02 1.248000000000000000e+03
1.436100000000000000e+04 -1.280000000000000000e+02 3.520000000000000000e+02 1.112000000000000000e+03
1.440100000000000000e+04 -1.840000000000000000e+02 4.240000000000000000e+02 1.120000000000000000e+03
1.444100000000000000e+04 -1.920000000000000000e+02 4.560000000000000000e+02 1.048000000000000000e+03
1.448100000000000000e+04 -1.760000000000000000e+02 4.480000000000000000e+02 9.520000000000000000e+02
1.452100000000000000e+04 -1.760000000000000000e+02 4.080000000000000000e+02 9.120000000000000000e+02
1.456100000000000000e+04 -1.760000000000000000e+02 3.200000000000000000e+02 8.320000000000000000e+02
1.460100000000000000e+04 -1.840000000000000000e+02 2.480000000000000000e+02 7.680000000000000000e+02
1.464100000000000000e+04 -1.840000000000000000e+02 2.000000000000000000e+02 8.080000000000000000e+02
1.468100000000000000e+04 -2.000000000000000000e+02 1.920000000000000000e+02 8.880000000000000000e+02
1.472100000000000000e+04 -2.560000000000000000e+02 2.080000000000000000e+02 9.600000000000000000e+02
1.476100000000000000e+04 -2.640000000000000000e+02 2.160000000000000000e+02 1.112000000000000000e+03
1.480100000000000000e+04 -2.320000000000000000e+02 2.320000000000000000e+02 1.168000000000000000e+03
1.484100000000000000e+04 -2.800000000000000000e+02 2.720000000000000000e+02 1.184000000000000000e+03
1.488100000000000000e+04 -2.480000000000000000e+02 2.880000000000000000e+02 1.216000000000000000e+03
1.492100000000000000e+04 -2.080000000000000000e+02 2.720000000000000000e+02 1.296000000000000000e+03
1.495300000000000000e+04 -1.600000000000000000e+02 2.480000000000000000e+02 1.136000000000000000e+03
1.499300000000000000e+04 -8.800000000000000000e+01 2.000000000000000000e+02 9.920000000000000000e+02
1.503300000000000000e+04 -4.000000000000000000e+01 1.440000000000000000e+02 8.880000000000000000e+02
1.507300000000000000e+04 -1.600000000000000000e+01 8.000000000000000000e+01 8.320000000000000000e+02
1.511300000000000000e+04 -1.600000000000000000e+01 7.200000000000000000e+01 9.200000000000000000e+02
1.515300000000000000e+04 0.000000000000000000e+00 8.000000000000000000e+01 9.200000000000000000e+02
1.519300000000000000e+04 8.000000000000000000e+00 8.000000000000000000e+01 8.480000000000000000e+02
1.523300000000000000e+04 2.400000000000000000e+01 1.440000000000000000e+02 9.840000000000000000e+02
1.527300000000000000e+04 2.400000000000000000e+01 2.160000000000000000e+02 1.112000000000000000e+03
1.531300000000000000e+04 -1.600000000000000000e+01 2.880000000000000000e+02 1.312000000000000000e+03
1.535300000000000000e+04 -2.400000000000000000e+01 3.120000000000000000e+02 1.392000000000000000e+03
1.539300000000000000e+04 -2.400000000000000000e+01 3.840000000000000000e+02 1.072000000000000000e+03
1.543300000000000000e+04 -2.400000000000000000e+01 4.400000000000000000e+02 8.560000000000000000e+02
1.547300000000000000e+04 8.000000000000000000e+00 4.320000000000000000e+02 1.024000000000000000e+03
1.551300000000000000e+04 -3.200000000000000000e+01 3.520000000000000000e+02 8.720000000000000000e+02
1.555300000000000000e+04 -6.400000000000000000e+01 2.640000000000000000e+02 8.000000000000000000e+02
1.559300000000000000e+04 -1.200000000000000000e+02 2.080000000000000000e+02 7.520000000000000000e+02
1.563300000000000000e+04 -1.600000000000000000e+02 2.080000000000000000e+02 7.760000000000000000e+02
1.567300000000000000e+04 -1.600000000000000000e+02 2.320000000000000000e+02 8.080000000000000000e+02
1.571300000000000000e+04 -1.840000000000000000e+02 2.400000000000000000e+02 9.280000000000000000e+02
1.575300000000000000e+04 -2.240000000000000000e+02 2.800000000000000000e+02 1.096000000000000000e+03
1.579300000000000000e+04 -2.400000000000000000e+02 2.880000000000000000e+02 1.216000000000000000e+03
1.583300000000000000e+04 -2.560000000000000000e+02 3.280000000000000000e+02 1.312000000000000000e+03
1.587300000000000000e+04 -1.760000000000000000e+02 3.440000000000000000e+02 1.160000000000000000e+03
1.591300000000000000e+04 -1.360000000000000000e+02 2.880000000000000000e+02 1.168000000000000000e+03
1.594500000000000000e+04 -1.200000000000000000e+02 2.560000000000000000e+02 1.208000000000000000e+03
1.598500000000000000e+04 -9.600000000000000000e+01 2.480000000000000000e+02 1.008000000000000000e+03
1.602500000000000000e+04 -8.800000000000000000e+01 2.240000000000000000e+02 7.520000000000000000e+02
1.606500000000000000e+04 -8.800000000000000000e+01 2.160000000000000000e+02 5.760000000000000000e+02
1.610500000000000000e+04 -8.800000000000000000e+01 2.000000000000000000e+02 6.160000000000000000e+02
1.614500000000000000e+04 -9.600000000000000000e+01 2.080000000000000000e+02 7.840000000000000000e+02
1.618500000000000000e+04 -8.000000000000000000e+01 2.400000000000000000e+02 9.840000000000000000e+02
1.622500000000000000e+04 -8.800000000000000000e+01 2.480000000000000000e+02 1.024000000000000000e+03
1.626500000000000000e+04 -5.600000000000000000e+01 2.960000000000000000e+02 1.144000000000000000e+03
1.630500000000000000e+04 -5.600000000000000000e+01 3.360000000000000000e+02 1.296000000000000000e+03
1.634500000000000000e+04 -1.600000000000000000e+01 3.280000000000000000e+02 1.192000000000000000e+03
1.638500000000000000e+04 -4.000000000000000000e+01 3.440000000000000000e+02 1.072000000000000000e+03
1.642500000000000000e+04 -2.400000000000000000e+01 4.160000000000000000e+02 1.152000000000000000e+03
1.646500000000000000e+04 -4.800000000000000000e+01 4.240000000000000000e+02 9.840000000000000000e+02
1.650500000000000000e+04 -4.800000000000000000e+01 3.840000000000000000e+02 8.320000000000000000e+02
1.654500000000000000e+04 -8.800000000000000000e+01 2.960000000000000000e+02 7.600000000000000000e+02
1.658500000000000000e+04 -1.280000000000000000e+02 2.080000000000000000e+02 7.520000000000000000e+02
1.662500000000000000e+04 -1.600000000000000000e+02 1.680000000000000000e+02 6.960000000000000000e+02
1.666500000000000000e+04 -1.680000000000000000e+02 1.840000000000000000e+02 7.440000000000000000e+02
1.670500000000000000e+04 -2.080000000000000000e+02 2.080000000000000000e+02 7.600000000000000000e+02
1.674500000000000000e+04 -2.880000000000000000e+02 2.960000000000000000e+02 1.032000000000000000e+03
1.678500000000000000e+04 -3.120000000000000000e+02 4.000000000000000000e+02 1.256000000000000000e+03
1.682500000000000000e+04 -3.280000000000000000e+02 4.320000000000000000e+02 1.224000000000000000e+03
1.686500000000000000e+04 -2.560000000000000000e+02 4.640000000000000000e+02 1.280000000000000000e+03
1.690500000000000000e+04 -1.920000000000000000e+02 4.480000000000000000e+02 1.240000000000000000e+03
1.693800000000000000e+04 -1.600000000000000000e+02 4.080000000000000000e+02 1.168000000000000000e+03
1.697800000000000000e+04 -1.280000000000000000e+02 3.680000000000000000e+02 1.040000000000000000e+03
1.701800000000000000e+04 -1.120000000000000000e+02 3.280000000000000000e+02 8.480000000000000000e+02
1.705800000000000000e+04 -1.440000000000000000e+02 3.120000000000000000e+02 7.680000000000000000e+02
1.709800000000000000e+04 -1.200000000000000000e+02 2.880000000000000000e+02 6.640000000000000000e+02
1.713800000000000000e+04 -1.280000000000000000e+02 2.720000000000000000e+02 7.120000000000000000e+02
1.717800000000000000e+04 -1.360000000000000000e+02 2.480000000000000000e+02 7.760000000000000000e+02
1.721800000000000000e+04 -1.680000000000000000e+02 2.480000000000000000e+02 9.200000000000000000e+02
1.725800000000000000e+04 -1.920000000000000000e+02 2.560000000000000000e+02 1.000000000000000000e+03
1.729800000000000000e+04 -2.080000000000000000e+02 3.040000000000000000e+02 1.240000000000000000e+03
1.733800000000000000e+04 -1.760000000000000000e+02 3.360000000000000000e+02 1.312000000000000000e+03
1.737800000000000000e+04 -1.040000000000000000e+02 4.160000000000000000e+02 1.000000000000000000e+03
1.741800000000000000e+04 -7.200000000000000000e+01 4.640000000000000000e+02 8.880000000000000000e+02
1.745800000000000000e+04 -3.200000000000000000e+01 4.320000000000000000e+02 9.680000000000000000e+02
1.749800000000000000e+04 -6.400000000000000000e+01 3.680000000000000000e+02 8.400000000000000000e+02
1.753800000000000000e+04 -1.040000000000000000e+02 3.280000000000000000e+02 7.120000000000000000e+02
1.757800000000000000e+04 -1.280000000000000000e+02 3.040000000000000000e+02 7.120000000000000000e+02
1.761800000000000000e+04 -1.600000000000000000e+02 2.560000000000000000e+02 8.080000000000000000e+02
1.765800000000000000e+04 -2.160000000000000000e+02 2.800000000000000000e+02 8.400000000000000000e+02
1.769800000000000000e+04 -2.800000000000000000e+02 2.720000000000000000e+02 8.960000000000000000e+02
1.773800000000000000e+04 -3.440000000000000000e+02 2.880000000000000000e+02 1.168000000000000000e+03
1.777800000000000000e+04 -3.680000000000000000e+02 2.720000000000000000e+02 1.144000000000000000e+03
1.781800000000000000e+04 -3.440000000000000000e+02 3.280000000000000000e+02 1.448000000000000000e+03
1.785800000000000000e+04 -2.800000000000000000e+02 3.440000000000000000e+02 1.304000000000000000e+03
1.789800000000000000e+04 -2.000000000000000000e+02 3.600000000000000000e+02 1.288000000000000000e+03
1.793000000000000000e+04 -1.440000000000000000e+02 2.960000000000000000e+02 1.160000000000000000e+03
1.797000000000000000e+04 -8.000000000000000000e+01 2.400000000000000000e+02 1.008000000000000000e+03
1.801000000000000000e+04 -4.800000000000000000e+01 1.840000000000000000e+02 8.000000000000000000e+02
1.805000000000000000e+04 0.000000000000000000e+00 1.680000000000000000e+02 7.840000000000000000e+02
1.809000000000000000e+04 1.600000000000000000e+01 1.600000000000000000e+02 7.520000000000000000e+02
1.813000000000000000e+04 8.000000000000000000e+00 1.520000000000000000e+02 7.440000000000000000e+02
1.817000000000000000e+04 2.400000000000000000e+01 1.760000000000000000e+02 8.320000000000000000e+02
1.821000000000000000e+04 5.600000000000000000e+01 2.000000000000000000e+02 1.000000000000000000e+03
1.825000000000000000e+04 7.200000000000000000e+01 2.320000000000000000e+02 1.048000000000000000e+03
1.829000000000000000e+04 9.600000000000000000e+01 3.280000000000000000e+02 1.184000000000000000e+03
1.833000000000000000e+04 9.600000000000000000e+01 3.520000000000000000e+02 1.144000000000000000e+03
1.837000000000000000e+04 5.600000000000000000e+01 4.160000000000000000e+02 1.240000000000000000e+03
1.841000000000000000e+04 4.800000000000000000e+01 4.960000000000000000e+02 1.088000000000000000e+03
1.845000000000000000e+04 4.800000000000000000e+01 5.040000000000000000e+02 9.280000000000000000e+02
1.849000000000000000e+04 0.000000000000000000e+00 4.960000000000000000e+02 9.120000000000000000e+02
1.853000000000000000e+04 -4.800000000000000000e+01 4.000000000000000000e+02 7.680000000000000000e+02
1.857000000000000000e+04 -7.200000000000000000e+01 3.040000000000000000e+02 8.080000000000000000e+02
1.861000000000000000e+04 -1.040000000000000000e+02 2.320000000000000000e+02 9.440000000000000000e+02
1.865000000000000000e+04 -9.600000000000000000e+01 1.920000000000000000e+02 9.520000000000000000e+02
1.869000000000000000e+04 -1.280000000000000000e+02 2.000000000000000000e+02 1.120000000000000000e+03
1.873000000000000000e+04 -1.360000000000000000e+02 2.080000000000000000e+02 1.312000000000000000e+03
1.877000000000000000e+04 -1.360000000000000000e+02 2.240000000000000000e+02 1.192000000000000000e+03
1.881000000000000000e+04 -1.520000000000000000e+02 3.040000000000000000e+02 1.272000000000000000e+03
1.885000000000000000e+04 -1.040000000000000000e+02 3.360000000000000000e+02 1.160000000000000000e+03
1.889000000000000000e+04 -7.200000000000000000e+01 3.360000000000000000e+02 1.152000000000000000e+03
1.892200000000000000e+04 -2.400000000000000000e+01 3.040000000000000000e+02 1.128000000000000000e+03
1.896200000000000000e+04 -8.000000000000000000e+00 2.560000000000000000e+02 1.040000000000000000e+03
1.900200000000000000e+04 0.000000000000000000e+00 2.080000000000000000e+02 8.640000000000000000e+02
1.904200000000000000e+04 8.000000000000000000e+00 1.520000000000000000e+02 7.680000000000000000e+02
1.908200000000000000e+04 3.200000000000000000e+01 1.360000000000000000e+02 7.440000000000000000e+02
1.912200000000000000e+04 5.600000000000000000e+01 1.600000000000000000e+02 8.000000000000000000e+02
1.916200000000000000e+04 8.800000000000000000e+01 1.600000000000000000e+02 8.160000000000000000e+02
1.920200000000000000e+04 1.280000000000000000e+02 2.320000000000000000e+02 9.920000000000000000e+02
1.924200000000000000e+04 1.680000000000000000e+02 3.200000000000000000e+02 1.008000000000000000e+03
1.928200000000000000e+04 1.280000000000000000e+02 3.760000000000000000e+02 1.184000000000000000e+03
1.932200000000000000e+04 7.200000000000000000e+01 4.320000000000000000e+02 1.344000000000000000e+03
1.936200000000000000e+04 8.000000000000000000e+00 4.960000000000000000e+02 1.120000000000000000e+03
1.940200000000000000e+04 3.200000000000000000e+01 5.120000000000000000e+02 1.000000000000000000e+03
1.944200000000000000e+04 9.600000000000000000e+01 4.720000000000000000e+02 9.840000000000000000e+02
1.948200000000000000e+04 1.040000000000000000e+02 4.480000000000000000e+02 8.560000000000000000e+02
1.952200000000000000e+04 4.000000000000000000e+01 3.600000000000000000e+02 6.240000000000000000e+02
1.956200000000000000e+04 -5.600000000000000000e+01 3.040000000000000000e+02 6.880000000000000000e+02
1.960200000000000000e+04 -9.600000000000000000e+01 2.640000000000000000e+02 8.240000000000000000e+02
1.964200000000000000e+04 -1.200000000000000000e+02 2.560000000000000000e+02 8.800000000000000000e+02
1.968200000000000000e+04 -1.120000000000000000e+02 2.800000000000000000e+02 1.056000000000000000e+03
1.972200000000000000e+04 -1.120000000000000000e+02 3.520000000000000000e+02 1.328000000000000000e+03
1.976200000000000000e+04 -1.200000000000000000e+02 3.520000000000000000e+02 1.264000000000000000e+03
1.980200000000000000e+04 -1.520000000000000000e+02 4.000000000000000000e+02 1.408000000000000000e+03
1.984200000000000000e+04 -9.600000000000000000e+01 4.080000000000000000e+02 1.208000000000000000e+03
1.988200000000000000e+04 -3.200000000000000000e+01 3.600000000000000000e+02 1.192000000000000000e+03
