1.092000000000000000e+03 1.600000000000000000e+01 -2.400000000000000000e+01 -1.032000000000000000e+03
1.132000000000000000e+03 1.600000000000000000e+01 -1.600000000000000000e+01 -1.040000000000000000e+03
1.172000000000000000e+03 1.600000000000000000e+01 -2.400000000000000000e+01 -1.040000000000000000e+03
1.212000000000000000e+03 1.600000000000000000e+01 -1.600000000000000000e+01 -1.040000000000000000e+03
1.252000000000000000e+03 1.600000000000000000e+01 -1.600000000000000000e+01 -1.032000000000000000e+03
1.292000000000000000e+03 1.600000000000000000e+01 -2.400000000000000000e+01 -1.048000000000000000e+03
1.332000000000000000e+03 1.600000000000000000e+01 -2.400000000000000000e+01 -1.032000000000000000e+03
1.372000000000000000e+03 1.600000000000000000e+01 -2.400000000000000000e+01 -1.040000000000000000e+03
1.412000000000000000e+03 8.000000000000000000e+00 -1.600000000000000000e+01 -1.040000000000000000e+03
1.452000000000000000e+03 8.000000000000000000e+00 -1.600000000000000000e+01 -1.016000000000000000e+03
1.492000000000000000e+03 2.400000000000000000e+01 -2.400000000000000000e+01 -1.080000000000000000e+03
1.532000000000000000e+03 1.600000000000000000e+01 -8.000000000000000000e+00 -1.016000000000000000e+03
1.572000000000000000e+03 2.400000000000000000e+01 -2.400000000000000000e+01 -1.064000000000000000e+03
1.612000000000000000e+03 2.400000000000000000e+01 -2.400000000000000000e+01 -1.064000000000000000e+03
1.652000000000000000e+03 1.600000000000000000e+01 -2.400000000000000000e+01 -1.024000000000000000e+03
1.692000000000000000e+03 2.400000000000000000e+01 -1.600000000000000000e+01 -1.032000000000000000e+03
1.732000000000000000e+03 8.000000000000000000e+00 -2.400000000000000000e+01 -1.048000000000000000e+03
1.772000000000000000e+03 1.600000000000000000e+01 -2.400000000000000000e+01 -1.056000000000000000e+03
1.812000000000000000e+03 1.600000000000000000e+01 -2.400000000000000000e+01 -1.032000000000000000e+03
1.852000000000000000e+03 8.000000000000000000e+00 -2.400000000000000000e+01 -1.032000000000000000e+03
1.892000000000000000e+03 1.600000000000000000e+01 -2.400000000000000000e+01 -1.048000000000000000e+03
1.932000000000000000e+03 1.600000000000000000e+01 -1.600000000000000000e+01 -1.040000000000000000e+03
1.972000000000000000e+03 1.600000000000000000e+01 -1.600000000000000000e+01 -1.024000000000000000e+03
2.012000000000000000e+03 8.000000000000000000e+00 -8.000000000000000000e+00 -1.040000000000000000e+03
2.052000000000000000e+03 1.600000000000000000e+01 -8.000000000000000000e+00 -1.032000000000000000e+03
2.083000000000000000e+03 8.000000000000000000e+00 -1.600000000000000000e+01 -1.032000000000000000e+03
2.123000000000000000e+03 1.600000000000000000e+01 -8.000000000000000000e+00 -1.032000000000000000e+03
2.163000000000000000e+03 8.000000000000000000e+00 -8.000000000000000000e+00 -9.840000000000000000e+02
2.203000000000000000e+03 -8.000000000000000000e+00 -8.000000000000000000e+00 -9.920000000000000000e+02
2.243000000000000000e+03 8.000000000000000000e+00 -8.000000000000000000e+00 -1.040000000000000000e+03
2.283000000000000000e+03 1.600000000000000000e+01 0.000000000000000000e+00 -1.040000000000000000e+03
2.323000000000000000e+03 1.600000000000000000e+01 -8.000000000000000000e+00 -1.032000000000000000e+03
2.363000000000000000e+03 2.400000000000000000e+01 -1.600000000000000000e+01 -1.040000000000000000e+03
2.403000000000000000e+03 1.600000000000000000e+01 -1.600000000000000000e+01 -1.040000000000000000e+03
2.443000000000000000e+03 1.600000000000000000e+01 -1.600000000000000000e+01 -1.016000000000000000e+03
2.483000000000000000e+03 1.600000000000000000e+01 -1.600000000000000000e+01 -1.040000000000000000e+03
2.523000000000000000e+03 3.200000000000000000e+01 -8.000000000000000000e+00 -9.920000000000000000e+02
2.563000000000000000e+03 2.400000000000000000e+01 0.000000000000000000e+00 -1.016000000000000000e+03
2.603000000000000000e+03 3.200000000000000000e+01 0.000000000000000000e+00 -1.040000000000000000e+03
2.643000000000000000e+03 3.200000000000000000e+01 -1.600000000000000000e+01 -1.080000000000000000e+03
2.683000000000000000e+03 1.600000000000000000e+01 -2.400000000000000000e+01 -1.040000000000000000e+03
2.723000000000000000e+03 2.400000000000000000e+01 -1.600000000000000000e+01 -1.000000000000000000e+03
2.763000000000000000e+03 1.600000000000000000e+01 -3.200000000000000000e+01 -1.040000000000000000e+03
2.803000000000000000e+03 1.600000000000000000e+01 -2.400000000000000000e+01 -1.024000000000000000e+03
2.843000000000000000e+03 3.200000000000000000e+01 0.000000000000000000e+00 -1.032000000000000000e+03
2.883000000000000000e+03 3.200000000000000000e+01 -8.000000000000000000e+00 -1.040000000000000000e+03
2.923000000000000000e+03 1.600000000000000000e+01 -8.000000000000000000e+00 -1.056000000000000000e+03
2.963000000000000000e+03 1.600000000000000000e+01 -8.000000000000000000e+00 -1.008000000000000000e+03
3.003000000000000000e+03 1.600000000000000000e+01 -1.600000000000000000e+01 -1.056000000000000000e+03
3.043000000000000000e+03 1.600000000000000000e+01 -2.400000000000000000e+01 -1.032000000000000000e+03
3.075000000000000000e+03 1.600000000000000000e+01 -3.200000000000000000e+01 -1.024000000000000000e+03
3.115000000000000000e+03 3.200000000000000000e+01 -2.400000000000000000e+01 -1.024000000000000000e+03
3.155000000000000000e+03 2.400000000000000000e+01 -2.400000000000000000e+01 -1.064000000000000000e+03
3.195000000000000000e+03 1.600000000000000000e+01 -2.400000000000000000e+01 -1.048000000000000000e+03
3.235000000000000000e+03 2.400000000000000000e+01 -2.400000000000000000e+01 -1.032000000000000000e+03
3.275000000000000000e+03 2.400000000000000000e+01 -2.400000000000000000e+01 -1.056000000000000000e+03
3.315000000000000000e+03 2.400000000000000000e+01 -1.600000000000000000e+01 -1.040000000000000000e+03
3.355000000000000000e+03 1.600000000000000000e+01 -1.600000000000000000e+01 -1.048000000000000000e+03
3.395000000000000000e+03 1.600000000000000000e+01 -2.400000000000000000e+01 -1.032000000000000000e+03
3.435000000000000000e+03 1.600000000000000000e+01 -2.400000000000000000e+01 -1.040000000000000000e+03
3.475000000000000000e+03 0.000000000000000000e+00 -1.600000000000000000e+01 -1.056000000000000000e+03
3.515000000000000000e+03 8.000000000000000000e+00 -2.400000000000000000e+01 -1.040000000000000000e+03
3.555000000000000000e+03 1.600000000000000000e+01 -2.400000000000000000e+01 -1.016000000000000000e+03
3.595000000000000000e+03 8.000000000000000000e+00 -2.400000000000000000e+01 -1.080000000000000000e+03
3.635000000000000000e+03 1.600000000000000000e+01 -2.400000000000000000e+01 -1.040000000000000000e+03
3.675000000000000000e+03 8.000000000000000000e+00 -1.600000000000000000e+01 -1.048000000000000000e+03
3.715000000000000000e+03 1.600000000000000000e+01 -1.600000000000000000e+01 -1.056000000000000000e+03
3.755000000000000000e+03 1.600000000000000000e+01 -1.600000000000000000e+01 -1.032000000000000000e+03
3.795000000000000000e+03 2.400000000000000000e+01 -1.600000000000000000e+01 -9.840000000000000000e+02
3.835000000000000000e+03 1.600000000000000000e+01 -1.600000000000000000e+01 -1.032000000000000000e+03
3.875000000000000000e+03 2.400000000000000000e+01 -1.600000000000000000e+01 -1.016000000000000000e+03
3.915000000000000000e+03 1.600000000000000000e+01 -1.600000000000000000e+01 -1.032000000000000000e+03
3.955000000000000000e+03 1.600000000000000000e+01 -1.600000000000000000e+01 -1.064000000000000000e+03
3.995000000000000000e+03 2.400000000000000000e+01 -1.600000000000000000e+01 -1.008000000000000000e+03
4.035000000000000000e+03 8.000000000000000000e+00 -1.600000000000000000e+01 -1.008000000000000000e+03
4.067000000000000000e+03 8.000000000000000000e+00 -2.400000000000000000e+01 -1.032000000000000000e+03
4.107000000000000000e+03 1.600000000000000000e+01 -2.400000000000000000e+01 -1.056000000000000000e+03
4.147000000000000000e+03 1.600000000000000000e+01 -3.200000000000000000e+01 -1.024000000000000000e+03
4.187000000000000000e+03 3.200000000000000000e+01 -2.400000000000000000e+01 -1.016000000000000000e+03
4.227000000000000000e+03 2.400000000000000000e+01 -1.600000000000000000e+01 -1.048000000000000000e+03
4.267000000000000000e+03 1.600000000000000000e+01 -1.600000000000000000e+01 -1.040000000000000000e+03
4.307000000000000000e+03 2.400000000000000000e+01 -1.600000000000000000e+01 -1.032000000000000000e+03
4.347000000000000000e+03 2.400000000000000000e+01 -1.600000000000000000e+01 -1.048000000000000000e+03
4.387000000000000000e+03 1.600000000000000000e+01 -2.400000000000000000e+01 -1.008000000000000000e+03
4.427000000000000000e+03 8.000000000000000000e+00 -2.400000000000000000e+01 -1.008000000000000000e+03
4.467000000000000000e+03 8.000000000000000000e+00 -1.600000000000000000e+01 -1.008000000000000000e+03
4.507000000000000000e+03 8.000000000000000000e+00 -1.600000000000000000e+01 -1.016000000000000000e+03
4.547000000000000000e+03 1.600000000000000000e+01 -1.600000000000000000e+01 -1.048000000000000000e+03
4.587000000000000000e+03 1.600000000000000000e+01 -3.200000000000000000e+01 -1.040000000000000000e+03
4.627000000000000000e+03 3.200000000000000000e+01 -1.600000000000000000e+01 -1.048000000000000000e+03
4.667000000000000000e+03 3.200000000000000000e+01 -1.600000000000000000e+01 -1.048000000000000000e+03
4.707000000000000000e+03 1.600000000000000000e+01 -1.600000000000000000e+01 -1.048000000000000000e+03
4.747000000000000000e+03 1.600000000000000000e+01 -1.600000000000000000e+01 -1.024000000000000000e+03
4.787000000000000000e+03 1.600000000000000000e+01 -1.600000000000000000e+01 -1.024000000000000000e+03
4.827000000000000000e+03 2.400000000000000000e+01 -2.400000000000000000e+01 -1.040000000000000000e+03
4.867000000000000000e+03 2.400000000000000000e+01 -2.400000000000000000e+01 -1.032000000000000000e+03
4.907000000000000000e+03 0.000000000000000000e+00 -1.600000000000000000e+01 -1.048000000000000000e+03
4.947000000000000000e+03 8.000000000000000000e+00 -1.600000000000000000e+01 -1.032000000000000000e+03
4.987000000000000000e+03 1.600000000000000000e+01 -1.600000000000000000e+01 -1.048000000000000000e+03
5.027000000000000000e+03 1.600000000000000000e+01 -1.600000000000000000e+01 -1.040000000000000000e+03
5.059000000000000000e+03 8.000000000000000000e+00 -1.600000000000000000e+01 -1.040000000000000000e+03
5.099000000000000000e+03 1.600000000000000000e+01 -8.000000000000000000e+00 -1.040000000000000000e+03
5.139000000000000000e+03 8.000000000000000000e+00 -8.000000000000000000e+00 -1.008000000000000000e+03
5.179000000000000000e+03 2.400000000000000000e+01 -1.600000000000000000e+01 -1.024000000000000000e+03
5.219000000000000000e+03 4.000000000000000000e+01 -1.600000000000000000e+01 -1.024000000000000000e+03
5.259000000000000000e+03 2.400000000000000000e+01 0.000000000000000000e+00 -1.040000000000000000e+03
5.299000000000000000e+03 2.400000000000000000e+01 -8.000000000000000000e+00 -1.040000000000000000e+03
5.339000000000000000e+03 1.600000000000000000e+01 -1.600000000000000000e+01 -1.024000000000000000e+03
5.379000000000000000e+03 2.400000000000000000e+01 -1.600000000000000000e+01 -1.040000000000000000e+03
5.419000000000000000e+03 2.400000000000000000e+01 -2.400000000000000000e+01 -1.040000000000000000e+03
5.459000000000000000e+03 2.400000000000000000e+01 -1.600000000000000000e+01 -1.040000000000000000e+03
5.499000000000000000e+03 8.000000000000000000e+00 -1.600000000000000000e+01 -1.024000000000000000e+03
5.539000000000000000e+03 8.000000000000000000e+00 -2.400000000000000000e+01 -1.032000000000000000e+03
5.579000000000000000e+03 1.600000000000000000e+01 -1.600000000000000000e+01 -1.024000000000000000e+03
5.619000000000000000e+03 1.600000000000000000e+01 -2.400000000000000000e+01 -1.032000000000000000e+03
5.659000000000000000e+03 1.600000000000000000e+01 -8.000000000000000000e+00 -1.048000000000000000e+03
5.699000000000000000e+03 1.600000000000000000e+01 -1.600000000000000000e+01 -1.032000000000000000e+03
5.739000000000000000e+03 1.600000000000000000e+01 -1.600000000000000000e+01 -1.040000000000000000e+03
5.779000000000000000e+03 1.600000000000000000e+01 -1.600000000000000000e+01 -1.032000000000000000e+03
5.819000000000000000e+03 1.600000000000000000e+01 -1.600000000000000000e+01 -1.064000000000000000e+03
5.859000000000000000e+03 3.200000000000000000e+01 -1.600000000000000000e+01 -1.032000000000000000e+03
5.899000000000000000e+03 2.400000000000000000e+01 -1.600000000000000000e+01 -1.024000000000000000e+03
5.939000000000000000e+03 1.600000000000000000e+01 -2.400000000000000000e+01 -1.040000000000000000e+03
5.979000000000000000e+03 2.400000000000000000e+01 -2.400000000000000000e+01 -1.024000000000000000e+03
6.019000000000000000e+03 2.400000000000000000e+01 -3.200000000000000000e+01 -1.008000000000000000e+03
6.051000000000000000e+03 2.400000000000000000e+01 -1.600000000000000000e+01 -9.840000000000000000e+02
6.091000000000000000e+03 2.400000000000000000e+01 -1.600000000000000000e+01 -9.920000000000000000e+02
6.131000000000000000e+03 1.600000000000000000e+01 -1.600000000000000000e+01 -1.040000000000000000e+03
6.171000000000000000e+03 8.000000000000000000e+00 -8.000000000000000000e+00 -1.040000000000000000e+03
6.211000000000000000e+03 1.600000000000000000e+01 -1.600000000000000000e+01 -1.032000000000000000e+03
6.251000000000000000e+03 1.600000000000000000e+01 -2.400000000000000000e+01 -1.032000000000000000e+03
6.291000000000000000e+03 1.600000000000000000e+01 -2.400000000000000000e+01 -1.040000000000000000e+03
6.331000000000000000e+03 2.400000000000000000e+01 -1.600000000000000000e+01 -1.040000000000000000e+03
6.371000000000000000e+03 1.600000000000000000e+01 -1.600000000000000000e+01 -1.032000000000000000e+03
6.411000000000000000e+03 1.600000000000000000e+01 -1.600000000000000000e+01 -1.056000000000000000e+03
6.451000000000000000e+03 -8.000000000000000000e+00 -1.600000000000000000e+01 -1.024000000000000000e+03
6.491000000000000000e+03 0.000000000000000000e+00 -3.200000000000000000e+01 -1.024000000000000000e+03
6.531000000000000000e+03 8.000000000000000000e+00 -2.400000000000000000e+01 -1.024000000000000000e+03
6.571000000000000000e+03 8.000000000000000000e+00 -4.000000000000000000e+01 -1.032000000000000000e+03
6.611000000000000000e+03 0.000000000000000000e+00 -2.400000000000000000e+01 -1.016000000000000000e+03
6.651000000000000000e+03 8.000000000000000000e+00 -1.600000000000000000e+01 -1.056000000000000000e+03
6.691000000000000000e+03 1.600000000000000000e+01 -1.600000000000000000e+01 -1.024000000000000000e+03
6.731000000000000000e+03 1.600000000000000000e+01 -1.600000000000000000e+01 -1.024000000000000000e+03
6.771000000000000000e+03 1.600000000000000000e+01 -2.400000000000000000e+01 -1.024000000000000000e+03
6.811000000000000000e+03 1.600000000000000000e+01 -1.600000000000000000e+01 -1.032000000000000000e+03
6.851000000000000000e+03 1.600000000000000000e+01 -2.400000000000000000e+01 -1.024000000000000000e+03
6.891000000000000000e+03 2.400000000000000000e+01 -2.400000000000000000e+01 -1.032000000000000000e+03
6.931000000000000000e+03 1.600000000000000000e+01 -2.400000000000000000e+01 -1.040000000000000000e+03
6.971000000000000000e+03 1.600000000000000000e+01 -2.400000000000000000e+01 -1.024000000000000000e+03
7.011000000000000000e+03 1.600000000000000000e+01 -2.400000000000000000e+01 -1.024000000000000000e+03
8.035000000000000000e+03 1.600000000000000000e+01 -2.400000000000000000e+01 -1.032000000000000000e+03
8.075000000000000000e+03 1.600000000000000000e+01 -1.600000000000000000e+01 -1.032000000000000000e+03
8.115000000000000000e+03 1.600000000000000000e+01 -1.600000000000000000e+01 -1.024000000000000000e+03
8.155000000000000000e+03 8.000000000000000000e+00 -1.600000000000000000e+01 -1.032000000000000000e+03
8.195000000000000000e+03 1.600000000000000000e+01 -2.400000000000000000e+01 -1.024000000000000000e+03
8.235000000000000000e+03 2.400000000000000000e+01 -2.400000000000000000e+01 -1.032000000000000000e+03
8.275000000000000000e+03 2.400000000000000000e+01 -2.400000000000000000e+01 -1.040000000000000000e+03
8.315000000000000000e+03 2.400000000000000000e+01 -1.600000000000000000e+01 -1.040000000000000000e+03
8.355000000000000000e+03 2.400000000000000000e+01 -1.600000000000000000e+01 -1.032000000000000000e+03
8.395000000000000000e+03 1.600000000000000000e+01 -2.400000000000000000e+01 -1.032000000000000000e+03
8.435000000000000000e+03 8.000000000000000000e+00 -2.400000000000000000e+01 -1.088000000000000000e+03
8.475000000000000000e+03 1.600000000000000000e+01 -2.400000000000000000e+01 -1.048000000000000000e+03
8.515000000000000000e+03 1.600000000000000000e+01 -3.200000000000000000e+01 -1.064000000000000000e+03
8.555000000000000000e+03 1.600000000000000000e+01 -1.600000000000000000e+01 -1.048000000000000000e+03
8.595000000000000000e+03 1.600000000000000000e+01 -2.400000000000000000e+01 -1.008000000000000000e+03
8.635000000000000000e+03 0.000000000000000000e+00 -1.600000000000000000e+01 -1.040000000000000000e+03
8.675000000000000000e+03 1.600000000000000000e+01 -2.400000000000000000e+01 -1.032000000000000000e+03
8.715000000000000000e+03 2.400000000000000000e+01 -2.400000000000000000e+01 -1.040000000000000000e+03
8.755000000000000000e+03 1.600000000000000000e+01 -1.600000000000000000e+01 -1.032000000000000000e+03
8.795000000000000000e+03 2.400000000000000000e+01 -1.600000000000000000e+01 -1.024000000000000000e+03
8.835000000000000000e+03 4.800000000000000000e+01 -2.400000000000000000e+01 -1.040000000000000000e+03
8.875000000000000000e+03 3.200000000000000000e+01 -2.400000000000000000e+01 -1.032000000000000000e+03
8.915000000000000000e+03 1.600000000000000000e+01 -2.400000000000000000e+01 -1.032000000000000000e+03
8.955000000000000000e+03 1.600000000000000000e+01 -2.400000000000000000e+01 -1.008000000000000000e+03
8.995000000000000000e+03 8.000000000000000000e+00 -1.600000000000000000e+01 -1.024000000000000000e+03
9.027000000000000000e+03 8.000000000000000000e+00 -1.600000000000000000e+01 -1.032000000000000000e+03
9.067000000000000000e+03 1.600000000000000000e+01 -2.400000000000000000e+01 -1.008000000000000000e+03
9.107000000000000000e+03 2.400000000000000000e+01 -2.400000000000000000e+01 -1.040000000000000000e+03
9.147000000000000000e+03 1.600000000000000000e+01 -1.600000000000000000e+01 -1.024000000000000000e+03
9.187000000000000000e+03 1.600000000000000000e+01 -2.400000000000000000e+01 -1.032000000000000000e+03
9.227000000000000000e+03 1.600000000000000000e+01 -1.600000000000000000e+01 -1.040000000000000000e+03
9.267000000000000000e+03 1.600000000000000000e+01 -1.600000000000000000e+01 -1.032000000000000000e+03
9.307000000000000000e+03 1.600000000000000000e+01 -8.000000000000000000e+00 -1.032000000000000000e+03
9.347000000000000000e+03 1.600000000000000000e+01 -1.600000000000000000e+01 -1.040000000000000000e+03
9.387000000000000000e+03 1.600000000000000000e+01 -1.600000000000000000e+01 -1.016000000000000000e+03
9.427000000000000000e+03 1.600000000000000000e+01 -1.600000000000000000e+01 -1.032000000000000000e+03
9.467000000000000000e+03 2.400000000000000000e+01 -1.600000000000000000e+01 -1.008000000000000000e+03
9.507000000000000000e+03 2.400000000000000000e+01 -1.600000000000000000e+01 -1.056000000000000000e+03
9.547000000000000000e+03 2.400000000000000000e+01 -8.000000000000000000e+00 -1.040000000000000000e+03
9.587000000000000000e+03 2.400000000000000000e+01 -8.000000000000000000e+00 -1.024000000000000000e+03
9.627000000000000000e+03 2.400000000000000000e+01 -1.600000000000000000e+01 -1.016000000000000000e+03
9.667000000000000000e+03 2.400000000000000000e+01 -1.600000000000000000e+01 -1.032000000000000000e+03
9.707000000000000000e+03 4.000000000000000000e+01 0.000000000000000000e+00 -1.040000000000000000e+03
9.747000000000000000e+03 3.200000000000000000e+01 -8.000000000000000000e+00 -1.032000000000000000e+03
9.787000000000000000e+03 2.400000000000000000e+01 -3.200000000000000000e+01 -1.024000000000000000e+03
9.827000000000000000e+03 1.600000000000000000e+01 -2.400000000000000000e+01 -1.008000000000000000e+03
9.867000000000000000e+03 2.400000000000000000e+01 -4.000000000000000000e+01 -1.024000000000000000e+03
9.907000000000000000e+03 2.400000000000000000e+01 -3.200000000000000000e+01 -1.048000000000000000e+03
9.947000000000000000e+03 1.600000000000000000e+01 -1.600000000000000000e+01 -1.024000000000000000e+03
9.987000000000000000e+03 2.400000000000000000e+01 -1.600000000000000000e+01 -1.048000000000000000e+03
1.001800000000000000e+04 2.400000000000000000e+01 -3.200000000000000000e+01 -1.048000000000000000e+03
1.005800000000000000e+04 2.400000000000000000e+01 -3.200000000000000000e+01 -1.032000000000000000e+03
1.009800000000000000e+04 3.200000000000000000e+01 -2.400000000000000000e+01 -1.008000000000000000e+03
1.013800000000000000e+04 1.600000000000000000e+01 -2.400000000000000000e+01 -1.000000000000000000e+03
1.017800000000000000e+04 1.600000000000000000e+01 -2.400000000000000000e+01 -1.024000000000000000e+03
1.021800000000000000e+04 1.600000000000000000e+01 -2.400000000000000000e+01 -1.016000000000000000e+03
1.025800000000000000e+04 1.600000000000000000e+01 -1.600000000000000000e+01 -1.032000000000000000e+03
1.029800000000000000e+04 2.400000000000000000e+01 -1.600000000000000000e+01 -1.016000000000000000e+03
1.033800000000000000e+04 2.400000000000000000e+01 -3.200000000000000000e+01 -1.056000000000000000e+03
1.037800000000000000e+04 1.600000000000000000e+01 -2.400000000000000000e+01 -1.024000000000000000e+03
1.041800000000000000e+04 3.200000000000000000e+01 -2.400000000000000000e+01 -1.048000000000000000e+03
1.045800000000000000e+04 1.600000000000000000e+01 -1.600000000000000000e+01 -1.024000000000000000e+03
1.049800000000000000e+04 1.600000000000000000e+01 -2.400000000000000000e+01 -1.032000000000000000e+03
1.053800000000000000e+04 1.600000000000000000e+01 -2.400000000000000000e+01 -1.032000000000000000e+03
1.057800000000000000e+04 1.600000000000000000e+01 -8.000000000000000000e+00 -1.024000000000000000e+03
1.061800000000000000e+04 1.600000000000000000e+01 -8.000000000000000000e+00 -1.032000000000000000e+03
1.065800000000000000e+04 1.600000000000000000e+01 0.000000000000000000e+00 -1.064000000000000000e+03
1.069800000000000000e+04 1.600000000000000000e+01 -1.600000000000000000e+01 -1.040000000000000000e+03
1.073800000000000000e+04 1.600000000000000000e+01 -1.600000000000000000e+01 -1.032000000000000000e+03
1.077800000000000000e+04 1.600000000000000000e+01 -1.600000000000000000e+01 -1.032000000000000000e+03
1.081800000000000000e+04 4.000000000000000000e+01 -1.600000000000000000e+01 -1.032000000000000000e+03
1.085800000000000000e+04 2.400000000000000000e+01 -1.600000000000000000e+01 -1.008000000000000000e+03
1.089800000000000000e+04 2.400000000000000000e+01 -1.600000000000000000e+01 -1.032000000000000000e+03
1.093800000000000000e+04 1.600000000000000000e+01 -1.600000000000000000e+01 -1.056000000000000000e+03
1.097800000000000000e+04 2.400000000000000000e+01 -2.400000000000000000e+01 -1.032000000000000000e+03
1.101000000000000000e+04 8.000000000000000000e+00 -1.600000000000000000e+01 -1.024000000000000000e+03
1.105000000000000000e+04 1.600000000000000000e+01 -1.600000000000000000e+01 -1.032000000000000000e+03
1.109000000000000000e+04 8.000000000000000000e+00 -4.000000000000000000e+01 -1.040000000000000000e+03
1.113000000000000000e+04 1.600000000000000000e+01 -2.400000000000000000e+01 -1.048000000000000000e+03
1.117000000000000000e+04 3.200000000000000000e+01 -1.600000000000000000e+01 -1.048000000000000000e+03
1.121000000000000000e+04 2.400000000000000000e+01 -1.600000000000000000e+01 -1.024000000000000000e+03
1.125000000000000000e+04 1.600000000000000000e+01 -1.600000000000000000e+01 -1.032000000000000000e+03
1.129000000000000000e+04 1.600000000000000000e+01 -1.600000000000000000e+01 -1.024000000000000000e+03
1.133000000000000000e+04 0.000000000000000000e+00 -1.600000000000000000e+01 -1.008000000000000000e+03
1.137000000000000000e+04 8.000000000000000000e+00 -1.600000000000000000e+01 -1.040000000000000000e+03
1.141000000000000000e+04 8.000000000000000000e+00 -1.600000000000000000e+01 -1.024000000000000000e+03
1.145000000000000000e+04 1.600000000000000000e+01 -1.600000000000000000e+01 -1.056000000000000000e+03
1.149000000000000000e+04 0.000000000000000000e+00 -1.600000000000000000e+01 -1.056000000000000000e+03
1.153000000000000000e+04 8.000000000000000000e+00 -1.600000000000000000e+01 -1.024000000000000000e+03
1.157000000000000000e+04 8.000000000000000000e+00 -1.600000000000000000e+01 -1.040000000000000000e+03
1.161000000000000000e+04 0.000000000000000000e+00 -3.200000000000000000e+01 -1.016000000000000000e+03
1.165000000000000000e+04 8.000000000000000000e+00 -3.200000000000000000e+01 -1.032000000000000000e+03
1.169000000000000000e+04 1.600000000000000000e+01 -2.400000000000000000e+01 -1.040000000000000000e+03
1.173000000000000000e+04 1.600000000000000000e+01 -2.400000000000000000e+01 -1.024000000000000000e+03
1.177000000000000000e+04 8.000000000000000000e+00 -2.400000000000000000e+01 -1.008000000000000000e+03
1.181000000000000000e+04 8.000000000000000000e+00 -1.600000000000000000e+01 -1.040000000000000000e+03
1.185000000000000000e+04 3.200000000000000000e+01 0.000000000000000000e+00 -1.008000000000000000e+03
1.189000000000000000e+04 2.400000000000000000e+01 -1.600000000000000000e+01 -1.016000000000000000e+03
1.193000000000000000e+04 2.400000000000000000e+01 -1.600000000000000000e+01 -1.072000000000000000e+03
1.197000000000000000e+04 2.400000000000000000e+01 -1.600000000000000000e+01 -1.032000000000000000e+03
1.200200000000000000e+04 1.600000000000000000e+01 -1.600000000000000000e+01 -1.056000000000000000e+03
1.204200000000000000e+04 1.600000000000000000e+01 -2.400000000000000000e+01 -1.024000000000000000e+03
1.208200000000000000e+04 1.600000000000000000e+01 -1.600000000000000000e+01 -1.024000000000000000e+03
1.212200000000000000e+04 1.600000000000000000e+01 -1.600000000000000000e+01 -1.008000000000000000e+03
1.216200000000000000e+04 1.600000000000000000e+01 -1.600000000000000000e+01 -1.000000000000000000e+03
1.220200000000000000e+04 1.600000000000000000e+01 -1.600000000000000000e+01 -1.032000000000000000e+03
1.224200000000000000e+04 2.400000000000000000e+01 -1.600000000000000000e+01 -1.032000000000000000e+03
1.228200000000000000e+04 1.600000000000000000e+01 -1.600000000000000000e+01 -1.032000000000000000e+03
1.232200000000000000e+04 2.400000000000000000e+01 -1.600000000000000000e+01 -1.040000000000000000e+03
1.236200000000000000e+04 4.000000000000000000e+01 -1.600000000000000000e+01 -1.048000000000000000e+03
1.240200000000000000e+04 3.200000000000000000e+01 -1.600000000000000000e+01 -1.040000000000000000e+03
1.244200000000000000e+04 3.200000000000000000e+01 -2.400000000000000000e+01 -1.040000000000000000e+03
1.248200000000000000e+04 3.200000000000000000e+01 -3.200000000000000000e+01 -1.024000000000000000e+03
1.252200000000000000e+04 2.400000000000000000e+01 -3.200000000000000000e+01 -1.056000000000000000e+03
1.256200000000000000e+04 8.000000000000000000e+00 -2.400000000000000000e+01 -1.024000000000000000e+03
1.260200000000000000e+04 8.000000000000000000e+00 -2.400000000000000000e+01 -1.040000000000000000e+03
1.264200000000000000e+04 1.600000000000000000e+01 -1.600000000000000000e+01 -1.032000000000000000e+03
1.268200000000000000e+04 8.000000000000000000e+00 -2.400000000000000000e+01 -1.024000000000000000e+03
1.272200000000000000e+04 1.600000000000000000e+01 -1.600000000000000000e+01 -1.032000000000000000e+03
1.276200000000000000e+04 1.600000000000000000e+01 -2.400000000000000000e+01 -1.048000000000000000e+03
1.280200000000000000e+04 1.600000000000000000e+01 -3.200000000000000000e+01 -1.032000000000000000e+03
1.284200000000000000e+04 1.600000000000000000e+01 -1.600000000000000000e+01 -1.056000000000000000e+03
1.288200000000000000e+04 8.000000000000000000e+00 -1.600000000000000000e+01 -1.056000000000000000e+03
1.292200000000000000e+04 1.600000000000000000e+01 -1.600000000000000000e+01 -1.032000000000000000e+03
1.296200000000000000e+04 1.600000000000000000e+01 -1.600000000000000000e+01 -1.024000000000000000e+03
1.398500000000000000e+04 8.000000000000000000e+00 -2.400000000000000000e+01 -1.040000000000000000e+03
1.402500000000000000e+04 8.000000000000000000e+00 -1.600000000000000000e+01 -1.024000000000000000e+03
1.406500000000000000e+04 2.400000000000000000e+01 -8.000000000000000000e+00 -1.016000000000000000e+03
1.410500000000000000e+04 1.600000000000000000e+01 -1.600000000000000000e+01 -1.024000000000000000e+03
1.414500000000000000e+04 1.600000000000000000e+01 -1.600000000000000000e+01 -1.040000000000000000e+03
1.418500000000000000e+04 1.600000000000000000e+01 -2.400000000000000000e+01 -1.024000000000000000e+03
1.422500000000000000e+04 2.400000000000000000e+01 -2.400000000000000000e+01 -1.032000000000000000e+03
1.426500000000000000e+04 2.400000000000000000e+01 -1.600000000000000000e+01 -1.064000000000000000e+03
1.430500000000000000e+04 2.400000000000000000e+01 -1.600000000000000000e+01 -1.032000000000000000e+03
1.434500000000000000e+04 1.600000000000000000e+01 -8.000000000000000000e+00 -1.016000000000000000e+03
1.438500000000000000e+04 4.000000000000000000e+01 -1.600000000000000000e+01 -1.016000000000000000e+03
1.442500000000000000e+04 3.200000000000000000e+01 -3.200000000000000000e+01 -1.024000000000000000e+03
1.446500000000000000e+04 3.200000000000000000e+01 -8.000000000000000000e+00 -1.072000000000000000e+03
1.450500000000000000e+04 3.200000000000000000e+01 -2.400000000000000000e+01 -1.032000000000000000e+03
1.454500000000000000e+04 2.400000000000000000e+01 -2.400000000000000000e+01 -1.040000000000000000e+03
1.458500000000000000e+04 2.400000000000000000e+01 -2.400000000000000000e+01 -1.032000000000000000e+03
1.462500000000000000e+04 2.400000000000000000e+01 -1.600000000000000000e+01 -1.048000000000000000e+03
1.466500000000000000e+04 2.400000000000000000e+01 -1.600000000000000000e+01 -1.088000000000000000e+03
1.470500000000000000e+04 2.400000000000000000e+01 -1.600000000000000000e+01 -1.032000000000000000e+03
1.474500000000000000e+04 1.600000000000000000e+01 -1.600000000000000000e+01 -1.032000000000000000e+03
1.478500000000000000e+04 8.000000000000000000e+00 -1.600000000000000000e+01 -1.048000000000000000e+03
1.482500000000000000e+04 8.000000000000000000e+00 -1.600000000000000000e+01 -1.032000000000000000e+03
1.486500000000000000e+04 8.000000000000000000e+00 -1.600000000000000000e+01 -1.024000000000000000e+03
1.490500000000000000e+04 8.000000000000000000e+00 -1.600000000000000000e+01 -1.024000000000000000e+03
1.494500000000000000e+04 8.000000000000000000e+00 -2.400000000000000000e+01 -1.056000000000000000e+03
1.497700000000000000e+04 8.000000000000000000e+00 -2.400000000000000000e+01 -1.040000000000000000e+03
1.501700000000000000e+04 8.000000000000000000e+00 -1.600000000000000000e+01 -1.040000000000000000e+03
1.505700000000000000e+04 1.600000000000000000e+01 -1.600000000000000000e+01 -1.016000000000000000e+03
1.509700000000000000e+04 1.600000000000000000e+01 -1.600000000000000000e+01 -1.032000000000000000e+03
1.513700000000000000e+04 3.200000000000000000e+01 0.000000000000000000e+00 -1.032000000000000000e+03
1.517700000000000000e+04 2.400000000000000000e+01 -1.600000000000000000e+01 -1.024000000000000000e+03
1.521700000000000000e+04 1.600000000000000000e+01 -2.400000000000000000e+01 -1.040000000000000000e+03
1.525700000000000000e+04 1.600000000000000000e+01 0.000000000000000000e+00 -1.040000000000000000e+03
1.529700000000000000e+04 1.600000000000000000e+01 -8.000000000000000000e+00 -1.032000000000000000e+03
1.533700000000000000e+04 1.600000000000000000e+01 -1.600000000000000000e+01 -1.040000000000000000e+03
1.537700000000000000e+04 1.600000000000000000e+01 -1.600000000000000000e+01 -1.040000000000000000e+03
1.541700000000000000e+04 0.000000000000000000e+00 -1.600000000000000000e+01 -1.024000000000000000e+03
1.545700000000000000e+04 1.600000000000000000e+01 -1.600000000000000000e+01 -1.024000000000000000e+03
1.549700000000000000e+04 1.600000000000000000e+01 -1.600000000000000000e+01 -1.024000000000000000e+03
1.553700000000000000e+04 1.600000000000000000e+01 -2.400000000000000000e+01 -1.024000000000000000e+03
1.557700000000000000e+04 1.600000000000000000e+01 -2.400000000000000000e+01 -1.032000000000000000e+03
1.561700000000000000e+04 8.000000000000000000e+00 -1.600000000000000000e+01 -1.040000000000000000e+03
1.565700000000000000e+04 1.600000000000000000e+01 -1.600000000000000000e+01 -1.000000000000000000e+03
1.569700000000000000e+04 1.600000000000000000e+01 -1.600000000000000000e+01 -1.032000000000000000e+03
1.573700000000000000e+04 2.400000000000000000e+01 -1.600000000000000000e+01 -1.040000000000000000e+03
1.577700000000000000e+04 0.000000000000000000e+00 -8.000000000000000000e+00 -1.040000000000000000e+03
1.581700000000000000e+04 8.000000000000000000e+00 -1.600000000000000000e+01 -1.024000000000000000e+03
1.585700000000000000e+04 1.600000000000000000e+01 -1.600000000000000000e+01 -1.024000000000000000e+03
1.589700000000000000e+04 2.400000000000000000e+01 -2.400000000000000000e+01 -1.032000000000000000e+03
1.593700000000000000e+04 1.600000000000000000e+01 -3.200000000000000000e+01 -1.064000000000000000e+03
1.596900000000000000e+04 2.400000000000000000e+01 -2.400000000000000000e+01 -1.040000000000000000e+03
1.600900000000000000e+04 2.400000000000000000e+01 0.000000000000000000e+00 -1.040000000000000000e+03
1.604900000000000000e+04 8.000000000000000000e+00 -8.000000000000000000e+00 -1.040000000000000000e+03
1.608900000000000000e+04 2.400000000000000000e+01 -1.600000000000000000e+01 -1.024000000000000000e+03
1.612900000000000000e+04 1.600000000000000000e+01 -2.400000000000000000e+01 -1.024000000000000000e+03
1.616900000000000000e+04 2.400000000000000000e+01 -2.400000000000000000e+01 -1.048000000000000000e+03
1.620900000000000000e+04 1.600000000000000000e+01 -2.400000000000000000e+01 -1.032000000000000000e+03
1.624900000000000000e+04 1.600000000000000000e+01 -2.400000000000000000e+01 -1.016000000000000000e+03
1.628900000000000000e+04 2.400000000000000000e+01 -3.200000000000000000e+01 -1.024000000000000000e+03
1.632900000000000000e+04 1.600000000000000000e+01 -2.400000000000000000e+01 -1.048000000000000000e+03
1.636900000000000000e+04 8.000000000000000000e+00 -2.400000000000000000e+01 -1.024000000000000000e+03
1.640900000000000000e+04 1.600000000000000000e+01 -1.600000000000000000e+01 -1.032000000000000000e+03
1.644900000000000000e+04 1.600000000000000000e+01 -1.600000000000000000e+01 -9.920000000000000000e+02
1.648900000000000000e+04 1.600000000000000000e+01 -2.400000000000000000e+01 -1.040000000000000000e+03
1.652900000000000000e+04 1.600000000000000000e+01 -2.400000000000000000e+01 -1.032000000000000000e+03
1.656900000000000000e+04 1.600000000000000000e+01 -1.600000000000000000e+01 -1.024000000000000000e+03
1.660900000000000000e+04 1.600000000000000000e+01 -2.400000000000000000e+01 -1.024000000000000000e+03
1.664900000000000000e+04 1.600000000000000000e+01 -3.200000000000000000e+01 -1.064000000000000000e+03
1.668900000000000000e+04 2.400000000000000000e+01 -2.400000000000000000e+01 -1.032000000000000000e+03
1.672900000000000000e+04 2.400000000000000000e+01 -1.600000000000000000e+01 -1.064000000000000000e+03
1.676900000000000000e+04 2.400000000000000000e+01 -2.400000000000000000e+01 -1.040000000000000000e+03
1.680900000000000000e+04 1.600000000000000000e+01 -2.400000000000000000e+01 -1.032000000000000000e+03
1.684900000000000000e+04 1.600000000000000000e+01 -2.400000000000000000e+01 -1.032000000000000000e+03
1.688900000000000000e+04 1.600000000000000000e+01 -2.400000000000000000e+01 -1.024000000000000000e+03
1.692900000000000000e+04 2.400000000000000000e+01 -1.600000000000000000e+01 -1.048000000000000000e+03
1.696100000000000000e+04 2.400000000000000000e+01 -1.600000000000000000e+01 -1.048000000000000000e+03
1.700100000000000000e+04 3.200000000000000000e+01 -1.600000000000000000e+01 -1.032000000000000000e+03
1.704100000000000000e+04 3.200000000000000000e+01 -3.200000000000000000e+01 -1.032000000000000000e+03
1.708100000000000000e+04 3.200000000000000000e+01 -8.000000000000000000e+00 -1.040000000000000000e+03
1.712100000000000000e+04 2.400000000000000000e+01 -1.600000000000000000e+01 -1.024000000000000000e+03
1.716100000000000000e+04 1.600000000000000000e+01 -1.600000000000000000e+01 -1.040000000000000000e+03
1.720100000000000000e+04 0.000000000000000000e+00 -1.600000000000000000e+01 -1.032000000000000000e+03
1.724100000000000000e+04 8.000000000000000000e+00 -2.400000000000000000e+01 -1.032000000000000000e+03
1.728100000000000000e+04 1.600000000000000000e+01 -1.600000000000000000e+01 -1.032000000000000000e+03
1.732100000000000000e+04 1.600000000000000000e+01 -8.000000000000000000e+00 -1.064000000000000000e+03
1.736100000000000000e+04 8.000000000000000000e+00 -1.600000000000000000e+01 -1.032000000000000000e+03
1.740100000000000000e+04 1.600000000000000000e+01 -1.600000000000000000e+01 -1.000000000000000000e+03
1.744100000000000000e+04 2.400000000000000000e+01 -1.600000000000000000e+01 -1.040000000000000000e+03
1.748100000000000000e+04 3.200000000000000000e+01 -2.400000000000000000e+01 -1.032000000000000000e+03
1.752100000000000000e+04 2.400000000000000000e+01 -1.600000000000000000e+01 -1.024000000000000000e+03
1.756100000000000000e+04 1.600000000000000000e+01 -1.600000000000000000e+01 -1.048000000000000000e+03
1.760100000000000000e+04 2.400000000000000000e+01 -1.600000000000000000e+01 -1.024000000000000000e+03
1.764100000000000000e+04 2.400000000000000000e+01 -1.600000000000000000e+01 -1.024000000000000000e+03
1.768100000000000000e+04 1.600000000000000000e+01 -1.600000000000000000e+01 -1.024000000000000000e+03
1.772100000000000000e+04 2.400000000000000000e+01 -1.600000000000000000e+01 -1.024000000000000000e+03
1.776100000000000000e+04 2.400000000000000000e+01 -1.600000000000000000e+01 -1.016000000000000000e+03
1.780100000000000000e+04 1.600000000000000000e+01 -2.400000000000000000e+01 -1.032000000000000000e+03
1.784100000000000000e+04 8.000000000000000000e+00 -1.600000000000000000e+01 -1.008000000000000000e+03
1.788100000000000000e+04 1.600000000000000000e+01 -2.400000000000000000e+01 -1.056000000000000000e+03
1.792100000000000000e+04 2.400000000000000000e+01 -3.200000000000000000e+01 -1.032000000000000000e+03
1.795300000000000000e+04 1.600000000000000000e+01 -2.400000000000000000e+01 -1.024000000000000000e+03
1.799300000000000000e+04 2.400000000000000000e+01 -3.200000000000000000e+01 -1.040000000000000000e+03
1.803300000000000000e+04 3.200000000000000000e+01 -1.600000000000000000e+01 -1.016000000000000000e+03
1.807300000000000000e+04 2.400000000000000000e+01 -8.000000000000000000e+00 -1.064000000000000000e+03
1.811300000000000000e+04 2.400000000000000000e+01 -1.600000000000000000e+01 -1.048000000000000000e+03
1.815300000000000000e+04 1.600000000000000000e+01 -1.600000000000000000e+01 -1.000000000000000000e+03
1.819300000000000000e+04 1.600000000000000000e+01 -1.600000000000000000e+01 -1.032000000000000000e+03
1.823300000000000000e+04 2.400000000000000000e+01 -2.400000000000000000e+01 -1.048000000000000000e+03
1.827300000000000000e+04 2.400000000000000000e+01 -2.400000000000000000e+01 -1.040000000000000000e+03
1.831300000000000000e+04 8.000000000000000000e+00 -2.400000000000000000e+01 -1.024000000000000000e+03
1.835300000000000000e+04 8.000000000000000000e+00 -2.400000000000000000e+01 -1.032000000000000000e+03
1.839300000000000000e+04 1.600000000000000000e+01 -1.600000000000000000e+01 -1.032000000000000000e+03
1.843300000000000000e+04 2.400000000000000000e+01 -1.600000000000000000e+01 -1.032000000000000000e+03
1.847300000000000000e+04 2.400000000000000000e+01 -1.600000000000000000e+01 -1.040000000000000000e+03
1.851300000000000000e+04 1.600000000000000000e+01 -1.600000000000000000e+01 -1.040000000000000000e+03
1.855300000000000000e+04 1.600000000000000000e+01 -2.400000000000000000e+01 -1.024000000000000000e+03
1.859300000000000000e+04 8.000000000000000000e+00 -1.600000000000000000e+01 -1.040000000000000000e+03
1.863300000000000000e+04 8.000000000000000000e+00 -2.400000000000000000e+01 -1.032000000000000000e+03
1.867300000000000000e+04 3.200000000000000000e+01 -2.400000000000000000e+01 -1.040000000000000000e+03
1.871300000000000000e+04 1.600000000000000000e+01 -2.400000000000000000e+01 -1.032000000000000000e+03
1.875300000000000000e+04 2.400000000000000000e+01 -4.000000000000000000e+01 -1.032000000000000000e+03
1.879300000000000000e+04 1.600000000000000000e+01 -3.200000000000000000e+01 -1.048000000000000000e+03
1.883300000000000000e+04 1.600000000000000000e+01 -2.400000000000000000e+01 -1.016000000000000000e+03
1.887300000000000000e+04 1.600000000000000000e+01 -2.400000000000000000e+01 -1.072000000000000000e+03
1.891300000000000000e+04 1.600000000000000000e+01 -1.600000000000000000e+01 -1.032000000000000000e+03
1.894500000000000000e+04 0.000000000000000000e+00 -1.600000000000000000e+01 -1.032000000000000000e+03
1.898500000000000000e+04 8.000000000000000000e+00 -2.400000000000000000e+01 -1.032000000000000000e+03
1.902500000000000000e+04 0.000000000000000000e+00 -2.400000000000000000e+01 -1.048000000000000000e+03
1.906500000000000000e+04 0.000000000000000000e+00 -8.000000000000000000e+00 -1.040000000000000000e+03
1.910500000000000000e+04 8.000000000000000000e+00 -1.600000000000000000e+01 -1.040000000000000000e+03
1.914500000000000000e+04 1.600000000000000000e+01 -2.400000000000000000e+01 -1.032000000000000000e+03
1.918500000000000000e+04 1.600000000000000000e+01 -2.400000000000000000e+01 -1.056000000000000000e+03
1.922500000000000000e+04 2.400000000000000000e+01 -2.400000000000000000e+01 -1.048000000000000000e+03
1.926500000000000000e+04 1.600000000000000000e+01 -2.400000000000000000e+01 -1.032000000000000000e+03
1.930500000000000000e+04 1.600000000000000000e+01 -2.400000000000000000e+01 -1.024000000000000000e+03
1.934500000000000000e+04 1.600000000000000000e+01 -4.000000000000000000e+01 -1.040000000000000000e+03
1.938500000000000000e+04 2.400000000000000000e+01 -2.400000000000000000e+01 -1.040000000000000000e+03
1.942500000000000000e+04 2.400000000000000000e+01 -2.400000000000000000e+01 -1.032000000000000000e+03
1.946500000000000000e+04 1.600000000000000000e+01 -1.600000000000000000e+01 -1.032000000000000000e+03
1.950500000000000000e+04 4.000000000000000000e+01 -1.600000000000000000e+01 -1.032000000000000000e+03
1.954500000000000000e+04 3.200000000000000000e+01 -1.600000000000000000e+01 -1.032000000000000000e+03
1.958500000000000000e+04 3.200000000000000000e+01 -1.600000000000000000e+01 -1.032000000000000000e+03
1.962500000000000000e+04 2.400000000000000000e+01 -1.600000000000000000e+01 -1.040000000000000000e+03
1.966500000000000000e+04 2.400000000000000000e+01 -1.600000000000000000e+01 -1.032000000000000000e+03
1.970500000000000000e+04 1.600000000000000000e+01 -1.600000000000000000e+01 -1.032000000000000000e+03
1.974500000000000000e+04 1.600000000000000000e+01 -1.600000000000000000e+01 -1.040000000000000000e+03
1.978500000000000000e+04 1.600000000000000000e+01 -1.600000000000000000e+01 -1.024000000000000000e+03
1.982500000000000000e+04 2.400000000000000000e+01 0.000000000000000000e+00 -1.032000000000000000e+03
1.986500000000000000e+04 1.600000000000000000e+01 -8.000000000000000000e+00 -1.032000000000000000e+03
1.990500000000000000e+04 2.400000000000000000e+01 -1.600000000000000000e+01 -1.040000000000000000e+03
2.092800000000000000e+04 1.600000000000000000e+01 -1.600000000000000000e+01 -1.024000000000000000e+03
2.096800000000000000e+04 1.600000000000000000e+01 -8.000000000000000000e+00 -1.024000000000000000e+03
2.100800000000000000e+04 1.600000000000000000e+01 -1.600000000000000000e+01 -1.032000000000000000e+03
2.104800000000000000e+04 1.600000000000000000e+01 -1.600000000000000000e+01 -1.024000000000000000e+03
2.108800000000000000e+04 2.400000000000000000e+01 -1.600000000000000000e+01 -1.040000000000000000e+03
2.112800000000000000e+04 1.600000000000000000e+01 -1.600000000000000000e+01 -1.032000000000000000e+03
2.116800000000000000e+04 2.400000000000000000e+01 -1.600000000000000000e+01 -1.032000000000000000e+03
2.120800000000000000e+04 2.400000000000000000e+01 -1.600000000000000000e+01 -1.040000000000000000e+03
2.124800000000000000e+04 2.400000000000000000e+01 -2.400000000000000000e+01 -1.032000000000000000e+03
2.128800000000000000e+04 1.600000000000000000e+01 -1.600000000000000000e+01 -1.032000000000000000e+03
2.132800000000000000e+04 1.600000000000000000e+01 -2.400000000000000000e+01 -1.032000000000000000e+03
2.136800000000000000e+04 1.600000000000000000e+01 -1.600000000000000000e+01 -1.080000000000000000e+03
2.140800000000000000e+04 8.000000000000000000e+00 -1.600000000000000000e+01 -1.024000000000000000e+03
2.144800000000000000e+04 0.000000000000000000e+00 -1.600000000000000000e+01 -1.024000000000000000e+03
2.148800000000000000e+04 8.000000000000000000e+00 -2.400000000000000000e+01 -1.032000000000000000e+03
2.152800000000000000e+04 1.600000000000000000e+01 -2.400000000000000000e+01 -1.056000000000000000e+03
2.156800000000000000e+04 1.600000000000000000e+01 -1.600000000000000000e+01 -1.032000000000000000e+03
2.160800000000000000e+04 1.600000000000000000e+01 -1.600000000000000000e+01 -1.048000000000000000e+03
2.164800000000000000e+04 1.600000000000000000e+01 -1.600000000000000000e+01 -1.032000000000000000e+03
2.168800000000000000e+04 1.600000000000000000e+01 -1.600000000000000000e+01 -1.032000000000000000e+03
2.172800000000000000e+04 1.600000000000000000e+01 -1.600000000000000000e+01 -1.008000000000000000e+03
2.176800000000000000e+04 1.600000000000000000e+01 -2.400000000000000000e+01 -1.040000000000000000e+03
2.180800000000000000e+04 1.600000000000000000e+01 -2.400000000000000000e+01 -1.040000000000000000e+03
2.184800000000000000e+04 1.600000000000000000e+01 -2.400000000000000000e+01 -1.032000000000000000e+03
2.188800000000000000e+04 0.000000000000000000e+00 -2.400000000000000000e+01 -1.040000000000000000e+03
