4.900000000000000000e+01 7.200000000000000000e+02 6.880000000000000000e+02 -1.680000000000000000e+02
8.900000000000000000e+01 -7.440000000000000000e+02 5.120000000000000000e+02 4.640000000000000000e+02
1.290000000000000000e+02 -7.440000000000000000e+02 5.200000000000000000e+02 4.720000000000000000e+02
1.690000000000000000e+02 -7.520000000000000000e+02 4.720000000000000000e+02 5.040000000000000000e+02
2.090000000000000000e+02 -7.440000000000000000e+02 4.880000000000000000e+02 5.040000000000000000e+02
2.490000000000000000e+02 -7.360000000000000000e+02 4.800000000000000000e+02 5.200000000000000000e+02
2.890000000000000000e+02 -7.200000000000000000e+02 4.800000000000000000e+02 4.720000000000000000e+02
3.290000000000000000e+02 -7.280000000000000000e+02 4.640000000000000000e+02 5.120000000000000000e+02
3.690000000000000000e+02 -7.360000000000000000e+02 4.800000000000000000e+02 4.960000000000000000e+02
4.090000000000000000e+02 -7.280000000000000000e+02 5.200000000000000000e+02 4.720000000000000000e+02
4.490000000000000000e+02 -7.360000000000000000e+02 5.520000000000000000e+02 4.800000000000000000e+02
4.890000000000000000e+02 -7.440000000000000000e+02 5.680000000000000000e+02 4.640000000000000000e+02
5.290000000000000000e+02 -7.440000000000000000e+02 5.600000000000000000e+02 5.440000000000000000e+02
5.690000000000000000e+02 -7.360000000000000000e+02 5.440000000000000000e+02 5.760000000000000000e+02
6.090000000000000000e+02 -7.040000000000000000e+02 5.280000000000000000e+02 5.920000000000000000e+02
6.490000000000000000e+02 -7.040000000000000000e+02 5.200000000000000000e+02 5.600000000000000000e+02
6.890000000000000000e+02 -6.960000000000000000e+02 5.040000000000000000e+02 5.200000000000000000e+02
7.290000000000000000e+02 -6.960000000000000000e+02 4.880000000000000000e+02 5.600000000000000000e+02
7.690000000000000000e+02 -7.120000000000000000e+02 5.440000000000000000e+02 5.760000000000000000e+02
8.090000000000000000e+02 -6.960000000000000000e+02 5.280000000000000000e+02 5.600000000000000000e+02
8.490000000000000000e+02 -6.960000000000000000e+02 5.360000000000000000e+02 5.440000000000000000e+02
8.890000000000000000e+02 -6.880000000000000000e+02 5.440000000000000000e+02 5.600000000000000000e+02
9.290000000000000000e+02 -6.560000000000000000e+02 5.200000000000000000e+02 5.360000000000000000e+02
9.690000000000000000e+02 -6.720000000000000000e+02 5.360000000000000000e+02 5.280000000000000000e+02
1.009000000000000000e+03 -6.880000000000000000e+02 5.200000000000000000e+02 5.600000000000000000e+02
1.041000000000000000e+03 -6.720000000000000000e+02 5.280000000000000000e+02 5.280000000000000000e+02
1.081000000000000000e+03 -6.800000000000000000e+02 5.520000000000000000e+02 5.280000000000000000e+02
1.121000000000000000e+03 -6.960000000000000000e+02 5.200000000000000000e+02 5.680000000000000000e+02
1.161000000000000000e+03 -7.040000000000000000e+02 5.040000000000000000e+02 5.600000000000000000e+02
1.201000000000000000e+03 -6.960000000000000000e+02 4.960000000000000000e+02 5.680000000000000000e+02
1.241000000000000000e+03 -6.880000000000000000e+02 4.960000000000000000e+02 5.760000000000000000e+02
1.281000000000000000e+03 -7.040000000000000000e+02 5.120000000000000000e+02 6.160000000000000000e+02
1.321000000000000000e+03 -6.800000000000000000e+02 4.960000000000000000e+02 5.840000000000000000e+02
1.361000000000000000e+03 -6.720000000000000000e+02 5.040000000000000000e+02 5.760000000000000000e+02
1.401000000000000000e+03 -6.720000000000000000e+02 4.880000000000000000e+02 5.840000000000000000e+02
1.441000000000000000e+03 -6.720000000000000000e+02 4.960000000000000000e+02 5.600000000000000000e+02
1.481000000000000000e+03 -6.720000000000000000e+02 4.880000000000000000e+02 5.680000000000000000e+02
1.521000000000000000e+03 -6.880000000000000000e+02 5.120000000000000000e+02 6.320000000000000000e+02
1.561000000000000000e+03 -6.640000000000000000e+02 5.040000000000000000e+02 5.760000000000000000e+02
1.601000000000000000e+03 -6.800000000000000000e+02 5.120000000000000000e+02 6.080000000000000000e+02
1.641000000000000000e+03 -6.800000000000000000e+02 5.120000000000000000e+02 5.680000000000000000e+02
1.681000000000000000e+03 -6.480000000000000000e+02 5.200000000000000000e+02 6.080000000000000000e+02
1.721000000000000000e+03 -6.720000000000000000e+02 4.960000000000000000e+02 5.440000000000000000e+02
1.761000000000000000e+03 -6.800000000000000000e+02 5.200000000000000000e+02 5.760000000000000000e+02
1.801000000000000000e+03 -6.880000000000000000e+02 5.040000000000000000e+02 5.760000000000000000e+02
1.841000000000000000e+03 -6.800000000000000000e+02 5.120000000000000000e+02 5.840000000000000000e+02
1.881000000000000000e+03 -6.960000000000000000e+02 5.040000000000000000e+02 6.000000000000000000e+02
1.921000000000000000e+03 -6.960000000000000000e+02 5.040000000000000000e+02 5.760000000000000000e+02
1.961000000000000000e+03 -6.800000000000000000e+02 5.120000000000000000e+02 5.600000000000000000e+02
2.001000000000000000e+03 -6.880000000000000000e+02 4.960000000000000000e+02 5.760000000000000000e+02
2.032000000000000000e+03 -6.880000000000000000e+02 4.880000000000000000e+02 5.760000000000000000e+02
2.072000000000000000e+03 -7.200000000000000000e+02 5.200000000000000000e+02 6.080000000000000000e+02
2.112000000000000000e+03 -7.200000000000000000e+02 5.120000000000000000e+02 5.920000000000000000e+02
2.152000000000000000e+03 -6.880000000000000000e+02 5.120000000000000000e+02 5.360000000000000000e+02
2.192000000000000000e+03 -6.800000000000000000e+02 5.040000000000000000e+02 5.680000000000000000e+02
2.232000000000000000e+03 -6.880000000000000000e+02 4.800000000000000000e+02 5.840000000000000000e+02
2.272000000000000000e+03 -6.880000000000000000e+02 4.880000000000000000e+02 5.760000000000000000e+02
2.312000000000000000e+03 -6.960000000000000000e+02 4.720000000000000000e+02 5.760000000000000000e+02
2.352000000000000000e+03 -6.960000000000000000e+02 4.640000000000000000e+02 5.440000000000000000e+02
2.392000000000000000e+03 -6.880000000000000000e+02 4.960000000000000000e+02 6.480000000000000000e+02
2.432000000000000000e+03 -6.880000000000000000e+02 4.960000000000000000e+02 5.840000000000000000e+02
2.472000000000000000e+03 -6.800000000000000000e+02 5.040000000000000000e+02 5.840000000000000000e+02
2.512000000000000000e+03 -6.880000000000000000e+02 5.040000000000000000e+02 5.840000000000000000e+02
2.552000000000000000e+03 -6.960000000000000000e+02 5.040000000000000000e+02 5.920000000000000000e+02
2.592000000000000000e+03 -6.640000000000000000e+02 4.880000000000000000e+02 5.840000000000000000e+02
2.632000000000000000e+03 -6.880000000000000000e+02 5.040000000000000000e+02 5.760000000000000000e+02
2.672000000000000000e+03 -6.960000000000000000e+02 4.720000000000000000e+02 5.440000000000000000e+02
2.712000000000000000e+03 -7.040000000000000000e+02 4.880000000000000000e+02 5.600000000000000000e+02
2.752000000000000000e+03 -6.960000000000000000e+02 5.040000000000000000e+02 5.600000000000000000e+02
2.792000000000000000e+03 -6.960000000000000000e+02 4.960000000000000000e+02 5.920000000000000000e+02
2.832000000000000000e+03 -7.120000000000000000e+02 4.720000000000000000e+02 5.680000000000000000e+02
2.872000000000000000e+03 -7.040000000000000000e+02 4.720000000000000000e+02 5.600000000000000000e+02
2.912000000000000000e+03 -7.040000000000000000e+02 4.960000000000000000e+02 5.360000000000000000e+02
2.952000000000000000e+03 -7.040000000000000000e+02 4.880000000000000000e+02 5.600000000000000000e+02
2.992000000000000000e+03 -7.040000000000000000e+02 4.960000000000000000e+02 5.840000000000000000e+02
3.023000000000000000e+03 -7.040000000000000000e+02 4.880000000000000000e+02 5.600000000000000000e+02
3.063000000000000000e+03 -7.040000000000000000e+02 4.960000000000000000e+02 5.920000000000000000e+02
3.103000000000000000e+03 -7.120000000000000000e+02 5.040000000000000000e+02 5.760000000000000000e+02
3.143000000000000000e+03 -7.120000000000000000e+02 5.120000000000000000e+02 5.600000000000000000e+02
3.183000000000000000e+03 -7.200000000000000000e+02 5.040000000000000000e+02 5.200000000000000000e+02
3.223000000000000000e+03 -7.280000000000000000e+02 5.040000000000000000e+02 6.080000000000000000e+02
3.263000000000000000e+03 -7.120000000000000000e+02 5.200000000000000000e+02 5.360000000000000000e+02
3.303000000000000000e+03 -7.040000000000000000e+02 5.040000000000000000e+02 5.440000000000000000e+02
3.343000000000000000e+03 -6.960000000000000000e+02 4.880000000000000000e+02 5.920000000000000000e+02
3.383000000000000000e+03 -6.880000000000000000e+02 4.880000000000000000e+02 6.160000000000000000e+02
3.423000000000000000e+03 -7.040000000000000000e+02 5.040000000000000000e+02 6.160000000000000000e+02
3.463000000000000000e+03 -6.960000000000000000e+02 5.120000000000000000e+02 6.080000000000000000e+02
3.503000000000000000e+03 -6.960000000000000000e+02 4.720000000000000000e+02 6.240000000000000000e+02
3.543000000000000000e+03 -7.040000000000000000e+02 4.800000000000000000e+02 5.760000000000000000e+02
3.583000000000000000e+03 -6.960000000000000000e+02 5.040000000000000000e+02 6.000000000000000000e+02
3.623000000000000000e+03 -6.960000000000000000e+02 5.040000000000000000e+02 6.240000000000000000e+02
3.663000000000000000e+03 -6.800000000000000000e+02 4.880000000000000000e+02 5.520000000000000000e+02
3.703000000000000000e+03 -7.040000000000000000e+02 4.880000000000000000e+02 5.760000000000000000e+02
3.743000000000000000e+03 -7.120000000000000000e+02 5.120000000000000000e+02 6.480000000000000000e+02
3.783000000000000000e+03 -6.880000000000000000e+02 5.040000000000000000e+02 4.960000000000000000e+02
3.823000000000000000e+03 -6.560000000000000000e+02 4.720000000000000000e+02 4.480000000000000000e+02
3.863000000000000000e+03 -6.800000000000000000e+02 5.040000000000000000e+02 6.080000000000000000e+02
3.903000000000000000e+03 -7.040000000000000000e+02 5.120000000000000000e+02 6.000000000000000000e+02
3.943000000000000000e+03 -6.960000000000000000e+02 5.120000000000000000e+02 5.920000000000000000e+02
3.983000000000000000e+03 -7.040000000000000000e+02 5.040000000000000000e+02 5.680000000000000000e+02
4.015000000000000000e+03 -6.960000000000000000e+02 5.120000000000000000e+02 5.760000000000000000e+02
4.055000000000000000e+03 -7.120000000000000000e+02 5.120000000000000000e+02 5.600000000000000000e+02
4.095000000000000000e+03 -7.040000000000000000e+02 5.120000000000000000e+02 6.080000000000000000e+02
4.135000000000000000e+03 -7.040000000000000000e+02 4.880000000000000000e+02 5.280000000000000000e+02
4.175000000000000000e+03 -7.040000000000000000e+02 4.880000000000000000e+02 5.760000000000000000e+02
4.215000000000000000e+03 -6.960000000000000000e+02 4.880000000000000000e+02 5.520000000000000000e+02
4.255000000000000000e+03 -6.800000000000000000e+02 4.960000000000000000e+02 5.680000000000000000e+02
4.295000000000000000e+03 -7.040000000000000000e+02 4.960000000000000000e+02 5.760000000000000000e+02
4.335000000000000000e+03 -7.040000000000000000e+02 4.960000000000000000e+02 5.920000000000000000e+02
4.375000000000000000e+03 -7.120000000000000000e+02 4.960000000000000000e+02 5.760000000000000000e+02
4.415000000000000000e+03 -7.120000000000000000e+02 4.960000000000000000e+02 5.600000000000000000e+02
4.455000000000000000e+03 -7.040000000000000000e+02 4.960000000000000000e+02 5.840000000000000000e+02
4.495000000000000000e+03 -7.120000000000000000e+02 4.800000000000000000e+02 5.600000000000000000e+02
4.535000000000000000e+03 -7.120000000000000000e+02 4.960000000000000000e+02 5.840000000000000000e+02
4.575000000000000000e+03 -7.200000000000000000e+02 5.040000000000000000e+02 5.600000000000000000e+02
4.615000000000000000e+03 -7.200000000000000000e+02 5.040000000000000000e+02 5.440000000000000000e+02
4.655000000000000000e+03 -7.120000000000000000e+02 4.960000000000000000e+02 5.600000000000000000e+02
4.695000000000000000e+03 -7.360000000000000000e+02 4.720000000000000000e+02 5.200000000000000000e+02
4.735000000000000000e+03 -7.200000000000000000e+02 4.880000000000000000e+02 5.760000000000000000e+02
4.775000000000000000e+03 -7.200000000000000000e+02 4.960000000000000000e+02 5.680000000000000000e+02
4.815000000000000000e+03 -7.200000000000000000e+02 4.960000000000000000e+02 5.280000000000000000e+02
4.855000000000000000e+03 -7.040000000000000000e+02 5.040000000000000000e+02 5.680000000000000000e+02
4.895000000000000000e+03 -7.040000000000000000e+02 4.880000000000000000e+02 5.760000000000000000e+02
4.935000000000000000e+03 -7.200000000000000000e+02 4.720000000000000000e+02 5.680000000000000000e+02
4.975000000000000000e+03 -7.200000000000000000e+02 4.880000000000000000e+02 5.680000000000000000e+02
5.007000000000000000e+03 -7.200000000000000000e+02 5.040000000000000000e+02 5.760000000000000000e+02
5.047000000000000000e+03 -7.040000000000000000e+02 4.960000000000000000e+02 5.840000000000000000e+02
5.087000000000000000e+03 -7.120000000000000000e+02 5.120000000000000000e+02 5.600000000000000000e+02
5.127000000000000000e+03 -7.040000000000000000e+02 5.040000000000000000e+02 5.600000000000000000e+02
5.167000000000000000e+03 -7.280000000000000000e+02 5.200000000000000000e+02 5.600000000000000000e+02
5.207000000000000000e+03 -7.200000000000000000e+02 5.200000000000000000e+02 5.520000000000000000e+02
5.247000000000000000e+03 -7.360000000000000000e+02 5.040000000000000000e+02 6.080000000000000000e+02
5.287000000000000000e+03 -7.680000000000000000e+02 4.960000000000000000e+02 5.680000000000000000e+02
5.327000000000000000e+03 -7.200000000000000000e+02 4.960000000000000000e+02 5.360000000000000000e+02
5.367000000000000000e+03 -7.040000000000000000e+02 4.880000000000000000e+02 5.520000000000000000e+02
5.407000000000000000e+03 -7.040000000000000000e+02 4.720000000000000000e+02 5.920000000000000000e+02
5.447000000000000000e+03 -7.040000000000000000e+02 4.880000000000000000e+02 5.760000000000000000e+02
5.487000000000000000e+03 -7.040000000000000000e+02 4.960000000000000000e+02 5.520000000000000000e+02
5.527000000000000000e+03 -7.040000000000000000e+02 4.960000000000000000e+02 5.920000000000000000e+02
5.567000000000000000e+03 -7.040000000000000000e+02 5.040000000000000000e+02 5.680000000000000000e+02
5.607000000000000000e+03 -7.040000000000000000e+02 5.120000000000000000e+02 5.600000000000000000e+02
5.647000000000000000e+03 -7.120000000000000000e+02 4.800000000000000000e+02 5.040000000000000000e+02
5.687000000000000000e+03 -7.120000000000000000e+02 4.800000000000000000e+02 5.680000000000000000e+02
5.727000000000000000e+03 -7.040000000000000000e+02 4.880000000000000000e+02 5.760000000000000000e+02
5.767000000000000000e+03 -7.040000000000000000e+02 4.960000000000000000e+02 5.360000000000000000e+02
5.807000000000000000e+03 -7.040000000000000000e+02 4.880000000000000000e+02 5.760000000000000000e+02
5.847000000000000000e+03 -7.200000000000000000e+02 4.720000000000000000e+02 5.920000000000000000e+02
5.887000000000000000e+03 -7.200000000000000000e+02 4.880000000000000000e+02 5.680000000000000000e+02
5.927000000000000000e+03 -7.200000000000000000e+02 4.960000000000000000e+02 5.840000000000000000e+02
5.967000000000000000e+03 -7.040000000000000000e+02 4.960000000000000000e+02 6.000000000000000000e+02
6.000000000000000000e+03 -6.960000000000000000e+02 4.720000000000000000e+02 5.680000000000000000e+02
6.040000000000000000e+03 -7.040000000000000000e+02 4.720000000000000000e+02 5.760000000000000000e+02
6.080000000000000000e+03 -6.960000000000000000e+02 4.720000000000000000e+02 5.680000000000000000e+02
6.120000000000000000e+03 -6.960000000000000000e+02 4.640000000000000000e+02 5.360000000000000000e+02
6.160000000000000000e+03 -6.960000000000000000e+02 4.720000000000000000e+02 5.760000000000000000e+02
6.200000000000000000e+03 -7.040000000000000000e+02 4.720000000000000000e+02 5.600000000000000000e+02
6.240000000000000000e+03 -7.120000000000000000e+02 4.880000000000000000e+02 5.840000000000000000e+02
6.280000000000000000e+03 -7.120000000000000000e+02 4.880000000000000000e+02 5.600000000000000000e+02
6.320000000000000000e+03 -7.120000000000000000e+02 4.880000000000000000e+02 5.680000000000000000e+02
6.360000000000000000e+03 -7.040000000000000000e+02 4.800000000000000000e+02 5.760000000000000000e+02
6.400000000000000000e+03 -7.040000000000000000e+02 4.880000000000000000e+02 5.520000000000000000e+02
6.440000000000000000e+03 -7.040000000000000000e+02 4.880000000000000000e+02 5.680000000000000000e+02
6.480000000000000000e+03 -7.040000000000000000e+02 4.640000000000000000e+02 5.920000000000000000e+02
6.520000000000000000e+03 -7.040000000000000000e+02 4.880000000000000000e+02 5.520000000000000000e+02
6.560000000000000000e+03 -7.040000000000000000e+02 4.800000000000000000e+02 5.280000000000000000e+02
6.600000000000000000e+03 -7.120000000000000000e+02 4.880000000000000000e+02 6.000000000000000000e+02
6.640000000000000000e+03 -7.120000000000000000e+02 4.960000000000000000e+02 5.360000000000000000e+02
6.680000000000000000e+03 -7.120000000000000000e+02 4.880000000000000000e+02 5.600000000000000000e+02
6.720000000000000000e+03 -6.880000000000000000e+02 4.800000000000000000e+02 5.920000000000000000e+02
6.760000000000000000e+03 -6.880000000000000000e+02 4.720000000000000000e+02 5.520000000000000000e+02
6.800000000000000000e+03 -7.040000000000000000e+02 4.720000000000000000e+02 5.840000000000000000e+02
6.840000000000000000e+03 -7.120000000000000000e+02 4.880000000000000000e+02 5.840000000000000000e+02
6.880000000000000000e+03 -7.120000000000000000e+02 4.960000000000000000e+02 5.600000000000000000e+02
6.920000000000000000e+03 -7.040000000000000000e+02 5.120000000000000000e+02 5.600000000000000000e+02
6.960000000000000000e+03 -7.200000000000000000e+02 5.040000000000000000e+02 5.520000000000000000e+02
6.992000000000000000e+03 -7.280000000000000000e+02 4.800000000000000000e+02 5.680000000000000000e+02
7.032000000000000000e+03 -7.040000000000000000e+02 4.960000000000000000e+02 5.520000000000000000e+02
7.072000000000000000e+03 -6.960000000000000000e+02 4.960000000000000000e+02 5.680000000000000000e+02
7.112000000000000000e+03 -6.960000000000000000e+02 4.960000000000000000e+02 5.680000000000000000e+02
7.152000000000000000e+03 -6.880000000000000000e+02 4.640000000000000000e+02 5.920000000000000000e+02
7.192000000000000000e+03 -6.880000000000000000e+02 4.720000000000000000e+02 5.520000000000000000e+02
7.232000000000000000e+03 -7.120000000000000000e+02 5.040000000000000000e+02 5.840000000000000000e+02
7.272000000000000000e+03 -7.120000000000000000e+02 5.040000000000000000e+02 5.840000000000000000e+02
7.312000000000000000e+03 -7.120000000000000000e+02 5.040000000000000000e+02 5.680000000000000000e+02
7.352000000000000000e+03 -7.120000000000000000e+02 4.960000000000000000e+02 5.680000000000000000e+02
7.392000000000000000e+03 -7.120000000000000000e+02 4.880000000000000000e+02 5.680000000000000000e+02
7.432000000000000000e+03 -7.040000000000000000e+02 5.040000000000000000e+02 5.680000000000000000e+02
7.472000000000000000e+03 -7.120000000000000000e+02 4.640000000000000000e+02 5.680000000000000000e+02
7.512000000000000000e+03 -7.120000000000000000e+02 4.800000000000000000e+02 5.760000000000000000e+02
7.552000000000000000e+03 -7.120000000000000000e+02 4.800000000000000000e+02 6.320000000000000000e+02
7.592000000000000000e+03 -7.200000000000000000e+02 4.880000000000000000e+02 5.840000000000000000e+02
7.632000000000000000e+03 -7.280000000000000000e+02 4.960000000000000000e+02 5.200000000000000000e+02
7.672000000000000000e+03 -7.040000000000000000e+02 4.880000000000000000e+02 5.200000000000000000e+02
7.712000000000000000e+03 -7.120000000000000000e+02 5.120000000000000000e+02 5.600000000000000000e+02
7.752000000000000000e+03 -7.120000000000000000e+02 5.040000000000000000e+02 5.280000000000000000e+02
7.792000000000000000e+03 -6.880000000000000000e+02 5.040000000000000000e+02 5.520000000000000000e+02
7.832000000000000000e+03 -7.040000000000000000e+02 5.120000000000000000e+02 5.520000000000000000e+02
7.872000000000000000e+03 -6.960000000000000000e+02 5.120000000000000000e+02 5.600000000000000000e+02
7.912000000000000000e+03 -7.040000000000000000e+02 5.120000000000000000e+02 5.360000000000000000e+02
7.952000000000000000e+03 -7.040000000000000000e+02 5.040000000000000000e+02 5.440000000000000000e+02
7.984000000000000000e+03 -6.880000000000000000e+02 5.120000000000000000e+02 5.440000000000000000e+02
8.024000000000000000e+03 -6.800000000000000000e+02 4.880000000000000000e+02 5.360000000000000000e+02
8.064000000000000000e+03 -7.040000000000000000e+02 5.040000000000000000e+02 5.840000000000000000e+02
8.104000000000000000e+03 -7.040000000000000000e+02 4.640000000000000000e+02 5.440000000000000000e+02
8.144000000000000000e+03 -7.120000000000000000e+02 4.960000000000000000e+02 5.440000000000000000e+02
8.184000000000000000e+03 -7.040000000000000000e+02 4.880000000000000000e+02 4.880000000000000000e+02
8.224000000000000000e+03 -7.280000000000000000e+02 4.880000000000000000e+02 6.240000000000000000e+02
8.264000000000000000e+03 -7.120000000000000000e+02 5.200000000000000000e+02 6.080000000000000000e+02
8.304000000000000000e+03 -6.880000000000000000e+02 4.880000000000000000e+02 5.520000000000000000e+02
8.344000000000000000e+03 -6.960000000000000000e+02 4.720000000000000000e+02 5.840000000000000000e+02
8.384000000000000000e+03 -7.120000000000000000e+02 4.800000000000000000e+02 5.680000000000000000e+02
8.424000000000000000e+03 -7.120000000000000000e+02 4.720000000000000000e+02 5.680000000000000000e+02
8.464000000000000000e+03 -7.040000000000000000e+02 5.040000000000000000e+02 5.680000000000000000e+02
8.504000000000000000e+03 -7.120000000000000000e+02 4.960000000000000000e+02 5.360000000000000000e+02
8.544000000000000000e+03 -7.200000000000000000e+02 5.040000000000000000e+02 5.200000000000000000e+02
8.584000000000000000e+03 -7.040000000000000000e+02 5.440000000000000000e+02 5.120000000000000000e+02
8.624000000000000000e+03 -7.040000000000000000e+02 5.360000000000000000e+02 4.960000000000000000e+02
8.664000000000000000e+03 -7.120000000000000000e+02 5.440000000000000000e+02 5.440000000000000000e+02
8.704000000000000000e+03 -7.040000000000000000e+02 5.200000000000000000e+02 4.960000000000000000e+02
8.744000000000000000e+03 -7.280000000000000000e+02 5.360000000000000000e+02 5.040000000000000000e+02
8.784000000000000000e+03 -7.280000000000000000e+02 5.360000000000000000e+02 5.040000000000000000e+02
8.824000000000000000e+03 -7.200000000000000000e+02 5.280000000000000000e+02 5.280000000000000000e+02
8.864000000000000000e+03 -7.200000000000000000e+02 5.120000000000000000e+02 5.280000000000000000e+02
8.904000000000000000e+03 -7.280000000000000000e+02 5.120000000000000000e+02 5.280000000000000000e+02
8.944000000000000000e+03 -7.200000000000000000e+02 5.120000000000000000e+02 5.120000000000000000e+02
8.976000000000000000e+03 -7.280000000000000000e+02 4.880000000000000000e+02 4.960000000000000000e+02
9.016000000000000000e+03 -7.280000000000000000e+02 4.960000000000000000e+02 5.120000000000000000e+02
9.056000000000000000e+03 -7.040000000000000000e+02 4.960000000000000000e+02 5.200000000000000000e+02
9.096000000000000000e+03 -7.360000000000000000e+02 4.960000000000000000e+02 5.440000000000000000e+02
9.136000000000000000e+03 -7.280000000000000000e+02 5.040000000000000000e+02 5.440000000000000000e+02
9.176000000000000000e+03 -7.200000000000000000e+02 4.960000000000000000e+02 5.200000000000000000e+02
9.216000000000000000e+03 -7.040000000000000000e+02 4.960000000000000000e+02 5.440000000000000000e+02
9.256000000000000000e+03 -7.120000000000000000e+02 4.720000000000000000e+02 5.440000000000000000e+02
9.296000000000000000e+03 -7.200000000000000000e+02 4.880000000000000000e+02 5.520000000000000000e+02
9.336000000000000000e+03 -7.200000000000000000e+02 4.880000000000000000e+02 5.680000000000000000e+02
9.376000000000000000e+03 -7.280000000000000000e+02 4.720000000000000000e+02 6.000000000000000000e+02
9.416000000000000000e+03 -7.120000000000000000e+02 4.800000000000000000e+02 5.680000000000000000e+02
9.456000000000000000e+03 -7.120000000000000000e+02 4.800000000000000000e+02 5.520000000000000000e+02
9.496000000000000000e+03 -7.120000000000000000e+02 4.800000000000000000e+02 5.600000000000000000e+02
9.536000000000000000e+03 -7.120000000000000000e+02 4.880000000000000000e+02 5.360000000000000000e+02
9.576000000000000000e+03 -7.280000000000000000e+02 4.800000000000000000e+02 5.280000000000000000e+02
9.616000000000000000e+03 -7.120000000000000000e+02 4.800000000000000000e+02 5.840000000000000000e+02
9.656000000000000000e+03 -7.040000000000000000e+02 4.800000000000000000e+02 5.520000000000000000e+02
9.696000000000000000e+03 -6.960000000000000000e+02 4.880000000000000000e+02 6.160000000000000000e+02
9.736000000000000000e+03 -7.040000000000000000e+02 4.960000000000000000e+02 5.120000000000000000e+02
9.776000000000000000e+03 -7.040000000000000000e+02 4.880000000000000000e+02 5.920000000000000000e+02
9.816000000000000000e+03 -7.200000000000000000e+02 5.040000000000000000e+02 5.680000000000000000e+02
9.856000000000000000e+03 -7.040000000000000000e+02 4.640000000000000000e+02 5.360000000000000000e+02
9.896000000000000000e+03 -7.120000000000000000e+02 4.960000000000000000e+02 6.240000000000000000e+02
9.936000000000000000e+03 -7.040000000000000000e+02 4.720000000000000000e+02 5.200000000000000000e+02
9.968000000000000000e+03 -7.040000000000000000e+02 4.560000000000000000e+02 5.600000000000000000e+02
1.000800000000000000e+04 -7.200000000000000000e+02 4.720000000000000000e+02 5.680000000000000000e+02
1.004800000000000000e+04 -7.280000000000000000e+02 4.800000000000000000e+02 5.680000000000000000e+02
1.008800000000000000e+04 -7.200000000000000000e+02 4.880000000000000000e+02 5.760000000000000000e+02
1.012800000000000000e+04 -7.120000000000000000e+02 4.880000000000000000e+02 5.840000000000000000e+02
1.016800000000000000e+04 -7.120000000000000000e+02 4.880000000000000000e+02 5.600000000000000000e+02
1.020800000000000000e+04 -7.120000000000000000e+02 4.800000000000000000e+02 5.600000000000000000e+02
1.024800000000000000e+04 -7.040000000000000000e+02 4.800000000000000000e+02 5.680000000000000000e+02
1.028800000000000000e+04 -7.120000000000000000e+02 4.960000000000000000e+02 5.840000000000000000e+02
1.032800000000000000e+04 -7.120000000000000000e+02 4.880000000000000000e+02 5.360000000000000000e+02
1.036800000000000000e+04 -7.040000000000000000e+02 4.880000000000000000e+02 5.600000000000000000e+02
1.040800000000000000e+04 -6.800000000000000000e+02 4.960000000000000000e+02 5.440000000000000000e+02
1.044800000000000000e+04 -6.800000000000000000e+02 4.800000000000000000e+02 5.200000000000000000e+02
1.048800000000000000e+04 -6.880000000000000000e+02 4.880000000000000000e+02 6.000000000000000000e+02
1.052800000000000000e+04 -7.120000000000000000e+02 4.960000000000000000e+02 5.600000000000000000e+02
1.056800000000000000e+04 -7.040000000000000000e+02 4.880000000000000000e+02 5.600000000000000000e+02
1.060800000000000000e+04 -6.880000000000000000e+02 4.720000000000000000e+02 5.200000000000000000e+02
1.064800000000000000e+04 -6.960000000000000000e+02 4.880000000000000000e+02 5.760000000000000000e+02
1.068800000000000000e+04 -7.040000000000000000e+02 4.880000000000000000e+02 5.920000000000000000e+02
1.072800000000000000e+04 -7.120000000000000000e+02 4.880000000000000000e+02 5.600000000000000000e+02
1.076800000000000000e+04 -7.040000000000000000e+02 4.880000000000000000e+02 5.280000000000000000e+02
1.080800000000000000e+04 -7.040000000000000000e+02 4.800000000000000000e+02 5.920000000000000000e+02
1.084800000000000000e+04 -7.120000000000000000e+02 4.720000000000000000e+02 5.680000000000000000e+02
1.088800000000000000e+04 -6.960000000000000000e+02 4.800000000000000000e+02 5.920000000000000000e+02
1.092800000000000000e+04 -7.040000000000000000e+02 4.800000000000000000e+02 5.360000000000000000e+02
1.096000000000000000e+04 -7.040000000000000000e+02 4.800000000000000000e+02 6.080000000000000000e+02
1.100000000000000000e+04 -7.120000000000000000e+02 4.880000000000000000e+02 5.760000000000000000e+02
1.104000000000000000e+04 -6.960000000000000000e+02 4.640000000000000000e+02 6.560000000000000000e+02
1.108000000000000000e+04 -6.880000000000000000e+02 4.480000000000000000e+02 6.160000000000000000e+02
1.112000000000000000e+04 -6.960000000000000000e+02 4.480000000000000000e+02 6.160000000000000000e+02
1.116000000000000000e+04 -7.040000000000000000e+02 4.320000000000000000e+02 6.240000000000000000e+02
1.120000000000000000e+04 -6.880000000000000000e+02 4.240000000000000000e+02 6.080000000000000000e+02
1.124000000000000000e+04 -6.960000000000000000e+02 4.400000000000000000e+02 6.160000000000000000e+02
1.128000000000000000e+04 -6.800000000000000000e+02 4.480000000000000000e+02 6.160000000000000000e+02
1.132000000000000000e+04 -6.960000000000000000e+02 4.400000000000000000e+02 5.920000000000000000e+02
1.136000000000000000e+04 -6.800000000000000000e+02 4.480000000000000000e+02 5.920000000000000000e+02
1.140000000000000000e+04 -6.960000000000000000e+02 4.480000000000000000e+02 6.000000000000000000e+02
1.144000000000000000e+04 -7.040000000000000000e+02 4.400000000000000000e+02 5.840000000000000000e+02
1.148000000000000000e+04 -7.040000000000000000e+02 4.400000000000000000e+02 6.000000000000000000e+02
1.152000000000000000e+04 -7.040000000000000000e+02 4.400000000000000000e+02 6.080000000000000000e+02
1.156000000000000000e+04 -6.960000000000000000e+02 4.480000000000000000e+02 5.920000000000000000e+02
1.160000000000000000e+04 -7.120000000000000000e+02 4.640000000000000000e+02 6.080000000000000000e+02
1.164000000000000000e+04 -6.960000000000000000e+02 4.640000000000000000e+02 5.920000000000000000e+02
1.168000000000000000e+04 -7.040000000000000000e+02 4.640000000000000000e+02 6.320000000000000000e+02
1.172000000000000000e+04 -6.960000000000000000e+02 4.480000000000000000e+02 6.080000000000000000e+02
1.176000000000000000e+04 -6.960000000000000000e+02 4.560000000000000000e+02 5.920000000000000000e+02
1.180000000000000000e+04 -6.800000000000000000e+02 4.560000000000000000e+02 5.680000000000000000e+02
1.184000000000000000e+04 -6.880000000000000000e+02 4.480000000000000000e+02 5.680000000000000000e+02
1.188000000000000000e+04 -6.880000000000000000e+02 4.400000000000000000e+02 6.080000000000000000e+02
1.192000000000000000e+04 -6.800000000000000000e+02 4.400000000000000000e+02 6.000000000000000000e+02
1.195200000000000000e+04 -6.720000000000000000e+02 4.480000000000000000e+02 6.080000000000000000e+02
1.199200000000000000e+04 -6.880000000000000000e+02 4.720000000000000000e+02 6.480000000000000000e+02
1.203200000000000000e+04 -6.880000000000000000e+02 4.640000000000000000e+02 6.160000000000000000e+02
1.207200000000000000e+04 -6.720000000000000000e+02 4.560000000000000000e+02 6.320000000000000000e+02
1.211200000000000000e+04 -6.640000000000000000e+02 4.480000000000000000e+02 6.720000000000000000e+02
1.215200000000000000e+04 -6.640000000000000000e+02 4.560000000000000000e+02 6.400000000000000000e+02
1.219200000000000000e+04 -6.560000000000000000e+02 4.480000000000000000e+02 6.320000000000000000e+02
1.223200000000000000e+04 -6.480000000000000000e+02 4.320000000000000000e+02 5.920000000000000000e+02
1.227200000000000000e+04 -6.640000000000000000e+02 4.560000000000000000e+02 6.080000000000000000e+02
1.231200000000000000e+04 -6.640000000000000000e+02 4.480000000000000000e+02 6.480000000000000000e+02
1.235200000000000000e+04 -6.640000000000000000e+02 4.560000000000000000e+02 6.720000000000000000e+02
1.239200000000000000e+04 -6.640000000000000000e+02 4.800000000000000000e+02 6.960000000000000000e+02
1.243200000000000000e+04 -6.400000000000000000e+02 5.040000000000000000e+02 7.360000000000000000e+02
1.247200000000000000e+04 -6.560000000000000000e+02 4.880000000000000000e+02 5.600000000000000000e+02
1.251200000000000000e+04 -6.240000000000000000e+02 4.560000000000000000e+02 5.360000000000000000e+02
1.255200000000000000e+04 -6.720000000000000000e+02 5.120000000000000000e+02 6.240000000000000000e+02
1.259200000000000000e+04 -6.800000000000000000e+02 5.440000000000000000e+02 5.760000000000000000e+02
1.263200000000000000e+04 -6.640000000000000000e+02 5.680000000000000000e+02 5.520000000000000000e+02
1.267200000000000000e+04 -6.640000000000000000e+02 6.000000000000000000e+02 4.880000000000000000e+02
1.271200000000000000e+04 -6.560000000000000000e+02 6.240000000000000000e+02 4.640000000000000000e+02
1.275200000000000000e+04 -6.560000000000000000e+02 6.400000000000000000e+02 5.040000000000000000e+02
1.279200000000000000e+04 -6.800000000000000000e+02 6.720000000000000000e+02 4.880000000000000000e+02
1.283200000000000000e+04 -6.720000000000000000e+02 6.640000000000000000e+02 4.640000000000000000e+02
1.287200000000000000e+04 -6.640000000000000000e+02 6.480000000000000000e+02 4.480000000000000000e+02
1.291200000000000000e+04 -6.640000000000000000e+02 6.640000000000000000e+02 4.560000000000000000e+02
1.294400000000000000e+04 -6.640000000000000000e+02 6.560000000000000000e+02 4.640000000000000000e+02
1.298400000000000000e+04 -6.560000000000000000e+02 6.240000000000000000e+02 3.440000000000000000e+02
1.302400000000000000e+04 -6.480000000000000000e+02 6.480000000000000000e+02 4.000000000000000000e+02
1.306400000000000000e+04 -6.800000000000000000e+02 6.800000000000000000e+02 4.480000000000000000e+02
1.310400000000000000e+04 -6.560000000000000000e+02 6.400000000000000000e+02 4.800000000000000000e+02
1.314400000000000000e+04 -6.560000000000000000e+02 6.160000000000000000e+02 5.520000000000000000e+02
1.318400000000000000e+04 -6.480000000000000000e+02 6.000000000000000000e+02 5.840000000000000000e+02
1.322400000000000000e+04 -6.320000000000000000e+02 5.920000000000000000e+02 6.320000000000000000e+02
1.326400000000000000e+04 -6.400000000000000000e+02 5.440000000000000000e+02 6.000000000000000000e+02
1.330400000000000000e+04 -6.400000000000000000e+02 5.600000000000000000e+02 6.080000000000000000e+02
1.334400000000000000e+04 -6.400000000000000000e+02 5.200000000000000000e+02 6.400000000000000000e+02
1.338400000000000000e+04 -6.400000000000000000e+02 5.120000000000000000e+02 7.200000000000000000e+02
1.342400000000000000e+04 -6.560000000000000000e+02 5.280000000000000000e+02 6.640000000000000000e+02
1.346400000000000000e+04 -6.400000000000000000e+02 4.800000000000000000e+02 6.240000000000000000e+02
1.350400000000000000e+04 -6.320000000000000000e+02 4.880000000000000000e+02 6.080000000000000000e+02
1.354400000000000000e+04 -6.560000000000000000e+02 4.640000000000000000e+02 6.560000000000000000e+02
1.358400000000000000e+04 -6.560000000000000000e+02 4.800000000000000000e+02 6.240000000000000000e+02
1.362400000000000000e+04 -6.560000000000000000e+02 5.120000000000000000e+02 6.720000000000000000e+02
1.366400000000000000e+04 -6.480000000000000000e+02 4.960000000000000000e+02 6.400000000000000000e+02
1.370400000000000000e+04 -6.480000000000000000e+02 4.960000000000000000e+02 6.160000000000000000e+02
1.374400000000000000e+04 -6.480000000000000000e+02 4.720000000000000000e+02 6.160000000000000000e+02
1.378400000000000000e+04 -6.560000000000000000e+02 4.560000000000000000e+02 6.400000000000000000e+02
1.382400000000000000e+04 -6.640000000000000000e+02 4.640000000000000000e+02 5.600000000000000000e+02
1.386400000000000000e+04 -6.160000000000000000e+02 4.960000000000000000e+02 6.480000000000000000e+02
1.390400000000000000e+04 -6.320000000000000000e+02 5.040000000000000000e+02 6.080000000000000000e+02
1.393500000000000000e+04 -6.480000000000000000e+02 4.960000000000000000e+02 5.840000000000000000e+02
1.397500000000000000e+04 -6.480000000000000000e+02 4.960000000000000000e+02 5.920000000000000000e+02
1.401500000000000000e+04 -6.560000000000000000e+02 5.040000000000000000e+02 6.000000000000000000e+02
1.405500000000000000e+04 -6.560000000000000000e+02 4.960000000000000000e+02 5.920000000000000000e+02
1.409500000000000000e+04 -6.480000000000000000e+02 4.960000000000000000e+02 6.000000000000000000e+02
1.413500000000000000e+04 -6.640000000000000000e+02 4.960000000000000000e+02 6.000000000000000000e+02
1.417500000000000000e+04 -6.640000000000000000e+02 5.120000000000000000e+02 5.760000000000000000e+02
1.421500000000000000e+04 -6.640000000000000000e+02 5.120000000000000000e+02 6.000000000000000000e+02
1.425500000000000000e+04 -6.560000000000000000e+02 5.200000000000000000e+02 5.840000000000000000e+02
1.429500000000000000e+04 -6.640000000000000000e+02 5.280000000000000000e+02 6.240000000000000000e+02
1.433500000000000000e+04 -6.640000000000000000e+02 5.040000000000000000e+02 6.160000000000000000e+02
1.437500000000000000e+04 -6.560000000000000000e+02 4.960000000000000000e+02 6.000000000000000000e+02
1.441500000000000000e+04 -6.640000000000000000e+02 4.800000000000000000e+02 5.760000000000000000e+02
1.445500000000000000e+04 -6.640000000000000000e+02 4.960000000000000000e+02 6.560000000000000000e+02
1.449500000000000000e+04 -6.560000000000000000e+02 5.120000000000000000e+02 6.320000000000000000e+02
1.453500000000000000e+04 -6.640000000000000000e+02 4.880000000000000000e+02 6.320000000000000000e+02
1.457500000000000000e+04 -6.560000000000000000e+02 4.880000000000000000e+02 6.320000000000000000e+02
1.461500000000000000e+04 -6.560000000000000000e+02 4.800000000000000000e+02 6.080000000000000000e+02
1.465500000000000000e+04 -6.560000000000000000e+02 4.800000000000000000e+02 6.240000000000000000e+02
1.469500000000000000e+04 -6.480000000000000000e+02 4.960000000000000000e+02 6.160000000000000000e+02
1.473500000000000000e+04 -6.640000000000000000e+02 4.800000000000000000e+02 6.240000000000000000e+02
1.477500000000000000e+04 -6.640000000000000000e+02 4.800000000000000000e+02 6.320000000000000000e+02
1.481500000000000000e+04 -6.560000000000000000e+02 4.800000000000000000e+02 6.400000000000000000e+02
1.485500000000000000e+04 -6.560000000000000000e+02 4.800000000000000000e+02 6.480000000000000000e+02
1.489500000000000000e+04 -6.720000000000000000e+02 5.200000000000000000e+02 6.800000000000000000e+02
1.492700000000000000e+04 -6.720000000000000000e+02 4.960000000000000000e+02 6.080000000000000000e+02
1.496700000000000000e+04 -6.640000000000000000e+02 4.800000000000000000e+02 5.840000000000000000e+02
1.500700000000000000e+04 -6.640000000000000000e+02 4.400000000000000000e+02 6.800000000000000000e+02
1.504700000000000000e+04 -6.560000000000000000e+02 4.240000000000000000e+02 6.800000000000000000e+02
1.508700000000000000e+04 -6.480000000000000000e+02 4.240000000000000000e+02 6.720000000000000000e+02
1.512700000000000000e+04 -6.560000000000000000e+02 4.240000000000000000e+02 6.320000000000000000e+02
1.516700000000000000e+04 -6.720000000000000000e+02 4.400000000000000000e+02 6.400000000000000000e+02
1.520700000000000000e+04 -6.960000000000000000e+02 4.320000000000000000e+02 6.880000000000000000e+02
1.524700000000000000e+04 -6.720000000000000000e+02 4.480000000000000000e+02 6.400000000000000000e+02
1.528700000000000000e+04 -6.640000000000000000e+02 4.320000000000000000e+02 5.840000000000000000e+02
1.532700000000000000e+04 -6.720000000000000000e+02 4.480000000000000000e+02 6.640000000000000000e+02
1.536700000000000000e+04 -6.800000000000000000e+02 4.400000000000000000e+02 6.240000000000000000e+02
1.540700000000000000e+04 -6.480000000000000000e+02 4.240000000000000000e+02 6.080000000000000000e+02
1.544700000000000000e+04 -6.560000000000000000e+02 4.160000000000000000e+02 6.320000000000000000e+02
1.548700000000000000e+04 -6.640000000000000000e+02 4.240000000000000000e+02 6.560000000000000000e+02
1.552700000000000000e+04 -6.880000000000000000e+02 4.320000000000000000e+02 6.160000000000000000e+02
1.556700000000000000e+04 -6.960000000000000000e+02 4.320000000000000000e+02 6.640000000000000000e+02
1.560700000000000000e+04 -6.800000000000000000e+02 4.320000000000000000e+02 6.800000000000000000e+02
1.564700000000000000e+04 -6.560000000000000000e+02 4.400000000000000000e+02 6.640000000000000000e+02
1.568700000000000000e+04 -6.480000000000000000e+02 4.240000000000000000e+02 6.640000000000000000e+02
1.572700000000000000e+04 -6.240000000000000000e+02 4.160000000000000000e+02 6.880000000000000000e+02
1.576700000000000000e+04 -6.320000000000000000e+02 4.240000000000000000e+02 6.880000000000000000e+02
1.580700000000000000e+04 -6.480000000000000000e+02 4.400000000000000000e+02 7.280000000000000000e+02
1.584700000000000000e+04 -6.560000000000000000e+02 4.880000000000000000e+02 7.440000000000000000e+02
1.588700000000000000e+04 -6.640000000000000000e+02 4.800000000000000000e+02 6.640000000000000000e+02
1.592000000000000000e+04 -6.560000000000000000e+02 4.800000000000000000e+02 6.400000000000000000e+02
1.596000000000000000e+04 -6.240000000000000000e+02 4.800000000000000000e+02 6.880000000000000000e+02
1.600000000000000000e+04 -6.400000000000000000e+02 4.400000000000000000e+02 7.040000000000000000e+02
1.604000000000000000e+04 -6.640000000000000000e+02 4.320000000000000000e+02 6.480000000000000000e+02
1.608000000000000000e+04 -6.800000000000000000e+02 4.160000000000000000e+02 6.080000000000000000e+02
1.612000000000000000e+04 -6.800000000000000000e+02 4.240000000000000000e+02 6.800000000000000000e+02
1.616000000000000000e+04 -6.800000000000000000e+02 4.240000000000000000e+02 6.160000000000000000e+02
1.620000000000000000e+04 -6.560000000000000000e+02 4.400000000000000000e+02 6.640000000000000000e+02
1.624000000000000000e+04 -6.560000000000000000e+02 4.480000000000000000e+02 6.480000000000000000e+02
1.628000000000000000e+04 -6.400000000000000000e+02 4.560000000000000000e+02 6.160000000000000000e+02
1.632000000000000000e+04 -6.400000000000000000e+02 4.240000000000000000e+02 6.480000000000000000e+02
1.636000000000000000e+04 -6.560000000000000000e+02 4.240000000000000000e+02 6.400000000000000000e+02
1.640000000000000000e+04 -6.720000000000000000e+02 4.240000000000000000e+02 6.160000000000000000e+02
1.644000000000000000e+04 -6.400000000000000000e+02 4.160000000000000000e+02 6.720000000000000000e+02
1.648000000000000000e+04 -6.400000000000000000e+02 4.320000000000000000e+02 6.720000000000000000e+02
1.652000000000000000e+04 -6.400000000000000000e+02 4.320000000000000000e+02 6.800000000000000000e+02
1.656000000000000000e+04 -6.480000000000000000e+02 4.320000000000000000e+02 7.440000000000000000e+02
1.660000000000000000e+04 -6.640000000000000000e+02 4.400000000000000000e+02 6.480000000000000000e+02
1.664000000000000000e+04 -6.880000000000000000e+02 4.400000000000000000e+02 6.560000000000000000e+02
1.668000000000000000e+04 -6.720000000000000000e+02 4.320000000000000000e+02 7.120000000000000000e+02
1.672000000000000000e+04 -6.480000000000000000e+02 4.160000000000000000e+02 6.720000000000000000e+02
1.676000000000000000e+04 -6.480000000000000000e+02 4.240000000000000000e+02 6.720000000000000000e+02
1.680000000000000000e+04 -6.480000000000000000e+02 4.160000000000000000e+02 6.880000000000000000e+02
1.684000000000000000e+04 -6.560000000000000000e+02 4.320000000000000000e+02 6.880000000000000000e+02
1.688000000000000000e+04 -6.640000000000000000e+02 4.400000000000000000e+02 6.320000000000000000e+02
1.691200000000000000e+04 -6.640000000000000000e+02 4.400000000000000000e+02 6.480000000000000000e+02
1.695200000000000000e+04 -6.320000000000000000e+02 4.320000000000000000e+02 6.640000000000000000e+02
1.699200000000000000e+04 -6.240000000000000000e+02 4.480000000000000000e+02 6.400000000000000000e+02
1.703200000000000000e+04 -6.480000000000000000e+02 4.480000000000000000e+02 6.240000000000000000e+02
1.707200000000000000e+04 -6.320000000000000000e+02 4.400000000000000000e+02 6.800000000000000000e+02
1.711200000000000000e+04 -6.480000000000000000e+02 4.480000000000000000e+02 6.960000000000000000e+02
1.715200000000000000e+04 -6.560000000000000000e+02 4.400000000000000000e+02 7.200000000000000000e+02
1.719200000000000000e+04 -6.640000000000000000e+02 4.640000000000000000e+02 7.120000000000000000e+02
1.723200000000000000e+04 -6.560000000000000000e+02 4.480000000000000000e+02 7.120000000000000000e+02
1.727200000000000000e+04 -6.560000000000000000e+02 4.400000000000000000e+02 6.640000000000000000e+02
1.731200000000000000e+04 -6.640000000000000000e+02 4.320000000000000000e+02 6.640000000000000000e+02
1.735200000000000000e+04 -6.560000000000000000e+02 4.160000000000000000e+02 6.400000000000000000e+02
1.739200000000000000e+04 -6.400000000000000000e+02 4.160000000000000000e+02 6.400000000000000000e+02
1.743200000000000000e+04 -6.480000000000000000e+02 4.480000000000000000e+02 6.640000000000000000e+02
1.747200000000000000e+04 -6.720000000000000000e+02 4.400000000000000000e+02 6.240000000000000000e+02
1.751200000000000000e+04 -6.800000000000000000e+02 4.160000000000000000e+02 7.040000000000000000e+02
1.755200000000000000e+04 -6.560000000000000000e+02 4.320000000000000000e+02 6.640000000000000000e+02
1.759200000000000000e+04 -6.640000000000000000e+02 4.640000000000000000e+02 6.400000000000000000e+02
1.763200000000000000e+04 -6.560000000000000000e+02 4.080000000000000000e+02 6.880000000000000000e+02
1.767200000000000000e+04 -6.560000000000000000e+02 3.920000000000000000e+02 6.800000000000000000e+02
1.771200000000000000e+04 -6.720000000000000000e+02 4.000000000000000000e+02 6.720000000000000000e+02
1.775200000000000000e+04 -6.720000000000000000e+02 4.000000000000000000e+02 7.120000000000000000e+02
1.779200000000000000e+04 -6.720000000000000000e+02 4.080000000000000000e+02 6.800000000000000000e+02
1.783200000000000000e+04 -6.560000000000000000e+02 3.920000000000000000e+02 7.040000000000000000e+02
1.787200000000000000e+04 -6.560000000000000000e+02 3.600000000000000000e+02 6.960000000000000000e+02
1.790400000000000000e+04 -6.400000000000000000e+02 3.520000000000000000e+02 7.120000000000000000e+02
1.794400000000000000e+04 -6.400000000000000000e+02 3.440000000000000000e+02 7.520000000000000000e+02
1.798400000000000000e+04 -6.480000000000000000e+02 3.440000000000000000e+02 7.120000000000000000e+02
1.802400000000000000e+04 -6.480000000000000000e+02 3.280000000000000000e+02 7.040000000000000000e+02
1.806400000000000000e+04 -6.480000000000000000e+02 3.120000000000000000e+02 6.960000000000000000e+02
1.810400000000000000e+04 -6.560000000000000000e+02 3.280000000000000000e+02 7.280000000000000000e+02
1.814400000000000000e+04 -6.560000000000000000e+02 3.440000000000000000e+02 7.120000000000000000e+02
1.818400000000000000e+04 -6.560000000000000000e+02 3.280000000000000000e+02 6.720000000000000000e+02
1.822400000000000000e+04 -6.640000000000000000e+02 3.040000000000000000e+02 7.520000000000000000e+02
1.826400000000000000e+04 -6.560000000000000000e+02 3.040000000000000000e+02 7.040000000000000000e+02
1.830400000000000000e+04 -6.560000000000000000e+02 3.280000000000000000e+02 7.040000000000000000e+02
1.834400000000000000e+04 -6.560000000000000000e+02 3.200000000000000000e+02 7.360000000000000000e+02
1.838400000000000000e+04 -6.480000000000000000e+02 3.040000000000000000e+02 7.280000000000000000e+02
1.842400000000000000e+04 -6.640000000000000000e+02 3.040000000000000000e+02 7.520000000000000000e+02
1.846400000000000000e+04 -6.480000000000000000e+02 3.280000000000000000e+02 7.040000000000000000e+02
1.850400000000000000e+04 -6.560000000000000000e+02 3.360000000000000000e+02 6.960000000000000000e+02
1.854400000000000000e+04 -6.640000000000000000e+02 3.360000000000000000e+02 6.640000000000000000e+02
1.858400000000000000e+04 -6.640000000000000000e+02 3.200000000000000000e+02 7.120000000000000000e+02
1.862400000000000000e+04 -6.640000000000000000e+02 3.360000000000000000e+02 6.480000000000000000e+02
1.866400000000000000e+04 -6.720000000000000000e+02 3.440000000000000000e+02 6.880000000000000000e+02
1.870400000000000000e+04 -6.720000000000000000e+02 3.360000000000000000e+02 6.640000000000000000e+02
1.874400000000000000e+04 -6.720000000000000000e+02 3.440000000000000000e+02 7.280000000000000000e+02
1.878400000000000000e+04 -6.800000000000000000e+02 3.440000000000000000e+02 7.360000000000000000e+02
1.882400000000000000e+04 -6.720000000000000000e+02 3.440000000000000000e+02 6.960000000000000000e+02
1.886400000000000000e+04 -6.880000000000000000e+02 3.440000000000000000e+02 7.040000000000000000e+02
1.889500000000000000e+04 -6.640000000000000000e+02 3.440000000000000000e+02 6.800000000000000000e+02
1.893500000000000000e+04 -6.480000000000000000e+02 3.600000000000000000e+02 6.800000000000000000e+02
1.897500000000000000e+04 -6.640000000000000000e+02 3.440000000000000000e+02 7.040000000000000000e+02
1.901500000000000000e+04 -6.800000000000000000e+02 3.600000000000000000e+02 7.040000000000000000e+02
1.905500000000000000e+04 -6.640000000000000000e+02 3.520000000000000000e+02 7.280000000000000000e+02
1.909500000000000000e+04 -6.480000000000000000e+02 3.680000000000000000e+02 6.800000000000000000e+02
1.913500000000000000e+04 -6.480000000000000000e+02 3.760000000000000000e+02 6.640000000000000000e+02
1.917500000000000000e+04 -6.480000000000000000e+02 3.600000000000000000e+02 6.880000000000000000e+02
1.921500000000000000e+04 -6.720000000000000000e+02 3.840000000000000000e+02 6.720000000000000000e+02
1.925500000000000000e+04 -6.640000000000000000e+02 3.840000000000000000e+02 6.560000000000000000e+02
1.929500000000000000e+04 -6.640000000000000000e+02 4.000000000000000000e+02 6.480000000000000000e+02
1.933500000000000000e+04 -6.640000000000000000e+02 4.000000000000000000e+02 6.800000000000000000e+02
1.937500000000000000e+04 -6.720000000000000000e+02 3.840000000000000000e+02 6.320000000000000000e+02
1.941500000000000000e+04 -6.720000000000000000e+02 3.920000000000000000e+02 6.880000000000000000e+02
1.945500000000000000e+04 -6.800000000000000000e+02 4.080000000000000000e+02 6.800000000000000000e+02
1.949500000000000000e+04 -6.960000000000000000e+02 3.920000000000000000e+02 5.920000000000000000e+02
1.953500000000000000e+04 -6.960000000000000000e+02 4.400000000000000000e+02 6.320000000000000000e+02
1.957500000000000000e+04 -6.800000000000000000e+02 4.480000000000000000e+02 6.000000000000000000e+02
1.961500000000000000e+04 -6.480000000000000000e+02 4.400000000000000000e+02 6.160000000000000000e+02
1.965500000000000000e+04 -6.640000000000000000e+02 4.480000000000000000e+02 6.400000000000000000e+02
1.969500000000000000e+04 -6.480000000000000000e+02 4.480000000000000000e+02 5.920000000000000000e+02
1.973500000000000000e+04 -6.640000000000000000e+02 4.320000000000000000e+02 6.320000000000000000e+02
1.977500000000000000e+04 -6.800000000000000000e+02 4.160000000000000000e+02 6.400000000000000000e+02
1.981500000000000000e+04 -7.040000000000000000e+02 4.080000000000000000e+02 6.960000000000000000e+02
1.985500000000000000e+04 -6.880000000000000000e+02 4.160000000000000000e+02 6.800000000000000000e+02
