7.700000000000000000e+01 -1.120000000000000000e+02 5.360000000000000000e+02 -8.320000000000000000e+02
1.170000000000000000e+02 -1.120000000000000000e+02 5.440000000000000000e+02 -8.480000000000000000e+02
1.570000000000000000e+02 -1.040000000000000000e+02 5.440000000000000000e+02 -8.400000000000000000e+02
1.970000000000000000e+02 -1.120000000000000000e+02 5.440000000000000000e+02 -8.240000000000000000e+02
2.370000000000000000e+02 -1.040000000000000000e+02 5.360000000000000000e+02 -8.400000000000000000e+02
2.770000000000000000e+02 -1.120000000000000000e+02 5.520000000000000000e+02 -8.480000000000000000e+02
3.170000000000000000e+02 -1.120000000000000000e+02 5.520000000000000000e+02 -8.480000000000000000e+02
3.570000000000000000e+02 -1.040000000000000000e+02 5.440000000000000000e+02 -8.640000000000000000e+02
3.970000000000000000e+02 -1.040000000000000000e+02 5.520000000000000000e+02 -9.200000000000000000e+02
4.370000000000000000e+02 -1.040000000000000000e+02 5.440000000000000000e+02 -8.400000000000000000e+02
4.770000000000000000e+02 -1.120000000000000000e+02 5.280000000000000000e+02 -8.320000000000000000e+02
5.170000000000000000e+02 -1.040000000000000000e+02 5.360000000000000000e+02 -8.400000000000000000e+02
5.570000000000000000e+02 -1.120000000000000000e+02 5.440000000000000000e+02 -8.560000000000000000e+02
5.970000000000000000e+02 -1.120000000000000000e+02 5.520000000000000000e+02 -8.480000000000000000e+02
6.370000000000000000e+02 -1.120000000000000000e+02 5.520000000000000000e+02 -8.240000000000000000e+02
6.770000000000000000e+02 -1.040000000000000000e+02 5.360000000000000000e+02 -8.640000000000000000e+02
7.170000000000000000e+02 -1.040000000000000000e+02 5.520000000000000000e+02 -8.320000000000000000e+02
7.570000000000000000e+02 -1.120000000000000000e+02 5.520000000000000000e+02 -8.400000000000000000e+02
7.970000000000000000e+02 -1.040000000000000000e+02 5.520000000000000000e+02 -8.400000000000000000e+02
8.370000000000000000e+02 -1.040000000000000000e+02 5.600000000000000000e+02 -8.400000000000000000e+02
8.770000000000000000e+02 -1.040000000000000000e+02 5.520000000000000000e+02 -8.480000000000000000e+02
9.170000000000000000e+02 -1.040000000000000000e+02 5.440000000000000000e+02 -8.400000000000000000e+02
9.570000000000000000e+02 -1.040000000000000000e+02 5.440000000000000000e+02 -8.480000000000000000e+02
9.970000000000000000e+02 -1.040000000000000000e+02 5.520000000000000000e+02 -8.480000000000000000e+02
1.037000000000000000e+03 -1.040000000000000000e+02 5.520000000000000000e+02 -8.400000000000000000e+02
1.070000000000000000e+03 -1.040000000000000000e+02 5.520000000000000000e+02 -8.640000000000000000e+02
1.110000000000000000e+03 -1.040000000000000000e+02 5.520000000000000000e+02 -8.480000000000000000e+02
1.150000000000000000e+03 -1.120000000000000000e+02 5.520000000000000000e+02 -8.800000000000000000e+02
1.190000000000000000e+03 -1.120000000000000000e+02 5.600000000000000000e+02 -8.400000000000000000e+02
1.230000000000000000e+03 -1.040000000000000000e+02 5.600000000000000000e+02 -8.400000000000000000e+02
1.270000000000000000e+03 -1.040000000000000000e+02 5.520000000000000000e+02 -8.400000000000000000e+02
1.310000000000000000e+03 -1.040000000000000000e+02 5.600000000000000000e+02 -8.400000000000000000e+02
1.350000000000000000e+03 -1.040000000000000000e+02 5.600000000000000000e+02 -8.400000000000000000e+02
1.390000000000000000e+03 -1.040000000000000000e+02 5.520000000000000000e+02 -8.320000000000000000e+02
1.430000000000000000e+03 -1.040000000000000000e+02 5.440000000000000000e+02 -8.320000000000000000e+02
1.470000000000000000e+03 -1.040000000000000000e+02 5.520000000000000000e+02 -8.240000000000000000e+02
1.510000000000000000e+03 -1.040000000000000000e+02 5.440000000000000000e+02 -8.560000000000000000e+02
1.550000000000000000e+03 -9.600000000000000000e+01 5.520000000000000000e+02 -8.480000000000000000e+02
1.590000000000000000e+03 -9.600000000000000000e+01 5.360000000000000000e+02 -8.400000000000000000e+02
1.630000000000000000e+03 -1.040000000000000000e+02 5.600000000000000000e+02 -8.480000000000000000e+02
1.670000000000000000e+03 -9.600000000000000000e+01 5.600000000000000000e+02 -8.480000000000000000e+02
1.710000000000000000e+03 -1.040000000000000000e+02 5.600000000000000000e+02 -8.480000000000000000e+02
1.750000000000000000e+03 -9.600000000000000000e+01 5.600000000000000000e+02 -8.400000000000000000e+02
1.790000000000000000e+03 -9.600000000000000000e+01 5.600000000000000000e+02 -8.480000000000000000e+02
1.830000000000000000e+03 -1.040000000000000000e+02 5.520000000000000000e+02 -8.480000000000000000e+02
1.870000000000000000e+03 -1.040000000000000000e+02 5.520000000000000000e+02 -8.640000000000000000e+02
1.910000000000000000e+03 -1.200000000000000000e+02 5.600000000000000000e+02 -8.480000000000000000e+02
1.950000000000000000e+03 -1.120000000000000000e+02 5.520000000000000000e+02 -8.400000000000000000e+02
1.990000000000000000e+03 -1.120000000000000000e+02 5.360000000000000000e+02 -8.400000000000000000e+02
2.030000000000000000e+03 -1.040000000000000000e+02 5.440000000000000000e+02 -8.320000000000000000e+02
2.062000000000000000e+03 -1.120000000000000000e+02 5.520000000000000000e+02 -8.240000000000000000e+02
2.102000000000000000e+03 -1.120000000000000000e+02 5.440000000000000000e+02 -8.560000000000000000e+02
2.142000000000000000e+03 -1.040000000000000000e+02 5.520000000000000000e+02 -8.320000000000000000e+02
2.182000000000000000e+03 -1.040000000000000000e+02 5.520000000000000000e+02 -8.320000000000000000e+02
2.222000000000000000e+03 -1.040000000000000000e+02 5.440000000000000000e+02 -8.160000000000000000e+02
2.262000000000000000e+03 -1.040000000000000000e+02 5.280000000000000000e+02 -8.240000000000000000e+02
2.302000000000000000e+03 -9.600000000000000000e+01 5.360000000000000000e+02 -8.480000000000000000e+02
2.342000000000000000e+03 -1.120000000000000000e+02 5.360000000000000000e+02 -8.400000000000000000e+02
2.382000000000000000e+03 -1.040000000000000000e+02 5.520000000000000000e+02 -8.320000000000000000e+02
2.422000000000000000e+03 -1.040000000000000000e+02 5.600000000000000000e+02 -8.400000000000000000e+02
2.462000000000000000e+03 -1.040000000000000000e+02 5.600000000000000000e+02 -8.640000000000000000e+02
2.502000000000000000e+03 -1.120000000000000000e+02 5.520000000000000000e+02 -8.320000000000000000e+02
2.542000000000000000e+03 -1.040000000000000000e+02 5.680000000000000000e+02 -8.320000000000000000e+02
2.582000000000000000e+03 -1.040000000000000000e+02 5.520000000000000000e+02 -8.640000000000000000e+02
2.622000000000000000e+03 -1.040000000000000000e+02 5.440000000000000000e+02 -8.720000000000000000e+02
2.662000000000000000e+03 -1.120000000000000000e+02 5.520000000000000000e+02 -8.320000000000000000e+02
2.702000000000000000e+03 -1.120000000000000000e+02 5.520000000000000000e+02 -8.560000000000000000e+02
2.742000000000000000e+03 -9.600000000000000000e+01 5.520000000000000000e+02 -8.640000000000000000e+02
2.782000000000000000e+03 -9.600000000000000000e+01 5.600000000000000000e+02 -8.560000000000000000e+02
2.822000000000000000e+03 -1.040000000000000000e+02 5.520000000000000000e+02 -8.320000000000000000e+02
2.862000000000000000e+03 -1.120000000000000000e+02 5.600000000000000000e+02 -8.240000000000000000e+02
2.902000000000000000e+03 -1.120000000000000000e+02 5.760000000000000000e+02 -8.400000000000000000e+02
2.942000000000000000e+03 -9.600000000000000000e+01 5.920000000000000000e+02 -8.080000000000000000e+02
2.982000000000000000e+03 -8.800000000000000000e+01 5.840000000000000000e+02 -8.320000000000000000e+02
3.022000000000000000e+03 -9.600000000000000000e+01 5.840000000000000000e+02 -8.160000000000000000e+02
3.054000000000000000e+03 -9.600000000000000000e+01 5.840000000000000000e+02 -8.160000000000000000e+02
3.094000000000000000e+03 -1.040000000000000000e+02 5.840000000000000000e+02 -7.760000000000000000e+02
3.134000000000000000e+03 -1.120000000000000000e+02 5.840000000000000000e+02 -7.840000000000000000e+02
3.174000000000000000e+03 -1.040000000000000000e+02 5.520000000000000000e+02 -8.640000000000000000e+02
3.214000000000000000e+03 -8.800000000000000000e+01 5.520000000000000000e+02 -8.720000000000000000e+02
3.254000000000000000e+03 -8.800000000000000000e+01 5.680000000000000000e+02 -8.800000000000000000e+02
3.294000000000000000e+03 -8.000000000000000000e+01 5.520000000000000000e+02 -8.720000000000000000e+02
3.334000000000000000e+03 -7.200000000000000000e+01 5.200000000000000000e+02 -8.960000000000000000e+02
3.374000000000000000e+03 -8.000000000000000000e+01 5.120000000000000000e+02 -8.800000000000000000e+02
3.414000000000000000e+03 -8.000000000000000000e+01 5.280000000000000000e+02 -8.560000000000000000e+02
3.454000000000000000e+03 -8.000000000000000000e+01 5.280000000000000000e+02 -8.960000000000000000e+02
3.494000000000000000e+03 -1.040000000000000000e+02 5.440000000000000000e+02 -8.560000000000000000e+02
3.534000000000000000e+03 -1.280000000000000000e+02 5.520000000000000000e+02 -8.560000000000000000e+02
3.574000000000000000e+03 -1.200000000000000000e+02 5.680000000000000000e+02 -8.080000000000000000e+02
3.614000000000000000e+03 -1.120000000000000000e+02 5.600000000000000000e+02 -8.480000000000000000e+02
3.654000000000000000e+03 -1.040000000000000000e+02 5.520000000000000000e+02 -8.560000000000000000e+02
3.694000000000000000e+03 -1.120000000000000000e+02 5.520000000000000000e+02 -8.320000000000000000e+02
3.734000000000000000e+03 -9.600000000000000000e+01 5.600000000000000000e+02 -8.480000000000000000e+02
3.774000000000000000e+03 -1.040000000000000000e+02 5.600000000000000000e+02 -8.640000000000000000e+02
3.814000000000000000e+03 -1.040000000000000000e+02 5.440000000000000000e+02 -8.480000000000000000e+02
3.854000000000000000e+03 -1.120000000000000000e+02 5.520000000000000000e+02 -8.480000000000000000e+02
3.894000000000000000e+03 -1.120000000000000000e+02 5.520000000000000000e+02 -8.320000000000000000e+02
3.934000000000000000e+03 -1.040000000000000000e+02 5.360000000000000000e+02 -8.880000000000000000e+02
3.974000000000000000e+03 -1.040000000000000000e+02 5.360000000000000000e+02 -8.640000000000000000e+02
4.014000000000000000e+03 -1.040000000000000000e+02 5.200000000000000000e+02 -8.560000000000000000e+02
4.045000000000000000e+03 -1.120000000000000000e+02 5.360000000000000000e+02 -8.560000000000000000e+02
4.085000000000000000e+03 -1.440000000000000000e+02 5.600000000000000000e+02 -9.440000000000000000e+02
4.125000000000000000e+03 -1.280000000000000000e+02 5.600000000000000000e+02 -8.080000000000000000e+02
4.165000000000000000e+03 -1.200000000000000000e+02 5.440000000000000000e+02 -8.720000000000000000e+02
4.205000000000000000e+03 -1.120000000000000000e+02 5.440000000000000000e+02 -8.320000000000000000e+02
4.245000000000000000e+03 -1.040000000000000000e+02 5.600000000000000000e+02 -8.800000000000000000e+02
4.285000000000000000e+03 -1.120000000000000000e+02 5.600000000000000000e+02 -8.560000000000000000e+02
4.325000000000000000e+03 -1.120000000000000000e+02 5.600000000000000000e+02 -8.160000000000000000e+02
4.365000000000000000e+03 -1.040000000000000000e+02 5.680000000000000000e+02 -8.240000000000000000e+02
4.405000000000000000e+03 -1.120000000000000000e+02 5.920000000000000000e+02 -7.840000000000000000e+02
4.445000000000000000e+03 -1.200000000000000000e+02 6.240000000000000000e+02 -7.680000000000000000e+02
4.485000000000000000e+03 -1.120000000000000000e+02 5.760000000000000000e+02 -8.320000000000000000e+02
4.525000000000000000e+03 -1.120000000000000000e+02 5.520000000000000000e+02 -8.720000000000000000e+02
4.565000000000000000e+03 -8.800000000000000000e+01 5.760000000000000000e+02 -7.920000000000000000e+02
4.605000000000000000e+03 -1.040000000000000000e+02 6.080000000000000000e+02 -8.240000000000000000e+02
4.645000000000000000e+03 -1.360000000000000000e+02 6.080000000000000000e+02 -8.320000000000000000e+02
4.685000000000000000e+03 -1.280000000000000000e+02 5.760000000000000000e+02 -8.240000000000000000e+02
4.725000000000000000e+03 -1.200000000000000000e+02 5.840000000000000000e+02 -8.640000000000000000e+02
4.765000000000000000e+03 -1.200000000000000000e+02 5.600000000000000000e+02 -8.480000000000000000e+02
4.805000000000000000e+03 -1.120000000000000000e+02 5.520000000000000000e+02 -8.480000000000000000e+02
4.845000000000000000e+03 -1.120000000000000000e+02 5.360000000000000000e+02 -7.920000000000000000e+02
4.885000000000000000e+03 -1.120000000000000000e+02 5.520000000000000000e+02 -8.800000000000000000e+02
4.925000000000000000e+03 -7.200000000000000000e+01 5.040000000000000000e+02 -9.440000000000000000e+02
4.965000000000000000e+03 -6.400000000000000000e+01 4.880000000000000000e+02 -8.240000000000000000e+02
5.005000000000000000e+03 -7.200000000000000000e+01 5.280000000000000000e+02 -8.640000000000000000e+02
5.037000000000000000e+03 -8.800000000000000000e+01 5.520000000000000000e+02 -8.480000000000000000e+02
5.077000000000000000e+03 -1.040000000000000000e+02 4.640000000000000000e+02 -9.440000000000000000e+02
5.117000000000000000e+03 -8.000000000000000000e+01 4.400000000000000000e+02 -8.560000000000000000e+02
5.157000000000000000e+03 -8.000000000000000000e+01 4.640000000000000000e+02 -8.640000000000000000e+02
5.197000000000000000e+03 -8.800000000000000000e+01 5.280000000000000000e+02 -7.840000000000000000e+02
5.237000000000000000e+03 -8.800000000000000000e+01 5.360000000000000000e+02 -8.640000000000000000e+02
5.277000000000000000e+03 -8.800000000000000000e+01 5.600000000000000000e+02 -8.800000000000000000e+02
5.317000000000000000e+03 -8.000000000000000000e+01 5.360000000000000000e+02 -8.400000000000000000e+02
5.357000000000000000e+03 -8.800000000000000000e+01 5.120000000000000000e+02 -8.400000000000000000e+02
5.397000000000000000e+03 -8.000000000000000000e+01 4.720000000000000000e+02 -9.200000000000000000e+02
5.437000000000000000e+03 -8.800000000000000000e+01 5.040000000000000000e+02 -9.200000000000000000e+02
5.477000000000000000e+03 -8.800000000000000000e+01 5.280000000000000000e+02 -8.720000000000000000e+02
5.517000000000000000e+03 -8.800000000000000000e+01 5.440000000000000000e+02 -8.560000000000000000e+02
5.557000000000000000e+03 -9.600000000000000000e+01 5.200000000000000000e+02 -8.480000000000000000e+02
5.597000000000000000e+03 -8.800000000000000000e+01 4.880000000000000000e+02 -9.440000000000000000e+02
5.637000000000000000e+03 -7.200000000000000000e+01 5.120000000000000000e+02 -8.480000000000000000e+02
5.677000000000000000e+03 -7.200000000000000000e+01 5.280000000000000000e+02 -8.720000000000000000e+02
5.717000000000000000e+03 -8.800000000000000000e+01 5.200000000000000000e+02 -8.800000000000000000e+02
5.757000000000000000e+03 -8.000000000000000000e+01 5.200000000000000000e+02 -8.480000000000000000e+02
5.797000000000000000e+03 -6.400000000000000000e+01 5.200000000000000000e+02 -8.720000000000000000e+02
5.837000000000000000e+03 -8.000000000000000000e+01 5.200000000000000000e+02 -8.640000000000000000e+02
5.877000000000000000e+03 -8.000000000000000000e+01 5.200000000000000000e+02 -8.720000000000000000e+02
5.917000000000000000e+03 -8.000000000000000000e+01 5.280000000000000000e+02 -8.560000000000000000e+02
5.957000000000000000e+03 -6.400000000000000000e+01 5.200000000000000000e+02 -8.800000000000000000e+02
5.997000000000000000e+03 -8.000000000000000000e+01 5.200000000000000000e+02 -8.640000000000000000e+02
6.030000000000000000e+03 -1.120000000000000000e+02 5.280000000000000000e+02 -8.720000000000000000e+02
6.070000000000000000e+03 -1.040000000000000000e+02 5.200000000000000000e+02 -8.640000000000000000e+02
6.110000000000000000e+03 -1.040000000000000000e+02 5.200000000000000000e+02 -8.720000000000000000e+02
6.150000000000000000e+03 -1.040000000000000000e+02 5.040000000000000000e+02 -8.720000000000000000e+02
6.190000000000000000e+03 -9.600000000000000000e+01 5.440000000000000000e+02 -8.800000000000000000e+02
6.230000000000000000e+03 -1.040000000000000000e+02 5.600000000000000000e+02 -8.000000000000000000e+02
6.270000000000000000e+03 -1.040000000000000000e+02 4.960000000000000000e+02 -8.720000000000000000e+02
6.310000000000000000e+03 -9.600000000000000000e+01 4.960000000000000000e+02 -9.120000000000000000e+02
6.350000000000000000e+03 -8.800000000000000000e+01 5.040000000000000000e+02 -8.720000000000000000e+02
6.390000000000000000e+03 -8.800000000000000000e+01 5.200000000000000000e+02 -8.320000000000000000e+02
6.430000000000000000e+03 -7.200000000000000000e+01 6.080000000000000000e+02 -8.240000000000000000e+02
6.470000000000000000e+03 -6.400000000000000000e+01 5.760000000000000000e+02 -8.640000000000000000e+02
6.510000000000000000e+03 -7.200000000000000000e+01 5.440000000000000000e+02 -8.560000000000000000e+02
6.550000000000000000e+03 -8.000000000000000000e+01 5.360000000000000000e+02 -8.560000000000000000e+02
6.590000000000000000e+03 -8.800000000000000000e+01 5.040000000000000000e+02 -9.120000000000000000e+02
6.630000000000000000e+03 -8.800000000000000000e+01 4.800000000000000000e+02 -9.440000000000000000e+02
6.670000000000000000e+03 -8.800000000000000000e+01 5.040000000000000000e+02 -8.080000000000000000e+02
6.710000000000000000e+03 -9.600000000000000000e+01 5.120000000000000000e+02 -8.880000000000000000e+02
6.750000000000000000e+03 -1.040000000000000000e+02 5.040000000000000000e+02 -8.960000000000000000e+02
6.790000000000000000e+03 -1.040000000000000000e+02 4.960000000000000000e+02 -8.880000000000000000e+02
6.830000000000000000e+03 -1.040000000000000000e+02 4.960000000000000000e+02 -8.720000000000000000e+02
6.870000000000000000e+03 -9.600000000000000000e+01 4.960000000000000000e+02 -8.640000000000000000e+02
6.910000000000000000e+03 -9.600000000000000000e+01 5.120000000000000000e+02 -8.720000000000000000e+02
6.950000000000000000e+03 -9.600000000000000000e+01 5.120000000000000000e+02 -8.960000000000000000e+02
6.990000000000000000e+03 -8.800000000000000000e+01 5.040000000000000000e+02 -8.880000000000000000e+02
7.021000000000000000e+03 -8.800000000000000000e+01 5.040000000000000000e+02 -8.640000000000000000e+02
7.061000000000000000e+03 -8.800000000000000000e+01 5.040000000000000000e+02 -8.800000000000000000e+02
7.101000000000000000e+03 -1.120000000000000000e+02 5.200000000000000000e+02 -8.560000000000000000e+02
7.141000000000000000e+03 -1.040000000000000000e+02 5.040000000000000000e+02 -8.880000000000000000e+02
7.181000000000000000e+03 -1.120000000000000000e+02 5.280000000000000000e+02 -9.520000000000000000e+02
7.221000000000000000e+03 -8.000000000000000000e+01 5.440000000000000000e+02 -9.040000000000000000e+02
7.261000000000000000e+03 -7.200000000000000000e+01 5.600000000000000000e+02 -8.560000000000000000e+02
7.301000000000000000e+03 -7.200000000000000000e+01 5.280000000000000000e+02 -9.120000000000000000e+02
7.341000000000000000e+03 -8.000000000000000000e+01 5.280000000000000000e+02 -8.960000000000000000e+02
7.381000000000000000e+03 -7.200000000000000000e+01 5.200000000000000000e+02 -9.280000000000000000e+02
7.421000000000000000e+03 -8.000000000000000000e+01 5.200000000000000000e+02 -8.560000000000000000e+02
7.461000000000000000e+03 -1.040000000000000000e+02 5.040000000000000000e+02 -8.320000000000000000e+02
7.501000000000000000e+03 -1.280000000000000000e+02 5.120000000000000000e+02 -7.920000000000000000e+02
7.541000000000000000e+03 -1.040000000000000000e+02 6.080000000000000000e+02 -7.520000000000000000e+02
7.581000000000000000e+03 -1.040000000000000000e+02 5.680000000000000000e+02 -1.032000000000000000e+03
7.621000000000000000e+03 -8.000000000000000000e+01 5.200000000000000000e+02 -8.160000000000000000e+02
7.661000000000000000e+03 -7.200000000000000000e+01 5.120000000000000000e+02 -9.040000000000000000e+02
7.701000000000000000e+03 -5.600000000000000000e+01 5.920000000000000000e+02 -8.720000000000000000e+02
7.741000000000000000e+03 -4.800000000000000000e+01 5.520000000000000000e+02 -8.480000000000000000e+02
7.781000000000000000e+03 -8.000000000000000000e+01 5.120000000000000000e+02 -9.040000000000000000e+02
7.821000000000000000e+03 -8.000000000000000000e+01 5.120000000000000000e+02 -8.560000000000000000e+02
7.861000000000000000e+03 -6.400000000000000000e+01 5.200000000000000000e+02 -8.800000000000000000e+02
7.901000000000000000e+03 -7.200000000000000000e+01 4.560000000000000000e+02 -8.640000000000000000e+02
7.941000000000000000e+03 -7.200000000000000000e+01 4.800000000000000000e+02 -7.920000000000000000e+02
7.981000000000000000e+03 -5.600000000000000000e+01 4.800000000000000000e+02 -8.560000000000000000e+02
8.013000000000000000e+03 -8.000000000000000000e+01 5.040000000000000000e+02 -9.040000000000000000e+02
8.053000000000000000e+03 -7.200000000000000000e+01 5.040000000000000000e+02 -8.480000000000000000e+02
8.093000000000000000e+03 -7.200000000000000000e+01 4.720000000000000000e+02 -9.120000000000000000e+02
8.133000000000000000e+03 -7.200000000000000000e+01 4.960000000000000000e+02 -9.600000000000000000e+02
8.173000000000000000e+03 -6.400000000000000000e+01 5.040000000000000000e+02 -8.560000000000000000e+02
8.213000000000000000e+03 -8.000000000000000000e+01 5.520000000000000000e+02 -8.000000000000000000e+02
8.253000000000000000e+03 -8.800000000000000000e+01 5.760000000000000000e+02 -8.720000000000000000e+02
8.293000000000000000e+03 -8.800000000000000000e+01 5.280000000000000000e+02 -9.520000000000000000e+02
8.333000000000000000e+03 -8.000000000000000000e+01 4.880000000000000000e+02 -9.040000000000000000e+02
8.373000000000000000e+03 -9.600000000000000000e+01 5.040000000000000000e+02 -8.960000000000000000e+02
8.413000000000000000e+03 -1.040000000000000000e+02 5.120000000000000000e+02 -8.240000000000000000e+02
8.453000000000000000e+03 -1.040000000000000000e+02 5.200000000000000000e+02 -8.560000000000000000e+02
8.493000000000000000e+03 -8.000000000000000000e+01 5.120000000000000000e+02 -9.520000000000000000e+02
8.533000000000000000e+03 -8.800000000000000000e+01 5.280000000000000000e+02 -8.400000000000000000e+02
8.573000000000000000e+03 -1.040000000000000000e+02 5.200000000000000000e+02 -8.560000000000000000e+02
8.613000000000000000e+03 -9.600000000000000000e+01 5.200000000000000000e+02 -8.960000000000000000e+02
8.653000000000000000e+03 -9.600000000000000000e+01 5.360000000000000000e+02 -9.360000000000000000e+02
8.693000000000000000e+03 -9.600000000000000000e+01 5.600000000000000000e+02 -8.800000000000000000e+02
8.733000000000000000e+03 -9.600000000000000000e+01 5.200000000000000000e+02 -8.400000000000000000e+02
8.773000000000000000e+03 -9.600000000000000000e+01 5.600000000000000000e+02 -8.560000000000000000e+02
8.813000000000000000e+03 -8.800000000000000000e+01 5.600000000000000000e+02 -9.120000000000000000e+02
8.853000000000000000e+03 -7.200000000000000000e+01 5.840000000000000000e+02 -7.680000000000000000e+02
8.893000000000000000e+03 -9.600000000000000000e+01 5.600000000000000000e+02 -7.760000000000000000e+02
8.933000000000000000e+03 -1.120000000000000000e+02 6.160000000000000000e+02 -8.160000000000000000e+02
8.973000000000000000e+03 -1.280000000000000000e+02 6.400000000000000000e+02 -7.680000000000000000e+02
9.005000000000000000e+03 -1.360000000000000000e+02 6.320000000000000000e+02 -7.280000000000000000e+02
9.045000000000000000e+03 -1.200000000000000000e+02 6.080000000000000000e+02 -8.000000000000000000e+02
9.085000000000000000e+03 -8.000000000000000000e+01 5.840000000000000000e+02 -8.480000000000000000e+02
9.125000000000000000e+03 -1.200000000000000000e+02 5.920000000000000000e+02 -8.480000000000000000e+02
9.165000000000000000e+03 -1.360000000000000000e+02 5.520000000000000000e+02 -8.880000000000000000e+02
9.205000000000000000e+03 -1.200000000000000000e+02 6.000000000000000000e+02 -8.080000000000000000e+02
9.245000000000000000e+03 -8.800000000000000000e+01 5.680000000000000000e+02 -8.800000000000000000e+02
9.285000000000000000e+03 -7.200000000000000000e+01 5.120000000000000000e+02 -9.120000000000000000e+02
9.325000000000000000e+03 -9.600000000000000000e+01 5.120000000000000000e+02 -8.800000000000000000e+02
9.365000000000000000e+03 -8.800000000000000000e+01 5.200000000000000000e+02 -8.320000000000000000e+02
9.405000000000000000e+03 -8.800000000000000000e+01 5.600000000000000000e+02 -8.480000000000000000e+02
9.445000000000000000e+03 -9.600000000000000000e+01 5.760000000000000000e+02 -8.240000000000000000e+02
9.485000000000000000e+03 -1.040000000000000000e+02 5.600000000000000000e+02 -8.720000000000000000e+02
9.525000000000000000e+03 -1.040000000000000000e+02 5.440000000000000000e+02 -8.640000000000000000e+02
9.565000000000000000e+03 -1.040000000000000000e+02 5.200000000000000000e+02 -8.320000000000000000e+02
9.605000000000000000e+03 -1.040000000000000000e+02 4.960000000000000000e+02 -8.720000000000000000e+02
9.645000000000000000e+03 -9.600000000000000000e+01 4.800000000000000000e+02 -9.200000000000000000e+02
9.685000000000000000e+03 -9.600000000000000000e+01 4.880000000000000000e+02 -9.120000000000000000e+02
9.725000000000000000e+03 -9.600000000000000000e+01 5.040000000000000000e+02 -8.480000000000000000e+02
9.765000000000000000e+03 -9.600000000000000000e+01 4.960000000000000000e+02 -8.720000000000000000e+02
9.805000000000000000e+03 -1.120000000000000000e+02 5.120000000000000000e+02 -9.200000000000000000e+02
9.845000000000000000e+03 -9.600000000000000000e+01 5.040000000000000000e+02 -8.720000000000000000e+02
9.885000000000000000e+03 -8.800000000000000000e+01 4.880000000000000000e+02 -8.480000000000000000e+02
9.925000000000000000e+03 -8.800000000000000000e+01 5.200000000000000000e+02 -9.520000000000000000e+02
9.965000000000000000e+03 -9.600000000000000000e+01 5.120000000000000000e+02 -8.080000000000000000e+02
9.997000000000000000e+03 -9.600000000000000000e+01 5.280000000000000000e+02 -8.720000000000000000e+02
1.003700000000000000e+04 -7.200000000000000000e+01 5.120000000000000000e+02 -8.560000000000000000e+02
1.007700000000000000e+04 -7.200000000000000000e+01 5.200000000000000000e+02 -9.520000000000000000e+02
1.011700000000000000e+04 -6.400000000000000000e+01 5.120000000000000000e+02 -9.280000000000000000e+02
1.015700000000000000e+04 -5.600000000000000000e+01 4.800000000000000000e+02 -9.360000000000000000e+02
1.019700000000000000e+04 -8.800000000000000000e+01 4.640000000000000000e+02 -8.960000000000000000e+02
1.023700000000000000e+04 -9.600000000000000000e+01 5.360000000000000000e+02 -7.680000000000000000e+02
1.027700000000000000e+04 -8.000000000000000000e+01 5.280000000000000000e+02 -8.160000000000000000e+02
1.031700000000000000e+04 -8.000000000000000000e+01 5.360000000000000000e+02 -9.280000000000000000e+02
1.035700000000000000e+04 -8.000000000000000000e+01 5.200000000000000000e+02 -8.400000000000000000e+02
1.039700000000000000e+04 -7.200000000000000000e+01 5.440000000000000000e+02 -8.480000000000000000e+02
1.043700000000000000e+04 -7.200000000000000000e+01 5.280000000000000000e+02 -8.960000000000000000e+02
1.047700000000000000e+04 -8.000000000000000000e+01 4.880000000000000000e+02 -8.640000000000000000e+02
1.051700000000000000e+04 -8.800000000000000000e+01 4.720000000000000000e+02 -8.560000000000000000e+02
1.055700000000000000e+04 -8.000000000000000000e+01 4.960000000000000000e+02 -9.520000000000000000e+02
1.059700000000000000e+04 -8.000000000000000000e+01 5.120000000000000000e+02 -8.000000000000000000e+02
1.063700000000000000e+04 -8.800000000000000000e+01 5.600000000000000000e+02 -7.920000000000000000e+02
1.067700000000000000e+04 -1.200000000000000000e+02 5.200000000000000000e+02 -8.640000000000000000e+02
1.071700000000000000e+04 -1.040000000000000000e+02 4.320000000000000000e+02 -8.880000000000000000e+02
1.075700000000000000e+04 -8.000000000000000000e+01 4.160000000000000000e+02 -9.440000000000000000e+02
1.079700000000000000e+04 -5.600000000000000000e+01 4.240000000000000000e+02 -9.680000000000000000e+02
1.083700000000000000e+04 -1.600000000000000000e+01 4.960000000000000000e+02 -7.920000000000000000e+02
1.087700000000000000e+04 -4.000000000000000000e+01 5.120000000000000000e+02 -8.880000000000000000e+02
1.091700000000000000e+04 -8.000000000000000000e+01 3.680000000000000000e+02 -9.520000000000000000e+02
1.095700000000000000e+04 -7.200000000000000000e+01 3.920000000000000000e+02 -8.480000000000000000e+02
1.098900000000000000e+04 -6.400000000000000000e+01 4.960000000000000000e+02 -9.600000000000000000e+02
1.102900000000000000e+04 -6.400000000000000000e+01 5.120000000000000000e+02 -8.960000000000000000e+02
1.106900000000000000e+04 -6.400000000000000000e+01 4.720000000000000000e+02 -9.040000000000000000e+02
1.110900000000000000e+04 -7.200000000000000000e+01 4.480000000000000000e+02 -8.880000000000000000e+02
1.114900000000000000e+04 -5.600000000000000000e+01 5.200000000000000000e+02 -9.040000000000000000e+02
1.118900000000000000e+04 -3.200000000000000000e+01 4.880000000000000000e+02 -7.360000000000000000e+02
1.122900000000000000e+04 -5.600000000000000000e+01 5.360000000000000000e+02 -7.520000000000000000e+02
1.126900000000000000e+04 -1.280000000000000000e+02 5.680000000000000000e+02 -7.760000000000000000e+02
1.130900000000000000e+04 -1.840000000000000000e+02 6.000000000000000000e+02 -8.400000000000000000e+02
1.134900000000000000e+04 -1.680000000000000000e+02 5.920000000000000000e+02 -8.080000000000000000e+02
1.138900000000000000e+04 -1.360000000000000000e+02 5.840000000000000000e+02 -7.200000000000000000e+02
1.142900000000000000e+04 -1.360000000000000000e+02 6.000000000000000000e+02 -6.960000000000000000e+02
1.146900000000000000e+04 -7.200000000000000000e+01 5.920000000000000000e+02 -7.840000000000000000e+02
1.150900000000000000e+04 -8.800000000000000000e+01 6.080000000000000000e+02 -7.520000000000000000e+02
1.154900000000000000e+04 -1.040000000000000000e+02 6.240000000000000000e+02 -9.200000000000000000e+02
1.158900000000000000e+04 -7.200000000000000000e+01 5.920000000000000000e+02 -8.320000000000000000e+02
1.162900000000000000e+04 -8.800000000000000000e+01 5.760000000000000000e+02 -8.320000000000000000e+02
1.166900000000000000e+04 -8.800000000000000000e+01 5.680000000000000000e+02 -8.160000000000000000e+02
1.170900000000000000e+04 -8.800000000000000000e+01 5.760000000000000000e+02 -8.400000000000000000e+02
1.174900000000000000e+04 -8.800000000000000000e+01 5.760000000000000000e+02 -8.160000000000000000e+02
1.178900000000000000e+04 -9.600000000000000000e+01 6.000000000000000000e+02 -7.920000000000000000e+02
1.182900000000000000e+04 -9.600000000000000000e+01 6.000000000000000000e+02 -8.240000000000000000e+02
1.186900000000000000e+04 -1.040000000000000000e+02 6.080000000000000000e+02 -7.840000000000000000e+02
1.190900000000000000e+04 -9.600000000000000000e+01 5.920000000000000000e+02 -8.160000000000000000e+02
1.194900000000000000e+04 -8.800000000000000000e+01 6.000000000000000000e+02 -8.240000000000000000e+02
1.198100000000000000e+04 -8.800000000000000000e+01 6.000000000000000000e+02 -8.240000000000000000e+02
1.202100000000000000e+04 -9.600000000000000000e+01 5.840000000000000000e+02 -7.920000000000000000e+02
1.206100000000000000e+04 -8.800000000000000000e+01 5.840000000000000000e+02 -8.080000000000000000e+02
1.210100000000000000e+04 -6.400000000000000000e+01 6.000000000000000000e+02 -8.160000000000000000e+02
1.214100000000000000e+04 -4.800000000000000000e+01 6.000000000000000000e+02 -8.080000000000000000e+02
1.218100000000000000e+04 -9.600000000000000000e+01 6.160000000000000000e+02 -8.080000000000000000e+02
1.222100000000000000e+04 -9.600000000000000000e+01 6.160000000000000000e+02 -7.680000000000000000e+02
1.226100000000000000e+04 -8.000000000000000000e+01 6.160000000000000000e+02 -8.000000000000000000e+02
1.230100000000000000e+04 -1.040000000000000000e+02 6.160000000000000000e+02 -8.080000000000000000e+02
1.234100000000000000e+04 -8.800000000000000000e+01 6.080000000000000000e+02 -8.000000000000000000e+02
1.238100000000000000e+04 -8.800000000000000000e+01 6.000000000000000000e+02 -7.840000000000000000e+02
1.242100000000000000e+04 -8.000000000000000000e+01 6.080000000000000000e+02 -7.920000000000000000e+02
1.246100000000000000e+04 -8.800000000000000000e+01 6.160000000000000000e+02 -7.440000000000000000e+02
1.250100000000000000e+04 -1.040000000000000000e+02 6.480000000000000000e+02 -7.680000000000000000e+02
1.254100000000000000e+04 -1.040000000000000000e+02 6.320000000000000000e+02 -7.840000000000000000e+02
1.258100000000000000e+04 -9.600000000000000000e+01 6.240000000000000000e+02 -8.000000000000000000e+02
1.262100000000000000e+04 -8.000000000000000000e+01 6.240000000000000000e+02 -8.240000000000000000e+02
1.266100000000000000e+04 -9.600000000000000000e+01 6.160000000000000000e+02 -7.840000000000000000e+02
1.270100000000000000e+04 -1.040000000000000000e+02 6.240000000000000000e+02 -8.000000000000000000e+02
1.274100000000000000e+04 -1.040000000000000000e+02 6.240000000000000000e+02 -8.000000000000000000e+02
1.278100000000000000e+04 -9.600000000000000000e+01 6.400000000000000000e+02 -8.000000000000000000e+02
1.282100000000000000e+04 -8.800000000000000000e+01 6.320000000000000000e+02 -7.840000000000000000e+02
1.286100000000000000e+04 -8.800000000000000000e+01 6.320000000000000000e+02 -7.840000000000000000e+02
1.290100000000000000e+04 -9.600000000000000000e+01 6.320000000000000000e+02 -7.920000000000000000e+02
1.294100000000000000e+04 -8.800000000000000000e+01 6.240000000000000000e+02 -7.600000000000000000e+02
1.297200000000000000e+04 -8.800000000000000000e+01 6.240000000000000000e+02 -8.080000000000000000e+02
1.301200000000000000e+04 -9.600000000000000000e+01 6.320000000000000000e+02 -8.000000000000000000e+02
1.305200000000000000e+04 -9.600000000000000000e+01 6.160000000000000000e+02 -8.080000000000000000e+02
1.309200000000000000e+04 -8.000000000000000000e+01 6.240000000000000000e+02 -7.920000000000000000e+02
1.313200000000000000e+04 -9.600000000000000000e+01 6.240000000000000000e+02 -7.920000000000000000e+02
1.317200000000000000e+04 -1.040000000000000000e+02 6.240000000000000000e+02 -8.000000000000000000e+02
1.321200000000000000e+04 -7.200000000000000000e+01 6.080000000000000000e+02 -7.920000000000000000e+02
1.325200000000000000e+04 -8.000000000000000000e+01 6.240000000000000000e+02 -8.400000000000000000e+02
1.329200000000000000e+04 -8.800000000000000000e+01 6.240000000000000000e+02 -7.840000000000000000e+02
1.333200000000000000e+04 -8.800000000000000000e+01 6.240000000000000000e+02 -7.920000000000000000e+02
1.337200000000000000e+04 -8.000000000000000000e+01 6.240000000000000000e+02 -8.000000000000000000e+02
1.341200000000000000e+04 -8.800000000000000000e+01 6.240000000000000000e+02 -7.840000000000000000e+02
1.345200000000000000e+04 -1.040000000000000000e+02 6.240000000000000000e+02 -7.840000000000000000e+02
1.349200000000000000e+04 -8.800000000000000000e+01 6.080000000000000000e+02 -7.840000000000000000e+02
1.353200000000000000e+04 -8.800000000000000000e+01 6.160000000000000000e+02 -8.160000000000000000e+02
1.357200000000000000e+04 -9.600000000000000000e+01 6.320000000000000000e+02 -7.760000000000000000e+02
1.361200000000000000e+04 -8.800000000000000000e+01 6.240000000000000000e+02 -7.920000000000000000e+02
1.365200000000000000e+04 -9.600000000000000000e+01 6.320000000000000000e+02 -8.000000000000000000e+02
1.369200000000000000e+04 -1.200000000000000000e+02 6.320000000000000000e+02 -8.080000000000000000e+02
1.373200000000000000e+04 -1.040000000000000000e+02 6.240000000000000000e+02 -7.920000000000000000e+02
1.377200000000000000e+04 -9.600000000000000000e+01 6.240000000000000000e+02 -7.840000000000000000e+02
1.381200000000000000e+04 -1.120000000000000000e+02 6.400000000000000000e+02 -7.920000000000000000e+02
1.385200000000000000e+04 -1.040000000000000000e+02 6.320000000000000000e+02 -8.080000000000000000e+02
1.389200000000000000e+04 -9.600000000000000000e+01 6.320000000000000000e+02 -7.920000000000000000e+02
1.393200000000000000e+04 -9.600000000000000000e+01 6.400000000000000000e+02 -8.080000000000000000e+02
1.396400000000000000e+04 -9.600000000000000000e+01 6.320000000000000000e+02 -8.240000000000000000e+02
1.400400000000000000e+04 -9.600000000000000000e+01 6.640000000000000000e+02 -7.520000000000000000e+02
1.404400000000000000e+04 -9.600000000000000000e+01 6.480000000000000000e+02 -8.080000000000000000e+02
1.408400000000000000e+04 -1.120000000000000000e+02 6.320000000000000000e+02 -8.160000000000000000e+02
1.412400000000000000e+04 -1.040000000000000000e+02 6.160000000000000000e+02 -8.000000000000000000e+02
1.416400000000000000e+04 -9.600000000000000000e+01 6.240000000000000000e+02 -8.000000000000000000e+02
1.420400000000000000e+04 -9.600000000000000000e+01 6.320000000000000000e+02 -8.160000000000000000e+02
1.424400000000000000e+04 -1.040000000000000000e+02 6.320000000000000000e+02 -7.920000000000000000e+02
1.428400000000000000e+04 -8.800000000000000000e+01 6.240000000000000000e+02 -8.160000000000000000e+02
1.432400000000000000e+04 -1.040000000000000000e+02 6.160000000000000000e+02 -8.000000000000000000e+02
1.436400000000000000e+04 -9.600000000000000000e+01 6.240000000000000000e+02 -8.000000000000000000e+02
1.440400000000000000e+04 -9.600000000000000000e+01 6.080000000000000000e+02 -8.000000000000000000e+02
1.444400000000000000e+04 -9.600000000000000000e+01 6.400000000000000000e+02 -7.680000000000000000e+02
1.448400000000000000e+04 -9.600000000000000000e+01 6.240000000000000000e+02 -7.840000000000000000e+02
1.452400000000000000e+04 -8.800000000000000000e+01 6.240000000000000000e+02 -7.440000000000000000e+02
1.456400000000000000e+04 -9.600000000000000000e+01 6.240000000000000000e+02 -7.680000000000000000e+02
1.460400000000000000e+04 -9.600000000000000000e+01 6.240000000000000000e+02 -7.840000000000000000e+02
1.464400000000000000e+04 -9.600000000000000000e+01 6.160000000000000000e+02 -8.000000000000000000e+02
1.468400000000000000e+04 -9.600000000000000000e+01 6.160000000000000000e+02 -8.000000000000000000e+02
1.472400000000000000e+04 -9.600000000000000000e+01 6.240000000000000000e+02 -8.000000000000000000e+02
1.476400000000000000e+04 -8.800000000000000000e+01 6.240000000000000000e+02 -7.920000000000000000e+02
1.480400000000000000e+04 -9.600000000000000000e+01 6.320000000000000000e+02 -8.080000000000000000e+02
1.484400000000000000e+04 -1.040000000000000000e+02 6.240000000000000000e+02 -7.840000000000000000e+02
1.488400000000000000e+04 -9.600000000000000000e+01 6.320000000000000000e+02 -7.920000000000000000e+02
1.492400000000000000e+04 -8.800000000000000000e+01 6.240000000000000000e+02 -8.080000000000000000e+02
1.495600000000000000e+04 -1.040000000000000000e+02 6.320000000000000000e+02 -7.840000000000000000e+02
1.499600000000000000e+04 -8.000000000000000000e+01 6.320000000000000000e+02 -8.080000000000000000e+02
1.503600000000000000e+04 -8.000000000000000000e+01 6.400000000000000000e+02 -7.680000000000000000e+02
1.507600000000000000e+04 -1.120000000000000000e+02 6.480000000000000000e+02 -8.480000000000000000e+02
1.511600000000000000e+04 -9.600000000000000000e+01 6.160000000000000000e+02 -8.240000000000000000e+02
1.515600000000000000e+04 -8.800000000000000000e+01 5.920000000000000000e+02 -7.840000000000000000e+02
1.519600000000000000e+04 -1.040000000000000000e+02 6.240000000000000000e+02 -7.760000000000000000e+02
1.523600000000000000e+04 -1.200000000000000000e+02 6.480000000000000000e+02 -7.920000000000000000e+02
1.527600000000000000e+04 -1.040000000000000000e+02 5.920000000000000000e+02 -9.120000000000000000e+02
1.531600000000000000e+04 -1.280000000000000000e+02 6.400000000000000000e+02 -8.160000000000000000e+02
1.535600000000000000e+04 -1.120000000000000000e+02 6.480000000000000000e+02 -7.200000000000000000e+02
1.539600000000000000e+04 -9.600000000000000000e+01 6.240000000000000000e+02 -8.240000000000000000e+02
1.543600000000000000e+04 -7.200000000000000000e+01 6.160000000000000000e+02 -7.920000000000000000e+02
1.547600000000000000e+04 -7.200000000000000000e+01 6.000000000000000000e+02 -8.560000000000000000e+02
1.551600000000000000e+04 -8.800000000000000000e+01 6.000000000000000000e+02 -8.240000000000000000e+02
1.555600000000000000e+04 -1.040000000000000000e+02 5.840000000000000000e+02 -9.120000000000000000e+02
1.559600000000000000e+04 -8.000000000000000000e+01 4.960000000000000000e+02 -8.960000000000000000e+02
1.563600000000000000e+04 -9.600000000000000000e+01 4.720000000000000000e+02 -9.280000000000000000e+02
1.567600000000000000e+04 -8.000000000000000000e+01 4.640000000000000000e+02 -8.960000000000000000e+02
1.571600000000000000e+04 -6.400000000000000000e+01 4.720000000000000000e+02 -9.440000000000000000e+02
1.575600000000000000e+04 -8.000000000000000000e+01 5.040000000000000000e+02 -8.080000000000000000e+02
1.579600000000000000e+04 -8.000000000000000000e+01 5.040000000000000000e+02 -8.880000000000000000e+02
1.583600000000000000e+04 -7.200000000000000000e+01 4.880000000000000000e+02 -8.560000000000000000e+02
1.587600000000000000e+04 -8.800000000000000000e+01 4.720000000000000000e+02 -8.880000000000000000e+02
1.591600000000000000e+04 -1.120000000000000000e+02 4.960000000000000000e+02 -8.880000000000000000e+02
1.594800000000000000e+04 -1.040000000000000000e+02 4.640000000000000000e+02 -9.280000000000000000e+02
1.598800000000000000e+04 -8.800000000000000000e+01 4.640000000000000000e+02 -8.960000000000000000e+02
1.602800000000000000e+04 -7.200000000000000000e+01 5.040000000000000000e+02 -8.560000000000000000e+02
1.606800000000000000e+04 -8.000000000000000000e+01 4.800000000000000000e+02 -8.160000000000000000e+02
1.610800000000000000e+04 -1.280000000000000000e+02 4.880000000000000000e+02 -9.360000000000000000e+02
1.614800000000000000e+04 -1.120000000000000000e+02 5.200000000000000000e+02 -8.560000000000000000e+02
1.618800000000000000e+04 -1.200000000000000000e+02 5.280000000000000000e+02 -8.560000000000000000e+02
1.622800000000000000e+04 -1.200000000000000000e+02 5.120000000000000000e+02 -8.720000000000000000e+02
1.626800000000000000e+04 -8.800000000000000000e+01 5.200000000000000000e+02 -8.880000000000000000e+02
1.630800000000000000e+04 -1.040000000000000000e+02 5.280000000000000000e+02 -9.120000000000000000e+02
1.634800000000000000e+04 -1.200000000000000000e+02 5.200000000000000000e+02 -8.720000000000000000e+02
1.638800000000000000e+04 -1.200000000000000000e+02 5.200000000000000000e+02 -8.800000000000000000e+02
1.642800000000000000e+04 -1.120000000000000000e+02 5.280000000000000000e+02 -8.800000000000000000e+02
1.646800000000000000e+04 -1.120000000000000000e+02 4.960000000000000000e+02 -8.640000000000000000e+02
1.650800000000000000e+04 -1.040000000000000000e+02 5.120000000000000000e+02 -8.640000000000000000e+02
1.654800000000000000e+04 -1.120000000000000000e+02 5.040000000000000000e+02 -8.480000000000000000e+02
1.658800000000000000e+04 -1.040000000000000000e+02 5.040000000000000000e+02 -9.040000000000000000e+02
1.662800000000000000e+04 -1.040000000000000000e+02 5.120000000000000000e+02 -8.640000000000000000e+02
1.666800000000000000e+04 -1.040000000000000000e+02 5.040000000000000000e+02 -8.800000000000000000e+02
1.670800000000000000e+04 -9.600000000000000000e+01 5.200000000000000000e+02 -8.800000000000000000e+02
1.674800000000000000e+04 -1.120000000000000000e+02 5.120000000000000000e+02 -8.800000000000000000e+02
1.678800000000000000e+04 -1.120000000000000000e+02 5.040000000000000000e+02 -9.040000000000000000e+02
1.682800000000000000e+04 -1.120000000000000000e+02 4.960000000000000000e+02 -8.640000000000000000e+02
1.686800000000000000e+04 -1.040000000000000000e+02 5.120000000000000000e+02 -8.560000000000000000e+02
1.690800000000000000e+04 -1.040000000000000000e+02 5.280000000000000000e+02 -8.720000000000000000e+02
1.694000000000000000e+04 -1.040000000000000000e+02 5.360000000000000000e+02 -8.720000000000000000e+02
1.698000000000000000e+04 -1.120000000000000000e+02 5.280000000000000000e+02 -9.040000000000000000e+02
1.702000000000000000e+04 -8.800000000000000000e+01 5.120000000000000000e+02 -8.400000000000000000e+02
1.706000000000000000e+04 -8.800000000000000000e+01 5.360000000000000000e+02 -8.400000000000000000e+02
1.710000000000000000e+04 -9.600000000000000000e+01 5.280000000000000000e+02 -8.960000000000000000e+02
1.714000000000000000e+04 -9.600000000000000000e+01 4.960000000000000000e+02 -8.560000000000000000e+02
1.718000000000000000e+04 -1.040000000000000000e+02 5.040000000000000000e+02 -8.560000000000000000e+02
1.722000000000000000e+04 -1.040000000000000000e+02 5.040000000000000000e+02 -8.400000000000000000e+02
1.726000000000000000e+04 -1.040000000000000000e+02 4.960000000000000000e+02 -8.640000000000000000e+02
1.730000000000000000e+04 -1.200000000000000000e+02 5.120000000000000000e+02 -8.640000000000000000e+02
1.734000000000000000e+04 -1.120000000000000000e+02 5.120000000000000000e+02 -8.720000000000000000e+02
1.738000000000000000e+04 -1.040000000000000000e+02 4.960000000000000000e+02 -8.640000000000000000e+02
1.742000000000000000e+04 -1.040000000000000000e+02 5.040000000000000000e+02 -8.640000000000000000e+02
1.746000000000000000e+04 -1.040000000000000000e+02 5.120000000000000000e+02 -8.720000000000000000e+02
1.750000000000000000e+04 -1.040000000000000000e+02 5.120000000000000000e+02 -8.640000000000000000e+02
1.754000000000000000e+04 -1.040000000000000000e+02 5.120000000000000000e+02 -8.560000000000000000e+02
1.758000000000000000e+04 -9.600000000000000000e+01 5.120000000000000000e+02 -8.800000000000000000e+02
1.762000000000000000e+04 -9.600000000000000000e+01 5.120000000000000000e+02 -8.560000000000000000e+02
1.766000000000000000e+04 -1.040000000000000000e+02 5.280000000000000000e+02 -8.720000000000000000e+02
1.770000000000000000e+04 -8.800000000000000000e+01 5.200000000000000000e+02 -8.640000000000000000e+02
1.774000000000000000e+04 -8.800000000000000000e+01 5.120000000000000000e+02 -8.720000000000000000e+02
1.778000000000000000e+04 -9.600000000000000000e+01 5.120000000000000000e+02 -8.960000000000000000e+02
1.782000000000000000e+04 -9.600000000000000000e+01 5.120000000000000000e+02 -8.800000000000000000e+02
1.786000000000000000e+04 -9.600000000000000000e+01 5.200000000000000000e+02 -8.640000000000000000e+02
1.790000000000000000e+04 -1.040000000000000000e+02 5.120000000000000000e+02 -8.640000000000000000e+02
1.793200000000000000e+04 -8.000000000000000000e+01 5.200000000000000000e+02 -8.320000000000000000e+02
1.797200000000000000e+04 -9.600000000000000000e+01 5.600000000000000000e+02 -8.880000000000000000e+02
1.801200000000000000e+04 -8.800000000000000000e+01 5.440000000000000000e+02 -8.800000000000000000e+02
1.805200000000000000e+04 -8.800000000000000000e+01 5.440000000000000000e+02 -8.480000000000000000e+02
1.809200000000000000e+04 -1.200000000000000000e+02 5.440000000000000000e+02 -9.040000000000000000e+02
1.813200000000000000e+04 -1.120000000000000000e+02 5.280000000000000000e+02 -8.880000000000000000e+02
1.817200000000000000e+04 -1.040000000000000000e+02 5.200000000000000000e+02 -8.640000000000000000e+02
1.821200000000000000e+04 -1.040000000000000000e+02 5.280000000000000000e+02 -8.480000000000000000e+02
1.825200000000000000e+04 -1.040000000000000000e+02 5.120000000000000000e+02 -8.880000000000000000e+02
1.829200000000000000e+04 -8.800000000000000000e+01 5.200000000000000000e+02 -8.560000000000000000e+02
1.833200000000000000e+04 -8.800000000000000000e+01 5.200000000000000000e+02 -8.800000000000000000e+02
1.837200000000000000e+04 -9.600000000000000000e+01 5.200000000000000000e+02 -8.560000000000000000e+02
1.841200000000000000e+04 -8.800000000000000000e+01 5.120000000000000000e+02 -8.560000000000000000e+02
1.845200000000000000e+04 -7.200000000000000000e+01 5.280000000000000000e+02 -8.640000000000000000e+02
1.849200000000000000e+04 -9.600000000000000000e+01 5.440000000000000000e+02 -8.560000000000000000e+02
1.853200000000000000e+04 -9.600000000000000000e+01 5.360000000000000000e+02 -8.640000000000000000e+02
1.857200000000000000e+04 -9.600000000000000000e+01 5.280000000000000000e+02 -8.720000000000000000e+02
1.861200000000000000e+04 -9.600000000000000000e+01 5.280000000000000000e+02 -8.560000000000000000e+02
1.865200000000000000e+04 -8.800000000000000000e+01 5.440000000000000000e+02 -8.640000000000000000e+02
1.869200000000000000e+04 -8.000000000000000000e+01 5.280000000000000000e+02 -8.640000000000000000e+02
1.873200000000000000e+04 -8.800000000000000000e+01 5.120000000000000000e+02 -8.720000000000000000e+02
1.877200000000000000e+04 -9.600000000000000000e+01 5.200000000000000000e+02 -8.800000000000000000e+02
1.881200000000000000e+04 -1.040000000000000000e+02 5.200000000000000000e+02 -8.640000000000000000e+02
1.885200000000000000e+04 -9.600000000000000000e+01 5.200000000000000000e+02 -8.720000000000000000e+02
1.889200000000000000e+04 -9.600000000000000000e+01 5.200000000000000000e+02 -8.880000000000000000e+02
1.892300000000000000e+04 -9.600000000000000000e+01 5.360000000000000000e+02 -8.720000000000000000e+02
1.896300000000000000e+04 -9.600000000000000000e+01 5.360000000000000000e+02 -8.720000000000000000e+02
1.900300000000000000e+04 -9.600000000000000000e+01 5.280000000000000000e+02 -8.720000000000000000e+02
1.904300000000000000e+04 -8.800000000000000000e+01 5.280000000000000000e+02 -8.320000000000000000e+02
1.908300000000000000e+04 -9.600000000000000000e+01 5.200000000000000000e+02 -8.560000000000000000e+02
1.912300000000000000e+04 -9.600000000000000000e+01 5.280000000000000000e+02 -8.720000000000000000e+02
1.916300000000000000e+04 -8.800000000000000000e+01 5.280000000000000000e+02 -8.720000000000000000e+02
1.920300000000000000e+04 -9.600000000000000000e+01 5.280000000000000000e+02 -8.880000000000000000e+02
1.924300000000000000e+04 -9.600000000000000000e+01 5.200000000000000000e+02 -9.040000000000000000e+02
1.928300000000000000e+04 -1.040000000000000000e+02 5.200000000000000000e+02 -8.800000000000000000e+02
1.932300000000000000e+04 -9.600000000000000000e+01 5.200000000000000000e+02 -8.640000000000000000e+02
1.936300000000000000e+04 -9.600000000000000000e+01 5.200000000000000000e+02 -8.800000000000000000e+02
1.940300000000000000e+04 -9.600000000000000000e+01 5.120000000000000000e+02 -8.560000000000000000e+02
1.944300000000000000e+04 -8.800000000000000000e+01 5.280000000000000000e+02 -8.640000000000000000e+02
1.948300000000000000e+04 -8.000000000000000000e+01 5.120000000000000000e+02 -8.960000000000000000e+02
1.952300000000000000e+04 -8.000000000000000000e+01 4.960000000000000000e+02 -9.200000000000000000e+02
1.956300000000000000e+04 -8.800000000000000000e+01 5.040000000000000000e+02 -8.560000000000000000e+02
1.960300000000000000e+04 -9.600000000000000000e+01 5.280000000000000000e+02 -8.720000000000000000e+02
1.964300000000000000e+04 -8.800000000000000000e+01 5.840000000000000000e+02 -9.120000000000000000e+02
1.968300000000000000e+04 -7.200000000000000000e+01 5.360000000000000000e+02 -8.560000000000000000e+02
1.972300000000000000e+04 -7.200000000000000000e+01 5.200000000000000000e+02 -8.800000000000000000e+02
1.976300000000000000e+04 -8.000000000000000000e+01 5.040000000000000000e+02 -8.800000000000000000e+02
1.980300000000000000e+04 -7.200000000000000000e+01 5.440000000000000000e+02 -9.040000000000000000e+02
1.984300000000000000e+04 -7.200000000000000000e+01 5.200000000000000000e+02 -9.040000000000000000e+02
1.988300000000000000e+04 -8.000000000000000000e+01 5.040000000000000000e+02 -8.880000000000000000e+02
