2.882800000000000000e+04 8.000000000000000000e+00 -6.400000000000000000e+01 -1.032000000000000000e+03
2.886800000000000000e+04 8.000000000000000000e+00 -6.400000000000000000e+01 -1.048000000000000000e+03
2.890800000000000000e+04 1.600000000000000000e+01 -6.400000000000000000e+01 -1.032000000000000000e+03
2.894800000000000000e+04 1.600000000000000000e+01 -6.400000000000000000e+01 -1.032000000000000000e+03
2.898800000000000000e+04 1.600000000000000000e+01 -7.200000000000000000e+01 -1.040000000000000000e+03
2.902800000000000000e+04 1.600000000000000000e+01 -7.200000000000000000e+01 -1.040000000000000000e+03
2.906800000000000000e+04 2.400000000000000000e+01 -6.400000000000000000e+01 -1.032000000000000000e+03
2.910800000000000000e+04 1.600000000000000000e+01 -7.200000000000000000e+01 -1.024000000000000000e+03
2.914800000000000000e+04 1.600000000000000000e+01 -6.400000000000000000e+01 -1.032000000000000000e+03
2.918800000000000000e+04 1.600000000000000000e+01 -6.400000000000000000e+01 -1.040000000000000000e+03
2.922800000000000000e+04 1.600000000000000000e+01 -6.400000000000000000e+01 -1.040000000000000000e+03
2.926800000000000000e+04 1.600000000000000000e+01 -6.400000000000000000e+01 -1.032000000000000000e+03
2.930800000000000000e+04 1.600000000000000000e+01 -6.400000000000000000e+01 -1.024000000000000000e+03
2.934800000000000000e+04 1.600000000000000000e+01 -6.400000000000000000e+01 -1.040000000000000000e+03
2.938800000000000000e+04 2.400000000000000000e+01 -6.400000000000000000e+01 -1.040000000000000000e+03
2.942800000000000000e+04 8.000000000000000000e+00 -6.400000000000000000e+01 -1.016000000000000000e+03
2.946800000000000000e+04 8.000000000000000000e+00 -6.400000000000000000e+01 -1.032000000000000000e+03
2.950800000000000000e+04 8.000000000000000000e+00 -7.200000000000000000e+01 -1.024000000000000000e+03
2.954800000000000000e+04 1.600000000000000000e+01 -5.600000000000000000e+01 -1.016000000000000000e+03
2.958800000000000000e+04 2.400000000000000000e+01 -6.400000000000000000e+01 -1.032000000000000000e+03
2.962800000000000000e+04 2.400000000000000000e+01 -5.600000000000000000e+01 -1.064000000000000000e+03
2.966800000000000000e+04 1.600000000000000000e+01 -5.600000000000000000e+01 -1.040000000000000000e+03
2.970800000000000000e+04 2.400000000000000000e+01 -6.400000000000000000e+01 -1.024000000000000000e+03
2.974800000000000000e+04 2.400000000000000000e+01 -6.400000000000000000e+01 -1.024000000000000000e+03
2.978800000000000000e+04 8.000000000000000000e+00 -6.400000000000000000e+01 -1.024000000000000000e+03
8.300000000000000000e+01 1.600000000000000000e+01 -6.400000000000000000e+01 -1.032000000000000000e+03
1.230000000000000000e+02 1.600000000000000000e+01 -7.200000000000000000e+01 -9.840000000000000000e+02
1.630000000000000000e+02 3.200000000000000000e+01 -6.400000000000000000e+01 -1.040000000000000000e+03
2.030000000000000000e+02 2.400000000000000000e+01 -4.800000000000000000e+01 -1.048000000000000000e+03
2.430000000000000000e+02 1.600000000000000000e+01 -4.800000000000000000e+01 -9.600000000000000000e+02
2.830000000000000000e+02 1.600000000000000000e+01 -5.600000000000000000e+01 -1.024000000000000000e+03
3.230000000000000000e+02 8.000000000000000000e+00 -5.600000000000000000e+01 -1.080000000000000000e+03
3.630000000000000000e+02 3.200000000000000000e+01 -3.200000000000000000e+01 -1.048000000000000000e+03
4.030000000000000000e+02 3.200000000000000000e+01 -5.600000000000000000e+01 -1.064000000000000000e+03
4.430000000000000000e+02 8.000000000000000000e+00 -5.600000000000000000e+01 -9.440000000000000000e+02
4.830000000000000000e+02 8.000000000000000000e+00 -5.600000000000000000e+01 -1.024000000000000000e+03
5.230000000000000000e+02 2.400000000000000000e+01 8.000000000000000000e+00 -9.440000000000000000e+02
5.630000000000000000e+02 3.200000000000000000e+01 8.000000000000000000e+00 -1.080000000000000000e+03
6.030000000000000000e+02 0.000000000000000000e+00 -5.600000000000000000e+01 -1.088000000000000000e+03
6.430000000000000000e+02 -8.000000000000000000e+00 -6.400000000000000000e+01 -1.048000000000000000e+03
6.830000000000000000e+02 1.600000000000000000e+01 -4.800000000000000000e+01 -1.128000000000000000e+03
7.230000000000000000e+02 8.000000000000000000e+00 -8.000000000000000000e+00 -9.680000000000000000e+02
7.630000000000000000e+02 1.600000000000000000e+01 -6.400000000000000000e+01 -9.200000000000000000e+02
8.030000000000000000e+02 1.600000000000000000e+01 -7.200000000000000000e+01 -1.056000000000000000e+03
8.430000000000000000e+02 4.000000000000000000e+01 -6.400000000000000000e+01 -1.016000000000000000e+03
8.830000000000000000e+02 3.200000000000000000e+01 -4.800000000000000000e+01 -9.440000000000000000e+02
9.230000000000000000e+02 0.000000000000000000e+00 -2.400000000000000000e+01 -9.920000000000000000e+02
9.630000000000000000e+02 0.000000000000000000e+00 -3.200000000000000000e+01 -1.192000000000000000e+03
1.003000000000000000e+03 2.400000000000000000e+01 -8.000000000000000000e+01 -1.088000000000000000e+03
1.043000000000000000e+03 8.000000000000000000e+00 -5.600000000000000000e+01 -1.056000000000000000e+03
1.075000000000000000e+03 3.200000000000000000e+01 -7.200000000000000000e+01 -1.112000000000000000e+03
1.115000000000000000e+03 2.400000000000000000e+01 -6.400000000000000000e+01 -1.032000000000000000e+03
1.155000000000000000e+03 3.200000000000000000e+01 -6.400000000000000000e+01 -1.024000000000000000e+03
1.195000000000000000e+03 3.200000000000000000e+01 -6.400000000000000000e+01 -1.008000000000000000e+03
1.235000000000000000e+03 3.200000000000000000e+01 -7.200000000000000000e+01 -1.040000000000000000e+03
1.275000000000000000e+03 2.400000000000000000e+01 -8.000000000000000000e+01 -1.064000000000000000e+03
1.315000000000000000e+03 0.000000000000000000e+00 -1.280000000000000000e+02 -1.056000000000000000e+03
1.355000000000000000e+03 3.200000000000000000e+01 -1.040000000000000000e+02 -1.096000000000000000e+03
1.395000000000000000e+03 1.600000000000000000e+01 -5.600000000000000000e+01 -1.088000000000000000e+03
1.435000000000000000e+03 1.600000000000000000e+01 -7.200000000000000000e+01 -1.024000000000000000e+03
1.475000000000000000e+03 8.000000000000000000e+00 -5.600000000000000000e+01 -1.016000000000000000e+03
1.515000000000000000e+03 -8.000000000000000000e+00 -5.600000000000000000e+01 -1.032000000000000000e+03
1.555000000000000000e+03 4.000000000000000000e+01 -6.400000000000000000e+01 -1.048000000000000000e+03
1.595000000000000000e+03 2.400000000000000000e+01 -7.200000000000000000e+01 -1.024000000000000000e+03
1.635000000000000000e+03 2.400000000000000000e+01 -6.400000000000000000e+01 -1.032000000000000000e+03
1.675000000000000000e+03 1.600000000000000000e+01 -5.600000000000000000e+01 -1.032000000000000000e+03
1.715000000000000000e+03 1.600000000000000000e+01 -5.600000000000000000e+01 -1.048000000000000000e+03
1.755000000000000000e+03 3.200000000000000000e+01 -4.800000000000000000e+01 -1.008000000000000000e+03
1.795000000000000000e+03 2.400000000000000000e+01 -4.800000000000000000e+01 -1.032000000000000000e+03
1.835000000000000000e+03 2.400000000000000000e+01 -4.800000000000000000e+01 -1.040000000000000000e+03
1.875000000000000000e+03 1.600000000000000000e+01 -5.600000000000000000e+01 -1.016000000000000000e+03
1.915000000000000000e+03 2.400000000000000000e+01 -5.600000000000000000e+01 -1.040000000000000000e+03
1.955000000000000000e+03 8.000000000000000000e+00 -6.400000000000000000e+01 -1.048000000000000000e+03
1.995000000000000000e+03 1.600000000000000000e+01 -5.600000000000000000e+01 -1.024000000000000000e+03
2.035000000000000000e+03 2.400000000000000000e+01 -5.600000000000000000e+01 -1.032000000000000000e+03
2.068000000000000000e+03 2.400000000000000000e+01 -5.600000000000000000e+01 -1.048000000000000000e+03
2.108000000000000000e+03 4.000000000000000000e+01 -2.400000000000000000e+01 -1.016000000000000000e+03
2.148000000000000000e+03 3.200000000000000000e+01 -4.800000000000000000e+01 -1.024000000000000000e+03
2.188000000000000000e+03 4.000000000000000000e+01 -8.800000000000000000e+01 -1.032000000000000000e+03
2.228000000000000000e+03 8.000000000000000000e+00 -6.400000000000000000e+01 -1.016000000000000000e+03
2.268000000000000000e+03 1.600000000000000000e+01 -5.600000000000000000e+01 -1.040000000000000000e+03
2.308000000000000000e+03 1.600000000000000000e+01 -6.400000000000000000e+01 -1.016000000000000000e+03
2.348000000000000000e+03 8.000000000000000000e+00 -4.000000000000000000e+01 -1.008000000000000000e+03
2.388000000000000000e+03 1.600000000000000000e+01 -5.600000000000000000e+01 -1.032000000000000000e+03
2.428000000000000000e+03 1.600000000000000000e+01 -4.800000000000000000e+01 -1.040000000000000000e+03
2.468000000000000000e+03 1.600000000000000000e+01 -5.600000000000000000e+01 -1.024000000000000000e+03
2.508000000000000000e+03 1.600000000000000000e+01 -6.400000000000000000e+01 -1.040000000000000000e+03
2.548000000000000000e+03 1.600000000000000000e+01 -8.000000000000000000e+01 -1.072000000000000000e+03
2.588000000000000000e+03 -1.600000000000000000e+01 -8.000000000000000000e+01 -1.040000000000000000e+03
2.628000000000000000e+03 -2.400000000000000000e+01 -5.600000000000000000e+01 -9.920000000000000000e+02
2.668000000000000000e+03 0.000000000000000000e+00 -5.600000000000000000e+01 -1.040000000000000000e+03
2.708000000000000000e+03 -8.000000000000000000e+00 -8.800000000000000000e+01 -1.080000000000000000e+03
2.748000000000000000e+03 1.600000000000000000e+01 -9.600000000000000000e+01 -1.024000000000000000e+03
2.788000000000000000e+03 1.600000000000000000e+01 -8.800000000000000000e+01 -9.680000000000000000e+02
2.828000000000000000e+03 -8.000000000000000000e+00 -1.360000000000000000e+02 -1.048000000000000000e+03
2.868000000000000000e+03 8.000000000000000000e+00 -1.040000000000000000e+02 -1.016000000000000000e+03
2.908000000000000000e+03 1.600000000000000000e+01 -7.200000000000000000e+01 -1.048000000000000000e+03
2.948000000000000000e+03 8.000000000000000000e+00 -6.400000000000000000e+01 -1.000000000000000000e+03
2.988000000000000000e+03 8.000000000000000000e+00 -4.000000000000000000e+01 -1.040000000000000000e+03
3.028000000000000000e+03 2.400000000000000000e+01 -8.000000000000000000e+01 -1.040000000000000000e+03
3.061000000000000000e+03 8.000000000000000000e+00 -8.800000000000000000e+01 -1.040000000000000000e+03
3.101000000000000000e+03 0.000000000000000000e+00 -8.800000000000000000e+01 -1.064000000000000000e+03
3.141000000000000000e+03 0.000000000000000000e+00 -6.400000000000000000e+01 -1.040000000000000000e+03
3.181000000000000000e+03 8.000000000000000000e+00 -4.000000000000000000e+01 -1.024000000000000000e+03
3.221000000000000000e+03 0.000000000000000000e+00 -4.800000000000000000e+01 -1.048000000000000000e+03
3.261000000000000000e+03 8.000000000000000000e+00 -5.600000000000000000e+01 -1.032000000000000000e+03
3.301000000000000000e+03 0.000000000000000000e+00 -5.600000000000000000e+01 -1.008000000000000000e+03
3.341000000000000000e+03 8.000000000000000000e+00 -4.800000000000000000e+01 -1.000000000000000000e+03
3.381000000000000000e+03 8.000000000000000000e+00 -4.800000000000000000e+01 -1.040000000000000000e+03
3.421000000000000000e+03 3.200000000000000000e+01 -4.800000000000000000e+01 -1.032000000000000000e+03
3.461000000000000000e+03 1.600000000000000000e+01 -5.600000000000000000e+01 -9.920000000000000000e+02
3.501000000000000000e+03 1.600000000000000000e+01 -5.600000000000000000e+01 -1.024000000000000000e+03
3.541000000000000000e+03 2.400000000000000000e+01 -5.600000000000000000e+01 -1.040000000000000000e+03
3.581000000000000000e+03 2.400000000000000000e+01 -4.800000000000000000e+01 -1.040000000000000000e+03
3.621000000000000000e+03 2.400000000000000000e+01 -6.400000000000000000e+01 -1.032000000000000000e+03
3.661000000000000000e+03 1.600000000000000000e+01 -5.600000000000000000e+01 -1.016000000000000000e+03
3.701000000000000000e+03 2.400000000000000000e+01 -4.800000000000000000e+01 -1.008000000000000000e+03
3.741000000000000000e+03 2.400000000000000000e+01 -5.600000000000000000e+01 -1.032000000000000000e+03
3.781000000000000000e+03 8.000000000000000000e+00 -4.800000000000000000e+01 -1.056000000000000000e+03
3.821000000000000000e+03 8.000000000000000000e+00 -6.400000000000000000e+01 -1.008000000000000000e+03
3.861000000000000000e+03 8.000000000000000000e+00 -6.400000000000000000e+01 -1.024000000000000000e+03
3.901000000000000000e+03 1.600000000000000000e+01 -6.400000000000000000e+01 -1.024000000000000000e+03
3.941000000000000000e+03 2.400000000000000000e+01 -6.400000000000000000e+01 -1.008000000000000000e+03
3.981000000000000000e+03 8.000000000000000000e+00 -8.800000000000000000e+01 -1.056000000000000000e+03
4.021000000000000000e+03 1.600000000000000000e+01 -7.200000000000000000e+01 -1.032000000000000000e+03
4.053000000000000000e+03 1.600000000000000000e+01 -5.600000000000000000e+01 -1.032000000000000000e+03
4.093000000000000000e+03 -2.400000000000000000e+01 -4.800000000000000000e+01 -1.056000000000000000e+03
4.133000000000000000e+03 0.000000000000000000e+00 -4.800000000000000000e+01 -1.016000000000000000e+03
4.173000000000000000e+03 2.400000000000000000e+01 -4.000000000000000000e+01 -1.056000000000000000e+03
4.213000000000000000e+03 2.400000000000000000e+01 -3.200000000000000000e+01 -1.056000000000000000e+03
4.253000000000000000e+03 2.400000000000000000e+01 -4.000000000000000000e+01 -1.056000000000000000e+03
4.293000000000000000e+03 1.600000000000000000e+01 -5.600000000000000000e+01 -1.024000000000000000e+03
4.333000000000000000e+03 2.400000000000000000e+01 -5.600000000000000000e+01 -1.040000000000000000e+03
4.373000000000000000e+03 1.600000000000000000e+01 -6.400000000000000000e+01 -1.032000000000000000e+03
4.413000000000000000e+03 1.600000000000000000e+01 -5.600000000000000000e+01 -1.072000000000000000e+03
4.453000000000000000e+03 2.400000000000000000e+01 -5.600000000000000000e+01 -1.064000000000000000e+03
4.493000000000000000e+03 2.400000000000000000e+01 -6.400000000000000000e+01 -1.032000000000000000e+03
4.533000000000000000e+03 1.600000000000000000e+01 -6.400000000000000000e+01 -1.040000000000000000e+03
4.573000000000000000e+03 2.400000000000000000e+01 -5.600000000000000000e+01 -1.040000000000000000e+03
4.613000000000000000e+03 1.600000000000000000e+01 -4.800000000000000000e+01 -1.008000000000000000e+03
4.653000000000000000e+03 1.600000000000000000e+01 -4.800000000000000000e+01 -1.040000000000000000e+03
4.693000000000000000e+03 1.600000000000000000e+01 -5.600000000000000000e+01 -1.032000000000000000e+03
4.733000000000000000e+03 1.600000000000000000e+01 -7.200000000000000000e+01 -1.032000000000000000e+03
4.773000000000000000e+03 2.400000000000000000e+01 -6.400000000000000000e+01 -1.040000000000000000e+03
4.813000000000000000e+03 2.400000000000000000e+01 -4.000000000000000000e+01 -1.032000000000000000e+03
4.853000000000000000e+03 2.400000000000000000e+01 -4.000000000000000000e+01 -1.016000000000000000e+03
4.893000000000000000e+03 2.400000000000000000e+01 -7.200000000000000000e+01 -1.032000000000000000e+03
4.933000000000000000e+03 3.200000000000000000e+01 -5.600000000000000000e+01 -1.024000000000000000e+03
4.973000000000000000e+03 2.400000000000000000e+01 -5.600000000000000000e+01 -1.032000000000000000e+03
5.013000000000000000e+03 1.600000000000000000e+01 -5.600000000000000000e+01 -1.032000000000000000e+03
5.045000000000000000e+03 1.600000000000000000e+01 -4.800000000000000000e+01 -1.032000000000000000e+03
5.085000000000000000e+03 2.400000000000000000e+01 -5.600000000000000000e+01 -1.024000000000000000e+03
5.125000000000000000e+03 2.400000000000000000e+01 -4.800000000000000000e+01 -1.040000000000000000e+03
5.165000000000000000e+03 4.000000000000000000e+01 -5.600000000000000000e+01 -1.008000000000000000e+03
5.205000000000000000e+03 2.400000000000000000e+01 -4.800000000000000000e+01 -1.032000000000000000e+03
5.245000000000000000e+03 2.400000000000000000e+01 -5.600000000000000000e+01 -1.048000000000000000e+03
5.285000000000000000e+03 1.600000000000000000e+01 -5.600000000000000000e+01 -1.024000000000000000e+03
5.325000000000000000e+03 1.600000000000000000e+01 -4.800000000000000000e+01 -1.032000000000000000e+03
5.365000000000000000e+03 2.400000000000000000e+01 -4.800000000000000000e+01 -1.032000000000000000e+03
5.405000000000000000e+03 1.600000000000000000e+01 -5.600000000000000000e+01 -1.040000000000000000e+03
5.445000000000000000e+03 8.000000000000000000e+00 -6.400000000000000000e+01 -1.024000000000000000e+03
5.485000000000000000e+03 1.600000000000000000e+01 -6.400000000000000000e+01 -1.056000000000000000e+03
5.525000000000000000e+03 -1.600000000000000000e+01 -5.600000000000000000e+01 -1.056000000000000000e+03
5.565000000000000000e+03 -2.400000000000000000e+01 -7.200000000000000000e+01 -1.032000000000000000e+03
5.605000000000000000e+03 0.000000000000000000e+00 -5.600000000000000000e+01 -1.032000000000000000e+03
5.645000000000000000e+03 8.000000000000000000e+00 -4.800000000000000000e+01 -1.040000000000000000e+03
5.685000000000000000e+03 0.000000000000000000e+00 -6.400000000000000000e+01 -1.024000000000000000e+03
5.725000000000000000e+03 0.000000000000000000e+00 -5.600000000000000000e+01 -1.056000000000000000e+03
5.765000000000000000e+03 2.400000000000000000e+01 -5.600000000000000000e+01 -1.040000000000000000e+03
5.805000000000000000e+03 3.200000000000000000e+01 -4.800000000000000000e+01 -1.024000000000000000e+03
5.845000000000000000e+03 2.400000000000000000e+01 -4.800000000000000000e+01 -1.032000000000000000e+03
5.885000000000000000e+03 2.400000000000000000e+01 -6.400000000000000000e+01 -1.032000000000000000e+03
5.925000000000000000e+03 8.000000000000000000e+00 -6.400000000000000000e+01 -1.056000000000000000e+03
5.965000000000000000e+03 2.400000000000000000e+01 -6.400000000000000000e+01 -1.024000000000000000e+03
6.005000000000000000e+03 8.000000000000000000e+00 -4.800000000000000000e+01 -1.008000000000000000e+03
6.037000000000000000e+03 8.000000000000000000e+00 -4.800000000000000000e+01 -1.016000000000000000e+03
6.077000000000000000e+03 -3.200000000000000000e+01 -4.800000000000000000e+01 -1.056000000000000000e+03
6.117000000000000000e+03 -8.000000000000000000e+00 -4.800000000000000000e+01 -1.016000000000000000e+03
6.157000000000000000e+03 2.400000000000000000e+01 -5.600000000000000000e+01 -1.040000000000000000e+03
6.197000000000000000e+03 -8.000000000000000000e+00 -6.400000000000000000e+01 -9.680000000000000000e+02
6.237000000000000000e+03 0.000000000000000000e+00 -6.400000000000000000e+01 -1.032000000000000000e+03
6.277000000000000000e+03 -1.600000000000000000e+01 0.000000000000000000e+00 -1.008000000000000000e+03
6.317000000000000000e+03 8.000000000000000000e+00 -1.600000000000000000e+01 -1.112000000000000000e+03
6.357000000000000000e+03 2.400000000000000000e+01 -6.400000000000000000e+01 -1.040000000000000000e+03
6.397000000000000000e+03 8.000000000000000000e+00 -4.000000000000000000e+01 -1.000000000000000000e+03
6.437000000000000000e+03 2.400000000000000000e+01 -6.400000000000000000e+01 -1.040000000000000000e+03
6.477000000000000000e+03 2.400000000000000000e+01 -5.600000000000000000e+01 -1.032000000000000000e+03
6.517000000000000000e+03 2.400000000000000000e+01 -4.800000000000000000e+01 -1.016000000000000000e+03
6.557000000000000000e+03 1.600000000000000000e+01 -4.800000000000000000e+01 -1.016000000000000000e+03
6.597000000000000000e+03 2.400000000000000000e+01 -7.200000000000000000e+01 -1.056000000000000000e+03
6.637000000000000000e+03 2.400000000000000000e+01 -7.200000000000000000e+01 -1.040000000000000000e+03
6.677000000000000000e+03 4.000000000000000000e+01 -6.400000000000000000e+01 -1.064000000000000000e+03
6.717000000000000000e+03 2.400000000000000000e+01 -6.400000000000000000e+01 -1.032000000000000000e+03
6.757000000000000000e+03 2.400000000000000000e+01 -6.400000000000000000e+01 -1.032000000000000000e+03
6.797000000000000000e+03 1.600000000000000000e+01 -5.600000000000000000e+01 -1.024000000000000000e+03
6.837000000000000000e+03 1.600000000000000000e+01 -5.600000000000000000e+01 -1.016000000000000000e+03
6.877000000000000000e+03 2.400000000000000000e+01 -4.800000000000000000e+01 -1.032000000000000000e+03
6.917000000000000000e+03 4.000000000000000000e+01 -4.800000000000000000e+01 -1.008000000000000000e+03
6.957000000000000000e+03 3.200000000000000000e+01 -4.000000000000000000e+01 -1.016000000000000000e+03
6.997000000000000000e+03 8.000000000000000000e+00 -3.200000000000000000e+01 -1.032000000000000000e+03
7.031000000000000000e+03 -8.000000000000000000e+00 -4.000000000000000000e+01 -1.032000000000000000e+03
7.071000000000000000e+03 2.400000000000000000e+01 -2.400000000000000000e+01 -1.056000000000000000e+03
7.111000000000000000e+03 0.000000000000000000e+00 -4.800000000000000000e+01 -1.056000000000000000e+03
7.151000000000000000e+03 8.000000000000000000e+00 -7.200000000000000000e+01 -1.032000000000000000e+03
7.191000000000000000e+03 1.600000000000000000e+01 -6.400000000000000000e+01 -1.048000000000000000e+03
7.231000000000000000e+03 2.400000000000000000e+01 -4.800000000000000000e+01 -1.032000000000000000e+03
7.271000000000000000e+03 3.200000000000000000e+01 -6.400000000000000000e+01 -1.016000000000000000e+03
7.311000000000000000e+03 3.200000000000000000e+01 -6.400000000000000000e+01 -1.016000000000000000e+03
7.351000000000000000e+03 8.000000000000000000e+00 -6.400000000000000000e+01 -1.032000000000000000e+03
7.391000000000000000e+03 0.000000000000000000e+00 -6.400000000000000000e+01 -1.048000000000000000e+03
7.431000000000000000e+03 3.360000000000000000e+02 -8.800000000000000000e+01 -1.056000000000000000e+03
7.471000000000000000e+03 2.000000000000000000e+02 -6.400000000000000000e+01 -1.152000000000000000e+03
7.511000000000000000e+03 1.760000000000000000e+02 -3.200000000000000000e+01 -1.032000000000000000e+03
7.551000000000000000e+03 2.000000000000000000e+02 4.800000000000000000e+01 -1.104000000000000000e+03
7.591000000000000000e+03 1.840000000000000000e+02 -1.600000000000000000e+01 -1.040000000000000000e+03
7.631000000000000000e+03 2.320000000000000000e+02 0.000000000000000000e+00 -1.064000000000000000e+03
7.671000000000000000e+03 2.320000000000000000e+02 -1.600000000000000000e+01 -1.056000000000000000e+03
7.711000000000000000e+03 2.960000000000000000e+02 -1.600000000000000000e+01 -1.064000000000000000e+03
7.751000000000000000e+03 4.160000000000000000e+02 8.800000000000000000e+01 -1.000000000000000000e+03
7.791000000000000000e+03 4.320000000000000000e+02 -2.400000000000000000e+01 -8.400000000000000000e+02
7.831000000000000000e+03 7.040000000000000000e+02 -4.800000000000000000e+01 -3.040000000000000000e+02
7.871000000000000000e+03 7.440000000000000000e+02 -7.200000000000000000e+01 -6.880000000000000000e+02
7.911000000000000000e+03 8.480000000000000000e+02 -2.000000000000000000e+02 -7.360000000000000000e+02
7.951000000000000000e+03 8.960000000000000000e+02 -1.360000000000000000e+02 -3.200000000000000000e+02
7.991000000000000000e+03 7.760000000000000000e+02 -3.440000000000000000e+02 -5.360000000000000000e+02
8.023000000000000000e+03 6.640000000000000000e+02 -3.360000000000000000e+02 -7.840000000000000000e+02
8.063000000000000000e+03 8.000000000000000000e+02 -2.640000000000000000e+02 -7.760000000000000000e+02
8.103000000000000000e+03 7.840000000000000000e+02 -2.480000000000000000e+02 -5.280000000000000000e+02
8.143000000000000000e+03 7.440000000000000000e+02 -2.720000000000000000e+02 -4.720000000000000000e+02
8.183000000000000000e+03 1.016000000000000000e+03 -2.880000000000000000e+02 -9.760000000000000000e+02
8.223000000000000000e+03 8.640000000000000000e+02 -2.640000000000000000e+02 -7.760000000000000000e+02
8.263000000000000000e+03 8.640000000000000000e+02 -2.960000000000000000e+02 -8.320000000000000000e+02
8.303000000000000000e+03 7.600000000000000000e+02 -2.640000000000000000e+02 -6.480000000000000000e+02
8.343000000000000000e+03 7.120000000000000000e+02 -2.720000000000000000e+02 -6.960000000000000000e+02
8.383000000000000000e+03 6.800000000000000000e+02 -2.720000000000000000e+02 -7.120000000000000000e+02
8.423000000000000000e+03 5.680000000000000000e+02 -3.200000000000000000e+02 -8.400000000000000000e+02
8.463000000000000000e+03 4.960000000000000000e+02 -3.360000000000000000e+02 -1.000000000000000000e+03
8.503000000000000000e+03 4.240000000000000000e+02 -2.560000000000000000e+02 -1.104000000000000000e+03
8.543000000000000000e+03 3.360000000000000000e+02 -2.240000000000000000e+02 -9.760000000000000000e+02
8.583000000000000000e+03 2.960000000000000000e+02 -2.400000000000000000e+02 -1.160000000000000000e+03
8.623000000000000000e+03 1.600000000000000000e+02 -2.240000000000000000e+02 -9.600000000000000000e+02
8.663000000000000000e+03 1.680000000000000000e+02 -3.200000000000000000e+02 -9.120000000000000000e+02
8.703000000000000000e+03 1.440000000000000000e+02 -4.000000000000000000e+02 -6.640000000000000000e+02
8.743000000000000000e+03 -5.120000000000000000e+02 2.960000000000000000e+02 -3.264000000000000000e+03
8.783000000000000000e+03 -2.400000000000000000e+02 8.000000000000000000e+01 -8.960000000000000000e+02
8.823000000000000000e+03 -1.200000000000000000e+02 8.000000000000000000e+00 -1.120000000000000000e+03
8.863000000000000000e+03 -5.600000000000000000e+01 -1.600000000000000000e+01 -1.032000000000000000e+03
8.903000000000000000e+03 -1.600000000000000000e+01 -2.400000000000000000e+01 -1.048000000000000000e+03
8.943000000000000000e+03 8.000000000000000000e+00 -5.600000000000000000e+01 -1.048000000000000000e+03
8.983000000000000000e+03 1.600000000000000000e+01 -5.600000000000000000e+01 -9.920000000000000000e+02
9.015000000000000000e+03 1.600000000000000000e+01 -7.200000000000000000e+01 -1.040000000000000000e+03
9.055000000000000000e+03 8.000000000000000000e+00 -6.400000000000000000e+01 -1.000000000000000000e+03
9.095000000000000000e+03 -8.000000000000000000e+00 -8.000000000000000000e+01 -1.056000000000000000e+03
9.135000000000000000e+03 -3.200000000000000000e+01 -6.400000000000000000e+01 -1.048000000000000000e+03
9.175000000000000000e+03 -1.280000000000000000e+02 -5.600000000000000000e+01 -1.336000000000000000e+03
9.215000000000000000e+03 2.400000000000000000e+01 -1.520000000000000000e+02 -9.200000000000000000e+02
9.255000000000000000e+03 8.000000000000000000e+00 -2.080000000000000000e+02 -1.136000000000000000e+03
9.295000000000000000e+03 8.800000000000000000e+01 -1.680000000000000000e+02 -1.128000000000000000e+03
9.335000000000000000e+03 1.360000000000000000e+02 -1.200000000000000000e+02 -1.048000000000000000e+03
9.375000000000000000e+03 2.400000000000000000e+02 -8.000000000000000000e+01 -1.016000000000000000e+03
9.415000000000000000e+03 3.840000000000000000e+02 -1.120000000000000000e+02 -1.288000000000000000e+03
9.455000000000000000e+03 2.960000000000000000e+02 -6.400000000000000000e+01 -8.960000000000000000e+02
9.495000000000000000e+03 2.400000000000000000e+02 -1.200000000000000000e+02 -1.168000000000000000e+03
9.535000000000000000e+03 3.440000000000000000e+02 -1.440000000000000000e+02 -7.280000000000000000e+02
9.575000000000000000e+03 4.400000000000000000e+02 -1.920000000000000000e+02 -9.280000000000000000e+02
9.615000000000000000e+03 5.280000000000000000e+02 -1.840000000000000000e+02 -7.520000000000000000e+02
9.655000000000000000e+03 5.840000000000000000e+02 -2.560000000000000000e+02 -8.320000000000000000e+02
9.695000000000000000e+03 6.000000000000000000e+02 -1.920000000000000000e+02 -6.320000000000000000e+02
9.735000000000000000e+03 5.040000000000000000e+02 -2.080000000000000000e+02 -5.520000000000000000e+02
9.775000000000000000e+03 4.320000000000000000e+02 -2.960000000000000000e+02 -6.160000000000000000e+02
9.815000000000000000e+03 4.160000000000000000e+02 -3.280000000000000000e+02 -6.880000000000000000e+02
9.855000000000000000e+03 5.040000000000000000e+02 -3.440000000000000000e+02 -7.680000000000000000e+02
9.895000000000000000e+03 5.440000000000000000e+02 -2.160000000000000000e+02 -4.560000000000000000e+02
9.935000000000000000e+03 6.000000000000000000e+02 -4.240000000000000000e+02 -1.128000000000000000e+03
9.975000000000000000e+03 5.200000000000000000e+02 -3.280000000000000000e+02 -8.880000000000000000e+02
1.000800000000000000e+04 4.640000000000000000e+02 -2.880000000000000000e+02 -9.200000000000000000e+02
1.004800000000000000e+04 4.080000000000000000e+02 -3.280000000000000000e+02 -1.464000000000000000e+03
1.008800000000000000e+04 3.840000000000000000e+02 -1.920000000000000000e+02 -1.048000000000000000e+03
1.012800000000000000e+04 3.200000000000000000e+02 -1.760000000000000000e+02 -8.720000000000000000e+02
1.016800000000000000e+04 2.960000000000000000e+02 -1.680000000000000000e+02 -9.360000000000000000e+02
1.020800000000000000e+04 2.160000000000000000e+02 -2.400000000000000000e+02 -1.120000000000000000e+03
1.024800000000000000e+04 9.600000000000000000e+01 -2.080000000000000000e+02 -1.064000000000000000e+03
1.028800000000000000e+04 3.200000000000000000e+01 -2.080000000000000000e+02 -1.040000000000000000e+03
1.032800000000000000e+04 -3.200000000000000000e+01 -2.160000000000000000e+02 -1.024000000000000000e+03
1.036800000000000000e+04 -2.400000000000000000e+01 -2.160000000000000000e+02 -1.072000000000000000e+03
1.040800000000000000e+04 -4.000000000000000000e+01 -1.840000000000000000e+02 -1.096000000000000000e+03
1.044800000000000000e+04 -1.600000000000000000e+01 -1.600000000000000000e+02 -1.032000000000000000e+03
1.048800000000000000e+04 -2.400000000000000000e+01 -1.920000000000000000e+02 -1.048000000000000000e+03
1.052800000000000000e+04 -2.880000000000000000e+02 -3.040000000000000000e+02 -1.056000000000000000e+03
1.056800000000000000e+04 -1.600000000000000000e+02 -2.160000000000000000e+02 -8.800000000000000000e+02
1.060800000000000000e+04 -8.800000000000000000e+01 -1.600000000000000000e+02 -1.032000000000000000e+03
1.064800000000000000e+04 -4.800000000000000000e+01 -1.440000000000000000e+02 -1.096000000000000000e+03
1.068800000000000000e+04 -1.600000000000000000e+01 -1.120000000000000000e+02 -1.024000000000000000e+03
1.072800000000000000e+04 -2.400000000000000000e+01 -9.600000000000000000e+01 -9.600000000000000000e+02
1.076800000000000000e+04 1.600000000000000000e+01 -8.000000000000000000e+01 -1.040000000000000000e+03
1.080800000000000000e+04 2.400000000000000000e+01 -9.600000000000000000e+01 -1.000000000000000000e+03
1.084800000000000000e+04 2.400000000000000000e+01 -1.040000000000000000e+02 -9.760000000000000000e+02
1.088800000000000000e+04 2.400000000000000000e+01 -1.120000000000000000e+02 -1.016000000000000000e+03
1.092800000000000000e+04 2.400000000000000000e+01 -1.200000000000000000e+02 -9.920000000000000000e+02
1.096800000000000000e+04 2.400000000000000000e+01 -1.200000000000000000e+02 -1.072000000000000000e+03
1.100000000000000000e+04 1.600000000000000000e+01 -1.200000000000000000e+02 -1.056000000000000000e+03
1.104000000000000000e+04 8.000000000000000000e+00 -1.200000000000000000e+02 -1.032000000000000000e+03
1.108000000000000000e+04 1.600000000000000000e+01 -1.120000000000000000e+02 -1.016000000000000000e+03
1.112000000000000000e+04 2.400000000000000000e+01 -1.200000000000000000e+02 -1.016000000000000000e+03
1.116000000000000000e+04 2.400000000000000000e+01 -1.200000000000000000e+02 -1.040000000000000000e+03
1.120000000000000000e+04 2.400000000000000000e+01 -1.120000000000000000e+02 -1.032000000000000000e+03
1.124000000000000000e+04 1.600000000000000000e+01 -1.120000000000000000e+02 -1.024000000000000000e+03
1.128000000000000000e+04 2.400000000000000000e+01 -1.120000000000000000e+02 -1.024000000000000000e+03
1.132000000000000000e+04 2.400000000000000000e+01 -1.120000000000000000e+02 -1.040000000000000000e+03
1.136000000000000000e+04 2.400000000000000000e+01 -1.200000000000000000e+02 -1.016000000000000000e+03
1.140000000000000000e+04 8.000000000000000000e+00 -9.600000000000000000e+01 -1.032000000000000000e+03
1.144000000000000000e+04 1.600000000000000000e+01 -1.040000000000000000e+02 -1.040000000000000000e+03
1.148000000000000000e+04 4.000000000000000000e+01 -9.600000000000000000e+01 -1.056000000000000000e+03
1.152000000000000000e+04 3.200000000000000000e+01 -1.120000000000000000e+02 -1.024000000000000000e+03
1.156000000000000000e+04 2.400000000000000000e+01 -1.120000000000000000e+02 -1.056000000000000000e+03
1.160000000000000000e+04 1.600000000000000000e+01 -1.360000000000000000e+02 -1.008000000000000000e+03
1.164000000000000000e+04 2.400000000000000000e+01 -1.120000000000000000e+02 -1.040000000000000000e+03
1.168000000000000000e+04 2.400000000000000000e+01 -1.040000000000000000e+02 -1.032000000000000000e+03
1.172000000000000000e+04 2.400000000000000000e+01 -1.120000000000000000e+02 -1.016000000000000000e+03
1.176000000000000000e+04 8.000000000000000000e+00 -1.360000000000000000e+02 -1.048000000000000000e+03
1.180000000000000000e+04 8.000000000000000000e+00 -1.040000000000000000e+02 -1.016000000000000000e+03
1.184000000000000000e+04 1.600000000000000000e+01 -8.800000000000000000e+01 -9.840000000000000000e+02
1.188000000000000000e+04 3.200000000000000000e+01 -8.800000000000000000e+01 -1.040000000000000000e+03
1.192000000000000000e+04 1.600000000000000000e+01 -8.000000000000000000e+01 -1.024000000000000000e+03
1.196000000000000000e+04 1.600000000000000000e+01 -8.800000000000000000e+01 -1.040000000000000000e+03
1.199200000000000000e+04 -8.000000000000000000e+00 -1.040000000000000000e+02 -1.032000000000000000e+03
1.203200000000000000e+04 8.000000000000000000e+00 -1.120000000000000000e+02 -1.008000000000000000e+03
1.207200000000000000e+04 -8.000000000000000000e+00 -1.120000000000000000e+02 -9.760000000000000000e+02
1.211200000000000000e+04 3.200000000000000000e+01 -1.040000000000000000e+02 -1.008000000000000000e+03
1.215200000000000000e+04 1.600000000000000000e+01 -1.120000000000000000e+02 -1.024000000000000000e+03
1.219200000000000000e+04 2.400000000000000000e+01 -1.120000000000000000e+02 -1.032000000000000000e+03
1.223200000000000000e+04 8.000000000000000000e+00 -1.280000000000000000e+02 -1.024000000000000000e+03
1.227200000000000000e+04 -8.000000000000000000e+00 -1.120000000000000000e+02 -1.032000000000000000e+03
1.231200000000000000e+04 1.600000000000000000e+01 -1.120000000000000000e+02 -1.032000000000000000e+03
1.235200000000000000e+04 0.000000000000000000e+00 -1.280000000000000000e+02 -1.032000000000000000e+03
1.239200000000000000e+04 8.000000000000000000e+00 -1.200000000000000000e+02 -1.024000000000000000e+03
1.243200000000000000e+04 2.400000000000000000e+01 -1.200000000000000000e+02 -9.600000000000000000e+02
1.247200000000000000e+04 2.400000000000000000e+01 -1.200000000000000000e+02 -1.024000000000000000e+03
1.251200000000000000e+04 2.400000000000000000e+01 -1.120000000000000000e+02 -1.024000000000000000e+03
1.255200000000000000e+04 2.400000000000000000e+01 -1.200000000000000000e+02 -1.008000000000000000e+03
1.259200000000000000e+04 1.600000000000000000e+01 -1.120000000000000000e+02 -1.032000000000000000e+03
1.263200000000000000e+04 1.600000000000000000e+01 -9.600000000000000000e+01 -1.024000000000000000e+03
1.267200000000000000e+04 2.400000000000000000e+01 -8.800000000000000000e+01 -1.040000000000000000e+03
1.271200000000000000e+04 2.400000000000000000e+01 -1.040000000000000000e+02 -1.032000000000000000e+03
1.275200000000000000e+04 2.400000000000000000e+01 -1.120000000000000000e+02 -1.000000000000000000e+03
1.279200000000000000e+04 4.000000000000000000e+01 -1.520000000000000000e+02 -1.024000000000000000e+03
1.283200000000000000e+04 4.800000000000000000e+01 -1.360000000000000000e+02 -1.032000000000000000e+03
1.287200000000000000e+04 4.000000000000000000e+01 -1.440000000000000000e+02 -1.024000000000000000e+03
1.291200000000000000e+04 2.400000000000000000e+01 -1.280000000000000000e+02 -1.032000000000000000e+03
1.295200000000000000e+04 8.000000000000000000e+00 -1.120000000000000000e+02 -1.008000000000000000e+03
1.298600000000000000e+04 1.600000000000000000e+01 -1.120000000000000000e+02 -1.056000000000000000e+03
1.302600000000000000e+04 8.000000000000000000e+00 -1.360000000000000000e+02 -1.008000000000000000e+03
1.306600000000000000e+04 0.000000000000000000e+00 -1.040000000000000000e+02 -1.056000000000000000e+03
1.310600000000000000e+04 -8.000000000000000000e+00 -1.200000000000000000e+02 -1.024000000000000000e+03
1.314600000000000000e+04 8.000000000000000000e+00 -1.200000000000000000e+02 -1.024000000000000000e+03
1.318600000000000000e+04 8.000000000000000000e+00 -1.120000000000000000e+02 -1.048000000000000000e+03
1.322600000000000000e+04 2.400000000000000000e+01 -1.200000000000000000e+02 -1.040000000000000000e+03
1.326600000000000000e+04 1.600000000000000000e+01 -1.200000000000000000e+02 -1.024000000000000000e+03
1.330600000000000000e+04 1.600000000000000000e+01 -1.120000000000000000e+02 -1.024000000000000000e+03
1.334600000000000000e+04 4.800000000000000000e+01 -1.200000000000000000e+02 -1.032000000000000000e+03
1.338600000000000000e+04 3.200000000000000000e+01 -1.120000000000000000e+02 -1.048000000000000000e+03
1.342600000000000000e+04 2.400000000000000000e+01 -1.040000000000000000e+02 -1.008000000000000000e+03
1.346600000000000000e+04 1.600000000000000000e+01 -1.040000000000000000e+02 -1.000000000000000000e+03
1.350600000000000000e+04 1.600000000000000000e+01 -1.120000000000000000e+02 -1.024000000000000000e+03
1.354600000000000000e+04 0.000000000000000000e+00 -1.120000000000000000e+02 -1.040000000000000000e+03
1.358600000000000000e+04 8.000000000000000000e+00 -1.120000000000000000e+02 -1.016000000000000000e+03
1.362600000000000000e+04 2.400000000000000000e+01 -1.120000000000000000e+02 -1.032000000000000000e+03
1.366600000000000000e+04 1.600000000000000000e+01 -1.120000000000000000e+02 -1.032000000000000000e+03
1.370600000000000000e+04 2.400000000000000000e+01 -1.040000000000000000e+02 -1.024000000000000000e+03
1.374600000000000000e+04 1.600000000000000000e+01 -1.120000000000000000e+02 -1.048000000000000000e+03
1.378600000000000000e+04 1.600000000000000000e+01 -1.120000000000000000e+02 -1.016000000000000000e+03
1.382600000000000000e+04 0.000000000000000000e+00 -1.120000000000000000e+02 -1.032000000000000000e+03
1.386600000000000000e+04 1.600000000000000000e+01 -1.120000000000000000e+02 -1.024000000000000000e+03
1.390600000000000000e+04 1.600000000000000000e+01 -1.120000000000000000e+02 -1.032000000000000000e+03
1.394600000000000000e+04 2.400000000000000000e+01 -1.120000000000000000e+02 -1.048000000000000000e+03
1.397800000000000000e+04 3.200000000000000000e+01 -1.040000000000000000e+02 -1.008000000000000000e+03
1.401800000000000000e+04 8.000000000000000000e+00 -1.120000000000000000e+02 -1.024000000000000000e+03
1.405800000000000000e+04 1.600000000000000000e+01 -1.120000000000000000e+02 -1.080000000000000000e+03
1.409800000000000000e+04 1.600000000000000000e+01 -9.600000000000000000e+01 -9.840000000000000000e+02
1.413800000000000000e+04 2.400000000000000000e+01 -1.200000000000000000e+02 -1.024000000000000000e+03
1.417800000000000000e+04 2.400000000000000000e+01 -1.200000000000000000e+02 -1.024000000000000000e+03
1.421800000000000000e+04 2.400000000000000000e+01 -1.200000000000000000e+02 -1.032000000000000000e+03
1.425800000000000000e+04 2.400000000000000000e+01 -1.200000000000000000e+02 -1.040000000000000000e+03
1.429800000000000000e+04 1.600000000000000000e+01 -1.120000000000000000e+02 -1.056000000000000000e+03
1.433800000000000000e+04 2.400000000000000000e+01 -1.040000000000000000e+02 -1.016000000000000000e+03
1.437800000000000000e+04 2.400000000000000000e+01 -1.120000000000000000e+02 -1.032000000000000000e+03
1.441800000000000000e+04 2.400000000000000000e+01 -1.120000000000000000e+02 -1.072000000000000000e+03
1.445800000000000000e+04 2.400000000000000000e+01 -1.120000000000000000e+02 -1.112000000000000000e+03
1.449800000000000000e+04 2.400000000000000000e+01 -1.040000000000000000e+02 -1.024000000000000000e+03
1.453800000000000000e+04 1.600000000000000000e+01 -1.200000000000000000e+02 -1.024000000000000000e+03
1.457800000000000000e+04 1.600000000000000000e+01 -1.440000000000000000e+02 -9.920000000000000000e+02
1.461800000000000000e+04 1.600000000000000000e+01 -1.200000000000000000e+02 -1.032000000000000000e+03
1.465800000000000000e+04 2.400000000000000000e+01 -1.200000000000000000e+02 -1.024000000000000000e+03
1.469800000000000000e+04 1.600000000000000000e+01 -1.200000000000000000e+02 -1.048000000000000000e+03
1.473800000000000000e+04 1.600000000000000000e+01 -1.120000000000000000e+02 -1.016000000000000000e+03
1.477800000000000000e+04 2.400000000000000000e+01 -1.280000000000000000e+02 -1.032000000000000000e+03
1.481800000000000000e+04 1.600000000000000000e+01 -1.040000000000000000e+02 -1.040000000000000000e+03
1.485800000000000000e+04 2.400000000000000000e+01 -1.120000000000000000e+02 -1.048000000000000000e+03
1.489800000000000000e+04 2.400000000000000000e+01 -1.120000000000000000e+02 -1.040000000000000000e+03
1.493800000000000000e+04 3.200000000000000000e+01 -1.120000000000000000e+02 -1.080000000000000000e+03
1.497100000000000000e+04 3.200000000000000000e+01 -1.120000000000000000e+02 -1.024000000000000000e+03
1.501100000000000000e+04 8.000000000000000000e+00 -1.120000000000000000e+02 -9.920000000000000000e+02
1.505100000000000000e+04 0.000000000000000000e+00 -1.120000000000000000e+02 -1.040000000000000000e+03
1.509100000000000000e+04 0.000000000000000000e+00 -1.280000000000000000e+02 -1.040000000000000000e+03
1.513100000000000000e+04 8.000000000000000000e+00 -1.200000000000000000e+02 -1.040000000000000000e+03
1.517100000000000000e+04 3.200000000000000000e+01 -1.200000000000000000e+02 -1.032000000000000000e+03
1.521100000000000000e+04 2.400000000000000000e+01 -1.120000000000000000e+02 -1.040000000000000000e+03
1.525100000000000000e+04 2.400000000000000000e+01 -1.040000000000000000e+02 -1.024000000000000000e+03
1.529100000000000000e+04 0.000000000000000000e+00 -1.120000000000000000e+02 -1.032000000000000000e+03
1.533100000000000000e+04 1.600000000000000000e+01 -1.200000000000000000e+02 -1.024000000000000000e+03
1.537100000000000000e+04 2.400000000000000000e+01 -1.120000000000000000e+02 -1.024000000000000000e+03
1.541100000000000000e+04 1.600000000000000000e+01 -1.040000000000000000e+02 -1.032000000000000000e+03
1.545100000000000000e+04 8.000000000000000000e+00 -1.120000000000000000e+02 -1.048000000000000000e+03
1.549100000000000000e+04 1.600000000000000000e+01 -9.600000000000000000e+01 -1.016000000000000000e+03
1.553100000000000000e+04 1.600000000000000000e+01 -1.040000000000000000e+02 -1.032000000000000000e+03
1.557100000000000000e+04 2.400000000000000000e+01 -1.120000000000000000e+02 -1.032000000000000000e+03
1.561100000000000000e+04 2.400000000000000000e+01 -1.040000000000000000e+02 -1.080000000000000000e+03
1.565100000000000000e+04 1.600000000000000000e+01 -1.120000000000000000e+02 -1.040000000000000000e+03
1.569100000000000000e+04 0.000000000000000000e+00 -1.040000000000000000e+02 -1.024000000000000000e+03
1.573100000000000000e+04 0.000000000000000000e+00 -1.280000000000000000e+02 -1.016000000000000000e+03
1.577100000000000000e+04 0.000000000000000000e+00 -1.280000000000000000e+02 -1.032000000000000000e+03
1.581100000000000000e+04 1.600000000000000000e+01 -1.120000000000000000e+02 -1.040000000000000000e+03
1.585100000000000000e+04 1.600000000000000000e+01 -1.120000000000000000e+02 -1.032000000000000000e+03
1.589100000000000000e+04 8.000000000000000000e+00 -1.120000000000000000e+02 -1.040000000000000000e+03
1.593100000000000000e+04 1.600000000000000000e+01 -1.120000000000000000e+02 -9.760000000000000000e+02
1.596300000000000000e+04 2.400000000000000000e+01 -1.120000000000000000e+02 -1.024000000000000000e+03
1.600300000000000000e+04 3.200000000000000000e+01 -1.280000000000000000e+02 -1.024000000000000000e+03
1.604300000000000000e+04 2.400000000000000000e+01 -1.200000000000000000e+02 -1.048000000000000000e+03
1.608300000000000000e+04 8.000000000000000000e+00 -1.360000000000000000e+02 -1.024000000000000000e+03
1.612300000000000000e+04 2.400000000000000000e+01 -1.040000000000000000e+02 -1.024000000000000000e+03
1.616300000000000000e+04 2.400000000000000000e+01 -1.120000000000000000e+02 -1.024000000000000000e+03
1.620300000000000000e+04 2.400000000000000000e+01 -1.200000000000000000e+02 -1.024000000000000000e+03
1.624300000000000000e+04 2.400000000000000000e+01 -1.120000000000000000e+02 -1.024000000000000000e+03
1.628300000000000000e+04 2.400000000000000000e+01 -1.200000000000000000e+02 -1.016000000000000000e+03
1.632300000000000000e+04 0.000000000000000000e+00 -1.120000000000000000e+02 -1.040000000000000000e+03
1.636300000000000000e+04 8.000000000000000000e+00 -1.120000000000000000e+02 -1.016000000000000000e+03
1.640300000000000000e+04 1.600000000000000000e+01 -1.040000000000000000e+02 -1.032000000000000000e+03
1.644300000000000000e+04 8.000000000000000000e+00 -1.120000000000000000e+02 -1.000000000000000000e+03
1.648300000000000000e+04 8.000000000000000000e+00 -1.120000000000000000e+02 -1.032000000000000000e+03
1.652300000000000000e+04 8.000000000000000000e+00 -1.120000000000000000e+02 -1.024000000000000000e+03
1.656300000000000000e+04 1.600000000000000000e+01 -1.200000000000000000e+02 -1.032000000000000000e+03
1.660300000000000000e+04 1.600000000000000000e+01 -1.200000000000000000e+02 -1.032000000000000000e+03
1.664300000000000000e+04 1.600000000000000000e+01 -1.040000000000000000e+02 -1.016000000000000000e+03
1.668300000000000000e+04 1.600000000000000000e+01 -1.120000000000000000e+02 -1.024000000000000000e+03
1.672300000000000000e+04 1.600000000000000000e+01 -1.200000000000000000e+02 -1.024000000000000000e+03
1.676300000000000000e+04 2.400000000000000000e+01 -1.200000000000000000e+02 -1.032000000000000000e+03
1.680300000000000000e+04 1.600000000000000000e+01 -1.120000000000000000e+02 -1.016000000000000000e+03
1.684300000000000000e+04 1.600000000000000000e+01 -1.120000000000000000e+02 -1.024000000000000000e+03
1.688300000000000000e+04 1.600000000000000000e+01 -1.120000000000000000e+02 -1.032000000000000000e+03
1.692300000000000000e+04 1.600000000000000000e+01 -1.120000000000000000e+02 -1.024000000000000000e+03
1.695500000000000000e+04 1.600000000000000000e+01 -1.120000000000000000e+02 -1.024000000000000000e+03
1.699500000000000000e+04 1.600000000000000000e+01 -1.040000000000000000e+02 -1.024000000000000000e+03
1.703500000000000000e+04 3.200000000000000000e+01 -1.120000000000000000e+02 -1.024000000000000000e+03
1.707500000000000000e+04 1.600000000000000000e+01 -1.200000000000000000e+02 -1.032000000000000000e+03
1.711500000000000000e+04 2.400000000000000000e+01 -1.120000000000000000e+02 -1.016000000000000000e+03
1.715500000000000000e+04 1.600000000000000000e+01 -1.040000000000000000e+02 -1.048000000000000000e+03
1.719500000000000000e+04 2.400000000000000000e+01 -1.040000000000000000e+02 -1.016000000000000000e+03
1.723500000000000000e+04 1.600000000000000000e+01 -1.040000000000000000e+02 -1.048000000000000000e+03
1.727500000000000000e+04 1.600000000000000000e+01 -1.040000000000000000e+02 -1.032000000000000000e+03
1.731500000000000000e+04 1.600000000000000000e+01 -1.120000000000000000e+02 -1.016000000000000000e+03
1.735500000000000000e+04 1.600000000000000000e+01 -1.120000000000000000e+02 -1.016000000000000000e+03
1.739500000000000000e+04 1.600000000000000000e+01 -1.120000000000000000e+02 -1.024000000000000000e+03
1.743500000000000000e+04 1.600000000000000000e+01 -1.120000000000000000e+02 -1.016000000000000000e+03
1.747500000000000000e+04 2.400000000000000000e+01 -1.120000000000000000e+02 -1.032000000000000000e+03
1.751500000000000000e+04 2.400000000000000000e+01 -1.120000000000000000e+02 -1.024000000000000000e+03
1.755500000000000000e+04 1.600000000000000000e+01 -1.200000000000000000e+02 -1.040000000000000000e+03
1.759500000000000000e+04 1.600000000000000000e+01 -1.120000000000000000e+02 -1.016000000000000000e+03
1.763500000000000000e+04 1.600000000000000000e+01 -1.200000000000000000e+02 -1.024000000000000000e+03
1.767500000000000000e+04 1.600000000000000000e+01 -9.600000000000000000e+01 -1.048000000000000000e+03
1.771500000000000000e+04 1.600000000000000000e+01 -1.200000000000000000e+02 -9.920000000000000000e+02
1.775500000000000000e+04 1.600000000000000000e+01 -1.040000000000000000e+02 -1.040000000000000000e+03
1.779500000000000000e+04 2.400000000000000000e+01 -1.280000000000000000e+02 -1.024000000000000000e+03
1.783500000000000000e+04 0.000000000000000000e+00 -1.280000000000000000e+02 -1.032000000000000000e+03
1.787500000000000000e+04 8.000000000000000000e+00 -1.040000000000000000e+02 -1.024000000000000000e+03
1.791500000000000000e+04 8.000000000000000000e+00 -1.120000000000000000e+02 -1.032000000000000000e+03
1.794800000000000000e+04 8.000000000000000000e+00 -1.120000000000000000e+02 -1.016000000000000000e+03
1.798800000000000000e+04 1.600000000000000000e+01 -1.120000000000000000e+02 -1.016000000000000000e+03
1.802800000000000000e+04 1.600000000000000000e+01 -1.200000000000000000e+02 -1.000000000000000000e+03
1.806800000000000000e+04 8.000000000000000000e+00 -1.200000000000000000e+02 -1.032000000000000000e+03
1.810800000000000000e+04 8.000000000000000000e+00 -1.200000000000000000e+02 -1.040000000000000000e+03
1.814800000000000000e+04 1.600000000000000000e+01 -1.200000000000000000e+02 -1.032000000000000000e+03
1.818800000000000000e+04 1.600000000000000000e+01 -1.120000000000000000e+02 -1.024000000000000000e+03
1.822800000000000000e+04 2.400000000000000000e+01 -1.120000000000000000e+02 -9.920000000000000000e+02
1.826800000000000000e+04 1.600000000000000000e+01 -1.120000000000000000e+02 -1.048000000000000000e+03
1.830800000000000000e+04 1.600000000000000000e+01 -1.120000000000000000e+02 -1.040000000000000000e+03
1.834800000000000000e+04 2.400000000000000000e+01 -1.120000000000000000e+02 -1.032000000000000000e+03
1.838800000000000000e+04 2.400000000000000000e+01 -1.200000000000000000e+02 -1.000000000000000000e+03
1.842800000000000000e+04 1.600000000000000000e+01 -1.280000000000000000e+02 -1.016000000000000000e+03
1.846800000000000000e+04 1.600000000000000000e+01 -1.280000000000000000e+02 -1.032000000000000000e+03
1.850800000000000000e+04 3.200000000000000000e+01 -1.360000000000000000e+02 -1.024000000000000000e+03
1.854800000000000000e+04 4.000000000000000000e+01 -1.200000000000000000e+02 -1.024000000000000000e+03
1.858800000000000000e+04 2.400000000000000000e+01 -1.200000000000000000e+02 -1.024000000000000000e+03
1.862800000000000000e+04 2.400000000000000000e+01 -1.120000000000000000e+02 -1.024000000000000000e+03
1.866800000000000000e+04 1.600000000000000000e+01 -1.120000000000000000e+02 -1.008000000000000000e+03
1.870800000000000000e+04 1.600000000000000000e+01 -1.120000000000000000e+02 -9.840000000000000000e+02
1.874800000000000000e+04 3.200000000000000000e+01 -1.120000000000000000e+02 -9.840000000000000000e+02
1.878800000000000000e+04 3.200000000000000000e+01 -1.120000000000000000e+02 -1.024000000000000000e+03
1.882800000000000000e+04 2.400000000000000000e+01 -1.280000000000000000e+02 -1.024000000000000000e+03
1.886800000000000000e+04 2.400000000000000000e+01 -1.200000000000000000e+02 -1.032000000000000000e+03
1.890800000000000000e+04 1.600000000000000000e+01 -1.280000000000000000e+02 -1.024000000000000000e+03
