2.600000000000000000e+01 -4.800000000000000000e+01 5.680000000000000000e+02 -8.160000000000000000e+02
6.600000000000000000e+01 -5.600000000000000000e+01 6.080000000000000000e+02 -7.520000000000000000e+02
1.060000000000000000e+02 -7.200000000000000000e+01 6.320000000000000000e+02 -8.080000000000000000e+02
1.460000000000000000e+02 -6.400000000000000000e+01 6.560000000000000000e+02 -7.440000000000000000e+02
1.860000000000000000e+02 -5.600000000000000000e+01 6.640000000000000000e+02 -7.680000000000000000e+02
2.260000000000000000e+02 -4.000000000000000000e+01 6.560000000000000000e+02 -7.840000000000000000e+02
2.660000000000000000e+02 -4.000000000000000000e+01 6.640000000000000000e+02 -7.920000000000000000e+02
3.060000000000000000e+02 -3.200000000000000000e+01 6.400000000000000000e+02 -7.840000000000000000e+02
3.460000000000000000e+02 -4.000000000000000000e+01 6.400000000000000000e+02 -7.920000000000000000e+02
3.860000000000000000e+02 -4.000000000000000000e+01 6.480000000000000000e+02 -7.920000000000000000e+02
4.260000000000000000e+02 -3.200000000000000000e+01 6.400000000000000000e+02 -8.240000000000000000e+02
4.660000000000000000e+02 -4.000000000000000000e+01 6.480000000000000000e+02 -7.760000000000000000e+02
5.060000000000000000e+02 -4.000000000000000000e+01 6.400000000000000000e+02 -7.920000000000000000e+02
5.460000000000000000e+02 -4.000000000000000000e+01 6.320000000000000000e+02 -7.920000000000000000e+02
5.860000000000000000e+02 -4.000000000000000000e+01 6.320000000000000000e+02 -7.920000000000000000e+02
6.260000000000000000e+02 -4.000000000000000000e+01 6.400000000000000000e+02 -7.840000000000000000e+02
6.660000000000000000e+02 -4.000000000000000000e+01 6.240000000000000000e+02 -7.520000000000000000e+02
7.060000000000000000e+02 -3.200000000000000000e+01 6.160000000000000000e+02 -7.920000000000000000e+02
7.460000000000000000e+02 -4.000000000000000000e+01 6.400000000000000000e+02 -7.920000000000000000e+02
7.860000000000000000e+02 -5.600000000000000000e+01 6.400000000000000000e+02 -7.680000000000000000e+02
8.260000000000000000e+02 -4.800000000000000000e+01 6.320000000000000000e+02 -8.000000000000000000e+02
8.660000000000000000e+02 -4.000000000000000000e+01 6.400000000000000000e+02 -7.760000000000000000e+02
9.060000000000000000e+02 -4.000000000000000000e+01 6.320000000000000000e+02 -7.760000000000000000e+02
9.460000000000000000e+02 -3.200000000000000000e+01 6.240000000000000000e+02 -8.160000000000000000e+02
9.860000000000000000e+02 -3.200000000000000000e+01 6.160000000000000000e+02 -7.680000000000000000e+02
1.019000000000000000e+03 -3.200000000000000000e+01 6.240000000000000000e+02 -7.920000000000000000e+02
1.059000000000000000e+03 -4.800000000000000000e+01 6.240000000000000000e+02 -8.080000000000000000e+02
1.099000000000000000e+03 -4.000000000000000000e+01 6.160000000000000000e+02 -8.240000000000000000e+02
1.139000000000000000e+03 -1.600000000000000000e+01 6.160000000000000000e+02 -7.840000000000000000e+02
1.179000000000000000e+03 -2.400000000000000000e+01 6.240000000000000000e+02 -7.440000000000000000e+02
1.219000000000000000e+03 -5.600000000000000000e+01 6.160000000000000000e+02 -8.320000000000000000e+02
1.259000000000000000e+03 -4.000000000000000000e+01 6.400000000000000000e+02 -8.080000000000000000e+02
1.299000000000000000e+03 -4.800000000000000000e+01 6.240000000000000000e+02 -7.840000000000000000e+02
1.339000000000000000e+03 -3.200000000000000000e+01 6.240000000000000000e+02 -8.320000000000000000e+02
1.379000000000000000e+03 -3.200000000000000000e+01 6.320000000000000000e+02 -7.760000000000000000e+02
1.419000000000000000e+03 -4.000000000000000000e+01 6.160000000000000000e+02 -7.920000000000000000e+02
1.459000000000000000e+03 -4.000000000000000000e+01 6.240000000000000000e+02 -7.840000000000000000e+02
1.499000000000000000e+03 -4.000000000000000000e+01 6.400000000000000000e+02 -7.840000000000000000e+02
1.539000000000000000e+03 -4.800000000000000000e+01 6.320000000000000000e+02 -7.760000000000000000e+02
1.579000000000000000e+03 -4.000000000000000000e+01 6.240000000000000000e+02 -7.840000000000000000e+02
1.619000000000000000e+03 -3.200000000000000000e+01 6.240000000000000000e+02 -8.080000000000000000e+02
1.659000000000000000e+03 -1.600000000000000000e+01 6.240000000000000000e+02 -8.000000000000000000e+02
1.699000000000000000e+03 -2.400000000000000000e+01 6.480000000000000000e+02 -8.160000000000000000e+02
1.739000000000000000e+03 -2.400000000000000000e+01 6.400000000000000000e+02 -7.840000000000000000e+02
1.779000000000000000e+03 -3.200000000000000000e+01 6.400000000000000000e+02 -7.600000000000000000e+02
1.819000000000000000e+03 -5.600000000000000000e+01 6.400000000000000000e+02 -7.920000000000000000e+02
1.859000000000000000e+03 -4.800000000000000000e+01 6.320000000000000000e+02 -8.080000000000000000e+02
1.899000000000000000e+03 -4.800000000000000000e+01 6.320000000000000000e+02 -7.760000000000000000e+02
1.939000000000000000e+03 -4.000000000000000000e+01 6.240000000000000000e+02 -8.080000000000000000e+02
1.979000000000000000e+03 -4.000000000000000000e+01 6.080000000000000000e+02 -7.520000000000000000e+02
2.010000000000000000e+03 -1.600000000000000000e+01 6.240000000000000000e+02 -7.440000000000000000e+02
2.050000000000000000e+03 -2.400000000000000000e+01 6.240000000000000000e+02 -7.680000000000000000e+02
2.090000000000000000e+03 -3.200000000000000000e+01 6.160000000000000000e+02 -7.920000000000000000e+02
2.130000000000000000e+03 -2.400000000000000000e+01 6.160000000000000000e+02 -7.520000000000000000e+02
2.170000000000000000e+03 -2.400000000000000000e+01 6.240000000000000000e+02 -8.080000000000000000e+02
2.210000000000000000e+03 -3.200000000000000000e+01 6.320000000000000000e+02 -7.680000000000000000e+02
2.250000000000000000e+03 -2.400000000000000000e+01 6.320000000000000000e+02 -7.840000000000000000e+02
2.290000000000000000e+03 -2.400000000000000000e+01 6.160000000000000000e+02 -7.920000000000000000e+02
2.330000000000000000e+03 -2.400000000000000000e+01 6.240000000000000000e+02 -7.920000000000000000e+02
2.370000000000000000e+03 -3.200000000000000000e+01 6.320000000000000000e+02 -7.840000000000000000e+02
2.410000000000000000e+03 -3.200000000000000000e+01 6.000000000000000000e+02 -7.840000000000000000e+02
2.450000000000000000e+03 -3.200000000000000000e+01 6.160000000000000000e+02 -8.000000000000000000e+02
2.490000000000000000e+03 -2.400000000000000000e+01 6.320000000000000000e+02 -7.760000000000000000e+02
2.530000000000000000e+03 -4.000000000000000000e+01 6.240000000000000000e+02 -7.600000000000000000e+02
2.570000000000000000e+03 -1.600000000000000000e+01 6.160000000000000000e+02 -7.920000000000000000e+02
2.610000000000000000e+03 -2.400000000000000000e+01 6.240000000000000000e+02 -7.520000000000000000e+02
2.650000000000000000e+03 -2.400000000000000000e+01 6.320000000000000000e+02 -8.080000000000000000e+02
2.690000000000000000e+03 -2.400000000000000000e+01 6.320000000000000000e+02 -7.760000000000000000e+02
2.730000000000000000e+03 -3.200000000000000000e+01 6.400000000000000000e+02 -7.920000000000000000e+02
2.770000000000000000e+03 -4.000000000000000000e+01 6.320000000000000000e+02 -8.000000000000000000e+02
2.810000000000000000e+03 -3.200000000000000000e+01 6.400000000000000000e+02 -8.080000000000000000e+02
2.850000000000000000e+03 -3.200000000000000000e+01 6.400000000000000000e+02 -7.920000000000000000e+02
2.890000000000000000e+03 -2.400000000000000000e+01 6.080000000000000000e+02 -7.840000000000000000e+02
2.930000000000000000e+03 -3.200000000000000000e+01 6.160000000000000000e+02 -7.760000000000000000e+02
2.970000000000000000e+03 -4.000000000000000000e+01 6.240000000000000000e+02 -8.000000000000000000e+02
3.001000000000000000e+03 -1.600000000000000000e+01 6.160000000000000000e+02 -8.000000000000000000e+02
3.041000000000000000e+03 -2.400000000000000000e+01 6.080000000000000000e+02 -8.160000000000000000e+02
3.081000000000000000e+03 8.000000000000000000e+00 6.080000000000000000e+02 -8.160000000000000000e+02
3.121000000000000000e+03 0.000000000000000000e+00 6.080000000000000000e+02 -8.320000000000000000e+02
3.161000000000000000e+03 -2.400000000000000000e+01 6.080000000000000000e+02 -8.480000000000000000e+02
3.201000000000000000e+03 -3.200000000000000000e+01 5.920000000000000000e+02 -8.080000000000000000e+02
3.241000000000000000e+03 -4.000000000000000000e+01 5.840000000000000000e+02 -8.080000000000000000e+02
3.281000000000000000e+03 -3.200000000000000000e+01 5.840000000000000000e+02 -7.760000000000000000e+02
3.321000000000000000e+03 -3.200000000000000000e+01 6.000000000000000000e+02 -8.160000000000000000e+02
3.361000000000000000e+03 -3.200000000000000000e+01 6.080000000000000000e+02 -7.520000000000000000e+02
3.401000000000000000e+03 -3.200000000000000000e+01 6.000000000000000000e+02 -8.240000000000000000e+02
3.441000000000000000e+03 -4.800000000000000000e+01 6.160000000000000000e+02 -7.920000000000000000e+02
3.481000000000000000e+03 -3.200000000000000000e+01 6.160000000000000000e+02 -8.000000000000000000e+02
3.521000000000000000e+03 -3.200000000000000000e+01 6.080000000000000000e+02 -8.080000000000000000e+02
3.561000000000000000e+03 -2.400000000000000000e+01 6.160000000000000000e+02 -7.920000000000000000e+02
3.601000000000000000e+03 -3.200000000000000000e+01 6.080000000000000000e+02 -8.080000000000000000e+02
3.641000000000000000e+03 -4.000000000000000000e+01 6.160000000000000000e+02 -7.920000000000000000e+02
3.681000000000000000e+03 -4.800000000000000000e+01 6.080000000000000000e+02 -7.920000000000000000e+02
3.721000000000000000e+03 -3.200000000000000000e+01 6.160000000000000000e+02 -8.000000000000000000e+02
3.761000000000000000e+03 -2.400000000000000000e+01 6.080000000000000000e+02 -8.000000000000000000e+02
3.801000000000000000e+03 -4.000000000000000000e+01 6.000000000000000000e+02 -8.160000000000000000e+02
3.841000000000000000e+03 -7.200000000000000000e+01 5.920000000000000000e+02 -8.560000000000000000e+02
3.881000000000000000e+03 -9.600000000000000000e+01 5.920000000000000000e+02 -7.840000000000000000e+02
3.921000000000000000e+03 -7.200000000000000000e+01 5.920000000000000000e+02 -7.920000000000000000e+02
3.961000000000000000e+03 -6.400000000000000000e+01 6.000000000000000000e+02 -8.160000000000000000e+02
3.992000000000000000e+03 -5.600000000000000000e+01 6.160000000000000000e+02 -7.920000000000000000e+02
4.032000000000000000e+03 -4.800000000000000000e+01 6.160000000000000000e+02 -8.080000000000000000e+02
4.072000000000000000e+03 -5.600000000000000000e+01 6.240000000000000000e+02 -7.360000000000000000e+02
4.112000000000000000e+03 -6.400000000000000000e+01 6.240000000000000000e+02 -7.680000000000000000e+02
4.152000000000000000e+03 -5.600000000000000000e+01 6.480000000000000000e+02 -7.840000000000000000e+02
4.192000000000000000e+03 -3.200000000000000000e+01 6.560000000000000000e+02 -7.680000000000000000e+02
4.232000000000000000e+03 -4.000000000000000000e+01 6.400000000000000000e+02 -7.760000000000000000e+02
4.272000000000000000e+03 -4.000000000000000000e+01 6.240000000000000000e+02 -8.240000000000000000e+02
4.312000000000000000e+03 -4.000000000000000000e+01 6.320000000000000000e+02 -8.160000000000000000e+02
4.352000000000000000e+03 -4.800000000000000000e+01 6.320000000000000000e+02 -7.760000000000000000e+02
4.392000000000000000e+03 -4.800000000000000000e+01 6.320000000000000000e+02 -8.000000000000000000e+02
4.432000000000000000e+03 -4.000000000000000000e+01 6.400000000000000000e+02 -7.600000000000000000e+02
4.472000000000000000e+03 -4.800000000000000000e+01 6.560000000000000000e+02 -7.760000000000000000e+02
4.512000000000000000e+03 -4.800000000000000000e+01 6.560000000000000000e+02 -7.600000000000000000e+02
4.552000000000000000e+03 -7.200000000000000000e+01 6.480000000000000000e+02 -7.680000000000000000e+02
4.592000000000000000e+03 -7.200000000000000000e+01 6.640000000000000000e+02 -7.840000000000000000e+02
4.632000000000000000e+03 -7.200000000000000000e+01 6.560000000000000000e+02 -7.760000000000000000e+02
4.672000000000000000e+03 -5.600000000000000000e+01 6.560000000000000000e+02 -7.600000000000000000e+02
4.712000000000000000e+03 -4.000000000000000000e+01 6.560000000000000000e+02 -7.760000000000000000e+02
4.752000000000000000e+03 -4.000000000000000000e+01 6.640000000000000000e+02 -7.600000000000000000e+02
4.792000000000000000e+03 -4.800000000000000000e+01 6.560000000000000000e+02 -7.600000000000000000e+02
4.832000000000000000e+03 -5.600000000000000000e+01 6.720000000000000000e+02 -7.200000000000000000e+02
4.872000000000000000e+03 -4.800000000000000000e+01 6.640000000000000000e+02 -7.600000000000000000e+02
4.912000000000000000e+03 -3.200000000000000000e+01 6.560000000000000000e+02 -7.680000000000000000e+02
4.952000000000000000e+03 -4.800000000000000000e+01 6.640000000000000000e+02 -7.760000000000000000e+02
4.984000000000000000e+03 -5.600000000000000000e+01 6.480000000000000000e+02 -7.520000000000000000e+02
5.024000000000000000e+03 -6.400000000000000000e+01 6.560000000000000000e+02 -7.200000000000000000e+02
5.064000000000000000e+03 -7.200000000000000000e+01 6.560000000000000000e+02 -7.840000000000000000e+02
5.104000000000000000e+03 -6.400000000000000000e+01 6.480000000000000000e+02 -8.080000000000000000e+02
5.144000000000000000e+03 -4.000000000000000000e+01 6.400000000000000000e+02 -8.080000000000000000e+02
5.184000000000000000e+03 -4.800000000000000000e+01 6.480000000000000000e+02 -7.600000000000000000e+02
5.224000000000000000e+03 -4.800000000000000000e+01 6.480000000000000000e+02 -7.600000000000000000e+02
5.264000000000000000e+03 -4.800000000000000000e+01 6.560000000000000000e+02 -7.680000000000000000e+02
5.304000000000000000e+03 -4.000000000000000000e+01 6.640000000000000000e+02 -7.760000000000000000e+02
5.344000000000000000e+03 -4.000000000000000000e+01 6.560000000000000000e+02 -7.520000000000000000e+02
5.384000000000000000e+03 -6.400000000000000000e+01 6.480000000000000000e+02 -8.000000000000000000e+02
5.424000000000000000e+03 -6.400000000000000000e+01 6.400000000000000000e+02 -7.920000000000000000e+02
5.464000000000000000e+03 -5.600000000000000000e+01 6.400000000000000000e+02 -7.440000000000000000e+02
5.504000000000000000e+03 -4.800000000000000000e+01 6.400000000000000000e+02 -8.000000000000000000e+02
5.544000000000000000e+03 -4.800000000000000000e+01 6.320000000000000000e+02 -7.920000000000000000e+02
5.584000000000000000e+03 -4.800000000000000000e+01 6.320000000000000000e+02 -7.840000000000000000e+02
5.624000000000000000e+03 -4.800000000000000000e+01 6.240000000000000000e+02 -7.840000000000000000e+02
5.664000000000000000e+03 -3.200000000000000000e+01 6.240000000000000000e+02 -8.240000000000000000e+02
5.704000000000000000e+03 -2.400000000000000000e+01 6.160000000000000000e+02 -7.920000000000000000e+02
5.744000000000000000e+03 -4.000000000000000000e+01 6.240000000000000000e+02 -8.240000000000000000e+02
5.784000000000000000e+03 -4.000000000000000000e+01 6.240000000000000000e+02 -7.920000000000000000e+02
5.824000000000000000e+03 -4.000000000000000000e+01 6.400000000000000000e+02 -8.080000000000000000e+02
5.864000000000000000e+03 -4.000000000000000000e+01 6.320000000000000000e+02 -7.920000000000000000e+02
5.904000000000000000e+03 -4.000000000000000000e+01 6.320000000000000000e+02 -8.480000000000000000e+02
5.944000000000000000e+03 -4.800000000000000000e+01 6.400000000000000000e+02 -7.920000000000000000e+02
5.975000000000000000e+03 -3.200000000000000000e+01 6.320000000000000000e+02 -8.080000000000000000e+02
6.015000000000000000e+03 -4.000000000000000000e+01 6.320000000000000000e+02 -7.920000000000000000e+02
6.055000000000000000e+03 -4.000000000000000000e+01 6.160000000000000000e+02 -8.240000000000000000e+02
6.095000000000000000e+03 -4.000000000000000000e+01 6.240000000000000000e+02 -8.000000000000000000e+02
6.135000000000000000e+03 -4.800000000000000000e+01 6.160000000000000000e+02 -7.840000000000000000e+02
6.175000000000000000e+03 -4.000000000000000000e+01 6.080000000000000000e+02 -7.840000000000000000e+02
6.215000000000000000e+03 -4.000000000000000000e+01 6.080000000000000000e+02 -8.160000000000000000e+02
6.255000000000000000e+03 -4.000000000000000000e+01 6.240000000000000000e+02 -7.680000000000000000e+02
6.295000000000000000e+03 -4.000000000000000000e+01 6.160000000000000000e+02 -8.080000000000000000e+02
6.335000000000000000e+03 -4.800000000000000000e+01 6.080000000000000000e+02 -7.920000000000000000e+02
6.375000000000000000e+03 -5.600000000000000000e+01 6.160000000000000000e+02 -7.920000000000000000e+02
6.415000000000000000e+03 -4.800000000000000000e+01 6.160000000000000000e+02 -8.000000000000000000e+02
6.455000000000000000e+03 -4.000000000000000000e+01 6.160000000000000000e+02 -8.240000000000000000e+02
6.495000000000000000e+03 -4.800000000000000000e+01 6.160000000000000000e+02 -7.920000000000000000e+02
6.535000000000000000e+03 -4.800000000000000000e+01 6.160000000000000000e+02 -7.920000000000000000e+02
6.575000000000000000e+03 -4.000000000000000000e+01 6.320000000000000000e+02 -8.080000000000000000e+02
6.615000000000000000e+03 -4.800000000000000000e+01 6.080000000000000000e+02 -8.240000000000000000e+02
6.655000000000000000e+03 -4.800000000000000000e+01 6.080000000000000000e+02 -7.840000000000000000e+02
6.695000000000000000e+03 -5.600000000000000000e+01 6.000000000000000000e+02 -8.080000000000000000e+02
6.735000000000000000e+03 -5.600000000000000000e+01 6.160000000000000000e+02 -8.240000000000000000e+02
6.775000000000000000e+03 -3.200000000000000000e+01 6.160000000000000000e+02 -7.840000000000000000e+02
6.815000000000000000e+03 -4.000000000000000000e+01 6.240000000000000000e+02 -8.000000000000000000e+02
6.855000000000000000e+03 -4.000000000000000000e+01 6.240000000000000000e+02 -8.000000000000000000e+02
6.895000000000000000e+03 -4.800000000000000000e+01 6.320000000000000000e+02 -8.000000000000000000e+02
6.935000000000000000e+03 -4.800000000000000000e+01 6.160000000000000000e+02 -8.160000000000000000e+02
6.967000000000000000e+03 -5.600000000000000000e+01 5.920000000000000000e+02 -8.000000000000000000e+02
7.007000000000000000e+03 -4.800000000000000000e+01 6.000000000000000000e+02 -7.520000000000000000e+02
7.047000000000000000e+03 -5.600000000000000000e+01 6.080000000000000000e+02 -8.160000000000000000e+02
7.087000000000000000e+03 -4.800000000000000000e+01 6.160000000000000000e+02 -8.000000000000000000e+02
7.127000000000000000e+03 -3.200000000000000000e+01 6.080000000000000000e+02 -8.000000000000000000e+02
7.167000000000000000e+03 -5.600000000000000000e+01 6.080000000000000000e+02 -7.920000000000000000e+02
7.207000000000000000e+03 -5.600000000000000000e+01 6.160000000000000000e+02 -7.680000000000000000e+02
7.247000000000000000e+03 -5.600000000000000000e+01 6.240000000000000000e+02 -7.840000000000000000e+02
7.287000000000000000e+03 -6.400000000000000000e+01 6.160000000000000000e+02 -8.160000000000000000e+02
7.327000000000000000e+03 -4.800000000000000000e+01 6.080000000000000000e+02 -7.520000000000000000e+02
7.367000000000000000e+03 -4.000000000000000000e+01 6.080000000000000000e+02 -7.840000000000000000e+02
7.407000000000000000e+03 -4.800000000000000000e+01 6.160000000000000000e+02 -7.680000000000000000e+02
7.447000000000000000e+03 -5.600000000000000000e+01 6.160000000000000000e+02 -8.160000000000000000e+02
7.487000000000000000e+03 -5.600000000000000000e+01 6.160000000000000000e+02 -8.000000000000000000e+02
7.527000000000000000e+03 -5.600000000000000000e+01 6.160000000000000000e+02 -8.000000000000000000e+02
7.567000000000000000e+03 -3.200000000000000000e+01 6.000000000000000000e+02 -8.080000000000000000e+02
7.607000000000000000e+03 -2.400000000000000000e+01 6.160000000000000000e+02 -8.000000000000000000e+02
7.647000000000000000e+03 -4.000000000000000000e+01 6.080000000000000000e+02 -8.160000000000000000e+02
7.687000000000000000e+03 -4.000000000000000000e+01 6.080000000000000000e+02 -7.760000000000000000e+02
7.727000000000000000e+03 -6.400000000000000000e+01 5.840000000000000000e+02 -8.000000000000000000e+02
7.767000000000000000e+03 -3.200000000000000000e+01 6.000000000000000000e+02 -8.160000000000000000e+02
7.807000000000000000e+03 -4.000000000000000000e+01 6.080000000000000000e+02 -8.000000000000000000e+02
7.847000000000000000e+03 -4.800000000000000000e+01 6.160000000000000000e+02 -7.760000000000000000e+02
7.887000000000000000e+03 -4.800000000000000000e+01 6.160000000000000000e+02 -8.400000000000000000e+02
7.927000000000000000e+03 -4.000000000000000000e+01 6.080000000000000000e+02 -7.760000000000000000e+02
7.958000000000000000e+03 -4.800000000000000000e+01 6.080000000000000000e+02 -7.920000000000000000e+02
7.998000000000000000e+03 -5.600000000000000000e+01 6.160000000000000000e+02 -8.000000000000000000e+02
8.038000000000000000e+03 -4.800000000000000000e+01 6.000000000000000000e+02 -8.160000000000000000e+02
8.078000000000000000e+03 -3.200000000000000000e+01 6.080000000000000000e+02 -8.400000000000000000e+02
8.118000000000000000e+03 -1.600000000000000000e+01 6.160000000000000000e+02 -8.000000000000000000e+02
8.158000000000000000e+03 -3.200000000000000000e+01 6.080000000000000000e+02 -8.400000000000000000e+02
8.198000000000000000e+03 -4.000000000000000000e+01 6.080000000000000000e+02 -7.680000000000000000e+02
8.238000000000000000e+03 -4.800000000000000000e+01 6.160000000000000000e+02 -7.920000000000000000e+02
8.278000000000000000e+03 -4.800000000000000000e+01 6.160000000000000000e+02 -8.000000000000000000e+02
8.318000000000000000e+03 -5.600000000000000000e+01 6.000000000000000000e+02 -7.600000000000000000e+02
8.358000000000000000e+03 -4.800000000000000000e+01 6.000000000000000000e+02 -8.080000000000000000e+02
8.398000000000000000e+03 -4.800000000000000000e+01 6.080000000000000000e+02 -8.000000000000000000e+02
8.438000000000000000e+03 -1.600000000000000000e+01 6.080000000000000000e+02 -8.000000000000000000e+02
8.478000000000000000e+03 -3.200000000000000000e+01 6.080000000000000000e+02 -8.160000000000000000e+02
8.518000000000000000e+03 -4.000000000000000000e+01 6.000000000000000000e+02 -8.400000000000000000e+02
8.558000000000000000e+03 -4.800000000000000000e+01 6.000000000000000000e+02 -8.000000000000000000e+02
8.598000000000000000e+03 -4.800000000000000000e+01 6.080000000000000000e+02 -8.160000000000000000e+02
8.638000000000000000e+03 -4.800000000000000000e+01 6.080000000000000000e+02 -8.320000000000000000e+02
8.678000000000000000e+03 -4.000000000000000000e+01 6.080000000000000000e+02 -8.000000000000000000e+02
8.718000000000000000e+03 -1.600000000000000000e+01 6.160000000000000000e+02 -8.000000000000000000e+02
8.758000000000000000e+03 -1.600000000000000000e+01 6.160000000000000000e+02 -7.760000000000000000e+02
8.798000000000000000e+03 -3.200000000000000000e+01 6.160000000000000000e+02 -8.000000000000000000e+02
8.838000000000000000e+03 -4.000000000000000000e+01 6.160000000000000000e+02 -8.080000000000000000e+02
8.878000000000000000e+03 -4.800000000000000000e+01 6.000000000000000000e+02 -8.160000000000000000e+02
8.918000000000000000e+03 -4.000000000000000000e+01 6.320000000000000000e+02 -7.440000000000000000e+02
8.949000000000000000e+03 -4.000000000000000000e+01 6.240000000000000000e+02 -7.920000000000000000e+02
8.989000000000000000e+03 -4.000000000000000000e+01 6.080000000000000000e+02 -7.840000000000000000e+02
9.029000000000000000e+03 -4.000000000000000000e+01 6.080000000000000000e+02 -8.000000000000000000e+02
9.069000000000000000e+03 -4.800000000000000000e+01 5.840000000000000000e+02 -8.000000000000000000e+02
9.109000000000000000e+03 -4.000000000000000000e+01 6.080000000000000000e+02 -8.160000000000000000e+02
9.149000000000000000e+03 -4.800000000000000000e+01 6.160000000000000000e+02 -8.000000000000000000e+02
9.189000000000000000e+03 -4.000000000000000000e+01 6.160000000000000000e+02 -8.160000000000000000e+02
9.229000000000000000e+03 -4.000000000000000000e+01 6.080000000000000000e+02 -7.920000000000000000e+02
9.269000000000000000e+03 -4.000000000000000000e+01 6.160000000000000000e+02 -8.320000000000000000e+02
9.309000000000000000e+03 -4.000000000000000000e+01 6.160000000000000000e+02 -8.080000000000000000e+02
9.349000000000000000e+03 -6.400000000000000000e+01 6.000000000000000000e+02 -8.160000000000000000e+02
9.389000000000000000e+03 -4.000000000000000000e+01 6.080000000000000000e+02 -8.080000000000000000e+02
9.429000000000000000e+03 -6.400000000000000000e+01 5.920000000000000000e+02 -8.240000000000000000e+02
9.469000000000000000e+03 -4.800000000000000000e+01 6.640000000000000000e+02 -7.840000000000000000e+02
9.509000000000000000e+03 -4.800000000000000000e+01 6.240000000000000000e+02 -7.200000000000000000e+02
9.549000000000000000e+03 -4.000000000000000000e+01 6.080000000000000000e+02 -8.000000000000000000e+02
9.589000000000000000e+03 -4.800000000000000000e+01 6.080000000000000000e+02 -8.400000000000000000e+02
9.629000000000000000e+03 -4.800000000000000000e+01 6.160000000000000000e+02 -8.160000000000000000e+02
9.669000000000000000e+03 -4.800000000000000000e+01 5.920000000000000000e+02 -7.840000000000000000e+02
9.709000000000000000e+03 -6.400000000000000000e+01 6.080000000000000000e+02 -7.840000000000000000e+02
9.749000000000000000e+03 -4.800000000000000000e+01 6.000000000000000000e+02 -8.240000000000000000e+02
9.789000000000000000e+03 -3.200000000000000000e+01 6.320000000000000000e+02 -8.640000000000000000e+02
9.829000000000000000e+03 -2.400000000000000000e+01 6.240000000000000000e+02 -8.320000000000000000e+02
9.869000000000000000e+03 -7.200000000000000000e+01 6.160000000000000000e+02 -8.240000000000000000e+02
9.909000000000000000e+03 -4.000000000000000000e+01 5.760000000000000000e+02 -8.640000000000000000e+02
9.941000000000000000e+03 -5.600000000000000000e+01 5.840000000000000000e+02 -7.920000000000000000e+02
9.981000000000000000e+03 -2.400000000000000000e+01 5.840000000000000000e+02 -8.320000000000000000e+02
1.002100000000000000e+04 -4.000000000000000000e+01 5.840000000000000000e+02 -8.320000000000000000e+02
1.006100000000000000e+04 -4.000000000000000000e+01 5.840000000000000000e+02 -8.320000000000000000e+02
1.010100000000000000e+04 -4.000000000000000000e+01 5.840000000000000000e+02 -8.560000000000000000e+02
1.014100000000000000e+04 -5.600000000000000000e+01 5.840000000000000000e+02 -8.080000000000000000e+02
1.018100000000000000e+04 -5.600000000000000000e+01 5.760000000000000000e+02 -8.320000000000000000e+02
1.022100000000000000e+04 -6.400000000000000000e+01 5.760000000000000000e+02 -8.240000000000000000e+02
1.026100000000000000e+04 -4.800000000000000000e+01 5.680000000000000000e+02 -8.240000000000000000e+02
1.030100000000000000e+04 -8.000000000000000000e+01 5.680000000000000000e+02 -8.080000000000000000e+02
1.034100000000000000e+04 -5.600000000000000000e+01 5.680000000000000000e+02 -8.000000000000000000e+02
1.038100000000000000e+04 -4.800000000000000000e+01 5.680000000000000000e+02 -8.480000000000000000e+02
1.042100000000000000e+04 -4.800000000000000000e+01 5.680000000000000000e+02 -8.560000000000000000e+02
1.046100000000000000e+04 -4.000000000000000000e+01 6.080000000000000000e+02 -8.400000000000000000e+02
1.050100000000000000e+04 -5.600000000000000000e+01 6.160000000000000000e+02 -8.160000000000000000e+02
1.054100000000000000e+04 -7.200000000000000000e+01 5.760000000000000000e+02 -8.160000000000000000e+02
1.058100000000000000e+04 -7.200000000000000000e+01 5.440000000000000000e+02 -8.320000000000000000e+02
1.062100000000000000e+04 -6.400000000000000000e+01 5.120000000000000000e+02 -8.160000000000000000e+02
1.066100000000000000e+04 -5.600000000000000000e+01 4.960000000000000000e+02 -8.720000000000000000e+02
1.070100000000000000e+04 -4.000000000000000000e+01 4.960000000000000000e+02 -8.960000000000000000e+02
1.074100000000000000e+04 -5.600000000000000000e+01 4.880000000000000000e+02 -9.520000000000000000e+02
1.078100000000000000e+04 -4.000000000000000000e+01 5.200000000000000000e+02 -7.840000000000000000e+02
1.082100000000000000e+04 -1.600000000000000000e+01 5.360000000000000000e+02 -8.720000000000000000e+02
1.086100000000000000e+04 -8.000000000000000000e+00 5.440000000000000000e+02 -8.720000000000000000e+02
1.090100000000000000e+04 -8.000000000000000000e+00 5.360000000000000000e+02 -8.000000000000000000e+02
1.093300000000000000e+04 -8.000000000000000000e+00 5.280000000000000000e+02 -8.560000000000000000e+02
1.097300000000000000e+04 -8.000000000000000000e+00 5.280000000000000000e+02 -8.400000000000000000e+02
1.101300000000000000e+04 -5.600000000000000000e+01 5.760000000000000000e+02 -9.200000000000000000e+02
1.105300000000000000e+04 -3.200000000000000000e+01 5.600000000000000000e+02 -8.560000000000000000e+02
1.109300000000000000e+04 -3.200000000000000000e+01 5.360000000000000000e+02 -8.480000000000000000e+02
1.113300000000000000e+04 -3.200000000000000000e+01 5.040000000000000000e+02 -8.960000000000000000e+02
1.117300000000000000e+04 -2.400000000000000000e+01 5.120000000000000000e+02 -9.040000000000000000e+02
1.121300000000000000e+04 -4.000000000000000000e+01 5.120000000000000000e+02 -8.960000000000000000e+02
1.125300000000000000e+04 -3.200000000000000000e+01 5.040000000000000000e+02 -9.040000000000000000e+02
1.129300000000000000e+04 -2.400000000000000000e+01 4.960000000000000000e+02 -8.800000000000000000e+02
1.133300000000000000e+04 0.000000000000000000e+00 5.040000000000000000e+02 -8.720000000000000000e+02
1.137300000000000000e+04 -8.000000000000000000e+00 5.200000000000000000e+02 -8.720000000000000000e+02
1.141300000000000000e+04 -2.400000000000000000e+01 5.200000000000000000e+02 -8.720000000000000000e+02
1.145300000000000000e+04 -3.200000000000000000e+01 5.360000000000000000e+02 -8.640000000000000000e+02
1.149300000000000000e+04 -3.200000000000000000e+01 5.200000000000000000e+02 -8.640000000000000000e+02
1.153300000000000000e+04 -2.400000000000000000e+01 5.280000000000000000e+02 -8.880000000000000000e+02
1.157300000000000000e+04 -2.400000000000000000e+01 5.120000000000000000e+02 -8.640000000000000000e+02
1.161300000000000000e+04 -2.400000000000000000e+01 5.280000000000000000e+02 -8.640000000000000000e+02
1.165300000000000000e+04 -4.000000000000000000e+01 5.440000000000000000e+02 -8.320000000000000000e+02
1.169300000000000000e+04 -4.800000000000000000e+01 5.360000000000000000e+02 -8.480000000000000000e+02
1.173300000000000000e+04 -4.000000000000000000e+01 5.360000000000000000e+02 -8.400000000000000000e+02
1.177300000000000000e+04 -6.400000000000000000e+01 5.520000000000000000e+02 -8.240000000000000000e+02
1.181300000000000000e+04 -7.200000000000000000e+01 5.680000000000000000e+02 -8.160000000000000000e+02
1.185300000000000000e+04 -7.200000000000000000e+01 5.840000000000000000e+02 -8.240000000000000000e+02
1.189300000000000000e+04 -7.200000000000000000e+01 5.680000000000000000e+02 -8.400000000000000000e+02
1.192400000000000000e+04 -6.400000000000000000e+01 5.600000000000000000e+02 -8.480000000000000000e+02
1.196400000000000000e+04 -5.600000000000000000e+01 5.440000000000000000e+02 -8.400000000000000000e+02
1.200400000000000000e+04 -4.000000000000000000e+01 5.600000000000000000e+02 -8.400000000000000000e+02
1.204400000000000000e+04 -4.800000000000000000e+01 5.600000000000000000e+02 -8.560000000000000000e+02
1.208400000000000000e+04 -4.800000000000000000e+01 5.600000000000000000e+02 -8.560000000000000000e+02
1.212400000000000000e+04 -4.800000000000000000e+01 5.600000000000000000e+02 -8.400000000000000000e+02
1.216400000000000000e+04 -4.800000000000000000e+01 5.600000000000000000e+02 -8.640000000000000000e+02
1.220400000000000000e+04 -4.800000000000000000e+01 5.600000000000000000e+02 -8.480000000000000000e+02
1.224400000000000000e+04 -4.800000000000000000e+01 5.600000000000000000e+02 -8.400000000000000000e+02
1.228400000000000000e+04 -4.800000000000000000e+01 5.600000000000000000e+02 -8.400000000000000000e+02
1.232400000000000000e+04 -2.400000000000000000e+01 5.520000000000000000e+02 -8.480000000000000000e+02
1.236400000000000000e+04 -3.200000000000000000e+01 5.600000000000000000e+02 -8.560000000000000000e+02
1.240400000000000000e+04 -4.000000000000000000e+01 5.520000000000000000e+02 -8.480000000000000000e+02
1.244400000000000000e+04 -4.800000000000000000e+01 5.520000000000000000e+02 -8.640000000000000000e+02
1.248400000000000000e+04 -4.800000000000000000e+01 5.600000000000000000e+02 -8.560000000000000000e+02
1.252400000000000000e+04 -7.200000000000000000e+01 5.600000000000000000e+02 -8.400000000000000000e+02
1.256400000000000000e+04 -6.400000000000000000e+01 5.600000000000000000e+02 -8.400000000000000000e+02
1.260400000000000000e+04 -4.800000000000000000e+01 5.680000000000000000e+02 -8.400000000000000000e+02
1.264400000000000000e+04 -5.600000000000000000e+01 5.600000000000000000e+02 -8.560000000000000000e+02
1.268400000000000000e+04 -5.600000000000000000e+01 5.440000000000000000e+02 -8.560000000000000000e+02
1.272400000000000000e+04 -5.600000000000000000e+01 5.520000000000000000e+02 -8.560000000000000000e+02
1.276400000000000000e+04 -5.600000000000000000e+01 5.600000000000000000e+02 -8.400000000000000000e+02
1.280400000000000000e+04 -5.600000000000000000e+01 5.360000000000000000e+02 -8.720000000000000000e+02
1.284400000000000000e+04 -4.800000000000000000e+01 5.520000000000000000e+02 -8.480000000000000000e+02
1.288400000000000000e+04 -5.600000000000000000e+01 5.520000000000000000e+02 -8.480000000000000000e+02
1.291500000000000000e+04 -4.000000000000000000e+01 5.520000000000000000e+02 -8.560000000000000000e+02
1.295500000000000000e+04 -4.800000000000000000e+01 5.600000000000000000e+02 -8.320000000000000000e+02
1.299500000000000000e+04 -4.800000000000000000e+01 5.600000000000000000e+02 -8.640000000000000000e+02
1.303500000000000000e+04 -4.800000000000000000e+01 5.600000000000000000e+02 -7.840000000000000000e+02
1.307500000000000000e+04 -5.600000000000000000e+01 5.520000000000000000e+02 -8.320000000000000000e+02
1.311500000000000000e+04 -2.400000000000000000e+01 5.600000000000000000e+02 -8.720000000000000000e+02
1.315500000000000000e+04 -2.400000000000000000e+01 5.520000000000000000e+02 -8.880000000000000000e+02
1.319500000000000000e+04 -1.600000000000000000e+01 5.520000000000000000e+02 -8.400000000000000000e+02
1.323500000000000000e+04 -3.200000000000000000e+01 5.520000000000000000e+02 -8.160000000000000000e+02
1.327500000000000000e+04 -4.000000000000000000e+01 5.520000000000000000e+02 -8.400000000000000000e+02
1.331500000000000000e+04 -3.200000000000000000e+01 5.520000000000000000e+02 -8.400000000000000000e+02
1.335500000000000000e+04 -4.000000000000000000e+01 5.520000000000000000e+02 -8.240000000000000000e+02
1.339500000000000000e+04 -4.000000000000000000e+01 5.520000000000000000e+02 -8.800000000000000000e+02
1.343500000000000000e+04 -4.000000000000000000e+01 5.520000000000000000e+02 -8.400000000000000000e+02
1.347500000000000000e+04 -3.200000000000000000e+01 5.360000000000000000e+02 -8.480000000000000000e+02
1.351500000000000000e+04 -4.000000000000000000e+01 5.360000000000000000e+02 -8.560000000000000000e+02
1.355500000000000000e+04 -4.000000000000000000e+01 5.440000000000000000e+02 -8.320000000000000000e+02
1.359500000000000000e+04 -4.800000000000000000e+01 5.520000000000000000e+02 -8.480000000000000000e+02
1.363500000000000000e+04 -4.800000000000000000e+01 5.520000000000000000e+02 -8.880000000000000000e+02
1.367500000000000000e+04 -4.000000000000000000e+01 5.440000000000000000e+02 -8.960000000000000000e+02
1.371500000000000000e+04 -4.000000000000000000e+01 5.440000000000000000e+02 -8.400000000000000000e+02
1.375500000000000000e+04 -5.600000000000000000e+01 5.440000000000000000e+02 -8.400000000000000000e+02
1.379500000000000000e+04 -4.800000000000000000e+01 5.360000000000000000e+02 -9.040000000000000000e+02
1.383500000000000000e+04 -4.000000000000000000e+01 5.440000000000000000e+02 -8.160000000000000000e+02
1.387500000000000000e+04 -3.200000000000000000e+01 5.440000000000000000e+02 -8.160000000000000000e+02
1.390700000000000000e+04 -3.200000000000000000e+01 5.440000000000000000e+02 -8.480000000000000000e+02
1.394700000000000000e+04 -4.000000000000000000e+01 5.440000000000000000e+02 -9.120000000000000000e+02
1.398700000000000000e+04 -4.000000000000000000e+01 5.520000000000000000e+02 -8.400000000000000000e+02
1.402700000000000000e+04 -4.000000000000000000e+01 5.440000000000000000e+02 -8.480000000000000000e+02
1.406700000000000000e+04 -2.400000000000000000e+01 5.600000000000000000e+02 -8.400000000000000000e+02
1.410700000000000000e+04 -4.800000000000000000e+01 5.520000000000000000e+02 -8.480000000000000000e+02
1.414700000000000000e+04 -4.000000000000000000e+01 5.520000000000000000e+02 -8.160000000000000000e+02
1.418700000000000000e+04 -4.800000000000000000e+01 5.600000000000000000e+02 -8.480000000000000000e+02
1.422700000000000000e+04 -5.600000000000000000e+01 5.520000000000000000e+02 -8.480000000000000000e+02
1.426700000000000000e+04 -5.600000000000000000e+01 5.520000000000000000e+02 -8.880000000000000000e+02
1.430700000000000000e+04 -4.800000000000000000e+01 5.440000000000000000e+02 -8.560000000000000000e+02
1.434700000000000000e+04 -5.600000000000000000e+01 5.360000000000000000e+02 -8.720000000000000000e+02
1.438700000000000000e+04 -4.000000000000000000e+01 5.360000000000000000e+02 -9.200000000000000000e+02
1.442700000000000000e+04 -5.600000000000000000e+01 5.760000000000000000e+02 -8.400000000000000000e+02
1.446700000000000000e+04 -8.800000000000000000e+01 5.840000000000000000e+02 -8.240000000000000000e+02
1.450700000000000000e+04 -1.200000000000000000e+02 6.080000000000000000e+02 -8.400000000000000000e+02
1.454700000000000000e+04 -8.000000000000000000e+01 5.760000000000000000e+02 -8.240000000000000000e+02
1.458700000000000000e+04 -6.400000000000000000e+01 5.520000000000000000e+02 -7.920000000000000000e+02
1.462700000000000000e+04 -4.000000000000000000e+01 5.920000000000000000e+02 -8.000000000000000000e+02
1.466700000000000000e+04 -8.000000000000000000e+00 6.080000000000000000e+02 -8.240000000000000000e+02
1.470700000000000000e+04 -8.000000000000000000e+00 5.680000000000000000e+02 -9.440000000000000000e+02
1.474700000000000000e+04 8.000000000000000000e+00 6.000000000000000000e+02 -8.320000000000000000e+02
1.478700000000000000e+04 0.000000000000000000e+00 6.000000000000000000e+02 -6.800000000000000000e+02
1.482700000000000000e+04 -3.200000000000000000e+01 5.600000000000000000e+02 -8.160000000000000000e+02
1.486700000000000000e+04 -4.800000000000000000e+01 6.000000000000000000e+02 -8.640000000000000000e+02
1.489900000000000000e+04 -4.800000000000000000e+01 5.840000000000000000e+02 -8.640000000000000000e+02
1.493900000000000000e+04 -8.000000000000000000e+00 5.680000000000000000e+02 -7.840000000000000000e+02
1.497900000000000000e+04 3.200000000000000000e+01 6.000000000000000000e+02 -8.000000000000000000e+02
1.501900000000000000e+04 -1.600000000000000000e+01 5.680000000000000000e+02 -8.000000000000000000e+02
1.505900000000000000e+04 -4.000000000000000000e+01 5.840000000000000000e+02 -9.280000000000000000e+02
1.509900000000000000e+04 -5.600000000000000000e+01 5.840000000000000000e+02 -9.040000000000000000e+02
1.513900000000000000e+04 -2.400000000000000000e+01 5.600000000000000000e+02 -7.600000000000000000e+02
1.517900000000000000e+04 8.000000000000000000e+00 5.520000000000000000e+02 -7.440000000000000000e+02
1.521900000000000000e+04 8.000000000000000000e+00 5.680000000000000000e+02 -8.000000000000000000e+02
1.525900000000000000e+04 8.000000000000000000e+00 5.760000000000000000e+02 -9.120000000000000000e+02
1.529900000000000000e+04 -3.200000000000000000e+01 5.600000000000000000e+02 -8.960000000000000000e+02
1.533900000000000000e+04 -7.200000000000000000e+01 5.520000000000000000e+02 -8.400000000000000000e+02
1.537900000000000000e+04 -8.000000000000000000e+01 5.680000000000000000e+02 -8.480000000000000000e+02
1.541900000000000000e+04 -1.040000000000000000e+02 5.840000000000000000e+02 -8.160000000000000000e+02
1.545900000000000000e+04 -1.280000000000000000e+02 6.400000000000000000e+02 -8.000000000000000000e+02
1.549900000000000000e+04 -9.600000000000000000e+01 6.320000000000000000e+02 -8.320000000000000000e+02
1.553900000000000000e+04 -5.600000000000000000e+01 5.840000000000000000e+02 -8.560000000000000000e+02
1.557900000000000000e+04 -4.800000000000000000e+01 5.760000000000000000e+02 -8.080000000000000000e+02
1.561900000000000000e+04 -5.600000000000000000e+01 6.000000000000000000e+02 -8.320000000000000000e+02
1.565900000000000000e+04 -5.600000000000000000e+01 5.680000000000000000e+02 -8.080000000000000000e+02
1.569900000000000000e+04 -4.800000000000000000e+01 5.440000000000000000e+02 -8.400000000000000000e+02
1.573900000000000000e+04 -4.000000000000000000e+01 5.840000000000000000e+02 -8.400000000000000000e+02
1.577900000000000000e+04 -5.600000000000000000e+01 5.600000000000000000e+02 -8.480000000000000000e+02
1.581900000000000000e+04 -4.800000000000000000e+01 5.440000000000000000e+02 -8.400000000000000000e+02
1.585900000000000000e+04 -4.000000000000000000e+01 5.520000000000000000e+02 -8.320000000000000000e+02
1.589000000000000000e+04 -4.000000000000000000e+01 5.520000000000000000e+02 -8.800000000000000000e+02
1.593000000000000000e+04 -4.800000000000000000e+01 5.520000000000000000e+02 -8.560000000000000000e+02
1.597000000000000000e+04 -8.000000000000000000e+00 5.520000000000000000e+02 -8.320000000000000000e+02
1.601000000000000000e+04 -3.200000000000000000e+01 5.520000000000000000e+02 -8.400000000000000000e+02
1.605000000000000000e+04 -3.200000000000000000e+01 5.360000000000000000e+02 -8.400000000000000000e+02
1.609000000000000000e+04 -2.400000000000000000e+01 5.600000000000000000e+02 -8.480000000000000000e+02
1.613000000000000000e+04 -4.000000000000000000e+01 5.520000000000000000e+02 -8.560000000000000000e+02
1.617000000000000000e+04 -4.000000000000000000e+01 5.680000000000000000e+02 -8.400000000000000000e+02
1.621000000000000000e+04 -6.400000000000000000e+01 5.680000000000000000e+02 -8.480000000000000000e+02
1.625000000000000000e+04 -4.800000000000000000e+01 5.520000000000000000e+02 -8.560000000000000000e+02
1.629000000000000000e+04 -4.800000000000000000e+01 5.520000000000000000e+02 -8.480000000000000000e+02
1.633000000000000000e+04 -4.000000000000000000e+01 5.280000000000000000e+02 -8.320000000000000000e+02
1.637000000000000000e+04 -5.600000000000000000e+01 5.600000000000000000e+02 -8.320000000000000000e+02
1.641000000000000000e+04 -6.400000000000000000e+01 5.600000000000000000e+02 -8.400000000000000000e+02
1.645000000000000000e+04 -5.600000000000000000e+01 5.520000000000000000e+02 -8.560000000000000000e+02
1.649000000000000000e+04 -5.600000000000000000e+01 5.600000000000000000e+02 -8.480000000000000000e+02
1.653000000000000000e+04 -4.800000000000000000e+01 5.440000000000000000e+02 -8.560000000000000000e+02
1.657000000000000000e+04 -4.800000000000000000e+01 5.440000000000000000e+02 -8.480000000000000000e+02
1.661000000000000000e+04 -5.600000000000000000e+01 5.440000000000000000e+02 -8.400000000000000000e+02
1.665000000000000000e+04 -4.000000000000000000e+01 5.600000000000000000e+02 -8.560000000000000000e+02
1.669000000000000000e+04 -3.200000000000000000e+01 5.520000000000000000e+02 -8.320000000000000000e+02
1.673000000000000000e+04 -3.200000000000000000e+01 5.440000000000000000e+02 -8.560000000000000000e+02
1.677000000000000000e+04 -3.200000000000000000e+01 5.440000000000000000e+02 -8.400000000000000000e+02
1.681000000000000000e+04 -4.000000000000000000e+01 5.520000000000000000e+02 -8.560000000000000000e+02
1.685000000000000000e+04 -4.000000000000000000e+01 5.440000000000000000e+02 -8.320000000000000000e+02
1.688100000000000000e+04 -4.000000000000000000e+01 5.440000000000000000e+02 -8.560000000000000000e+02
1.692100000000000000e+04 -4.800000000000000000e+01 5.440000000000000000e+02 -8.560000000000000000e+02
1.696100000000000000e+04 -5.600000000000000000e+01 5.440000000000000000e+02 -8.480000000000000000e+02
1.700100000000000000e+04 -4.800000000000000000e+01 5.600000000000000000e+02 -8.880000000000000000e+02
1.704100000000000000e+04 -4.000000000000000000e+01 5.520000000000000000e+02 -8.560000000000000000e+02
1.708100000000000000e+04 -4.800000000000000000e+01 5.520000000000000000e+02 -8.880000000000000000e+02
1.712100000000000000e+04 -4.800000000000000000e+01 5.520000000000000000e+02 -8.560000000000000000e+02
1.716100000000000000e+04 -4.800000000000000000e+01 5.440000000000000000e+02 -8.400000000000000000e+02
1.720100000000000000e+04 -4.000000000000000000e+01 5.360000000000000000e+02 -8.800000000000000000e+02
1.724100000000000000e+04 -4.800000000000000000e+01 5.440000000000000000e+02 -8.720000000000000000e+02
1.728100000000000000e+04 -4.000000000000000000e+01 5.440000000000000000e+02 -8.400000000000000000e+02
1.732100000000000000e+04 -4.000000000000000000e+01 5.440000000000000000e+02 -8.480000000000000000e+02
1.736100000000000000e+04 -3.200000000000000000e+01 5.520000000000000000e+02 -8.240000000000000000e+02
1.740100000000000000e+04 -4.000000000000000000e+01 5.440000000000000000e+02 -8.640000000000000000e+02
1.744100000000000000e+04 -4.000000000000000000e+01 5.440000000000000000e+02 -8.560000000000000000e+02
1.748100000000000000e+04 -2.400000000000000000e+01 5.520000000000000000e+02 -8.720000000000000000e+02
1.752100000000000000e+04 -3.200000000000000000e+01 5.520000000000000000e+02 -8.320000000000000000e+02
1.756100000000000000e+04 -3.200000000000000000e+01 5.440000000000000000e+02 -8.560000000000000000e+02
1.760100000000000000e+04 -4.000000000000000000e+01 5.440000000000000000e+02 -8.560000000000000000e+02
1.764100000000000000e+04 -5.600000000000000000e+01 5.360000000000000000e+02 -8.560000000000000000e+02
1.768100000000000000e+04 -7.200000000000000000e+01 5.440000000000000000e+02 -8.240000000000000000e+02
1.772100000000000000e+04 -5.600000000000000000e+01 5.360000000000000000e+02 -8.560000000000000000e+02
1.776100000000000000e+04 -4.800000000000000000e+01 5.360000000000000000e+02 -8.480000000000000000e+02
1.780100000000000000e+04 -4.000000000000000000e+01 5.440000000000000000e+02 -8.800000000000000000e+02
1.784100000000000000e+04 -4.000000000000000000e+01 5.360000000000000000e+02 -8.480000000000000000e+02
1.787200000000000000e+04 -3.200000000000000000e+01 5.360000000000000000e+02 -8.400000000000000000e+02
1.791200000000000000e+04 -3.200000000000000000e+01 5.360000000000000000e+02 -8.640000000000000000e+02
1.795200000000000000e+04 -4.000000000000000000e+01 5.440000000000000000e+02 -8.720000000000000000e+02
1.799200000000000000e+04 -4.800000000000000000e+01 5.440000000000000000e+02 -8.480000000000000000e+02
1.803200000000000000e+04 -4.800000000000000000e+01 5.360000000000000000e+02 -8.400000000000000000e+02
1.807200000000000000e+04 -4.800000000000000000e+01 5.360000000000000000e+02 -8.400000000000000000e+02
1.811200000000000000e+04 -4.000000000000000000e+01 5.360000000000000000e+02 -8.480000000000000000e+02
1.815200000000000000e+04 -4.000000000000000000e+01 5.360000000000000000e+02 -8.320000000000000000e+02
1.819200000000000000e+04 -2.400000000000000000e+01 5.520000000000000000e+02 -9.040000000000000000e+02
1.823200000000000000e+04 -3.200000000000000000e+01 5.440000000000000000e+02 -8.880000000000000000e+02
1.827200000000000000e+04 -4.000000000000000000e+01 5.360000000000000000e+02 -9.440000000000000000e+02
1.831200000000000000e+04 -5.600000000000000000e+01 5.200000000000000000e+02 -7.680000000000000000e+02
1.835200000000000000e+04 -4.800000000000000000e+01 5.040000000000000000e+02 -8.720000000000000000e+02
1.839200000000000000e+04 -4.000000000000000000e+01 5.280000000000000000e+02 -7.920000000000000000e+02
1.843200000000000000e+04 -3.200000000000000000e+01 5.280000000000000000e+02 -8.560000000000000000e+02
1.847200000000000000e+04 -1.600000000000000000e+01 5.440000000000000000e+02 -8.640000000000000000e+02
1.851200000000000000e+04 -2.400000000000000000e+01 5.440000000000000000e+02 -8.640000000000000000e+02
1.855200000000000000e+04 -3.200000000000000000e+01 5.600000000000000000e+02 -8.320000000000000000e+02
1.859200000000000000e+04 -3.200000000000000000e+01 5.440000000000000000e+02 -8.560000000000000000e+02
1.863200000000000000e+04 -4.000000000000000000e+01 5.280000000000000000e+02 -8.320000000000000000e+02
1.867200000000000000e+04 -4.800000000000000000e+01 5.280000000000000000e+02 -8.400000000000000000e+02
1.871200000000000000e+04 -4.800000000000000000e+01 5.280000000000000000e+02 -8.720000000000000000e+02
1.875200000000000000e+04 -4.800000000000000000e+01 5.280000000000000000e+02 -8.560000000000000000e+02
1.879200000000000000e+04 -4.000000000000000000e+01 5.280000000000000000e+02 -8.800000000000000000e+02
1.883200000000000000e+04 -2.400000000000000000e+01 5.680000000000000000e+02 -8.400000000000000000e+02
1.886300000000000000e+04 -3.200000000000000000e+01 5.360000000000000000e+02 -8.880000000000000000e+02
1.890300000000000000e+04 -4.000000000000000000e+01 5.280000000000000000e+02 -8.080000000000000000e+02
1.894300000000000000e+04 -6.400000000000000000e+01 5.280000000000000000e+02 -7.920000000000000000e+02
1.898300000000000000e+04 -4.800000000000000000e+01 5.520000000000000000e+02 -8.480000000000000000e+02
1.902300000000000000e+04 -1.600000000000000000e+01 5.840000000000000000e+02 -8.640000000000000000e+02
1.906300000000000000e+04 -8.000000000000000000e+00 5.440000000000000000e+02 -8.720000000000000000e+02
1.910300000000000000e+04 0.000000000000000000e+00 5.280000000000000000e+02 -8.880000000000000000e+02
1.914300000000000000e+04 -8.000000000000000000e+00 5.440000000000000000e+02 -8.640000000000000000e+02
1.918300000000000000e+04 0.000000000000000000e+00 5.520000000000000000e+02 -7.760000000000000000e+02
1.922300000000000000e+04 0.000000000000000000e+00 5.600000000000000000e+02 -8.480000000000000000e+02
1.926300000000000000e+04 -8.000000000000000000e+00 5.760000000000000000e+02 -8.080000000000000000e+02
1.930300000000000000e+04 -1.600000000000000000e+01 5.680000000000000000e+02 -8.240000000000000000e+02
1.934300000000000000e+04 -8.000000000000000000e+00 5.520000000000000000e+02 -8.560000000000000000e+02
1.938300000000000000e+04 0.000000000000000000e+00 5.760000000000000000e+02 -8.880000000000000000e+02
1.942300000000000000e+04 -1.600000000000000000e+01 5.840000000000000000e+02 -8.560000000000000000e+02
1.946300000000000000e+04 -1.600000000000000000e+01 5.680000000000000000e+02 -8.480000000000000000e+02
1.950300000000000000e+04 -1.600000000000000000e+01 5.760000000000000000e+02 -8.400000000000000000e+02
1.954300000000000000e+04 -2.400000000000000000e+01 5.680000000000000000e+02 -8.560000000000000000e+02
1.958300000000000000e+04 -8.000000000000000000e+00 5.520000000000000000e+02 -8.320000000000000000e+02
1.962300000000000000e+04 -1.600000000000000000e+01 5.520000000000000000e+02 -8.400000000000000000e+02
1.966300000000000000e+04 -2.400000000000000000e+01 5.440000000000000000e+02 -8.800000000000000000e+02
1.970300000000000000e+04 -8.000000000000000000e+00 5.280000000000000000e+02 -8.800000000000000000e+02
1.974300000000000000e+04 -2.400000000000000000e+01 5.360000000000000000e+02 -8.640000000000000000e+02
1.978300000000000000e+04 -8.000000000000000000e+00 5.280000000000000000e+02 -8.560000000000000000e+02
1.982300000000000000e+04 -2.400000000000000000e+01 5.280000000000000000e+02 -8.560000000000000000e+02
