6.585030000000000000e+05 1.600000000000000000e+01 -2.400000000000000000e+01 -1.032000000000000000e+03
6.585430000000000000e+05 1.600000000000000000e+01 -2.400000000000000000e+01 -1.016000000000000000e+03
6.585830000000000000e+05 1.600000000000000000e+01 -2.400000000000000000e+01 -1.024000000000000000e+03
6.586230000000000000e+05 2.400000000000000000e+01 -2.400000000000000000e+01 -1.032000000000000000e+03
6.586630000000000000e+05 1.600000000000000000e+01 -2.400000000000000000e+01 -1.048000000000000000e+03
6.587030000000000000e+05 1.600000000000000000e+01 -2.400000000000000000e+01 -1.024000000000000000e+03
6.587430000000000000e+05 1.600000000000000000e+01 -2.400000000000000000e+01 -1.048000000000000000e+03
6.587830000000000000e+05 2.400000000000000000e+01 -2.400000000000000000e+01 -1.056000000000000000e+03
6.588230000000000000e+05 1.600000000000000000e+01 -1.600000000000000000e+01 -1.048000000000000000e+03
6.588630000000000000e+05 1.600000000000000000e+01 -2.400000000000000000e+01 -1.040000000000000000e+03
6.589030000000000000e+05 2.400000000000000000e+01 -2.400000000000000000e+01 -1.040000000000000000e+03
6.589430000000000000e+05 2.400000000000000000e+01 -2.400000000000000000e+01 -1.032000000000000000e+03
6.589830000000000000e+05 1.600000000000000000e+01 -2.400000000000000000e+01 -1.032000000000000000e+03
6.590230000000000000e+05 8.000000000000000000e+00 -2.400000000000000000e+01 -1.040000000000000000e+03
6.590630000000000000e+05 2.400000000000000000e+01 -2.400000000000000000e+01 -1.040000000000000000e+03
6.591030000000000000e+05 1.600000000000000000e+01 -2.400000000000000000e+01 -1.024000000000000000e+03
6.591430000000000000e+05 1.600000000000000000e+01 -4.000000000000000000e+01 -1.024000000000000000e+03
6.591830000000000000e+05 1.600000000000000000e+01 -3.200000000000000000e+01 -1.032000000000000000e+03
6.592230000000000000e+05 1.600000000000000000e+01 -2.400000000000000000e+01 -1.040000000000000000e+03
6.592630000000000000e+05 2.400000000000000000e+01 -2.400000000000000000e+01 -1.040000000000000000e+03
6.593030000000000000e+05 3.200000000000000000e+01 -1.600000000000000000e+01 -9.840000000000000000e+02
6.593430000000000000e+05 2.400000000000000000e+01 -2.400000000000000000e+01 -1.024000000000000000e+03
6.593830000000000000e+05 2.400000000000000000e+01 -2.400000000000000000e+01 -1.024000000000000000e+03
6.594230000000000000e+05 1.600000000000000000e+01 -2.400000000000000000e+01 -1.032000000000000000e+03
6.594630000000000000e+05 1.600000000000000000e+01 -2.400000000000000000e+01 -1.040000000000000000e+03
6.624680000000000000e+05 1.600000000000000000e+01 -3.200000000000000000e+01 -1.024000000000000000e+03
6.625080000000000000e+05 1.600000000000000000e+01 -3.200000000000000000e+01 -9.760000000000000000e+02
6.625480000000000000e+05 2.400000000000000000e+01 -2.400000000000000000e+01 -1.032000000000000000e+03
6.625880000000000000e+05 2.400000000000000000e+01 -2.400000000000000000e+01 -1.032000000000000000e+03
6.626280000000000000e+05 2.400000000000000000e+01 -2.400000000000000000e+01 -1.040000000000000000e+03
6.626680000000000000e+05 2.400000000000000000e+01 -2.400000000000000000e+01 -1.024000000000000000e+03
6.627080000000000000e+05 1.600000000000000000e+01 -2.400000000000000000e+01 -1.024000000000000000e+03
6.627480000000000000e+05 1.600000000000000000e+01 -2.400000000000000000e+01 -1.032000000000000000e+03
6.627880000000000000e+05 1.600000000000000000e+01 -3.200000000000000000e+01 -1.040000000000000000e+03
6.628280000000000000e+05 1.600000000000000000e+01 -3.200000000000000000e+01 -1.024000000000000000e+03
6.628680000000000000e+05 1.600000000000000000e+01 -2.400000000000000000e+01 -1.032000000000000000e+03
6.629080000000000000e+05 1.600000000000000000e+01 -2.400000000000000000e+01 -1.032000000000000000e+03
6.629480000000000000e+05 1.600000000000000000e+01 -2.400000000000000000e+01 -1.032000000000000000e+03
6.629880000000000000e+05 2.400000000000000000e+01 -2.400000000000000000e+01 -1.032000000000000000e+03
6.630280000000000000e+05 3.200000000000000000e+01 -2.400000000000000000e+01 -1.032000000000000000e+03
6.630680000000000000e+05 3.200000000000000000e+01 -2.400000000000000000e+01 -1.024000000000000000e+03
6.631080000000000000e+05 2.400000000000000000e+01 -2.400000000000000000e+01 -1.032000000000000000e+03
6.631480000000000000e+05 2.400000000000000000e+01 -2.400000000000000000e+01 -1.032000000000000000e+03
6.631880000000000000e+05 2.400000000000000000e+01 -2.400000000000000000e+01 -1.040000000000000000e+03
6.632280000000000000e+05 2.400000000000000000e+01 -2.400000000000000000e+01 -1.024000000000000000e+03
6.632680000000000000e+05 2.400000000000000000e+01 -2.400000000000000000e+01 -1.032000000000000000e+03
6.633080000000000000e+05 1.600000000000000000e+01 -2.400000000000000000e+01 -1.032000000000000000e+03
6.633480000000000000e+05 2.400000000000000000e+01 -3.200000000000000000e+01 -1.032000000000000000e+03
6.633880000000000000e+05 2.400000000000000000e+01 -3.200000000000000000e+01 -1.032000000000000000e+03
6.634280000000000000e+05 2.400000000000000000e+01 -2.400000000000000000e+01 -1.032000000000000000e+03
6.664340000000000000e+05 1.600000000000000000e+01 -2.400000000000000000e+01 -1.032000000000000000e+03
6.664740000000000000e+05 2.400000000000000000e+01 -4.000000000000000000e+01 -1.040000000000000000e+03
6.665140000000000000e+05 1.600000000000000000e+01 -3.200000000000000000e+01 -1.040000000000000000e+03
6.665540000000000000e+05 1.600000000000000000e+01 -2.400000000000000000e+01 -1.024000000000000000e+03
6.665940000000000000e+05 8.000000000000000000e+00 -2.400000000000000000e+01 -1.024000000000000000e+03
6.666340000000000000e+05 8.000000000000000000e+00 -3.200000000000000000e+01 -1.072000000000000000e+03
6.666740000000000000e+05 1.600000000000000000e+01 -2.400000000000000000e+01 -1.032000000000000000e+03
6.667140000000000000e+05 1.600000000000000000e+01 -2.400000000000000000e+01 -1.040000000000000000e+03
6.667540000000000000e+05 1.600000000000000000e+01 -4.800000000000000000e+01 -1.040000000000000000e+03
6.667940000000000000e+05 8.000000000000000000e+00 -3.200000000000000000e+01 -1.040000000000000000e+03
6.668340000000000000e+05 1.600000000000000000e+01 -3.200000000000000000e+01 -1.016000000000000000e+03
6.668740000000000000e+05 1.600000000000000000e+01 -2.400000000000000000e+01 -1.008000000000000000e+03
6.669140000000000000e+05 0.000000000000000000e+00 -2.400000000000000000e+01 -1.024000000000000000e+03
6.669540000000000000e+05 1.600000000000000000e+01 -3.200000000000000000e+01 -1.048000000000000000e+03
6.669940000000000000e+05 1.600000000000000000e+01 -1.600000000000000000e+01 -1.040000000000000000e+03
6.670340000000000000e+05 1.600000000000000000e+01 -1.600000000000000000e+01 -1.024000000000000000e+03
6.670740000000000000e+05 1.600000000000000000e+01 -2.400000000000000000e+01 -1.024000000000000000e+03
6.671140000000000000e+05 1.600000000000000000e+01 -2.400000000000000000e+01 -1.024000000000000000e+03
6.671540000000000000e+05 1.600000000000000000e+01 -3.200000000000000000e+01 -1.024000000000000000e+03
6.671940000000000000e+05 1.600000000000000000e+01 -3.200000000000000000e+01 -1.032000000000000000e+03
6.672340000000000000e+05 8.000000000000000000e+00 -3.200000000000000000e+01 -1.024000000000000000e+03
6.672740000000000000e+05 1.600000000000000000e+01 -2.400000000000000000e+01 -1.040000000000000000e+03
6.673140000000000000e+05 2.400000000000000000e+01 -1.600000000000000000e+01 -1.024000000000000000e+03
6.673540000000000000e+05 1.600000000000000000e+01 -1.600000000000000000e+01 -1.024000000000000000e+03
6.673940000000000000e+05 1.600000000000000000e+01 -2.400000000000000000e+01 -1.024000000000000000e+03
6.703990000000000000e+05 1.600000000000000000e+01 -3.200000000000000000e+01 -1.032000000000000000e+03
6.704390000000000000e+05 2.400000000000000000e+01 -2.400000000000000000e+01 -1.024000000000000000e+03
6.704790000000000000e+05 2.400000000000000000e+01 -2.400000000000000000e+01 -1.032000000000000000e+03
6.705190000000000000e+05 1.600000000000000000e+01 -2.400000000000000000e+01 -1.016000000000000000e+03
6.705590000000000000e+05 2.400000000000000000e+01 -2.400000000000000000e+01 -1.040000000000000000e+03
6.705990000000000000e+05 1.600000000000000000e+01 -3.200000000000000000e+01 -1.016000000000000000e+03
6.706390000000000000e+05 1.600000000000000000e+01 -2.400000000000000000e+01 -1.032000000000000000e+03
6.706790000000000000e+05 1.600000000000000000e+01 -2.400000000000000000e+01 -1.040000000000000000e+03
6.707190000000000000e+05 1.600000000000000000e+01 -3.200000000000000000e+01 -1.040000000000000000e+03
6.707590000000000000e+05 1.600000000000000000e+01 -2.400000000000000000e+01 -1.032000000000000000e+03
6.707990000000000000e+05 1.600000000000000000e+01 -2.400000000000000000e+01 -1.040000000000000000e+03
6.708390000000000000e+05 1.600000000000000000e+01 -1.600000000000000000e+01 -1.032000000000000000e+03
6.708790000000000000e+05 1.600000000000000000e+01 -2.400000000000000000e+01 -1.024000000000000000e+03
6.709190000000000000e+05 1.600000000000000000e+01 -1.600000000000000000e+01 -1.032000000000000000e+03
6.709590000000000000e+05 2.400000000000000000e+01 -2.400000000000000000e+01 -1.016000000000000000e+03
6.709990000000000000e+05 1.600000000000000000e+01 -2.400000000000000000e+01 -1.032000000000000000e+03
6.710390000000000000e+05 2.400000000000000000e+01 -2.400000000000000000e+01 -1.040000000000000000e+03
6.710790000000000000e+05 2.400000000000000000e+01 -3.200000000000000000e+01 -1.024000000000000000e+03
6.711190000000000000e+05 2.400000000000000000e+01 -3.200000000000000000e+01 -1.040000000000000000e+03
6.711590000000000000e+05 2.400000000000000000e+01 -2.400000000000000000e+01 -1.032000000000000000e+03
6.711990000000000000e+05 2.400000000000000000e+01 -2.400000000000000000e+01 -1.016000000000000000e+03
6.712390000000000000e+05 1.600000000000000000e+01 -3.200000000000000000e+01 -1.024000000000000000e+03
6.712790000000000000e+05 1.600000000000000000e+01 -3.200000000000000000e+01 -1.032000000000000000e+03
6.713190000000000000e+05 1.600000000000000000e+01 -2.400000000000000000e+01 -1.032000000000000000e+03
6.713590000000000000e+05 1.600000000000000000e+01 -2.400000000000000000e+01 -1.024000000000000000e+03
6.743650000000000000e+05 1.600000000000000000e+01 -1.600000000000000000e+01 -1.016000000000000000e+03
6.744050000000000000e+05 2.400000000000000000e+01 -1.600000000000000000e+01 -1.024000000000000000e+03
6.744450000000000000e+05 1.600000000000000000e+01 -2.400000000000000000e+01 -1.032000000000000000e+03
6.744850000000000000e+05 1.600000000000000000e+01 -2.400000000000000000e+01 -1.032000000000000000e+03
6.745250000000000000e+05 1.600000000000000000e+01 -2.400000000000000000e+01 -1.040000000000000000e+03
6.745650000000000000e+05 1.600000000000000000e+01 -2.400000000000000000e+01 -1.040000000000000000e+03
6.746050000000000000e+05 1.600000000000000000e+01 -2.400000000000000000e+01 -1.024000000000000000e+03
6.746450000000000000e+05 8.000000000000000000e+00 -2.400000000000000000e+01 -1.032000000000000000e+03
6.746850000000000000e+05 8.000000000000000000e+00 -2.400000000000000000e+01 -1.040000000000000000e+03
6.747250000000000000e+05 1.600000000000000000e+01 -2.400000000000000000e+01 -1.040000000000000000e+03
6.747650000000000000e+05 1.600000000000000000e+01 -2.400000000000000000e+01 -1.040000000000000000e+03
6.748050000000000000e+05 1.600000000000000000e+01 -2.400000000000000000e+01 -1.016000000000000000e+03
6.748450000000000000e+05 1.600000000000000000e+01 -2.400000000000000000e+01 -1.056000000000000000e+03
6.748850000000000000e+05 2.400000000000000000e+01 -2.400000000000000000e+01 -1.032000000000000000e+03
6.749250000000000000e+05 1.600000000000000000e+01 -2.400000000000000000e+01 -1.032000000000000000e+03
6.749650000000000000e+05 2.400000000000000000e+01 -2.400000000000000000e+01 -1.048000000000000000e+03
6.750050000000000000e+05 1.600000000000000000e+01 -2.400000000000000000e+01 -1.016000000000000000e+03
6.750450000000000000e+05 1.600000000000000000e+01 -2.400000000000000000e+01 -1.032000000000000000e+03
6.750850000000000000e+05 1.600000000000000000e+01 -2.400000000000000000e+01 -1.024000000000000000e+03
6.751250000000000000e+05 1.600000000000000000e+01 -2.400000000000000000e+01 -1.032000000000000000e+03
6.751650000000000000e+05 1.600000000000000000e+01 -2.400000000000000000e+01 -1.032000000000000000e+03
6.752050000000000000e+05 1.600000000000000000e+01 -2.400000000000000000e+01 -1.040000000000000000e+03
6.752450000000000000e+05 2.400000000000000000e+01 -2.400000000000000000e+01 -1.040000000000000000e+03
6.752850000000000000e+05 1.600000000000000000e+01 -1.600000000000000000e+01 -1.024000000000000000e+03
6.753250000000000000e+05 1.600000000000000000e+01 -2.400000000000000000e+01 -1.016000000000000000e+03
6.783310000000000000e+05 1.600000000000000000e+01 -2.400000000000000000e+01 -1.040000000000000000e+03
6.783710000000000000e+05 1.600000000000000000e+01 -2.400000000000000000e+01 -1.008000000000000000e+03
6.784110000000000000e+05 1.600000000000000000e+01 -2.400000000000000000e+01 -1.048000000000000000e+03
6.784510000000000000e+05 1.600000000000000000e+01 -2.400000000000000000e+01 -1.040000000000000000e+03
6.784910000000000000e+05 2.400000000000000000e+01 -2.400000000000000000e+01 -1.016000000000000000e+03
6.785310000000000000e+05 2.400000000000000000e+01 -2.400000000000000000e+01 -1.040000000000000000e+03
6.785710000000000000e+05 2.400000000000000000e+01 -2.400000000000000000e+01 -1.032000000000000000e+03
6.786110000000000000e+05 1.600000000000000000e+01 -2.400000000000000000e+01 -1.032000000000000000e+03
6.786510000000000000e+05 1.600000000000000000e+01 -2.400000000000000000e+01 -1.024000000000000000e+03
6.786910000000000000e+05 1.600000000000000000e+01 -2.400000000000000000e+01 -1.016000000000000000e+03
6.787310000000000000e+05 2.400000000000000000e+01 -2.400000000000000000e+01 -1.016000000000000000e+03
6.787710000000000000e+05 1.600000000000000000e+01 -2.400000000000000000e+01 -1.016000000000000000e+03
6.788110000000000000e+05 1.600000000000000000e+01 -2.400000000000000000e+01 -1.024000000000000000e+03
6.788510000000000000e+05 1.600000000000000000e+01 -1.600000000000000000e+01 -1.032000000000000000e+03
6.788910000000000000e+05 1.600000000000000000e+01 -2.400000000000000000e+01 -1.032000000000000000e+03
6.789310000000000000e+05 1.600000000000000000e+01 -2.400000000000000000e+01 -1.024000000000000000e+03
6.789710000000000000e+05 1.600000000000000000e+01 -2.400000000000000000e+01 -1.032000000000000000e+03
6.790110000000000000e+05 1.600000000000000000e+01 -2.400000000000000000e+01 -1.032000000000000000e+03
6.790510000000000000e+05 2.400000000000000000e+01 -2.400000000000000000e+01 -1.048000000000000000e+03
6.790910000000000000e+05 1.600000000000000000e+01 -2.400000000000000000e+01 -1.040000000000000000e+03
6.791310000000000000e+05 2.400000000000000000e+01 -2.400000000000000000e+01 -1.040000000000000000e+03
6.791710000000000000e+05 1.600000000000000000e+01 -2.400000000000000000e+01 -1.016000000000000000e+03
6.792110000000000000e+05 1.600000000000000000e+01 -2.400000000000000000e+01 -1.032000000000000000e+03
6.792510000000000000e+05 1.600000000000000000e+01 -2.400000000000000000e+01 -1.040000000000000000e+03
6.792910000000000000e+05 1.600000000000000000e+01 -2.400000000000000000e+01 -1.040000000000000000e+03
