4.000000000000000000e+01 -9.760000000000000000e+02 1.360000000000000000e+02 -1.520000000000000000e+02
8.000000000000000000e+01 -7.200000000000000000e+01 5.520000000000000000e+02 -8.160000000000000000e+02
1.200000000000000000e+02 -6.400000000000000000e+01 5.440000000000000000e+02 -8.400000000000000000e+02
1.600000000000000000e+02 -6.400000000000000000e+01 5.360000000000000000e+02 -8.560000000000000000e+02
2.000000000000000000e+02 -8.000000000000000000e+01 5.360000000000000000e+02 -8.480000000000000000e+02
2.400000000000000000e+02 -6.400000000000000000e+01 5.360000000000000000e+02 -8.720000000000000000e+02
2.800000000000000000e+02 -7.200000000000000000e+01 5.600000000000000000e+02 -8.560000000000000000e+02
3.200000000000000000e+02 -7.200000000000000000e+01 5.440000000000000000e+02 -8.720000000000000000e+02
3.600000000000000000e+02 -8.800000000000000000e+01 5.360000000000000000e+02 -8.640000000000000000e+02
4.000000000000000000e+02 -8.000000000000000000e+01 5.200000000000000000e+02 -8.640000000000000000e+02
4.400000000000000000e+02 -8.800000000000000000e+01 4.960000000000000000e+02 -8.640000000000000000e+02
4.800000000000000000e+02 -7.200000000000000000e+01 5.120000000000000000e+02 -8.480000000000000000e+02
5.200000000000000000e+02 -7.200000000000000000e+01 5.280000000000000000e+02 -8.640000000000000000e+02
5.600000000000000000e+02 -6.400000000000000000e+01 5.280000000000000000e+02 -8.560000000000000000e+02
6.000000000000000000e+02 -6.400000000000000000e+01 5.360000000000000000e+02 -8.640000000000000000e+02
6.400000000000000000e+02 -6.400000000000000000e+01 5.360000000000000000e+02 -8.640000000000000000e+02
6.800000000000000000e+02 -8.000000000000000000e+01 5.280000000000000000e+02 -8.400000000000000000e+02
7.200000000000000000e+02 -8.000000000000000000e+01 5.360000000000000000e+02 -8.560000000000000000e+02
7.600000000000000000e+02 -6.400000000000000000e+01 5.360000000000000000e+02 -8.640000000000000000e+02
8.000000000000000000e+02 -5.600000000000000000e+01 5.360000000000000000e+02 -8.960000000000000000e+02
8.400000000000000000e+02 -6.400000000000000000e+01 5.360000000000000000e+02 -8.480000000000000000e+02
8.800000000000000000e+02 -6.400000000000000000e+01 5.440000000000000000e+02 -8.640000000000000000e+02
9.200000000000000000e+02 -8.000000000000000000e+01 5.440000000000000000e+02 -8.640000000000000000e+02
9.600000000000000000e+02 -7.200000000000000000e+01 5.440000000000000000e+02 -8.480000000000000000e+02
1.000000000000000000e+03 -7.200000000000000000e+01 5.360000000000000000e+02 -8.640000000000000000e+02
1.034000000000000000e+03 -6.400000000000000000e+01 5.360000000000000000e+02 -8.560000000000000000e+02
1.074000000000000000e+03 -6.400000000000000000e+01 5.360000000000000000e+02 -8.640000000000000000e+02
1.114000000000000000e+03 -7.200000000000000000e+01 5.360000000000000000e+02 -8.720000000000000000e+02
1.154000000000000000e+03 -6.400000000000000000e+01 5.360000000000000000e+02 -8.640000000000000000e+02
1.194000000000000000e+03 -6.400000000000000000e+01 5.440000000000000000e+02 -9.040000000000000000e+02
1.234000000000000000e+03 -6.400000000000000000e+01 5.440000000000000000e+02 -8.560000000000000000e+02
1.274000000000000000e+03 -7.200000000000000000e+01 5.440000000000000000e+02 -8.800000000000000000e+02
1.314000000000000000e+03 -6.400000000000000000e+01 5.440000000000000000e+02 -8.480000000000000000e+02
1.354000000000000000e+03 -6.400000000000000000e+01 5.440000000000000000e+02 -8.640000000000000000e+02
1.394000000000000000e+03 -5.600000000000000000e+01 5.520000000000000000e+02 -8.480000000000000000e+02
1.434000000000000000e+03 -4.800000000000000000e+01 5.440000000000000000e+02 -8.640000000000000000e+02
1.474000000000000000e+03 -1.600000000000000000e+01 5.440000000000000000e+02 -8.640000000000000000e+02
1.514000000000000000e+03 -3.200000000000000000e+01 5.280000000000000000e+02 -8.720000000000000000e+02
1.554000000000000000e+03 -3.200000000000000000e+01 5.360000000000000000e+02 -8.560000000000000000e+02
1.594000000000000000e+03 -4.000000000000000000e+01 5.600000000000000000e+02 -8.320000000000000000e+02
1.634000000000000000e+03 -5.600000000000000000e+01 5.600000000000000000e+02 -8.400000000000000000e+02
1.674000000000000000e+03 -7.200000000000000000e+01 5.440000000000000000e+02 -8.400000000000000000e+02
1.714000000000000000e+03 -7.200000000000000000e+01 5.440000000000000000e+02 -8.320000000000000000e+02
1.754000000000000000e+03 -6.400000000000000000e+01 5.280000000000000000e+02 -8.400000000000000000e+02
1.794000000000000000e+03 -5.600000000000000000e+01 5.280000000000000000e+02 -8.560000000000000000e+02
1.834000000000000000e+03 -5.600000000000000000e+01 5.360000000000000000e+02 -8.560000000000000000e+02
1.874000000000000000e+03 -6.400000000000000000e+01 5.360000000000000000e+02 -8.720000000000000000e+02
1.914000000000000000e+03 -8.000000000000000000e+01 5.440000000000000000e+02 -8.480000000000000000e+02
1.954000000000000000e+03 -7.200000000000000000e+01 5.360000000000000000e+02 -8.560000000000000000e+02
1.994000000000000000e+03 -6.400000000000000000e+01 5.440000000000000000e+02 -8.560000000000000000e+02
2.026000000000000000e+03 -7.200000000000000000e+01 5.440000000000000000e+02 -8.880000000000000000e+02
2.066000000000000000e+03 -7.200000000000000000e+01 5.440000000000000000e+02 -8.240000000000000000e+02
2.106000000000000000e+03 -7.200000000000000000e+01 5.520000000000000000e+02 -7.600000000000000000e+02
2.146000000000000000e+03 -6.400000000000000000e+01 5.520000000000000000e+02 -8.560000000000000000e+02
2.186000000000000000e+03 -4.800000000000000000e+01 5.440000000000000000e+02 -8.560000000000000000e+02
2.226000000000000000e+03 -4.800000000000000000e+01 5.280000000000000000e+02 -8.560000000000000000e+02
2.266000000000000000e+03 -4.800000000000000000e+01 5.440000000000000000e+02 -8.400000000000000000e+02
2.306000000000000000e+03 -5.600000000000000000e+01 5.440000000000000000e+02 -8.640000000000000000e+02
2.346000000000000000e+03 -5.600000000000000000e+01 5.440000000000000000e+02 -8.400000000000000000e+02
2.386000000000000000e+03 -8.000000000000000000e+01 5.440000000000000000e+02 -8.880000000000000000e+02
2.426000000000000000e+03 -7.200000000000000000e+01 5.440000000000000000e+02 -8.240000000000000000e+02
2.466000000000000000e+03 -6.400000000000000000e+01 5.520000000000000000e+02 -8.720000000000000000e+02
2.506000000000000000e+03 -5.600000000000000000e+01 5.440000000000000000e+02 -8.400000000000000000e+02
2.546000000000000000e+03 -6.400000000000000000e+01 5.520000000000000000e+02 -8.720000000000000000e+02
2.586000000000000000e+03 -7.200000000000000000e+01 5.440000000000000000e+02 -8.560000000000000000e+02
2.626000000000000000e+03 -6.400000000000000000e+01 5.440000000000000000e+02 -8.640000000000000000e+02
2.666000000000000000e+03 -6.400000000000000000e+01 5.440000000000000000e+02 -8.480000000000000000e+02
2.706000000000000000e+03 -6.400000000000000000e+01 5.360000000000000000e+02 -8.400000000000000000e+02
2.746000000000000000e+03 -5.600000000000000000e+01 5.360000000000000000e+02 -8.480000000000000000e+02
2.786000000000000000e+03 -5.600000000000000000e+01 5.280000000000000000e+02 -8.560000000000000000e+02
2.826000000000000000e+03 -5.600000000000000000e+01 5.360000000000000000e+02 -8.640000000000000000e+02
2.866000000000000000e+03 -4.000000000000000000e+01 5.360000000000000000e+02 -8.560000000000000000e+02
2.906000000000000000e+03 -4.800000000000000000e+01 5.440000000000000000e+02 -8.960000000000000000e+02
2.946000000000000000e+03 -4.000000000000000000e+01 5.600000000000000000e+02 -8.240000000000000000e+02
2.986000000000000000e+03 -4.800000000000000000e+01 5.520000000000000000e+02 -8.640000000000000000e+02
3.019000000000000000e+03 -4.000000000000000000e+01 5.440000000000000000e+02 -8.720000000000000000e+02
3.059000000000000000e+03 -5.600000000000000000e+01 5.520000000000000000e+02 -8.640000000000000000e+02
3.099000000000000000e+03 -5.600000000000000000e+01 5.760000000000000000e+02 -8.640000000000000000e+02
3.139000000000000000e+03 -6.400000000000000000e+01 5.440000000000000000e+02 -8.800000000000000000e+02
3.179000000000000000e+03 -6.400000000000000000e+01 5.440000000000000000e+02 -8.400000000000000000e+02
3.219000000000000000e+03 -6.400000000000000000e+01 5.200000000000000000e+02 -8.720000000000000000e+02
3.259000000000000000e+03 -6.400000000000000000e+01 5.360000000000000000e+02 -8.080000000000000000e+02
3.299000000000000000e+03 -6.400000000000000000e+01 5.440000000000000000e+02 -8.320000000000000000e+02
3.339000000000000000e+03 -5.600000000000000000e+01 5.440000000000000000e+02 -8.320000000000000000e+02
3.379000000000000000e+03 -6.400000000000000000e+01 5.280000000000000000e+02 -8.560000000000000000e+02
3.419000000000000000e+03 -5.600000000000000000e+01 5.360000000000000000e+02 -8.800000000000000000e+02
3.459000000000000000e+03 -5.600000000000000000e+01 5.520000000000000000e+02 -8.480000000000000000e+02
3.499000000000000000e+03 -5.600000000000000000e+01 5.440000000000000000e+02 -8.720000000000000000e+02
3.539000000000000000e+03 -4.800000000000000000e+01 5.440000000000000000e+02 -8.640000000000000000e+02
3.579000000000000000e+03 -5.600000000000000000e+01 5.600000000000000000e+02 -8.400000000000000000e+02
3.619000000000000000e+03 -5.600000000000000000e+01 5.440000000000000000e+02 -8.560000000000000000e+02
3.659000000000000000e+03 -8.000000000000000000e+01 5.280000000000000000e+02 -8.720000000000000000e+02
3.699000000000000000e+03 -8.000000000000000000e+01 5.520000000000000000e+02 -8.480000000000000000e+02
3.739000000000000000e+03 -6.400000000000000000e+01 5.520000000000000000e+02 -8.400000000000000000e+02
3.779000000000000000e+03 -6.400000000000000000e+01 5.520000000000000000e+02 -8.400000000000000000e+02
3.819000000000000000e+03 -6.400000000000000000e+01 5.680000000000000000e+02 -8.080000000000000000e+02
3.859000000000000000e+03 -6.400000000000000000e+01 5.520000000000000000e+02 -8.800000000000000000e+02
3.899000000000000000e+03 -6.400000000000000000e+01 5.600000000000000000e+02 -7.920000000000000000e+02
3.939000000000000000e+03 -7.200000000000000000e+01 5.600000000000000000e+02 -8.560000000000000000e+02
3.979000000000000000e+03 -7.200000000000000000e+01 5.520000000000000000e+02 -8.400000000000000000e+02
4.011000000000000000e+03 -7.200000000000000000e+01 5.520000000000000000e+02 -8.400000000000000000e+02
4.051000000000000000e+03 -7.200000000000000000e+01 5.600000000000000000e+02 -8.480000000000000000e+02
4.091000000000000000e+03 -7.200000000000000000e+01 5.520000000000000000e+02 -8.160000000000000000e+02
4.131000000000000000e+03 -4.800000000000000000e+01 5.440000000000000000e+02 -8.560000000000000000e+02
4.171000000000000000e+03 -4.000000000000000000e+01 5.360000000000000000e+02 -8.480000000000000000e+02
4.211000000000000000e+03 -4.800000000000000000e+01 5.600000000000000000e+02 -8.240000000000000000e+02
4.251000000000000000e+03 -5.600000000000000000e+01 5.600000000000000000e+02 -8.560000000000000000e+02
4.291000000000000000e+03 -4.800000000000000000e+01 5.360000000000000000e+02 -8.400000000000000000e+02
4.331000000000000000e+03 -5.600000000000000000e+01 5.520000000000000000e+02 -8.480000000000000000e+02
4.371000000000000000e+03 -5.600000000000000000e+01 5.520000000000000000e+02 -8.560000000000000000e+02
4.411000000000000000e+03 -6.400000000000000000e+01 5.520000000000000000e+02 -8.080000000000000000e+02
4.451000000000000000e+03 -6.400000000000000000e+01 5.440000000000000000e+02 -8.320000000000000000e+02
4.491000000000000000e+03 -6.400000000000000000e+01 5.600000000000000000e+02 -8.800000000000000000e+02
4.531000000000000000e+03 -5.600000000000000000e+01 5.520000000000000000e+02 -8.480000000000000000e+02
4.571000000000000000e+03 -4.800000000000000000e+01 5.520000000000000000e+02 -8.400000000000000000e+02
4.611000000000000000e+03 -5.600000000000000000e+01 5.600000000000000000e+02 -8.480000000000000000e+02
4.651000000000000000e+03 -5.600000000000000000e+01 5.520000000000000000e+02 -8.480000000000000000e+02
4.691000000000000000e+03 -5.600000000000000000e+01 5.600000000000000000e+02 -8.240000000000000000e+02
4.731000000000000000e+03 -4.800000000000000000e+01 5.680000000000000000e+02 -8.560000000000000000e+02
4.771000000000000000e+03 -5.600000000000000000e+01 5.600000000000000000e+02 -8.480000000000000000e+02
4.811000000000000000e+03 -5.600000000000000000e+01 5.600000000000000000e+02 -8.480000000000000000e+02
4.851000000000000000e+03 -5.600000000000000000e+01 5.600000000000000000e+02 -8.400000000000000000e+02
4.891000000000000000e+03 -5.600000000000000000e+01 5.600000000000000000e+02 -8.160000000000000000e+02
4.931000000000000000e+03 -5.600000000000000000e+01 5.600000000000000000e+02 -8.480000000000000000e+02
4.971000000000000000e+03 -5.600000000000000000e+01 5.600000000000000000e+02 -8.640000000000000000e+02
5.004000000000000000e+03 -5.600000000000000000e+01 5.520000000000000000e+02 -8.560000000000000000e+02
5.044000000000000000e+03 -6.400000000000000000e+01 5.680000000000000000e+02 -8.400000000000000000e+02
5.084000000000000000e+03 -8.000000000000000000e+01 5.680000000000000000e+02 -8.480000000000000000e+02
5.124000000000000000e+03 -8.000000000000000000e+01 5.520000000000000000e+02 -8.480000000000000000e+02
5.164000000000000000e+03 -8.000000000000000000e+01 5.840000000000000000e+02 -8.560000000000000000e+02
5.204000000000000000e+03 -1.040000000000000000e+02 5.760000000000000000e+02 -8.560000000000000000e+02
5.244000000000000000e+03 -8.800000000000000000e+01 5.680000000000000000e+02 -8.640000000000000000e+02
5.284000000000000000e+03 -6.400000000000000000e+01 5.440000000000000000e+02 -8.720000000000000000e+02
5.324000000000000000e+03 -5.600000000000000000e+01 5.440000000000000000e+02 -8.400000000000000000e+02
5.364000000000000000e+03 -4.800000000000000000e+01 5.840000000000000000e+02 -8.400000000000000000e+02
5.404000000000000000e+03 -4.800000000000000000e+01 5.840000000000000000e+02 -8.080000000000000000e+02
5.444000000000000000e+03 -3.200000000000000000e+01 5.760000000000000000e+02 -8.400000000000000000e+02
5.484000000000000000e+03 -2.400000000000000000e+01 5.280000000000000000e+02 -9.120000000000000000e+02
5.524000000000000000e+03 -2.400000000000000000e+01 5.360000000000000000e+02 -8.160000000000000000e+02
5.564000000000000000e+03 -3.200000000000000000e+01 6.400000000000000000e+02 -8.160000000000000000e+02
5.604000000000000000e+03 -4.800000000000000000e+01 5.920000000000000000e+02 -8.720000000000000000e+02
5.644000000000000000e+03 -4.000000000000000000e+01 5.840000000000000000e+02 -8.320000000000000000e+02
5.684000000000000000e+03 -4.800000000000000000e+01 5.920000000000000000e+02 -8.480000000000000000e+02
5.724000000000000000e+03 -5.600000000000000000e+01 5.760000000000000000e+02 -8.240000000000000000e+02
5.764000000000000000e+03 -5.600000000000000000e+01 5.680000000000000000e+02 -8.560000000000000000e+02
5.804000000000000000e+03 -5.600000000000000000e+01 5.760000000000000000e+02 -8.080000000000000000e+02
5.844000000000000000e+03 -5.600000000000000000e+01 5.840000000000000000e+02 -8.160000000000000000e+02
5.884000000000000000e+03 -5.600000000000000000e+01 5.920000000000000000e+02 -8.160000000000000000e+02
5.924000000000000000e+03 -4.000000000000000000e+01 6.000000000000000000e+02 -8.560000000000000000e+02
5.964000000000000000e+03 -4.000000000000000000e+01 5.920000000000000000e+02 -8.080000000000000000e+02
5.996000000000000000e+03 -4.000000000000000000e+01 5.840000000000000000e+02 -8.480000000000000000e+02
6.036000000000000000e+03 -4.800000000000000000e+01 5.760000000000000000e+02 -8.160000000000000000e+02
6.076000000000000000e+03 -5.600000000000000000e+01 5.840000000000000000e+02 -8.480000000000000000e+02
6.116000000000000000e+03 -8.000000000000000000e+01 5.920000000000000000e+02 -8.320000000000000000e+02
6.156000000000000000e+03 -7.200000000000000000e+01 5.760000000000000000e+02 -8.320000000000000000e+02
6.196000000000000000e+03 -7.200000000000000000e+01 5.840000000000000000e+02 -8.400000000000000000e+02
6.236000000000000000e+03 -6.400000000000000000e+01 5.840000000000000000e+02 -8.080000000000000000e+02
6.276000000000000000e+03 -5.600000000000000000e+01 5.920000000000000000e+02 -7.840000000000000000e+02
6.316000000000000000e+03 -4.800000000000000000e+01 5.920000000000000000e+02 -8.000000000000000000e+02
6.356000000000000000e+03 -5.600000000000000000e+01 5.760000000000000000e+02 -8.400000000000000000e+02
6.396000000000000000e+03 -4.000000000000000000e+01 5.680000000000000000e+02 -8.240000000000000000e+02
6.436000000000000000e+03 -5.600000000000000000e+01 5.840000000000000000e+02 -7.920000000000000000e+02
6.476000000000000000e+03 -5.600000000000000000e+01 5.920000000000000000e+02 -8.240000000000000000e+02
6.516000000000000000e+03 -5.600000000000000000e+01 5.840000000000000000e+02 -8.480000000000000000e+02
6.556000000000000000e+03 -6.400000000000000000e+01 5.840000000000000000e+02 -8.160000000000000000e+02
6.596000000000000000e+03 -6.400000000000000000e+01 5.920000000000000000e+02 -8.080000000000000000e+02
6.636000000000000000e+03 -6.400000000000000000e+01 5.840000000000000000e+02 -8.160000000000000000e+02
6.676000000000000000e+03 -5.600000000000000000e+01 5.840000000000000000e+02 -8.160000000000000000e+02
6.716000000000000000e+03 -5.600000000000000000e+01 5.760000000000000000e+02 -8.000000000000000000e+02
6.756000000000000000e+03 -5.600000000000000000e+01 5.760000000000000000e+02 -8.320000000000000000e+02
6.796000000000000000e+03 -5.600000000000000000e+01 5.760000000000000000e+02 -8.160000000000000000e+02
6.836000000000000000e+03 -5.600000000000000000e+01 5.840000000000000000e+02 -8.080000000000000000e+02
6.876000000000000000e+03 -5.600000000000000000e+01 5.840000000000000000e+02 -8.160000000000000000e+02
6.916000000000000000e+03 -5.600000000000000000e+01 5.760000000000000000e+02 -8.160000000000000000e+02
6.956000000000000000e+03 -5.600000000000000000e+01 5.840000000000000000e+02 -8.240000000000000000e+02
6.988000000000000000e+03 -5.600000000000000000e+01 5.760000000000000000e+02 -8.240000000000000000e+02
7.028000000000000000e+03 -4.800000000000000000e+01 5.840000000000000000e+02 -8.240000000000000000e+02
7.068000000000000000e+03 -5.600000000000000000e+01 6.000000000000000000e+02 -8.400000000000000000e+02
7.108000000000000000e+03 -5.600000000000000000e+01 5.920000000000000000e+02 -8.240000000000000000e+02
7.148000000000000000e+03 -5.600000000000000000e+01 5.920000000000000000e+02 -8.480000000000000000e+02
7.188000000000000000e+03 -5.600000000000000000e+01 5.920000000000000000e+02 -8.320000000000000000e+02
7.228000000000000000e+03 -6.400000000000000000e+01 5.840000000000000000e+02 -8.240000000000000000e+02
7.268000000000000000e+03 -6.400000000000000000e+01 5.920000000000000000e+02 -8.320000000000000000e+02
7.308000000000000000e+03 -6.400000000000000000e+01 5.760000000000000000e+02 -8.320000000000000000e+02
7.348000000000000000e+03 -6.400000000000000000e+01 5.760000000000000000e+02 -8.320000000000000000e+02
7.388000000000000000e+03 -6.400000000000000000e+01 5.840000000000000000e+02 -8.240000000000000000e+02
7.428000000000000000e+03 -5.600000000000000000e+01 5.840000000000000000e+02 -8.320000000000000000e+02
7.468000000000000000e+03 -4.000000000000000000e+01 5.920000000000000000e+02 -8.240000000000000000e+02
7.508000000000000000e+03 -4.800000000000000000e+01 5.840000000000000000e+02 -8.480000000000000000e+02
7.548000000000000000e+03 -5.600000000000000000e+01 5.920000000000000000e+02 -8.160000000000000000e+02
7.588000000000000000e+03 -6.400000000000000000e+01 5.920000000000000000e+02 -8.320000000000000000e+02
7.628000000000000000e+03 -5.600000000000000000e+01 5.840000000000000000e+02 -8.080000000000000000e+02
7.668000000000000000e+03 -5.600000000000000000e+01 5.920000000000000000e+02 -8.160000000000000000e+02
7.708000000000000000e+03 -6.400000000000000000e+01 5.920000000000000000e+02 -8.240000000000000000e+02
7.748000000000000000e+03 -4.800000000000000000e+01 5.760000000000000000e+02 -8.240000000000000000e+02
7.788000000000000000e+03 -4.000000000000000000e+01 5.920000000000000000e+02 -8.080000000000000000e+02
7.828000000000000000e+03 -5.600000000000000000e+01 5.920000000000000000e+02 -8.240000000000000000e+02
7.868000000000000000e+03 -6.400000000000000000e+01 5.920000000000000000e+02 -8.320000000000000000e+02
7.908000000000000000e+03 -4.800000000000000000e+01 5.920000000000000000e+02 -8.480000000000000000e+02
7.948000000000000000e+03 -5.600000000000000000e+01 6.000000000000000000e+02 -8.320000000000000000e+02
7.980000000000000000e+03 -7.200000000000000000e+01 5.840000000000000000e+02 -8.160000000000000000e+02
8.020000000000000000e+03 -5.600000000000000000e+01 5.920000000000000000e+02 -8.160000000000000000e+02
8.060000000000000000e+03 -5.600000000000000000e+01 6.080000000000000000e+02 -8.160000000000000000e+02
8.100000000000000000e+03 -6.400000000000000000e+01 5.760000000000000000e+02 -8.320000000000000000e+02
8.140000000000000000e+03 -5.600000000000000000e+01 5.920000000000000000e+02 -8.000000000000000000e+02
8.180000000000000000e+03 -9.600000000000000000e+01 6.000000000000000000e+02 -8.240000000000000000e+02
8.220000000000000000e+03 -7.200000000000000000e+01 6.000000000000000000e+02 -8.400000000000000000e+02
8.260000000000000000e+03 -6.400000000000000000e+01 5.920000000000000000e+02 -8.160000000000000000e+02
8.300000000000000000e+03 -6.400000000000000000e+01 5.920000000000000000e+02 -8.320000000000000000e+02
8.340000000000000000e+03 -5.600000000000000000e+01 5.920000000000000000e+02 -8.240000000000000000e+02
8.380000000000000000e+03 -5.600000000000000000e+01 5.920000000000000000e+02 -8.240000000000000000e+02
8.420000000000000000e+03 -6.400000000000000000e+01 5.920000000000000000e+02 -8.240000000000000000e+02
8.460000000000000000e+03 -5.600000000000000000e+01 6.000000000000000000e+02 -8.400000000000000000e+02
8.500000000000000000e+03 -7.200000000000000000e+01 5.920000000000000000e+02 -8.320000000000000000e+02
8.540000000000000000e+03 -6.400000000000000000e+01 5.760000000000000000e+02 -8.240000000000000000e+02
8.580000000000000000e+03 -6.400000000000000000e+01 5.840000000000000000e+02 -8.160000000000000000e+02
8.620000000000000000e+03 -6.400000000000000000e+01 5.760000000000000000e+02 -8.240000000000000000e+02
8.660000000000000000e+03 -5.600000000000000000e+01 5.760000000000000000e+02 -8.000000000000000000e+02
8.700000000000000000e+03 -6.400000000000000000e+01 5.840000000000000000e+02 -8.320000000000000000e+02
8.740000000000000000e+03 -6.400000000000000000e+01 6.000000000000000000e+02 -8.000000000000000000e+02
8.780000000000000000e+03 -4.800000000000000000e+01 5.840000000000000000e+02 -8.160000000000000000e+02
8.820000000000000000e+03 -4.000000000000000000e+01 5.840000000000000000e+02 -8.320000000000000000e+02
8.860000000000000000e+03 -4.800000000000000000e+01 5.920000000000000000e+02 -8.480000000000000000e+02
8.900000000000000000e+03 -4.800000000000000000e+01 5.920000000000000000e+02 -8.240000000000000000e+02
8.940000000000000000e+03 -4.800000000000000000e+01 6.080000000000000000e+02 -8.320000000000000000e+02
8.972000000000000000e+03 -5.600000000000000000e+01 6.080000000000000000e+02 -8.240000000000000000e+02
9.012000000000000000e+03 -6.400000000000000000e+01 6.080000000000000000e+02 -8.240000000000000000e+02
9.052000000000000000e+03 -8.000000000000000000e+01 5.920000000000000000e+02 -8.320000000000000000e+02
9.092000000000000000e+03 -8.800000000000000000e+01 5.920000000000000000e+02 -7.760000000000000000e+02
9.132000000000000000e+03 -7.200000000000000000e+01 6.080000000000000000e+02 -8.400000000000000000e+02
9.172000000000000000e+03 -4.000000000000000000e+01 5.920000000000000000e+02 -8.080000000000000000e+02
9.212000000000000000e+03 -4.800000000000000000e+01 5.920000000000000000e+02 -8.160000000000000000e+02
9.252000000000000000e+03 -5.600000000000000000e+01 5.840000000000000000e+02 -8.000000000000000000e+02
9.292000000000000000e+03 -6.400000000000000000e+01 5.920000000000000000e+02 -8.320000000000000000e+02
9.332000000000000000e+03 -5.600000000000000000e+01 5.920000000000000000e+02 -8.080000000000000000e+02
9.372000000000000000e+03 -5.600000000000000000e+01 5.920000000000000000e+02 -8.320000000000000000e+02
9.412000000000000000e+03 -5.600000000000000000e+01 5.920000000000000000e+02 -8.480000000000000000e+02
9.452000000000000000e+03 -7.200000000000000000e+01 5.840000000000000000e+02 -8.160000000000000000e+02
9.492000000000000000e+03 -6.400000000000000000e+01 5.840000000000000000e+02 -8.000000000000000000e+02
9.532000000000000000e+03 -6.400000000000000000e+01 5.920000000000000000e+02 -8.160000000000000000e+02
9.572000000000000000e+03 -5.600000000000000000e+01 5.920000000000000000e+02 -8.080000000000000000e+02
9.612000000000000000e+03 -5.600000000000000000e+01 5.920000000000000000e+02 -8.160000000000000000e+02
9.652000000000000000e+03 -5.600000000000000000e+01 5.920000000000000000e+02 -8.160000000000000000e+02
9.692000000000000000e+03 -5.600000000000000000e+01 6.000000000000000000e+02 -8.000000000000000000e+02
9.732000000000000000e+03 -5.600000000000000000e+01 6.000000000000000000e+02 -8.480000000000000000e+02
9.772000000000000000e+03 -5.600000000000000000e+01 6.000000000000000000e+02 -8.480000000000000000e+02
9.812000000000000000e+03 -6.400000000000000000e+01 5.920000000000000000e+02 -8.080000000000000000e+02
9.852000000000000000e+03 -6.400000000000000000e+01 6.000000000000000000e+02 -8.160000000000000000e+02
9.892000000000000000e+03 -5.600000000000000000e+01 6.000000000000000000e+02 -8.240000000000000000e+02
9.932000000000000000e+03 -7.200000000000000000e+01 6.000000000000000000e+02 -8.240000000000000000e+02
9.964000000000000000e+03 -6.400000000000000000e+01 6.000000000000000000e+02 -8.240000000000000000e+02
1.000400000000000000e+04 -6.400000000000000000e+01 5.920000000000000000e+02 -8.160000000000000000e+02
1.004400000000000000e+04 -9.600000000000000000e+01 6.000000000000000000e+02 -8.160000000000000000e+02
1.008400000000000000e+04 -8.800000000000000000e+01 5.920000000000000000e+02 -8.080000000000000000e+02
1.012400000000000000e+04 -7.200000000000000000e+01 5.920000000000000000e+02 -8.640000000000000000e+02
1.016400000000000000e+04 -8.000000000000000000e+01 5.920000000000000000e+02 -8.160000000000000000e+02
1.020400000000000000e+04 -4.800000000000000000e+01 5.840000000000000000e+02 -8.000000000000000000e+02
1.024400000000000000e+04 -4.800000000000000000e+01 6.000000000000000000e+02 -8.240000000000000000e+02
1.028400000000000000e+04 -8.000000000000000000e+01 6.000000000000000000e+02 -8.240000000000000000e+02
1.032400000000000000e+04 -6.400000000000000000e+01 5.920000000000000000e+02 -8.240000000000000000e+02
1.036400000000000000e+04 -5.600000000000000000e+01 6.000000000000000000e+02 -8.320000000000000000e+02
1.040400000000000000e+04 -7.200000000000000000e+01 5.920000000000000000e+02 -8.240000000000000000e+02
1.044400000000000000e+04 -6.400000000000000000e+01 5.920000000000000000e+02 -8.320000000000000000e+02
1.048400000000000000e+04 -8.000000000000000000e+01 6.160000000000000000e+02 -8.160000000000000000e+02
1.052400000000000000e+04 -7.200000000000000000e+01 6.160000000000000000e+02 -8.320000000000000000e+02
1.056400000000000000e+04 -6.400000000000000000e+01 6.000000000000000000e+02 -8.560000000000000000e+02
1.060400000000000000e+04 -6.400000000000000000e+01 5.920000000000000000e+02 -8.080000000000000000e+02
1.064400000000000000e+04 -5.600000000000000000e+01 5.920000000000000000e+02 -8.560000000000000000e+02
1.068400000000000000e+04 -7.200000000000000000e+01 5.840000000000000000e+02 -8.400000000000000000e+02
1.072400000000000000e+04 -7.200000000000000000e+01 6.000000000000000000e+02 -8.080000000000000000e+02
1.076400000000000000e+04 -6.400000000000000000e+01 6.000000000000000000e+02 -8.160000000000000000e+02
1.080400000000000000e+04 -6.400000000000000000e+01 5.920000000000000000e+02 -7.920000000000000000e+02
1.084400000000000000e+04 -6.400000000000000000e+01 6.080000000000000000e+02 -7.920000000000000000e+02
1.088400000000000000e+04 -5.600000000000000000e+01 6.080000000000000000e+02 -8.080000000000000000e+02
1.092400000000000000e+04 -5.600000000000000000e+01 6.000000000000000000e+02 -8.160000000000000000e+02
1.095700000000000000e+04 -4.800000000000000000e+01 6.080000000000000000e+02 -8.160000000000000000e+02
1.099700000000000000e+04 -5.600000000000000000e+01 6.160000000000000000e+02 -8.160000000000000000e+02
1.103700000000000000e+04 -4.000000000000000000e+01 6.000000000000000000e+02 -7.440000000000000000e+02
1.107700000000000000e+04 -6.400000000000000000e+01 6.080000000000000000e+02 -7.840000000000000000e+02
1.111700000000000000e+04 -5.600000000000000000e+01 5.920000000000000000e+02 -8.480000000000000000e+02
1.115700000000000000e+04 -8.000000000000000000e+01 5.920000000000000000e+02 -8.240000000000000000e+02
1.119700000000000000e+04 -7.200000000000000000e+01 6.000000000000000000e+02 -8.240000000000000000e+02
1.123700000000000000e+04 -5.600000000000000000e+01 6.160000000000000000e+02 -8.560000000000000000e+02
1.127700000000000000e+04 -5.600000000000000000e+01 6.000000000000000000e+02 -8.160000000000000000e+02
1.131700000000000000e+04 -6.400000000000000000e+01 6.160000000000000000e+02 -7.840000000000000000e+02
1.135700000000000000e+04 -7.200000000000000000e+01 5.600000000000000000e+02 -8.880000000000000000e+02
1.139700000000000000e+04 -8.000000000000000000e+01 4.720000000000000000e+02 -9.440000000000000000e+02
1.143700000000000000e+04 -7.200000000000000000e+01 4.160000000000000000e+02 -9.360000000000000000e+02
1.147700000000000000e+04 -8.000000000000000000e+01 4.400000000000000000e+02 -9.120000000000000000e+02
1.151700000000000000e+04 -6.400000000000000000e+01 4.320000000000000000e+02 -9.040000000000000000e+02
1.155700000000000000e+04 -7.200000000000000000e+01 4.400000000000000000e+02 -9.040000000000000000e+02
1.159700000000000000e+04 -5.600000000000000000e+01 3.840000000000000000e+02 -9.200000000000000000e+02
1.163700000000000000e+04 -4.800000000000000000e+01 3.840000000000000000e+02 -9.680000000000000000e+02
1.167700000000000000e+04 -5.600000000000000000e+01 4.160000000000000000e+02 -9.280000000000000000e+02
1.171700000000000000e+04 -7.200000000000000000e+01 4.320000000000000000e+02 -8.960000000000000000e+02
1.175700000000000000e+04 -6.400000000000000000e+01 4.560000000000000000e+02 -8.960000000000000000e+02
1.179700000000000000e+04 -5.600000000000000000e+01 4.480000000000000000e+02 -8.960000000000000000e+02
1.183700000000000000e+04 -4.800000000000000000e+01 4.720000000000000000e+02 -8.720000000000000000e+02
1.187700000000000000e+04 -6.400000000000000000e+01 4.480000000000000000e+02 -8.880000000000000000e+02
1.191700000000000000e+04 -6.400000000000000000e+01 4.560000000000000000e+02 -9.200000000000000000e+02
1.194900000000000000e+04 -7.200000000000000000e+01 4.640000000000000000e+02 -8.720000000000000000e+02
1.198900000000000000e+04 -7.200000000000000000e+01 4.560000000000000000e+02 -8.720000000000000000e+02
1.202900000000000000e+04 -8.800000000000000000e+01 4.640000000000000000e+02 -9.120000000000000000e+02
1.206900000000000000e+04 -7.200000000000000000e+01 4.560000000000000000e+02 -9.520000000000000000e+02
1.210900000000000000e+04 -8.800000000000000000e+01 5.040000000000000000e+02 -8.800000000000000000e+02
1.214900000000000000e+04 -6.400000000000000000e+01 4.720000000000000000e+02 -9.040000000000000000e+02
1.218900000000000000e+04 -6.400000000000000000e+01 4.720000000000000000e+02 -9.120000000000000000e+02
1.222900000000000000e+04 -7.200000000000000000e+01 4.720000000000000000e+02 -9.200000000000000000e+02
1.226900000000000000e+04 -5.600000000000000000e+01 4.640000000000000000e+02 -9.360000000000000000e+02
1.230900000000000000e+04 -5.600000000000000000e+01 4.640000000000000000e+02 -9.200000000000000000e+02
1.234900000000000000e+04 -6.400000000000000000e+01 4.640000000000000000e+02 -8.960000000000000000e+02
1.238900000000000000e+04 -6.400000000000000000e+01 4.880000000000000000e+02 -8.960000000000000000e+02
1.242900000000000000e+04 -7.200000000000000000e+01 5.040000000000000000e+02 -8.800000000000000000e+02
1.246900000000000000e+04 -8.000000000000000000e+01 5.040000000000000000e+02 -8.960000000000000000e+02
1.250900000000000000e+04 -7.200000000000000000e+01 4.880000000000000000e+02 -8.960000000000000000e+02
1.254900000000000000e+04 -7.200000000000000000e+01 4.800000000000000000e+02 -8.880000000000000000e+02
1.258900000000000000e+04 -6.400000000000000000e+01 4.800000000000000000e+02 -8.560000000000000000e+02
1.262900000000000000e+04 -6.400000000000000000e+01 4.720000000000000000e+02 -9.120000000000000000e+02
1.266900000000000000e+04 -6.400000000000000000e+01 4.880000000000000000e+02 -8.720000000000000000e+02
1.270900000000000000e+04 -4.800000000000000000e+01 4.720000000000000000e+02 -8.960000000000000000e+02
1.274900000000000000e+04 -5.600000000000000000e+01 4.720000000000000000e+02 -9.040000000000000000e+02
1.278900000000000000e+04 -8.000000000000000000e+01 4.960000000000000000e+02 -9.120000000000000000e+02
1.282900000000000000e+04 -6.400000000000000000e+01 5.040000000000000000e+02 -8.960000000000000000e+02
1.286900000000000000e+04 -7.200000000000000000e+01 4.880000000000000000e+02 -8.960000000000000000e+02
1.290900000000000000e+04 -5.600000000000000000e+01 4.880000000000000000e+02 -9.040000000000000000e+02
1.294100000000000000e+04 -8.800000000000000000e+01 4.880000000000000000e+02 -9.040000000000000000e+02
1.298100000000000000e+04 -8.000000000000000000e+01 4.880000000000000000e+02 -8.960000000000000000e+02
1.302100000000000000e+04 -8.000000000000000000e+01 5.120000000000000000e+02 -9.120000000000000000e+02
1.306100000000000000e+04 -6.400000000000000000e+01 4.960000000000000000e+02 -8.720000000000000000e+02
1.310100000000000000e+04 -6.400000000000000000e+01 4.800000000000000000e+02 -9.040000000000000000e+02
1.314100000000000000e+04 -6.400000000000000000e+01 4.880000000000000000e+02 -8.960000000000000000e+02
1.318100000000000000e+04 -8.000000000000000000e+01 4.800000000000000000e+02 -9.200000000000000000e+02
1.322100000000000000e+04 -8.000000000000000000e+01 4.720000000000000000e+02 -8.960000000000000000e+02
1.326100000000000000e+04 -9.600000000000000000e+01 4.720000000000000000e+02 -9.360000000000000000e+02
1.330100000000000000e+04 -8.000000000000000000e+01 4.800000000000000000e+02 -8.960000000000000000e+02
1.334100000000000000e+04 -7.200000000000000000e+01 4.800000000000000000e+02 -8.880000000000000000e+02
1.338100000000000000e+04 -7.200000000000000000e+01 4.880000000000000000e+02 -8.960000000000000000e+02
1.342100000000000000e+04 -6.400000000000000000e+01 4.800000000000000000e+02 -9.600000000000000000e+02
1.346100000000000000e+04 -7.200000000000000000e+01 4.800000000000000000e+02 -8.880000000000000000e+02
1.350100000000000000e+04 -7.200000000000000000e+01 4.880000000000000000e+02 -8.800000000000000000e+02
1.354100000000000000e+04 -7.200000000000000000e+01 5.040000000000000000e+02 -8.960000000000000000e+02
1.358100000000000000e+04 -6.400000000000000000e+01 4.880000000000000000e+02 -9.040000000000000000e+02
1.362100000000000000e+04 -7.200000000000000000e+01 4.880000000000000000e+02 -9.280000000000000000e+02
1.366100000000000000e+04 -5.600000000000000000e+01 4.880000000000000000e+02 -8.880000000000000000e+02
1.370100000000000000e+04 -6.400000000000000000e+01 4.880000000000000000e+02 -9.040000000000000000e+02
1.374100000000000000e+04 -7.200000000000000000e+01 4.880000000000000000e+02 -9.040000000000000000e+02
1.378100000000000000e+04 -7.200000000000000000e+01 4.800000000000000000e+02 -9.040000000000000000e+02
1.382100000000000000e+04 -6.400000000000000000e+01 4.800000000000000000e+02 -8.960000000000000000e+02
1.386100000000000000e+04 -7.200000000000000000e+01 4.960000000000000000e+02 -8.880000000000000000e+02
1.390100000000000000e+04 -8.000000000000000000e+01 4.960000000000000000e+02 -8.640000000000000000e+02
1.393400000000000000e+04 -6.400000000000000000e+01 4.720000000000000000e+02 -9.760000000000000000e+02
1.397400000000000000e+04 -8.000000000000000000e+01 4.720000000000000000e+02 -9.200000000000000000e+02
1.401400000000000000e+04 -7.200000000000000000e+01 4.800000000000000000e+02 -8.720000000000000000e+02
1.405400000000000000e+04 -5.600000000000000000e+01 5.520000000000000000e+02 -8.800000000000000000e+02
1.409400000000000000e+04 -1.040000000000000000e+02 6.480000000000000000e+02 -7.040000000000000000e+02
1.413400000000000000e+04 -1.040000000000000000e+02 7.440000000000000000e+02 -5.920000000000000000e+02
1.417400000000000000e+04 -5.600000000000000000e+01 7.600000000000000000e+02 -6.400000000000000000e+02
1.421400000000000000e+04 -5.600000000000000000e+01 7.760000000000000000e+02 -6.800000000000000000e+02
1.425400000000000000e+04 -4.800000000000000000e+01 7.920000000000000000e+02 -6.160000000000000000e+02
1.429400000000000000e+04 -8.000000000000000000e+01 7.520000000000000000e+02 -6.560000000000000000e+02
1.433400000000000000e+04 -8.000000000000000000e+01 7.680000000000000000e+02 -6.400000000000000000e+02
1.437400000000000000e+04 -6.400000000000000000e+01 7.840000000000000000e+02 -6.080000000000000000e+02
1.441400000000000000e+04 -5.600000000000000000e+01 7.840000000000000000e+02 -6.720000000000000000e+02
1.445400000000000000e+04 -5.600000000000000000e+01 7.680000000000000000e+02 -6.640000000000000000e+02
1.449400000000000000e+04 -4.800000000000000000e+01 7.680000000000000000e+02 -6.400000000000000000e+02
1.453400000000000000e+04 -6.400000000000000000e+01 7.440000000000000000e+02 -6.960000000000000000e+02
1.457400000000000000e+04 -5.600000000000000000e+01 7.760000000000000000e+02 -5.840000000000000000e+02
1.461400000000000000e+04 -7.200000000000000000e+01 7.840000000000000000e+02 -5.760000000000000000e+02
1.465400000000000000e+04 -8.000000000000000000e+01 7.600000000000000000e+02 -6.640000000000000000e+02
1.469400000000000000e+04 -7.200000000000000000e+01 7.520000000000000000e+02 -6.880000000000000000e+02
1.473400000000000000e+04 -6.400000000000000000e+01 7.840000000000000000e+02 -5.680000000000000000e+02
1.477400000000000000e+04 -7.200000000000000000e+01 8.160000000000000000e+02 -6.000000000000000000e+02
1.481400000000000000e+04 -8.000000000000000000e+01 8.000000000000000000e+02 -6.320000000000000000e+02
1.485400000000000000e+04 -7.200000000000000000e+01 7.600000000000000000e+02 -6.640000000000000000e+02
1.489400000000000000e+04 -4.800000000000000000e+01 7.680000000000000000e+02 -6.480000000000000000e+02
1.492600000000000000e+04 -6.400000000000000000e+01 7.760000000000000000e+02 -6.640000000000000000e+02
1.496600000000000000e+04 -6.400000000000000000e+01 7.680000000000000000e+02 -6.160000000000000000e+02
1.500600000000000000e+04 -6.400000000000000000e+01 7.680000000000000000e+02 -6.080000000000000000e+02
1.504600000000000000e+04 -7.200000000000000000e+01 7.680000000000000000e+02 -6.400000000000000000e+02
1.508600000000000000e+04 -8.000000000000000000e+01 7.600000000000000000e+02 -6.240000000000000000e+02
1.512600000000000000e+04 -8.800000000000000000e+01 7.760000000000000000e+02 -6.480000000000000000e+02
1.516600000000000000e+04 -8.000000000000000000e+01 7.760000000000000000e+02 -6.400000000000000000e+02
1.520600000000000000e+04 -6.400000000000000000e+01 7.680000000000000000e+02 -6.960000000000000000e+02
1.524600000000000000e+04 -7.200000000000000000e+01 7.520000000000000000e+02 -6.560000000000000000e+02
1.528600000000000000e+04 -8.800000000000000000e+01 7.760000000000000000e+02 -6.480000000000000000e+02
1.532600000000000000e+04 -8.800000000000000000e+01 7.760000000000000000e+02 -6.000000000000000000e+02
1.536600000000000000e+04 -1.040000000000000000e+02 7.840000000000000000e+02 -6.400000000000000000e+02
1.540600000000000000e+04 -9.600000000000000000e+01 7.680000000000000000e+02 -6.320000000000000000e+02
1.544600000000000000e+04 -8.800000000000000000e+01 7.600000000000000000e+02 -6.800000000000000000e+02
1.548600000000000000e+04 -9.600000000000000000e+01 7.440000000000000000e+02 -5.760000000000000000e+02
1.552600000000000000e+04 -6.400000000000000000e+01 7.520000000000000000e+02 -6.720000000000000000e+02
1.556600000000000000e+04 -7.200000000000000000e+01 7.520000000000000000e+02 -6.560000000000000000e+02
1.560600000000000000e+04 -8.000000000000000000e+01 7.520000000000000000e+02 -6.720000000000000000e+02
1.564600000000000000e+04 -8.800000000000000000e+01 7.440000000000000000e+02 -6.800000000000000000e+02
1.568600000000000000e+04 -9.600000000000000000e+01 7.440000000000000000e+02 -6.960000000000000000e+02
1.572600000000000000e+04 -8.800000000000000000e+01 7.280000000000000000e+02 -7.200000000000000000e+02
1.576600000000000000e+04 -8.000000000000000000e+01 7.280000000000000000e+02 -6.880000000000000000e+02
1.580600000000000000e+04 -8.000000000000000000e+01 7.360000000000000000e+02 -6.720000000000000000e+02
1.584600000000000000e+04 -8.000000000000000000e+01 7.520000000000000000e+02 -6.720000000000000000e+02
1.588600000000000000e+04 -7.200000000000000000e+01 7.360000000000000000e+02 -6.640000000000000000e+02
1.591900000000000000e+04 -8.000000000000000000e+01 7.440000000000000000e+02 -6.800000000000000000e+02
1.595900000000000000e+04 -8.800000000000000000e+01 7.360000000000000000e+02 -6.880000000000000000e+02
1.599900000000000000e+04 -9.600000000000000000e+01 7.200000000000000000e+02 -6.880000000000000000e+02
1.603900000000000000e+04 -7.200000000000000000e+01 7.280000000000000000e+02 -6.560000000000000000e+02
1.607900000000000000e+04 -8.000000000000000000e+01 7.360000000000000000e+02 -6.720000000000000000e+02
1.611900000000000000e+04 -8.800000000000000000e+01 7.440000000000000000e+02 -6.560000000000000000e+02
1.615900000000000000e+04 -9.600000000000000000e+01 7.280000000000000000e+02 -6.880000000000000000e+02
1.619900000000000000e+04 -8.800000000000000000e+01 7.200000000000000000e+02 -6.720000000000000000e+02
1.623900000000000000e+04 -8.000000000000000000e+01 7.280000000000000000e+02 -6.880000000000000000e+02
1.627900000000000000e+04 -8.800000000000000000e+01 7.360000000000000000e+02 -6.720000000000000000e+02
1.631900000000000000e+04 -9.600000000000000000e+01 7.200000000000000000e+02 -6.560000000000000000e+02
1.635900000000000000e+04 -9.600000000000000000e+01 7.280000000000000000e+02 -6.720000000000000000e+02
1.639900000000000000e+04 -8.800000000000000000e+01 7.440000000000000000e+02 -6.880000000000000000e+02
1.643900000000000000e+04 -8.800000000000000000e+01 7.440000000000000000e+02 -7.120000000000000000e+02
1.647900000000000000e+04 -8.800000000000000000e+01 7.440000000000000000e+02 -6.720000000000000000e+02
1.651900000000000000e+04 -8.000000000000000000e+01 7.440000000000000000e+02 -6.240000000000000000e+02
1.655900000000000000e+04 -8.000000000000000000e+01 7.360000000000000000e+02 -6.720000000000000000e+02
1.659900000000000000e+04 -7.200000000000000000e+01 7.360000000000000000e+02 -6.800000000000000000e+02
1.663900000000000000e+04 -8.000000000000000000e+01 7.360000000000000000e+02 -6.720000000000000000e+02
1.667900000000000000e+04 -7.200000000000000000e+01 7.440000000000000000e+02 -6.880000000000000000e+02
1.671900000000000000e+04 -8.000000000000000000e+01 7.440000000000000000e+02 -6.960000000000000000e+02
1.675900000000000000e+04 -8.800000000000000000e+01 7.360000000000000000e+02 -6.960000000000000000e+02
1.679900000000000000e+04 -8.800000000000000000e+01 7.440000000000000000e+02 -6.880000000000000000e+02
1.683900000000000000e+04 -8.800000000000000000e+01 7.360000000000000000e+02 -6.720000000000000000e+02
1.687900000000000000e+04 -8.000000000000000000e+01 7.360000000000000000e+02 -6.880000000000000000e+02
1.691100000000000000e+04 -8.000000000000000000e+01 7.360000000000000000e+02 -6.960000000000000000e+02
1.695100000000000000e+04 -8.000000000000000000e+01 7.360000000000000000e+02 -6.800000000000000000e+02
1.699100000000000000e+04 -6.400000000000000000e+01 7.440000000000000000e+02 -7.200000000000000000e+02
1.703100000000000000e+04 -7.200000000000000000e+01 7.440000000000000000e+02 -6.720000000000000000e+02
1.707100000000000000e+04 -1.040000000000000000e+02 7.440000000000000000e+02 -6.880000000000000000e+02
1.711100000000000000e+04 -9.600000000000000000e+01 7.360000000000000000e+02 -7.200000000000000000e+02
1.715100000000000000e+04 -9.600000000000000000e+01 7.440000000000000000e+02 -6.720000000000000000e+02
1.719100000000000000e+04 -8.800000000000000000e+01 7.520000000000000000e+02 -6.880000000000000000e+02
1.723100000000000000e+04 -9.600000000000000000e+01 7.440000000000000000e+02 -7.040000000000000000e+02
1.727100000000000000e+04 -7.200000000000000000e+01 7.440000000000000000e+02 -6.560000000000000000e+02
1.731100000000000000e+04 -8.000000000000000000e+01 7.520000000000000000e+02 -6.720000000000000000e+02
1.735100000000000000e+04 -8.000000000000000000e+01 7.440000000000000000e+02 -6.960000000000000000e+02
1.739100000000000000e+04 -8.800000000000000000e+01 7.360000000000000000e+02 -6.560000000000000000e+02
1.743100000000000000e+04 -7.200000000000000000e+01 7.280000000000000000e+02 -6.640000000000000000e+02
1.747100000000000000e+04 -8.000000000000000000e+01 7.280000000000000000e+02 -6.800000000000000000e+02
1.751100000000000000e+04 -8.800000000000000000e+01 7.360000000000000000e+02 -6.800000000000000000e+02
1.755100000000000000e+04 -8.800000000000000000e+01 7.520000000000000000e+02 -6.800000000000000000e+02
1.759100000000000000e+04 -8.800000000000000000e+01 7.520000000000000000e+02 -6.720000000000000000e+02
1.763100000000000000e+04 -8.000000000000000000e+01 7.440000000000000000e+02 -7.120000000000000000e+02
1.767100000000000000e+04 -8.800000000000000000e+01 7.440000000000000000e+02 -6.800000000000000000e+02
1.771100000000000000e+04 -8.800000000000000000e+01 7.440000000000000000e+02 -6.880000000000000000e+02
1.775100000000000000e+04 -8.000000000000000000e+01 7.520000000000000000e+02 -6.400000000000000000e+02
1.779100000000000000e+04 -8.000000000000000000e+01 7.440000000000000000e+02 -6.800000000000000000e+02
1.783100000000000000e+04 -8.000000000000000000e+01 7.440000000000000000e+02 -6.960000000000000000e+02
1.787100000000000000e+04 -8.800000000000000000e+01 7.280000000000000000e+02 -6.720000000000000000e+02
1.790300000000000000e+04 -8.800000000000000000e+01 7.280000000000000000e+02 -7.200000000000000000e+02
1.794300000000000000e+04 -8.000000000000000000e+01 7.680000000000000000e+02 -7.200000000000000000e+02
1.798300000000000000e+04 -8.800000000000000000e+01 7.440000000000000000e+02 -7.200000000000000000e+02
1.802300000000000000e+04 -8.800000000000000000e+01 7.200000000000000000e+02 -7.200000000000000000e+02
1.806300000000000000e+04 -1.040000000000000000e+02 7.040000000000000000e+02 -7.280000000000000000e+02
1.810300000000000000e+04 -1.200000000000000000e+02 7.120000000000000000e+02 -7.680000000000000000e+02
1.814300000000000000e+04 -1.120000000000000000e+02 7.120000000000000000e+02 -6.880000000000000000e+02
1.818300000000000000e+04 -1.120000000000000000e+02 7.040000000000000000e+02 -6.880000000000000000e+02
1.822300000000000000e+04 -1.040000000000000000e+02 7.200000000000000000e+02 -6.960000000000000000e+02
1.826300000000000000e+04 -1.040000000000000000e+02 7.120000000000000000e+02 -6.800000000000000000e+02
1.830300000000000000e+04 -1.040000000000000000e+02 7.040000000000000000e+02 -7.120000000000000000e+02
1.834300000000000000e+04 -1.040000000000000000e+02 7.040000000000000000e+02 -6.960000000000000000e+02
1.838300000000000000e+04 -9.600000000000000000e+01 7.200000000000000000e+02 -7.280000000000000000e+02
1.842300000000000000e+04 -9.600000000000000000e+01 6.880000000000000000e+02 -7.280000000000000000e+02
1.846300000000000000e+04 -9.600000000000000000e+01 6.720000000000000000e+02 -7.520000000000000000e+02
1.850300000000000000e+04 -1.120000000000000000e+02 6.720000000000000000e+02 -7.600000000000000000e+02
1.854300000000000000e+04 -8.800000000000000000e+01 6.800000000000000000e+02 -7.120000000000000000e+02
1.858300000000000000e+04 -8.800000000000000000e+01 6.720000000000000000e+02 -7.200000000000000000e+02
1.862300000000000000e+04 -9.600000000000000000e+01 6.720000000000000000e+02 -7.360000000000000000e+02
1.866300000000000000e+04 -9.600000000000000000e+01 6.640000000000000000e+02 -7.600000000000000000e+02
1.870300000000000000e+04 -8.800000000000000000e+01 6.720000000000000000e+02 -7.360000000000000000e+02
1.874300000000000000e+04 -9.600000000000000000e+01 6.720000000000000000e+02 -7.360000000000000000e+02
1.878300000000000000e+04 -9.600000000000000000e+01 6.880000000000000000e+02 -7.280000000000000000e+02
1.882300000000000000e+04 -9.600000000000000000e+01 6.800000000000000000e+02 -7.280000000000000000e+02
1.886300000000000000e+04 -9.600000000000000000e+01 6.960000000000000000e+02 -7.440000000000000000e+02
1.889500000000000000e+04 -8.800000000000000000e+01 6.960000000000000000e+02 -7.280000000000000000e+02
1.893500000000000000e+04 -8.800000000000000000e+01 6.880000000000000000e+02 -7.280000000000000000e+02
1.897500000000000000e+04 -8.800000000000000000e+01 7.040000000000000000e+02 -7.360000000000000000e+02
1.901500000000000000e+04 -8.000000000000000000e+01 6.880000000000000000e+02 -7.600000000000000000e+02
1.905500000000000000e+04 -8.000000000000000000e+01 6.960000000000000000e+02 -7.280000000000000000e+02
1.909500000000000000e+04 -8.800000000000000000e+01 6.880000000000000000e+02 -7.360000000000000000e+02
1.913500000000000000e+04 -9.600000000000000000e+01 6.800000000000000000e+02 -7.200000000000000000e+02
1.917500000000000000e+04 -8.800000000000000000e+01 6.800000000000000000e+02 -7.440000000000000000e+02
1.921500000000000000e+04 -9.600000000000000000e+01 6.720000000000000000e+02 -7.520000000000000000e+02
1.925500000000000000e+04 -9.600000000000000000e+01 6.720000000000000000e+02 -7.440000000000000000e+02
1.929500000000000000e+04 -8.800000000000000000e+01 6.720000000000000000e+02 -7.280000000000000000e+02
1.933500000000000000e+04 -8.800000000000000000e+01 6.640000000000000000e+02 -7.440000000000000000e+02
1.937500000000000000e+04 -9.600000000000000000e+01 6.640000000000000000e+02 -7.600000000000000000e+02
1.941500000000000000e+04 -8.800000000000000000e+01 6.720000000000000000e+02 -7.840000000000000000e+02
1.945500000000000000e+04 -8.800000000000000000e+01 6.800000000000000000e+02 -7.360000000000000000e+02
1.949500000000000000e+04 -1.120000000000000000e+02 6.800000000000000000e+02 -7.920000000000000000e+02
1.953500000000000000e+04 -1.040000000000000000e+02 6.560000000000000000e+02 -7.680000000000000000e+02
1.957500000000000000e+04 -9.600000000000000000e+01 6.480000000000000000e+02 -7.760000000000000000e+02
1.961500000000000000e+04 -9.600000000000000000e+01 6.480000000000000000e+02 -7.680000000000000000e+02
1.965500000000000000e+04 -9.600000000000000000e+01 6.560000000000000000e+02 -7.600000000000000000e+02
1.969500000000000000e+04 -8.800000000000000000e+01 6.640000000000000000e+02 -7.760000000000000000e+02
1.973500000000000000e+04 -8.800000000000000000e+01 6.640000000000000000e+02 -7.760000000000000000e+02
1.977500000000000000e+04 -6.400000000000000000e+01 6.720000000000000000e+02 -7.680000000000000000e+02
1.981500000000000000e+04 -8.800000000000000000e+01 6.720000000000000000e+02 -8.160000000000000000e+02
1.985500000000000000e+04 -7.200000000000000000e+01 6.640000000000000000e+02 -7.520000000000000000e+02
