9.300000000000000000e+01 2.400000000000000000e+01 -3.200000000000000000e+01 -1.024000000000000000e+03
1.330000000000000000e+02 1.600000000000000000e+01 -3.200000000000000000e+01 -1.024000000000000000e+03
1.730000000000000000e+02 2.400000000000000000e+01 -2.400000000000000000e+01 -1.008000000000000000e+03
2.130000000000000000e+02 2.400000000000000000e+01 -2.400000000000000000e+01 -1.040000000000000000e+03
2.530000000000000000e+02 1.600000000000000000e+01 -1.600000000000000000e+01 -1.048000000000000000e+03
2.930000000000000000e+02 1.600000000000000000e+01 -2.400000000000000000e+01 -1.040000000000000000e+03
3.330000000000000000e+02 1.600000000000000000e+01 -1.600000000000000000e+01 -1.024000000000000000e+03
3.730000000000000000e+02 1.600000000000000000e+01 -2.400000000000000000e+01 -1.032000000000000000e+03
4.130000000000000000e+02 8.000000000000000000e+00 -2.400000000000000000e+01 -1.032000000000000000e+03
4.530000000000000000e+02 1.600000000000000000e+01 -2.400000000000000000e+01 -1.040000000000000000e+03
4.930000000000000000e+02 8.000000000000000000e+00 -2.400000000000000000e+01 -1.032000000000000000e+03
5.330000000000000000e+02 8.000000000000000000e+00 -2.400000000000000000e+01 -1.040000000000000000e+03
5.730000000000000000e+02 1.600000000000000000e+01 -2.400000000000000000e+01 -1.040000000000000000e+03
6.130000000000000000e+02 1.600000000000000000e+01 -2.400000000000000000e+01 -1.024000000000000000e+03
6.530000000000000000e+02 1.600000000000000000e+01 -1.600000000000000000e+01 -1.032000000000000000e+03
6.930000000000000000e+02 2.400000000000000000e+01 -1.600000000000000000e+01 -1.024000000000000000e+03
7.330000000000000000e+02 2.400000000000000000e+01 -2.400000000000000000e+01 -1.016000000000000000e+03
7.730000000000000000e+02 1.600000000000000000e+01 -3.200000000000000000e+01 -1.032000000000000000e+03
8.130000000000000000e+02 1.600000000000000000e+01 -2.400000000000000000e+01 -1.040000000000000000e+03
8.530000000000000000e+02 1.600000000000000000e+01 -3.200000000000000000e+01 -1.032000000000000000e+03
8.930000000000000000e+02 1.600000000000000000e+01 -2.400000000000000000e+01 -1.040000000000000000e+03
9.330000000000000000e+02 2.400000000000000000e+01 -2.400000000000000000e+01 -1.040000000000000000e+03
9.730000000000000000e+02 2.400000000000000000e+01 -3.200000000000000000e+01 -1.040000000000000000e+03
1.013000000000000000e+03 1.600000000000000000e+01 -2.400000000000000000e+01 -1.048000000000000000e+03
1.053000000000000000e+03 1.600000000000000000e+01 -2.400000000000000000e+01 -1.040000000000000000e+03
1.086000000000000000e+03 2.400000000000000000e+01 -1.600000000000000000e+01 -1.024000000000000000e+03
1.126000000000000000e+03 2.400000000000000000e+01 -1.600000000000000000e+01 -1.024000000000000000e+03
1.166000000000000000e+03 1.600000000000000000e+01 -2.400000000000000000e+01 -1.008000000000000000e+03
1.206000000000000000e+03 1.600000000000000000e+01 -2.400000000000000000e+01 -1.040000000000000000e+03
1.246000000000000000e+03 1.600000000000000000e+01 -3.200000000000000000e+01 -1.016000000000000000e+03
1.286000000000000000e+03 8.000000000000000000e+00 -2.400000000000000000e+01 -1.032000000000000000e+03
1.326000000000000000e+03 1.600000000000000000e+01 -2.400000000000000000e+01 -1.024000000000000000e+03
1.366000000000000000e+03 1.600000000000000000e+01 -4.000000000000000000e+01 -1.000000000000000000e+03
1.406000000000000000e+03 8.000000000000000000e+00 -4.000000000000000000e+01 -1.016000000000000000e+03
1.446000000000000000e+03 1.600000000000000000e+01 -3.200000000000000000e+01 -1.040000000000000000e+03
1.486000000000000000e+03 2.400000000000000000e+01 -1.600000000000000000e+01 -1.016000000000000000e+03
1.526000000000000000e+03 1.600000000000000000e+01 -8.000000000000000000e+00 -1.032000000000000000e+03
1.566000000000000000e+03 8.000000000000000000e+00 -1.600000000000000000e+01 -1.032000000000000000e+03
1.606000000000000000e+03 1.600000000000000000e+01 -2.400000000000000000e+01 -9.680000000000000000e+02
1.646000000000000000e+03 1.600000000000000000e+01 -4.000000000000000000e+01 -1.040000000000000000e+03
1.686000000000000000e+03 1.600000000000000000e+01 -4.000000000000000000e+01 -1.048000000000000000e+03
1.726000000000000000e+03 2.400000000000000000e+01 -4.800000000000000000e+01 -1.048000000000000000e+03
1.766000000000000000e+03 2.400000000000000000e+01 -4.000000000000000000e+01 -1.032000000000000000e+03
1.806000000000000000e+03 2.400000000000000000e+01 -4.000000000000000000e+01 -1.032000000000000000e+03
1.846000000000000000e+03 4.000000000000000000e+01 -2.400000000000000000e+01 -1.024000000000000000e+03
1.886000000000000000e+03 3.200000000000000000e+01 -2.400000000000000000e+01 -1.040000000000000000e+03
1.926000000000000000e+03 2.400000000000000000e+01 -3.200000000000000000e+01 -1.016000000000000000e+03
1.966000000000000000e+03 8.000000000000000000e+00 -2.400000000000000000e+01 -1.040000000000000000e+03
2.006000000000000000e+03 1.600000000000000000e+01 -2.400000000000000000e+01 -1.080000000000000000e+03
2.046000000000000000e+03 1.600000000000000000e+01 -2.400000000000000000e+01 -1.040000000000000000e+03
2.077000000000000000e+03 1.600000000000000000e+01 -2.400000000000000000e+01 -1.008000000000000000e+03
2.117000000000000000e+03 1.600000000000000000e+01 -2.400000000000000000e+01 -1.032000000000000000e+03
2.157000000000000000e+03 1.600000000000000000e+01 -2.400000000000000000e+01 -1.056000000000000000e+03
2.197000000000000000e+03 2.400000000000000000e+01 -2.400000000000000000e+01 -1.048000000000000000e+03
2.237000000000000000e+03 1.600000000000000000e+01 -2.400000000000000000e+01 -1.040000000000000000e+03
2.277000000000000000e+03 1.600000000000000000e+01 -2.400000000000000000e+01 -1.048000000000000000e+03
2.317000000000000000e+03 2.400000000000000000e+01 -1.600000000000000000e+01 -1.016000000000000000e+03
2.357000000000000000e+03 1.600000000000000000e+01 -2.400000000000000000e+01 -1.040000000000000000e+03
2.397000000000000000e+03 1.600000000000000000e+01 -2.400000000000000000e+01 -1.024000000000000000e+03
2.437000000000000000e+03 1.600000000000000000e+01 -2.400000000000000000e+01 -1.024000000000000000e+03
2.477000000000000000e+03 1.600000000000000000e+01 -1.600000000000000000e+01 -1.024000000000000000e+03
2.517000000000000000e+03 1.600000000000000000e+01 -1.600000000000000000e+01 -1.040000000000000000e+03
2.557000000000000000e+03 1.600000000000000000e+01 -2.400000000000000000e+01 -1.040000000000000000e+03
2.597000000000000000e+03 2.400000000000000000e+01 -8.000000000000000000e+00 -1.024000000000000000e+03
2.637000000000000000e+03 2.400000000000000000e+01 -1.600000000000000000e+01 -1.040000000000000000e+03
2.677000000000000000e+03 2.400000000000000000e+01 -3.200000000000000000e+01 -1.016000000000000000e+03
2.717000000000000000e+03 2.400000000000000000e+01 -2.400000000000000000e+01 -1.032000000000000000e+03
2.757000000000000000e+03 8.000000000000000000e+00 -2.400000000000000000e+01 -1.040000000000000000e+03
2.797000000000000000e+03 8.000000000000000000e+00 -2.400000000000000000e+01 -1.016000000000000000e+03
2.837000000000000000e+03 8.000000000000000000e+00 -2.400000000000000000e+01 -1.024000000000000000e+03
2.877000000000000000e+03 1.600000000000000000e+01 -2.400000000000000000e+01 -1.032000000000000000e+03
2.917000000000000000e+03 1.600000000000000000e+01 -3.200000000000000000e+01 -1.040000000000000000e+03
2.957000000000000000e+03 1.600000000000000000e+01 -3.200000000000000000e+01 -1.040000000000000000e+03
2.997000000000000000e+03 3.200000000000000000e+01 -2.400000000000000000e+01 -1.040000000000000000e+03
3.037000000000000000e+03 2.400000000000000000e+01 -2.400000000000000000e+01 -1.024000000000000000e+03
3.069000000000000000e+03 2.400000000000000000e+01 -3.200000000000000000e+01 -1.040000000000000000e+03
3.109000000000000000e+03 3.200000000000000000e+01 -2.400000000000000000e+01 -1.024000000000000000e+03
3.149000000000000000e+03 4.800000000000000000e+01 -2.400000000000000000e+01 -1.032000000000000000e+03
3.189000000000000000e+03 2.400000000000000000e+01 -2.400000000000000000e+01 -1.032000000000000000e+03
3.229000000000000000e+03 2.400000000000000000e+01 -4.000000000000000000e+01 -1.032000000000000000e+03
3.269000000000000000e+03 2.400000000000000000e+01 -3.200000000000000000e+01 -1.024000000000000000e+03
3.309000000000000000e+03 1.600000000000000000e+01 -3.200000000000000000e+01 -1.016000000000000000e+03
3.349000000000000000e+03 1.600000000000000000e+01 -2.400000000000000000e+01 -1.040000000000000000e+03
3.389000000000000000e+03 2.400000000000000000e+01 -3.200000000000000000e+01 -1.024000000000000000e+03
3.429000000000000000e+03 2.400000000000000000e+01 -2.400000000000000000e+01 -1.048000000000000000e+03
3.469000000000000000e+03 1.600000000000000000e+01 -2.400000000000000000e+01 -1.024000000000000000e+03
3.509000000000000000e+03 1.600000000000000000e+01 -8.000000000000000000e+00 -1.024000000000000000e+03
3.549000000000000000e+03 1.600000000000000000e+01 -2.400000000000000000e+01 -1.024000000000000000e+03
3.589000000000000000e+03 8.000000000000000000e+00 -2.400000000000000000e+01 -1.040000000000000000e+03
3.629000000000000000e+03 1.600000000000000000e+01 -2.400000000000000000e+01 -1.016000000000000000e+03
3.669000000000000000e+03 1.600000000000000000e+01 -2.400000000000000000e+01 -1.008000000000000000e+03
3.709000000000000000e+03 2.400000000000000000e+01 -2.400000000000000000e+01 -1.024000000000000000e+03
3.749000000000000000e+03 2.400000000000000000e+01 -1.600000000000000000e+01 -1.024000000000000000e+03
3.789000000000000000e+03 8.000000000000000000e+00 -1.600000000000000000e+01 -1.040000000000000000e+03
3.829000000000000000e+03 1.600000000000000000e+01 -8.000000000000000000e+00 -1.032000000000000000e+03
3.869000000000000000e+03 1.600000000000000000e+01 -2.400000000000000000e+01 -1.024000000000000000e+03
3.909000000000000000e+03 1.600000000000000000e+01 -3.200000000000000000e+01 -1.016000000000000000e+03
3.949000000000000000e+03 1.600000000000000000e+01 -1.600000000000000000e+01 -1.032000000000000000e+03
3.989000000000000000e+03 1.600000000000000000e+01 -1.600000000000000000e+01 -1.048000000000000000e+03
4.029000000000000000e+03 2.400000000000000000e+01 -1.600000000000000000e+01 -1.032000000000000000e+03
4.061000000000000000e+03 1.600000000000000000e+01 -2.400000000000000000e+01 -1.016000000000000000e+03
4.101000000000000000e+03 3.200000000000000000e+01 -1.600000000000000000e+01 -1.024000000000000000e+03
4.141000000000000000e+03 2.400000000000000000e+01 0.000000000000000000e+00 -1.024000000000000000e+03
4.181000000000000000e+03 2.400000000000000000e+01 -1.600000000000000000e+01 -1.064000000000000000e+03
4.221000000000000000e+03 2.400000000000000000e+01 -2.400000000000000000e+01 -1.032000000000000000e+03
4.261000000000000000e+03 1.600000000000000000e+01 -2.400000000000000000e+01 -1.024000000000000000e+03
4.301000000000000000e+03 4.000000000000000000e+01 -3.200000000000000000e+01 -1.040000000000000000e+03
4.341000000000000000e+03 3.200000000000000000e+01 -3.200000000000000000e+01 -1.032000000000000000e+03
4.381000000000000000e+03 1.600000000000000000e+01 -2.400000000000000000e+01 -1.056000000000000000e+03
4.421000000000000000e+03 2.400000000000000000e+01 -3.200000000000000000e+01 -1.072000000000000000e+03
4.461000000000000000e+03 2.400000000000000000e+01 -3.200000000000000000e+01 -1.040000000000000000e+03
4.501000000000000000e+03 1.600000000000000000e+01 -3.200000000000000000e+01 -1.040000000000000000e+03
4.541000000000000000e+03 1.600000000000000000e+01 -4.800000000000000000e+01 -1.032000000000000000e+03
4.581000000000000000e+03 1.600000000000000000e+01 -1.600000000000000000e+01 -1.040000000000000000e+03
4.621000000000000000e+03 1.600000000000000000e+01 -2.400000000000000000e+01 -1.048000000000000000e+03
4.661000000000000000e+03 2.400000000000000000e+01 -2.400000000000000000e+01 -1.032000000000000000e+03
4.701000000000000000e+03 1.600000000000000000e+01 -2.400000000000000000e+01 -1.032000000000000000e+03
4.741000000000000000e+03 1.600000000000000000e+01 -2.400000000000000000e+01 -1.040000000000000000e+03
4.781000000000000000e+03 1.600000000000000000e+01 -1.600000000000000000e+01 -1.032000000000000000e+03
4.821000000000000000e+03 8.000000000000000000e+00 -1.600000000000000000e+01 -1.032000000000000000e+03
4.861000000000000000e+03 1.600000000000000000e+01 -2.400000000000000000e+01 -1.032000000000000000e+03
4.901000000000000000e+03 1.600000000000000000e+01 -2.400000000000000000e+01 -1.048000000000000000e+03
4.941000000000000000e+03 2.400000000000000000e+01 -8.000000000000000000e+00 -1.016000000000000000e+03
4.981000000000000000e+03 8.000000000000000000e+00 -2.400000000000000000e+01 -1.040000000000000000e+03
5.021000000000000000e+03 0.000000000000000000e+00 -3.200000000000000000e+01 -1.024000000000000000e+03
5.052000000000000000e+03 8.000000000000000000e+00 -3.200000000000000000e+01 -1.040000000000000000e+03
5.092000000000000000e+03 0.000000000000000000e+00 -2.400000000000000000e+01 -1.064000000000000000e+03
5.132000000000000000e+03 8.000000000000000000e+00 -2.400000000000000000e+01 -1.024000000000000000e+03
5.172000000000000000e+03 8.000000000000000000e+00 -8.000000000000000000e+00 -1.040000000000000000e+03
5.212000000000000000e+03 0.000000000000000000e+00 -1.600000000000000000e+01 -1.048000000000000000e+03
5.252000000000000000e+03 8.000000000000000000e+00 -1.600000000000000000e+01 -1.032000000000000000e+03
5.292000000000000000e+03 8.000000000000000000e+00 -1.600000000000000000e+01 -1.032000000000000000e+03
5.332000000000000000e+03 2.400000000000000000e+01 -3.200000000000000000e+01 -1.024000000000000000e+03
5.372000000000000000e+03 2.400000000000000000e+01 -3.200000000000000000e+01 -1.040000000000000000e+03
5.412000000000000000e+03 1.600000000000000000e+01 -2.400000000000000000e+01 -1.024000000000000000e+03
5.452000000000000000e+03 1.600000000000000000e+01 -2.400000000000000000e+01 -1.032000000000000000e+03
5.492000000000000000e+03 1.600000000000000000e+01 -3.200000000000000000e+01 -1.072000000000000000e+03
5.532000000000000000e+03 2.400000000000000000e+01 -3.200000000000000000e+01 -1.024000000000000000e+03
5.572000000000000000e+03 3.200000000000000000e+01 -2.400000000000000000e+01 -1.024000000000000000e+03
5.612000000000000000e+03 3.200000000000000000e+01 -1.600000000000000000e+01 -1.032000000000000000e+03
5.652000000000000000e+03 4.000000000000000000e+01 -1.600000000000000000e+01 -1.024000000000000000e+03
5.692000000000000000e+03 8.000000000000000000e+00 -8.000000000000000000e+00 -1.064000000000000000e+03
5.732000000000000000e+03 1.600000000000000000e+01 -8.000000000000000000e+00 -1.064000000000000000e+03
5.772000000000000000e+03 2.400000000000000000e+01 0.000000000000000000e+00 -1.064000000000000000e+03
5.812000000000000000e+03 1.600000000000000000e+01 -1.600000000000000000e+01 -1.040000000000000000e+03
5.852000000000000000e+03 1.600000000000000000e+01 -2.400000000000000000e+01 -1.032000000000000000e+03
5.892000000000000000e+03 1.600000000000000000e+01 -8.000000000000000000e+00 -1.024000000000000000e+03
5.932000000000000000e+03 2.400000000000000000e+01 -1.600000000000000000e+01 -1.032000000000000000e+03
5.972000000000000000e+03 2.400000000000000000e+01 -1.600000000000000000e+01 -1.024000000000000000e+03
6.012000000000000000e+03 2.400000000000000000e+01 -2.400000000000000000e+01 -1.032000000000000000e+03
6.045000000000000000e+03 1.600000000000000000e+01 -1.600000000000000000e+01 -1.016000000000000000e+03
6.085000000000000000e+03 1.600000000000000000e+01 -3.200000000000000000e+01 -1.040000000000000000e+03
6.125000000000000000e+03 1.600000000000000000e+01 -3.200000000000000000e+01 -1.024000000000000000e+03
6.165000000000000000e+03 1.600000000000000000e+01 -3.200000000000000000e+01 -1.032000000000000000e+03
6.205000000000000000e+03 1.600000000000000000e+01 -2.400000000000000000e+01 -1.032000000000000000e+03
6.245000000000000000e+03 2.400000000000000000e+01 -2.400000000000000000e+01 -1.048000000000000000e+03
6.285000000000000000e+03 2.400000000000000000e+01 -2.400000000000000000e+01 -1.040000000000000000e+03
6.325000000000000000e+03 2.400000000000000000e+01 -2.400000000000000000e+01 -1.024000000000000000e+03
6.365000000000000000e+03 1.600000000000000000e+01 -2.400000000000000000e+01 -1.040000000000000000e+03
6.405000000000000000e+03 1.600000000000000000e+01 -2.400000000000000000e+01 -1.024000000000000000e+03
6.445000000000000000e+03 3.200000000000000000e+01 -2.400000000000000000e+01 -1.040000000000000000e+03
6.485000000000000000e+03 1.600000000000000000e+01 -2.400000000000000000e+01 -1.040000000000000000e+03
6.525000000000000000e+03 1.600000000000000000e+01 -2.400000000000000000e+01 -1.024000000000000000e+03
6.565000000000000000e+03 1.600000000000000000e+01 -2.400000000000000000e+01 -1.040000000000000000e+03
6.605000000000000000e+03 8.000000000000000000e+00 -2.400000000000000000e+01 -1.024000000000000000e+03
6.645000000000000000e+03 8.000000000000000000e+00 -2.400000000000000000e+01 -1.032000000000000000e+03
6.685000000000000000e+03 1.600000000000000000e+01 -2.400000000000000000e+01 -1.032000000000000000e+03
6.725000000000000000e+03 1.600000000000000000e+01 -2.400000000000000000e+01 -1.024000000000000000e+03
6.765000000000000000e+03 1.600000000000000000e+01 -3.200000000000000000e+01 -1.032000000000000000e+03
6.805000000000000000e+03 0.000000000000000000e+00 -2.400000000000000000e+01 -1.032000000000000000e+03
6.845000000000000000e+03 8.000000000000000000e+00 -2.400000000000000000e+01 -1.040000000000000000e+03
6.885000000000000000e+03 1.600000000000000000e+01 -3.200000000000000000e+01 -1.032000000000000000e+03
6.925000000000000000e+03 1.600000000000000000e+01 -8.000000000000000000e+00 -1.072000000000000000e+03
6.965000000000000000e+03 2.400000000000000000e+01 -3.200000000000000000e+01 -1.000000000000000000e+03
7.005000000000000000e+03 0.000000000000000000e+00 -2.400000000000000000e+01 -1.040000000000000000e+03
7.036000000000000000e+03 0.000000000000000000e+00 -2.400000000000000000e+01 -1.048000000000000000e+03
7.076000000000000000e+03 8.000000000000000000e+00 -2.400000000000000000e+01 -1.032000000000000000e+03
7.116000000000000000e+03 8.000000000000000000e+00 -3.200000000000000000e+01 -1.016000000000000000e+03
7.156000000000000000e+03 1.600000000000000000e+01 -2.400000000000000000e+01 -1.016000000000000000e+03
7.196000000000000000e+03 8.000000000000000000e+00 -3.200000000000000000e+01 -1.024000000000000000e+03
7.236000000000000000e+03 0.000000000000000000e+00 -2.400000000000000000e+01 -1.032000000000000000e+03
7.276000000000000000e+03 8.000000000000000000e+00 -2.400000000000000000e+01 -1.032000000000000000e+03
7.316000000000000000e+03 1.600000000000000000e+01 -2.400000000000000000e+01 -1.032000000000000000e+03
7.356000000000000000e+03 1.600000000000000000e+01 -3.200000000000000000e+01 -1.040000000000000000e+03
7.396000000000000000e+03 2.400000000000000000e+01 -3.200000000000000000e+01 -1.016000000000000000e+03
7.436000000000000000e+03 8.000000000000000000e+00 -2.400000000000000000e+01 -1.032000000000000000e+03
7.476000000000000000e+03 8.000000000000000000e+00 -3.200000000000000000e+01 -1.024000000000000000e+03
7.516000000000000000e+03 1.600000000000000000e+01 -2.400000000000000000e+01 -1.032000000000000000e+03
7.556000000000000000e+03 1.600000000000000000e+01 -2.400000000000000000e+01 -1.016000000000000000e+03
7.596000000000000000e+03 8.000000000000000000e+00 -4.000000000000000000e+01 -1.040000000000000000e+03
7.636000000000000000e+03 8.000000000000000000e+00 -3.200000000000000000e+01 -1.024000000000000000e+03
7.676000000000000000e+03 8.000000000000000000e+00 -3.200000000000000000e+01 -1.008000000000000000e+03
7.716000000000000000e+03 1.600000000000000000e+01 -2.400000000000000000e+01 -1.032000000000000000e+03
7.756000000000000000e+03 2.400000000000000000e+01 -2.400000000000000000e+01 -1.016000000000000000e+03
7.796000000000000000e+03 1.600000000000000000e+01 -2.400000000000000000e+01 -1.008000000000000000e+03
7.836000000000000000e+03 1.600000000000000000e+01 -2.400000000000000000e+01 -1.040000000000000000e+03
7.876000000000000000e+03 1.600000000000000000e+01 -2.400000000000000000e+01 -1.040000000000000000e+03
7.916000000000000000e+03 1.600000000000000000e+01 -1.600000000000000000e+01 -1.024000000000000000e+03
7.956000000000000000e+03 1.600000000000000000e+01 -1.600000000000000000e+01 -1.008000000000000000e+03
7.996000000000000000e+03 8.000000000000000000e+00 -2.400000000000000000e+01 -1.048000000000000000e+03
8.028000000000000000e+03 1.600000000000000000e+01 -3.200000000000000000e+01 -1.024000000000000000e+03
8.068000000000000000e+03 2.400000000000000000e+01 -2.400000000000000000e+01 -1.032000000000000000e+03
8.108000000000000000e+03 2.400000000000000000e+01 -2.400000000000000000e+01 -1.024000000000000000e+03
8.148000000000000000e+03 2.400000000000000000e+01 -2.400000000000000000e+01 -1.032000000000000000e+03
8.188000000000000000e+03 2.400000000000000000e+01 -3.200000000000000000e+01 -1.016000000000000000e+03
8.228000000000000000e+03 1.600000000000000000e+01 -1.600000000000000000e+01 -1.048000000000000000e+03
8.268000000000000000e+03 1.600000000000000000e+01 -2.400000000000000000e+01 -1.040000000000000000e+03
8.308000000000000000e+03 1.600000000000000000e+01 -2.400000000000000000e+01 -1.000000000000000000e+03
8.348000000000000000e+03 8.000000000000000000e+00 -2.400000000000000000e+01 -1.000000000000000000e+03
8.388000000000000000e+03 -8.000000000000000000e+00 -1.600000000000000000e+01 -1.008000000000000000e+03
8.428000000000000000e+03 1.600000000000000000e+01 -1.600000000000000000e+01 -1.016000000000000000e+03
8.468000000000000000e+03 2.400000000000000000e+01 -8.000000000000000000e+00 -1.032000000000000000e+03
8.508000000000000000e+03 3.200000000000000000e+01 -1.600000000000000000e+01 -1.024000000000000000e+03
8.548000000000000000e+03 2.400000000000000000e+01 -2.400000000000000000e+01 -1.048000000000000000e+03
8.588000000000000000e+03 3.200000000000000000e+01 -1.600000000000000000e+01 -1.024000000000000000e+03
8.628000000000000000e+03 2.400000000000000000e+01 -2.400000000000000000e+01 -1.024000000000000000e+03
8.668000000000000000e+03 1.600000000000000000e+01 -2.400000000000000000e+01 -1.024000000000000000e+03
8.708000000000000000e+03 1.600000000000000000e+01 -2.400000000000000000e+01 -1.008000000000000000e+03
8.748000000000000000e+03 1.600000000000000000e+01 -2.400000000000000000e+01 -1.024000000000000000e+03
8.788000000000000000e+03 1.600000000000000000e+01 -2.400000000000000000e+01 -1.024000000000000000e+03
8.828000000000000000e+03 2.400000000000000000e+01 -1.600000000000000000e+01 -1.016000000000000000e+03
8.868000000000000000e+03 2.400000000000000000e+01 -1.600000000000000000e+01 -1.040000000000000000e+03
8.908000000000000000e+03 2.400000000000000000e+01 -2.400000000000000000e+01 -1.048000000000000000e+03
8.948000000000000000e+03 1.600000000000000000e+01 -2.400000000000000000e+01 -1.040000000000000000e+03
8.988000000000000000e+03 2.400000000000000000e+01 -2.400000000000000000e+01 -1.032000000000000000e+03
9.019000000000000000e+03 2.400000000000000000e+01 -8.000000000000000000e+00 -1.032000000000000000e+03
9.059000000000000000e+03 1.600000000000000000e+01 -1.600000000000000000e+01 -1.048000000000000000e+03
9.099000000000000000e+03 2.400000000000000000e+01 -3.200000000000000000e+01 -1.032000000000000000e+03
9.139000000000000000e+03 1.600000000000000000e+01 -4.000000000000000000e+01 -1.072000000000000000e+03
9.179000000000000000e+03 0.000000000000000000e+00 -1.600000000000000000e+01 -1.056000000000000000e+03
9.219000000000000000e+03 8.000000000000000000e+00 -2.400000000000000000e+01 -1.032000000000000000e+03
9.259000000000000000e+03 1.600000000000000000e+01 -4.000000000000000000e+01 -1.032000000000000000e+03
9.299000000000000000e+03 8.000000000000000000e+00 -3.200000000000000000e+01 -1.032000000000000000e+03
9.339000000000000000e+03 2.400000000000000000e+01 -3.200000000000000000e+01 -1.032000000000000000e+03
9.379000000000000000e+03 2.400000000000000000e+01 -3.200000000000000000e+01 -1.008000000000000000e+03
9.419000000000000000e+03 1.600000000000000000e+01 -2.400000000000000000e+01 -1.032000000000000000e+03
9.459000000000000000e+03 1.600000000000000000e+01 -2.400000000000000000e+01 -1.048000000000000000e+03
9.499000000000000000e+03 2.400000000000000000e+01 -8.000000000000000000e+00 -1.024000000000000000e+03
9.539000000000000000e+03 2.400000000000000000e+01 -1.600000000000000000e+01 -1.024000000000000000e+03
9.579000000000000000e+03 2.400000000000000000e+01 -1.600000000000000000e+01 -1.024000000000000000e+03
9.619000000000000000e+03 1.600000000000000000e+01 -1.600000000000000000e+01 -1.016000000000000000e+03
9.659000000000000000e+03 1.600000000000000000e+01 -1.600000000000000000e+01 -1.032000000000000000e+03
9.699000000000000000e+03 2.400000000000000000e+01 -1.600000000000000000e+01 -1.024000000000000000e+03
9.739000000000000000e+03 2.400000000000000000e+01 -2.400000000000000000e+01 -1.040000000000000000e+03
9.779000000000000000e+03 4.000000000000000000e+01 -2.400000000000000000e+01 -1.040000000000000000e+03
9.819000000000000000e+03 2.400000000000000000e+01 -3.200000000000000000e+01 -1.040000000000000000e+03
9.859000000000000000e+03 1.600000000000000000e+01 -3.200000000000000000e+01 -1.032000000000000000e+03
9.899000000000000000e+03 2.400000000000000000e+01 -3.200000000000000000e+01 -1.024000000000000000e+03
9.939000000000000000e+03 1.600000000000000000e+01 -2.400000000000000000e+01 -1.040000000000000000e+03
9.979000000000000000e+03 2.400000000000000000e+01 -2.400000000000000000e+01 -1.024000000000000000e+03
1.001100000000000000e+04 3.200000000000000000e+01 -8.000000000000000000e+00 -1.032000000000000000e+03
1.005100000000000000e+04 2.400000000000000000e+01 -1.600000000000000000e+01 -1.032000000000000000e+03
1.009100000000000000e+04 4.000000000000000000e+01 -2.400000000000000000e+01 -1.056000000000000000e+03
1.013100000000000000e+04 2.400000000000000000e+01 -2.400000000000000000e+01 -1.016000000000000000e+03
1.017100000000000000e+04 3.200000000000000000e+01 -2.400000000000000000e+01 -1.024000000000000000e+03
1.021100000000000000e+04 2.400000000000000000e+01 -2.400000000000000000e+01 -1.032000000000000000e+03
1.025100000000000000e+04 2.400000000000000000e+01 -2.400000000000000000e+01 -1.040000000000000000e+03
1.029100000000000000e+04 2.400000000000000000e+01 -2.400000000000000000e+01 -1.024000000000000000e+03
1.033100000000000000e+04 1.600000000000000000e+01 -4.800000000000000000e+01 -1.040000000000000000e+03
1.037100000000000000e+04 1.600000000000000000e+01 -3.200000000000000000e+01 -1.056000000000000000e+03
1.041100000000000000e+04 8.000000000000000000e+00 -4.000000000000000000e+01 -1.032000000000000000e+03
1.045100000000000000e+04 1.600000000000000000e+01 -3.200000000000000000e+01 -1.040000000000000000e+03
1.049100000000000000e+04 1.600000000000000000e+01 -2.400000000000000000e+01 -1.024000000000000000e+03
1.053100000000000000e+04 1.600000000000000000e+01 -2.400000000000000000e+01 -1.040000000000000000e+03
1.057100000000000000e+04 8.000000000000000000e+00 -2.400000000000000000e+01 -9.760000000000000000e+02
1.061100000000000000e+04 1.600000000000000000e+01 -2.400000000000000000e+01 -1.024000000000000000e+03
1.065100000000000000e+04 1.600000000000000000e+01 -2.400000000000000000e+01 -1.048000000000000000e+03
1.069100000000000000e+04 3.200000000000000000e+01 -1.600000000000000000e+01 -1.040000000000000000e+03
1.073100000000000000e+04 2.400000000000000000e+01 -8.000000000000000000e+00 -1.024000000000000000e+03
1.077100000000000000e+04 8.000000000000000000e+00 -2.400000000000000000e+01 -1.024000000000000000e+03
1.081100000000000000e+04 8.000000000000000000e+00 -2.400000000000000000e+01 -1.056000000000000000e+03
1.085100000000000000e+04 0.000000000000000000e+00 -2.400000000000000000e+01 -1.032000000000000000e+03
1.089100000000000000e+04 8.000000000000000000e+00 -2.400000000000000000e+01 -1.024000000000000000e+03
1.093100000000000000e+04 1.600000000000000000e+01 -2.400000000000000000e+01 -1.032000000000000000e+03
1.097100000000000000e+04 1.600000000000000000e+01 -1.600000000000000000e+01 -1.048000000000000000e+03
1.100300000000000000e+04 1.600000000000000000e+01 -1.600000000000000000e+01 -1.040000000000000000e+03
1.104300000000000000e+04 1.600000000000000000e+01 -2.400000000000000000e+01 -1.024000000000000000e+03
1.108300000000000000e+04 1.600000000000000000e+01 0.000000000000000000e+00 -1.024000000000000000e+03
1.112300000000000000e+04 2.400000000000000000e+01 -8.000000000000000000e+00 -1.024000000000000000e+03
1.116300000000000000e+04 1.600000000000000000e+01 -8.000000000000000000e+00 -1.016000000000000000e+03
1.120300000000000000e+04 2.400000000000000000e+01 -1.600000000000000000e+01 -1.016000000000000000e+03
1.124300000000000000e+04 2.400000000000000000e+01 -8.000000000000000000e+00 -1.024000000000000000e+03
1.128300000000000000e+04 3.200000000000000000e+01 -1.600000000000000000e+01 -1.016000000000000000e+03
1.132300000000000000e+04 3.200000000000000000e+01 -3.200000000000000000e+01 -1.032000000000000000e+03
1.136300000000000000e+04 8.000000000000000000e+00 -2.400000000000000000e+01 -1.032000000000000000e+03
1.140300000000000000e+04 1.600000000000000000e+01 -2.400000000000000000e+01 -1.040000000000000000e+03
1.144300000000000000e+04 3.200000000000000000e+01 -4.000000000000000000e+01 -1.040000000000000000e+03
1.148300000000000000e+04 3.200000000000000000e+01 -2.400000000000000000e+01 -1.000000000000000000e+03
1.152300000000000000e+04 2.400000000000000000e+01 -2.400000000000000000e+01 -1.032000000000000000e+03
1.156300000000000000e+04 2.400000000000000000e+01 -2.400000000000000000e+01 -1.032000000000000000e+03
1.160300000000000000e+04 1.600000000000000000e+01 -2.400000000000000000e+01 -1.048000000000000000e+03
1.164300000000000000e+04 1.600000000000000000e+01 -2.400000000000000000e+01 -1.032000000000000000e+03
1.168300000000000000e+04 1.600000000000000000e+01 -2.400000000000000000e+01 -1.032000000000000000e+03
1.172300000000000000e+04 1.600000000000000000e+01 -2.400000000000000000e+01 -1.056000000000000000e+03
1.176300000000000000e+04 1.600000000000000000e+01 -3.200000000000000000e+01 -1.024000000000000000e+03
1.180300000000000000e+04 1.600000000000000000e+01 -2.400000000000000000e+01 -1.032000000000000000e+03
1.184300000000000000e+04 0.000000000000000000e+00 -2.400000000000000000e+01 -1.024000000000000000e+03
1.188300000000000000e+04 0.000000000000000000e+00 -4.000000000000000000e+01 -1.032000000000000000e+03
1.192300000000000000e+04 8.000000000000000000e+00 -3.200000000000000000e+01 -1.024000000000000000e+03
1.196300000000000000e+04 2.400000000000000000e+01 -1.600000000000000000e+01 -1.032000000000000000e+03
1.100300000000000000e+04 1.600000000000000000e+01 -1.600000000000000000e+01 -1.040000000000000000e+03
1.104300000000000000e+04 1.600000000000000000e+01 -2.400000000000000000e+01 -1.024000000000000000e+03
1.108300000000000000e+04 1.600000000000000000e+01 0.000000000000000000e+00 -1.024000000000000000e+03
1.112300000000000000e+04 2.400000000000000000e+01 -8.000000000000000000e+00 -1.024000000000000000e+03
1.116300000000000000e+04 1.600000000000000000e+01 -8.000000000000000000e+00 -1.016000000000000000e+03
1.120300000000000000e+04 2.400000000000000000e+01 -1.600000000000000000e+01 -1.016000000000000000e+03
1.124300000000000000e+04 2.400000000000000000e+01 -8.000000000000000000e+00 -1.024000000000000000e+03
1.128300000000000000e+04 3.200000000000000000e+01 -1.600000000000000000e+01 -1.016000000000000000e+03
1.132300000000000000e+04 3.200000000000000000e+01 -3.200000000000000000e+01 -1.032000000000000000e+03
1.136300000000000000e+04 8.000000000000000000e+00 -2.400000000000000000e+01 -1.032000000000000000e+03
1.140300000000000000e+04 1.600000000000000000e+01 -2.400000000000000000e+01 -1.040000000000000000e+03
1.144300000000000000e+04 3.200000000000000000e+01 -4.000000000000000000e+01 -1.040000000000000000e+03
1.148300000000000000e+04 3.200000000000000000e+01 -2.400000000000000000e+01 -1.000000000000000000e+03
1.152300000000000000e+04 2.400000000000000000e+01 -2.400000000000000000e+01 -1.032000000000000000e+03
1.156300000000000000e+04 2.400000000000000000e+01 -2.400000000000000000e+01 -1.032000000000000000e+03
1.160300000000000000e+04 1.600000000000000000e+01 -2.400000000000000000e+01 -1.048000000000000000e+03
1.164300000000000000e+04 1.600000000000000000e+01 -2.400000000000000000e+01 -1.032000000000000000e+03
1.168300000000000000e+04 1.600000000000000000e+01 -2.400000000000000000e+01 -1.032000000000000000e+03
1.172300000000000000e+04 1.600000000000000000e+01 -2.400000000000000000e+01 -1.056000000000000000e+03
1.176300000000000000e+04 1.600000000000000000e+01 -3.200000000000000000e+01 -1.024000000000000000e+03
1.180300000000000000e+04 1.600000000000000000e+01 -2.400000000000000000e+01 -1.032000000000000000e+03
1.184300000000000000e+04 0.000000000000000000e+00 -2.400000000000000000e+01 -1.024000000000000000e+03
1.188300000000000000e+04 0.000000000000000000e+00 -4.000000000000000000e+01 -1.032000000000000000e+03
1.192300000000000000e+04 8.000000000000000000e+00 -3.200000000000000000e+01 -1.024000000000000000e+03
1.196300000000000000e+04 2.400000000000000000e+01 -1.600000000000000000e+01 -1.032000000000000000e+03
1.397700000000000000e+04 1.600000000000000000e+01 -3.200000000000000000e+01 -1.032000000000000000e+03
1.401700000000000000e+04 1.600000000000000000e+01 -2.400000000000000000e+01 -1.024000000000000000e+03
1.405700000000000000e+04 8.000000000000000000e+00 -2.400000000000000000e+01 -1.040000000000000000e+03
1.409700000000000000e+04 1.600000000000000000e+01 -3.200000000000000000e+01 -1.040000000000000000e+03
1.413700000000000000e+04 1.600000000000000000e+01 -3.200000000000000000e+01 -1.032000000000000000e+03
1.417700000000000000e+04 8.000000000000000000e+00 -2.400000000000000000e+01 -1.024000000000000000e+03
1.421700000000000000e+04 2.400000000000000000e+01 -3.200000000000000000e+01 -1.016000000000000000e+03
1.425700000000000000e+04 2.400000000000000000e+01 -3.200000000000000000e+01 -1.032000000000000000e+03
1.429700000000000000e+04 1.600000000000000000e+01 -2.400000000000000000e+01 -1.032000000000000000e+03
1.433700000000000000e+04 1.600000000000000000e+01 -2.400000000000000000e+01 -1.024000000000000000e+03
1.437700000000000000e+04 1.600000000000000000e+01 -2.400000000000000000e+01 -1.024000000000000000e+03
1.441700000000000000e+04 2.400000000000000000e+01 -2.400000000000000000e+01 -1.032000000000000000e+03
1.445700000000000000e+04 3.200000000000000000e+01 -2.400000000000000000e+01 -1.024000000000000000e+03
1.449700000000000000e+04 1.600000000000000000e+01 -1.600000000000000000e+01 -1.024000000000000000e+03
1.453700000000000000e+04 1.600000000000000000e+01 -8.000000000000000000e+00 -1.032000000000000000e+03
1.457700000000000000e+04 1.600000000000000000e+01 -1.600000000000000000e+01 -1.040000000000000000e+03
1.461700000000000000e+04 -8.000000000000000000e+00 -1.600000000000000000e+01 -1.024000000000000000e+03
1.465700000000000000e+04 8.000000000000000000e+00 -2.400000000000000000e+01 -1.048000000000000000e+03
1.469700000000000000e+04 8.000000000000000000e+00 -2.400000000000000000e+01 -1.016000000000000000e+03
1.473700000000000000e+04 8.000000000000000000e+00 -5.600000000000000000e+01 -1.016000000000000000e+03
1.477700000000000000e+04 8.000000000000000000e+00 -4.000000000000000000e+01 -1.032000000000000000e+03
1.481700000000000000e+04 1.600000000000000000e+01 -3.200000000000000000e+01 -1.024000000000000000e+03
1.485700000000000000e+04 1.600000000000000000e+01 -2.400000000000000000e+01 -1.000000000000000000e+03
1.489700000000000000e+04 1.600000000000000000e+01 -3.200000000000000000e+01 -1.032000000000000000e+03
1.493700000000000000e+04 1.600000000000000000e+01 -3.200000000000000000e+01 -1.032000000000000000e+03
1.794500000000000000e+04 1.600000000000000000e+01 -3.200000000000000000e+01 -1.040000000000000000e+03
1.798500000000000000e+04 8.000000000000000000e+00 -2.400000000000000000e+01 -1.032000000000000000e+03
1.802500000000000000e+04 1.600000000000000000e+01 -1.600000000000000000e+01 -1.072000000000000000e+03
1.806500000000000000e+04 1.600000000000000000e+01 -3.200000000000000000e+01 -1.040000000000000000e+03
1.810500000000000000e+04 1.600000000000000000e+01 -3.200000000000000000e+01 -1.032000000000000000e+03
1.814500000000000000e+04 8.000000000000000000e+00 -3.200000000000000000e+01 -1.016000000000000000e+03
1.818500000000000000e+04 8.000000000000000000e+00 -3.200000000000000000e+01 -1.048000000000000000e+03
1.822500000000000000e+04 1.600000000000000000e+01 -2.400000000000000000e+01 -1.040000000000000000e+03
1.826500000000000000e+04 8.000000000000000000e+00 -3.200000000000000000e+01 -1.000000000000000000e+03
1.830500000000000000e+04 1.600000000000000000e+01 -2.400000000000000000e+01 -1.024000000000000000e+03
1.834500000000000000e+04 2.400000000000000000e+01 -3.200000000000000000e+01 -1.024000000000000000e+03
1.838500000000000000e+04 2.400000000000000000e+01 -2.400000000000000000e+01 -1.024000000000000000e+03
1.842500000000000000e+04 1.600000000000000000e+01 -3.200000000000000000e+01 -1.032000000000000000e+03
1.846500000000000000e+04 2.400000000000000000e+01 -2.400000000000000000e+01 -1.080000000000000000e+03
1.850500000000000000e+04 0.000000000000000000e+00 -4.000000000000000000e+01 -1.032000000000000000e+03
1.854500000000000000e+04 8.000000000000000000e+00 -3.200000000000000000e+01 -1.024000000000000000e+03
1.858500000000000000e+04 8.000000000000000000e+00 -3.200000000000000000e+01 -1.024000000000000000e+03
1.862500000000000000e+04 1.600000000000000000e+01 -2.400000000000000000e+01 -1.040000000000000000e+03
1.866500000000000000e+04 1.600000000000000000e+01 -1.600000000000000000e+01 -1.048000000000000000e+03
1.870500000000000000e+04 2.400000000000000000e+01 -2.400000000000000000e+01 -1.048000000000000000e+03
1.874500000000000000e+04 0.000000000000000000e+00 -4.000000000000000000e+01 -1.048000000000000000e+03
1.878500000000000000e+04 8.000000000000000000e+00 -3.200000000000000000e+01 -1.008000000000000000e+03
1.882500000000000000e+04 8.000000000000000000e+00 -4.000000000000000000e+01 -1.032000000000000000e+03
1.886500000000000000e+04 8.000000000000000000e+00 -2.400000000000000000e+01 -1.040000000000000000e+03
1.890500000000000000e+04 2.400000000000000000e+01 -2.400000000000000000e+01 -1.016000000000000000e+03
2.191200000000000000e+04 8.000000000000000000e+00 -1.600000000000000000e+01 -1.008000000000000000e+03
2.195200000000000000e+04 8.000000000000000000e+00 -2.400000000000000000e+01 -1.064000000000000000e+03
2.199200000000000000e+04 8.000000000000000000e+00 -2.400000000000000000e+01 -1.024000000000000000e+03
2.203200000000000000e+04 1.600000000000000000e+01 -2.400000000000000000e+01 -1.032000000000000000e+03
2.207200000000000000e+04 8.000000000000000000e+00 -2.400000000000000000e+01 -1.024000000000000000e+03
2.211200000000000000e+04 1.600000000000000000e+01 -2.400000000000000000e+01 -1.024000000000000000e+03
2.215200000000000000e+04 1.600000000000000000e+01 -3.200000000000000000e+01 -1.032000000000000000e+03
2.219200000000000000e+04 1.600000000000000000e+01 -2.400000000000000000e+01 -1.016000000000000000e+03
2.223200000000000000e+04 1.600000000000000000e+01 -2.400000000000000000e+01 -1.032000000000000000e+03
2.227200000000000000e+04 1.600000000000000000e+01 -2.400000000000000000e+01 -1.032000000000000000e+03
2.231200000000000000e+04 1.600000000000000000e+01 -2.400000000000000000e+01 -1.024000000000000000e+03
2.235200000000000000e+04 2.400000000000000000e+01 -2.400000000000000000e+01 -1.024000000000000000e+03
2.239200000000000000e+04 2.400000000000000000e+01 -2.400000000000000000e+01 -1.040000000000000000e+03
2.243200000000000000e+04 2.400000000000000000e+01 -2.400000000000000000e+01 -1.024000000000000000e+03
2.247200000000000000e+04 1.600000000000000000e+01 -2.400000000000000000e+01 -1.040000000000000000e+03
2.251200000000000000e+04 1.600000000000000000e+01 -1.600000000000000000e+01 -1.056000000000000000e+03
2.255200000000000000e+04 1.600000000000000000e+01 -2.400000000000000000e+01 -1.024000000000000000e+03
2.259200000000000000e+04 1.600000000000000000e+01 -2.400000000000000000e+01 -1.040000000000000000e+03
2.263200000000000000e+04 1.600000000000000000e+01 -2.400000000000000000e+01 -1.032000000000000000e+03
2.267200000000000000e+04 1.600000000000000000e+01 -1.600000000000000000e+01 -1.032000000000000000e+03
2.271200000000000000e+04 1.600000000000000000e+01 -2.400000000000000000e+01 -1.016000000000000000e+03
2.275200000000000000e+04 1.600000000000000000e+01 -2.400000000000000000e+01 -1.032000000000000000e+03
2.279200000000000000e+04 8.000000000000000000e+00 -2.400000000000000000e+01 -1.056000000000000000e+03
2.283200000000000000e+04 1.600000000000000000e+01 -2.400000000000000000e+01 -1.016000000000000000e+03
2.287200000000000000e+04 1.600000000000000000e+01 -2.400000000000000000e+01 -1.032000000000000000e+03
