2.500000000000000000e+01 2.400000000000000000e+01 -3.200000000000000000e+01 -1.048000000000000000e+03
6.500000000000000000e+01 1.600000000000000000e+01 -1.600000000000000000e+01 -1.024000000000000000e+03
1.050000000000000000e+02 1.600000000000000000e+01 -1.600000000000000000e+01 -1.016000000000000000e+03
1.450000000000000000e+02 2.400000000000000000e+01 -1.600000000000000000e+01 -1.024000000000000000e+03
1.850000000000000000e+02 1.600000000000000000e+01 -2.400000000000000000e+01 -1.040000000000000000e+03
2.250000000000000000e+02 1.600000000000000000e+01 -2.400000000000000000e+01 -1.032000000000000000e+03
2.650000000000000000e+02 1.600000000000000000e+01 -2.400000000000000000e+01 -1.024000000000000000e+03
3.050000000000000000e+02 1.600000000000000000e+01 -2.400000000000000000e+01 -1.016000000000000000e+03
3.450000000000000000e+02 1.600000000000000000e+01 -2.400000000000000000e+01 -1.024000000000000000e+03
3.850000000000000000e+02 1.600000000000000000e+01 -3.200000000000000000e+01 -1.032000000000000000e+03
4.250000000000000000e+02 1.600000000000000000e+01 -2.400000000000000000e+01 -1.040000000000000000e+03
4.650000000000000000e+02 2.400000000000000000e+01 -2.400000000000000000e+01 -1.016000000000000000e+03
5.050000000000000000e+02 2.400000000000000000e+01 -3.200000000000000000e+01 -1.024000000000000000e+03
5.450000000000000000e+02 2.400000000000000000e+01 -2.400000000000000000e+01 -1.016000000000000000e+03
5.850000000000000000e+02 1.600000000000000000e+01 -2.400000000000000000e+01 -1.040000000000000000e+03
6.250000000000000000e+02 8.000000000000000000e+00 -2.400000000000000000e+01 -1.024000000000000000e+03
6.650000000000000000e+02 1.600000000000000000e+01 -2.400000000000000000e+01 -1.032000000000000000e+03
7.050000000000000000e+02 1.600000000000000000e+01 -2.400000000000000000e+01 -1.040000000000000000e+03
7.450000000000000000e+02 8.000000000000000000e+00 -2.400000000000000000e+01 -1.024000000000000000e+03
7.850000000000000000e+02 1.600000000000000000e+01 -1.600000000000000000e+01 -1.016000000000000000e+03
8.250000000000000000e+02 1.600000000000000000e+01 -1.600000000000000000e+01 -1.048000000000000000e+03
8.650000000000000000e+02 1.600000000000000000e+01 -2.400000000000000000e+01 -1.016000000000000000e+03
9.050000000000000000e+02 8.000000000000000000e+00 -2.400000000000000000e+01 -1.024000000000000000e+03
9.450000000000000000e+02 1.600000000000000000e+01 -2.400000000000000000e+01 -1.024000000000000000e+03
9.850000000000000000e+02 1.600000000000000000e+01 -2.400000000000000000e+01 -1.032000000000000000e+03
2.999000000000000000e+03 8.000000000000000000e+00 -1.600000000000000000e+01 -1.040000000000000000e+03
3.039000000000000000e+03 1.600000000000000000e+01 -2.400000000000000000e+01 -1.024000000000000000e+03
3.079000000000000000e+03 1.600000000000000000e+01 -1.600000000000000000e+01 -1.032000000000000000e+03
3.119000000000000000e+03 1.600000000000000000e+01 -1.600000000000000000e+01 -1.040000000000000000e+03
3.159000000000000000e+03 1.600000000000000000e+01 -2.400000000000000000e+01 -1.032000000000000000e+03
3.199000000000000000e+03 8.000000000000000000e+00 -2.400000000000000000e+01 -1.024000000000000000e+03
3.239000000000000000e+03 1.600000000000000000e+01 -2.400000000000000000e+01 -1.048000000000000000e+03
3.279000000000000000e+03 2.400000000000000000e+01 -2.400000000000000000e+01 -1.016000000000000000e+03
3.319000000000000000e+03 8.000000000000000000e+00 -2.400000000000000000e+01 -1.024000000000000000e+03
3.359000000000000000e+03 1.600000000000000000e+01 -2.400000000000000000e+01 -1.032000000000000000e+03
3.399000000000000000e+03 1.600000000000000000e+01 -3.200000000000000000e+01 -1.024000000000000000e+03
3.439000000000000000e+03 0.000000000000000000e+00 -1.600000000000000000e+01 -9.840000000000000000e+02
3.479000000000000000e+03 8.000000000000000000e+00 -2.400000000000000000e+01 -1.000000000000000000e+03
3.519000000000000000e+03 -8.000000000000000000e+00 -1.600000000000000000e+01 -1.032000000000000000e+03
3.559000000000000000e+03 8.000000000000000000e+00 -1.600000000000000000e+01 -1.016000000000000000e+03
3.599000000000000000e+03 1.600000000000000000e+01 -1.600000000000000000e+01 -1.032000000000000000e+03
3.639000000000000000e+03 2.400000000000000000e+01 -3.200000000000000000e+01 -1.000000000000000000e+03
3.679000000000000000e+03 8.000000000000000000e+00 -2.400000000000000000e+01 -1.008000000000000000e+03
3.719000000000000000e+03 1.600000000000000000e+01 -2.400000000000000000e+01 -1.040000000000000000e+03
3.759000000000000000e+03 2.400000000000000000e+01 -2.400000000000000000e+01 -1.024000000000000000e+03
3.799000000000000000e+03 2.400000000000000000e+01 -2.400000000000000000e+01 -1.024000000000000000e+03
3.839000000000000000e+03 1.600000000000000000e+01 -2.400000000000000000e+01 -1.016000000000000000e+03
3.879000000000000000e+03 1.600000000000000000e+01 -3.200000000000000000e+01 -1.040000000000000000e+03
3.919000000000000000e+03 2.400000000000000000e+01 -3.200000000000000000e+01 -1.024000000000000000e+03
3.959000000000000000e+03 1.600000000000000000e+01 -3.200000000000000000e+01 -1.016000000000000000e+03
3.992000000000000000e+03 1.600000000000000000e+01 -2.400000000000000000e+01 -1.016000000000000000e+03
4.032000000000000000e+03 1.600000000000000000e+01 -1.600000000000000000e+01 -1.024000000000000000e+03
4.072000000000000000e+03 1.600000000000000000e+01 -2.400000000000000000e+01 -1.032000000000000000e+03
4.112000000000000000e+03 1.600000000000000000e+01 -2.400000000000000000e+01 -1.016000000000000000e+03
4.152000000000000000e+03 3.200000000000000000e+01 -3.200000000000000000e+01 -1.056000000000000000e+03
4.192000000000000000e+03 3.200000000000000000e+01 -3.200000000000000000e+01 -1.040000000000000000e+03
4.232000000000000000e+03 2.400000000000000000e+01 -2.400000000000000000e+01 -1.056000000000000000e+03
4.272000000000000000e+03 1.600000000000000000e+01 -1.600000000000000000e+01 -1.056000000000000000e+03
4.312000000000000000e+03 1.600000000000000000e+01 -2.400000000000000000e+01 -1.016000000000000000e+03
4.352000000000000000e+03 1.600000000000000000e+01 -8.000000000000000000e+00 -9.920000000000000000e+02
4.392000000000000000e+03 1.600000000000000000e+01 -1.600000000000000000e+01 -1.008000000000000000e+03
4.432000000000000000e+03 1.600000000000000000e+01 -1.600000000000000000e+01 -1.040000000000000000e+03
4.472000000000000000e+03 1.600000000000000000e+01 -1.600000000000000000e+01 -1.024000000000000000e+03
4.512000000000000000e+03 1.600000000000000000e+01 -3.200000000000000000e+01 -1.024000000000000000e+03
4.552000000000000000e+03 1.600000000000000000e+01 -3.200000000000000000e+01 -1.024000000000000000e+03
4.592000000000000000e+03 2.400000000000000000e+01 -2.400000000000000000e+01 -1.024000000000000000e+03
4.632000000000000000e+03 2.400000000000000000e+01 -2.400000000000000000e+01 -1.016000000000000000e+03
4.672000000000000000e+03 2.400000000000000000e+01 -1.600000000000000000e+01 -1.040000000000000000e+03
4.712000000000000000e+03 1.600000000000000000e+01 -1.600000000000000000e+01 -1.032000000000000000e+03
4.752000000000000000e+03 2.400000000000000000e+01 -2.400000000000000000e+01 -1.024000000000000000e+03
4.792000000000000000e+03 1.600000000000000000e+01 -2.400000000000000000e+01 -1.032000000000000000e+03
4.832000000000000000e+03 1.600000000000000000e+01 -3.200000000000000000e+01 -1.008000000000000000e+03
4.872000000000000000e+03 2.400000000000000000e+01 -2.400000000000000000e+01 -1.032000000000000000e+03
4.912000000000000000e+03 2.400000000000000000e+01 -2.400000000000000000e+01 -1.040000000000000000e+03
4.952000000000000000e+03 2.400000000000000000e+01 -2.400000000000000000e+01 -1.024000000000000000e+03
4.984000000000000000e+03 2.400000000000000000e+01 -1.600000000000000000e+01 -1.032000000000000000e+03
5.024000000000000000e+03 2.400000000000000000e+01 -2.400000000000000000e+01 -1.048000000000000000e+03
5.064000000000000000e+03 1.600000000000000000e+01 -1.600000000000000000e+01 -1.008000000000000000e+03
5.104000000000000000e+03 1.600000000000000000e+01 -4.000000000000000000e+01 -1.040000000000000000e+03
5.144000000000000000e+03 1.600000000000000000e+01 -3.200000000000000000e+01 -1.032000000000000000e+03
5.184000000000000000e+03 2.400000000000000000e+01 -3.200000000000000000e+01 -1.024000000000000000e+03
5.224000000000000000e+03 8.000000000000000000e+00 -3.200000000000000000e+01 -1.032000000000000000e+03
5.264000000000000000e+03 1.600000000000000000e+01 -3.200000000000000000e+01 -1.040000000000000000e+03
5.304000000000000000e+03 8.000000000000000000e+00 -1.600000000000000000e+01 -1.024000000000000000e+03
5.344000000000000000e+03 1.600000000000000000e+01 -2.400000000000000000e+01 -1.016000000000000000e+03
5.384000000000000000e+03 8.000000000000000000e+00 -1.600000000000000000e+01 -1.040000000000000000e+03
5.424000000000000000e+03 0.000000000000000000e+00 -1.600000000000000000e+01 -1.016000000000000000e+03
5.464000000000000000e+03 8.000000000000000000e+00 -1.600000000000000000e+01 -1.032000000000000000e+03
5.504000000000000000e+03 1.600000000000000000e+01 -1.600000000000000000e+01 -1.024000000000000000e+03
5.544000000000000000e+03 1.600000000000000000e+01 -8.000000000000000000e+00 -1.032000000000000000e+03
5.584000000000000000e+03 1.600000000000000000e+01 -2.400000000000000000e+01 -1.024000000000000000e+03
5.624000000000000000e+03 1.600000000000000000e+01 -2.400000000000000000e+01 -1.040000000000000000e+03
5.664000000000000000e+03 3.200000000000000000e+01 -2.400000000000000000e+01 -1.040000000000000000e+03
5.704000000000000000e+03 2.400000000000000000e+01 -1.600000000000000000e+01 -1.016000000000000000e+03
5.744000000000000000e+03 1.600000000000000000e+01 -3.200000000000000000e+01 -1.000000000000000000e+03
5.784000000000000000e+03 2.400000000000000000e+01 -2.400000000000000000e+01 -1.048000000000000000e+03
5.824000000000000000e+03 2.400000000000000000e+01 -4.000000000000000000e+01 -1.040000000000000000e+03
5.864000000000000000e+03 2.400000000000000000e+01 -3.200000000000000000e+01 -1.016000000000000000e+03
5.904000000000000000e+03 2.400000000000000000e+01 -2.400000000000000000e+01 -1.040000000000000000e+03
5.944000000000000000e+03 1.600000000000000000e+01 -3.200000000000000000e+01 -1.024000000000000000e+03
5.975000000000000000e+03 1.600000000000000000e+01 -2.400000000000000000e+01 -1.040000000000000000e+03
6.015000000000000000e+03 2.400000000000000000e+01 -1.600000000000000000e+01 -1.040000000000000000e+03
6.055000000000000000e+03 3.200000000000000000e+01 -8.000000000000000000e+00 -1.032000000000000000e+03
6.095000000000000000e+03 2.400000000000000000e+01 8.000000000000000000e+00 -1.016000000000000000e+03
6.135000000000000000e+03 1.600000000000000000e+01 -8.000000000000000000e+00 -1.032000000000000000e+03
6.175000000000000000e+03 3.200000000000000000e+01 -1.600000000000000000e+01 -1.032000000000000000e+03
6.215000000000000000e+03 2.400000000000000000e+01 -2.400000000000000000e+01 -1.024000000000000000e+03
6.255000000000000000e+03 3.200000000000000000e+01 -2.400000000000000000e+01 -1.040000000000000000e+03
6.295000000000000000e+03 2.400000000000000000e+01 -2.400000000000000000e+01 -1.040000000000000000e+03
6.335000000000000000e+03 1.600000000000000000e+01 -2.400000000000000000e+01 -1.024000000000000000e+03
6.375000000000000000e+03 8.000000000000000000e+00 -2.400000000000000000e+01 -1.016000000000000000e+03
6.415000000000000000e+03 2.400000000000000000e+01 -2.400000000000000000e+01 -1.048000000000000000e+03
6.455000000000000000e+03 1.600000000000000000e+01 -3.200000000000000000e+01 -1.032000000000000000e+03
6.495000000000000000e+03 1.600000000000000000e+01 -2.400000000000000000e+01 -1.024000000000000000e+03
6.535000000000000000e+03 2.400000000000000000e+01 -2.400000000000000000e+01 -1.040000000000000000e+03
6.575000000000000000e+03 2.400000000000000000e+01 -3.200000000000000000e+01 -1.040000000000000000e+03
6.615000000000000000e+03 2.400000000000000000e+01 -4.000000000000000000e+01 -1.056000000000000000e+03
6.655000000000000000e+03 2.400000000000000000e+01 -3.200000000000000000e+01 -1.048000000000000000e+03
6.695000000000000000e+03 2.400000000000000000e+01 -4.000000000000000000e+01 -1.040000000000000000e+03
6.735000000000000000e+03 1.600000000000000000e+01 -4.000000000000000000e+01 -1.008000000000000000e+03
6.775000000000000000e+03 1.600000000000000000e+01 -3.200000000000000000e+01 -1.016000000000000000e+03
6.815000000000000000e+03 1.600000000000000000e+01 -3.200000000000000000e+01 -1.032000000000000000e+03
6.855000000000000000e+03 1.600000000000000000e+01 -2.400000000000000000e+01 -1.040000000000000000e+03
6.895000000000000000e+03 1.600000000000000000e+01 -2.400000000000000000e+01 -1.040000000000000000e+03
6.935000000000000000e+03 1.600000000000000000e+01 -2.400000000000000000e+01 -1.048000000000000000e+03
6.966000000000000000e+03 1.600000000000000000e+01 -1.600000000000000000e+01 -1.032000000000000000e+03
7.006000000000000000e+03 1.600000000000000000e+01 -1.600000000000000000e+01 -1.048000000000000000e+03
7.046000000000000000e+03 8.000000000000000000e+00 -2.400000000000000000e+01 -1.048000000000000000e+03
7.086000000000000000e+03 8.000000000000000000e+00 -2.400000000000000000e+01 -1.072000000000000000e+03
7.126000000000000000e+03 1.600000000000000000e+01 -3.200000000000000000e+01 -1.024000000000000000e+03
7.166000000000000000e+03 8.000000000000000000e+00 -3.200000000000000000e+01 -1.032000000000000000e+03
7.206000000000000000e+03 1.600000000000000000e+01 -2.400000000000000000e+01 -1.040000000000000000e+03
7.246000000000000000e+03 8.000000000000000000e+00 -1.600000000000000000e+01 -1.040000000000000000e+03
7.286000000000000000e+03 1.600000000000000000e+01 -1.600000000000000000e+01 -1.040000000000000000e+03
7.326000000000000000e+03 1.600000000000000000e+01 -1.600000000000000000e+01 -1.032000000000000000e+03
7.366000000000000000e+03 8.000000000000000000e+00 -1.600000000000000000e+01 -1.032000000000000000e+03
7.406000000000000000e+03 8.000000000000000000e+00 -1.600000000000000000e+01 -1.024000000000000000e+03
7.446000000000000000e+03 1.600000000000000000e+01 -2.400000000000000000e+01 -1.016000000000000000e+03
7.486000000000000000e+03 1.600000000000000000e+01 -2.400000000000000000e+01 -1.032000000000000000e+03
7.526000000000000000e+03 1.600000000000000000e+01 -2.400000000000000000e+01 -1.016000000000000000e+03
7.566000000000000000e+03 2.400000000000000000e+01 -3.200000000000000000e+01 -1.032000000000000000e+03
7.606000000000000000e+03 1.600000000000000000e+01 -3.200000000000000000e+01 -1.032000000000000000e+03
7.646000000000000000e+03 1.600000000000000000e+01 -2.400000000000000000e+01 -9.920000000000000000e+02
7.686000000000000000e+03 0.000000000000000000e+00 -3.200000000000000000e+01 -1.016000000000000000e+03
7.726000000000000000e+03 8.000000000000000000e+00 -1.600000000000000000e+01 -1.056000000000000000e+03
7.766000000000000000e+03 1.600000000000000000e+01 -2.400000000000000000e+01 -1.032000000000000000e+03
7.806000000000000000e+03 1.600000000000000000e+01 -2.400000000000000000e+01 -1.000000000000000000e+03
7.846000000000000000e+03 1.600000000000000000e+01 -3.200000000000000000e+01 -1.032000000000000000e+03
7.886000000000000000e+03 2.400000000000000000e+01 -2.400000000000000000e+01 -1.040000000000000000e+03
7.926000000000000000e+03 2.400000000000000000e+01 -1.600000000000000000e+01 -1.040000000000000000e+03
7.958000000000000000e+03 1.600000000000000000e+01 -3.200000000000000000e+01 -1.032000000000000000e+03
7.998000000000000000e+03 3.200000000000000000e+01 -4.000000000000000000e+01 -1.024000000000000000e+03
8.038000000000000000e+03 0.000000000000000000e+00 -4.800000000000000000e+01 -1.000000000000000000e+03
8.078000000000000000e+03 0.000000000000000000e+00 -2.400000000000000000e+01 -1.072000000000000000e+03
8.118000000000000000e+03 1.600000000000000000e+01 -2.400000000000000000e+01 -1.024000000000000000e+03
8.158000000000000000e+03 1.600000000000000000e+01 -3.200000000000000000e+01 -1.048000000000000000e+03
8.198000000000000000e+03 2.400000000000000000e+01 -2.400000000000000000e+01 -1.032000000000000000e+03
8.238000000000000000e+03 8.000000000000000000e+00 -2.400000000000000000e+01 -1.032000000000000000e+03
8.278000000000000000e+03 8.000000000000000000e+00 -3.200000000000000000e+01 -1.024000000000000000e+03
8.318000000000000000e+03 1.600000000000000000e+01 -3.200000000000000000e+01 -1.032000000000000000e+03
8.358000000000000000e+03 1.600000000000000000e+01 -2.400000000000000000e+01 -1.032000000000000000e+03
8.398000000000000000e+03 1.600000000000000000e+01 -2.400000000000000000e+01 -1.056000000000000000e+03
8.438000000000000000e+03 1.600000000000000000e+01 -3.200000000000000000e+01 -1.040000000000000000e+03
8.478000000000000000e+03 2.400000000000000000e+01 -4.000000000000000000e+01 -1.032000000000000000e+03
8.518000000000000000e+03 1.600000000000000000e+01 -3.200000000000000000e+01 -1.024000000000000000e+03
8.558000000000000000e+03 1.600000000000000000e+01 -4.000000000000000000e+01 -1.032000000000000000e+03
8.598000000000000000e+03 1.600000000000000000e+01 -3.200000000000000000e+01 -1.032000000000000000e+03
8.638000000000000000e+03 1.600000000000000000e+01 -2.400000000000000000e+01 -1.024000000000000000e+03
8.678000000000000000e+03 1.600000000000000000e+01 -2.400000000000000000e+01 -1.024000000000000000e+03
8.718000000000000000e+03 2.400000000000000000e+01 -2.400000000000000000e+01 -1.040000000000000000e+03
8.758000000000000000e+03 1.600000000000000000e+01 -3.200000000000000000e+01 -1.040000000000000000e+03
8.798000000000000000e+03 1.600000000000000000e+01 -2.400000000000000000e+01 -1.032000000000000000e+03
8.838000000000000000e+03 1.600000000000000000e+01 -1.600000000000000000e+01 -1.032000000000000000e+03
8.878000000000000000e+03 1.600000000000000000e+01 -1.600000000000000000e+01 -1.024000000000000000e+03
8.918000000000000000e+03 2.400000000000000000e+01 -2.400000000000000000e+01 -1.040000000000000000e+03
7.958000000000000000e+03 1.600000000000000000e+01 -3.200000000000000000e+01 -1.032000000000000000e+03
7.998000000000000000e+03 3.200000000000000000e+01 -4.000000000000000000e+01 -1.024000000000000000e+03
8.038000000000000000e+03 0.000000000000000000e+00 -4.800000000000000000e+01 -1.000000000000000000e+03
8.078000000000000000e+03 0.000000000000000000e+00 -2.400000000000000000e+01 -1.072000000000000000e+03
8.118000000000000000e+03 1.600000000000000000e+01 -2.400000000000000000e+01 -1.024000000000000000e+03
8.158000000000000000e+03 1.600000000000000000e+01 -3.200000000000000000e+01 -1.048000000000000000e+03
8.198000000000000000e+03 2.400000000000000000e+01 -2.400000000000000000e+01 -1.032000000000000000e+03
8.238000000000000000e+03 8.000000000000000000e+00 -2.400000000000000000e+01 -1.032000000000000000e+03
8.278000000000000000e+03 8.000000000000000000e+00 -3.200000000000000000e+01 -1.024000000000000000e+03
8.318000000000000000e+03 1.600000000000000000e+01 -3.200000000000000000e+01 -1.032000000000000000e+03
8.358000000000000000e+03 1.600000000000000000e+01 -2.400000000000000000e+01 -1.032000000000000000e+03
8.398000000000000000e+03 1.600000000000000000e+01 -2.400000000000000000e+01 -1.056000000000000000e+03
8.438000000000000000e+03 1.600000000000000000e+01 -3.200000000000000000e+01 -1.040000000000000000e+03
8.478000000000000000e+03 2.400000000000000000e+01 -4.000000000000000000e+01 -1.032000000000000000e+03
8.518000000000000000e+03 1.600000000000000000e+01 -3.200000000000000000e+01 -1.024000000000000000e+03
8.558000000000000000e+03 1.600000000000000000e+01 -4.000000000000000000e+01 -1.032000000000000000e+03
8.598000000000000000e+03 1.600000000000000000e+01 -3.200000000000000000e+01 -1.032000000000000000e+03
8.638000000000000000e+03 1.600000000000000000e+01 -2.400000000000000000e+01 -1.024000000000000000e+03
8.678000000000000000e+03 1.600000000000000000e+01 -2.400000000000000000e+01 -1.024000000000000000e+03
8.718000000000000000e+03 2.400000000000000000e+01 -2.400000000000000000e+01 -1.040000000000000000e+03
8.758000000000000000e+03 1.600000000000000000e+01 -3.200000000000000000e+01 -1.040000000000000000e+03
8.798000000000000000e+03 1.600000000000000000e+01 -2.400000000000000000e+01 -1.032000000000000000e+03
8.838000000000000000e+03 1.600000000000000000e+01 -1.600000000000000000e+01 -1.032000000000000000e+03
8.878000000000000000e+03 1.600000000000000000e+01 -1.600000000000000000e+01 -1.024000000000000000e+03
8.918000000000000000e+03 2.400000000000000000e+01 -2.400000000000000000e+01 -1.040000000000000000e+03
1.093200000000000000e+04 8.000000000000000000e+00 -1.600000000000000000e+01 -1.032000000000000000e+03
1.097200000000000000e+04 8.000000000000000000e+00 -2.400000000000000000e+01 -1.024000000000000000e+03
1.101200000000000000e+04 3.200000000000000000e+01 -2.400000000000000000e+01 -1.056000000000000000e+03
1.105200000000000000e+04 3.200000000000000000e+01 -3.200000000000000000e+01 -1.040000000000000000e+03
1.109200000000000000e+04 2.400000000000000000e+01 -2.400000000000000000e+01 -1.072000000000000000e+03
1.113200000000000000e+04 2.400000000000000000e+01 -2.400000000000000000e+01 -1.032000000000000000e+03
1.117200000000000000e+04 2.400000000000000000e+01 -2.400000000000000000e+01 -1.024000000000000000e+03
1.121200000000000000e+04 2.400000000000000000e+01 -2.400000000000000000e+01 -1.032000000000000000e+03
1.125200000000000000e+04 2.400000000000000000e+01 -2.400000000000000000e+01 -1.040000000000000000e+03
1.129200000000000000e+04 1.600000000000000000e+01 -2.400000000000000000e+01 -1.032000000000000000e+03
1.133200000000000000e+04 1.600000000000000000e+01 -2.400000000000000000e+01 -1.040000000000000000e+03
1.137200000000000000e+04 2.400000000000000000e+01 -3.200000000000000000e+01 -1.048000000000000000e+03
1.141200000000000000e+04 1.600000000000000000e+01 -3.200000000000000000e+01 -1.048000000000000000e+03
1.145200000000000000e+04 1.600000000000000000e+01 -2.400000000000000000e+01 -1.032000000000000000e+03
1.149200000000000000e+04 1.600000000000000000e+01 -3.200000000000000000e+01 -1.008000000000000000e+03
1.153200000000000000e+04 1.600000000000000000e+01 -2.400000000000000000e+01 -1.032000000000000000e+03
1.157200000000000000e+04 1.600000000000000000e+01 -3.200000000000000000e+01 -1.032000000000000000e+03
1.161200000000000000e+04 2.400000000000000000e+01 -3.200000000000000000e+01 -1.024000000000000000e+03
1.165200000000000000e+04 8.000000000000000000e+00 -2.400000000000000000e+01 -1.016000000000000000e+03
1.169200000000000000e+04 8.000000000000000000e+00 -3.200000000000000000e+01 -1.016000000000000000e+03
1.173200000000000000e+04 8.000000000000000000e+00 -8.000000000000000000e+00 -1.056000000000000000e+03
1.177200000000000000e+04 8.000000000000000000e+00 -2.400000000000000000e+01 -1.016000000000000000e+03
1.181200000000000000e+04 2.400000000000000000e+01 -2.400000000000000000e+01 -1.048000000000000000e+03
1.185200000000000000e+04 1.600000000000000000e+01 -2.400000000000000000e+01 -1.032000000000000000e+03
1.189200000000000000e+04 1.600000000000000000e+01 -2.400000000000000000e+01 -1.032000000000000000e+03
1.192400000000000000e+04 1.600000000000000000e+01 -2.400000000000000000e+01 -1.040000000000000000e+03
1.196400000000000000e+04 2.400000000000000000e+01 -2.400000000000000000e+01 -1.032000000000000000e+03
1.200400000000000000e+04 8.000000000000000000e+00 -1.600000000000000000e+01 -1.024000000000000000e+03
1.204400000000000000e+04 8.000000000000000000e+00 -1.600000000000000000e+01 -1.032000000000000000e+03
1.208400000000000000e+04 8.000000000000000000e+00 -2.400000000000000000e+01 -1.064000000000000000e+03
1.212400000000000000e+04 8.000000000000000000e+00 -2.400000000000000000e+01 -9.840000000000000000e+02
1.216400000000000000e+04 1.600000000000000000e+01 -2.400000000000000000e+01 -1.040000000000000000e+03
1.220400000000000000e+04 1.600000000000000000e+01 -3.200000000000000000e+01 -1.040000000000000000e+03
1.224400000000000000e+04 1.600000000000000000e+01 -2.400000000000000000e+01 -1.024000000000000000e+03
1.228400000000000000e+04 2.400000000000000000e+01 -1.600000000000000000e+01 -1.040000000000000000e+03
1.232400000000000000e+04 2.400000000000000000e+01 0.000000000000000000e+00 -1.016000000000000000e+03
1.236400000000000000e+04 2.400000000000000000e+01 -8.000000000000000000e+00 -1.056000000000000000e+03
1.240400000000000000e+04 1.600000000000000000e+01 -1.600000000000000000e+01 -1.032000000000000000e+03
1.244400000000000000e+04 1.600000000000000000e+01 -1.600000000000000000e+01 -1.040000000000000000e+03
1.248400000000000000e+04 8.000000000000000000e+00 -8.000000000000000000e+00 -1.024000000000000000e+03
1.252400000000000000e+04 8.000000000000000000e+00 -1.600000000000000000e+01 -1.024000000000000000e+03
1.256400000000000000e+04 1.600000000000000000e+01 -2.400000000000000000e+01 -1.032000000000000000e+03
1.260400000000000000e+04 2.400000000000000000e+01 -3.200000000000000000e+01 -1.032000000000000000e+03
1.264400000000000000e+04 1.600000000000000000e+01 -3.200000000000000000e+01 -1.024000000000000000e+03
1.268400000000000000e+04 1.600000000000000000e+01 -2.400000000000000000e+01 -1.040000000000000000e+03
1.272400000000000000e+04 1.600000000000000000e+01 -2.400000000000000000e+01 -1.032000000000000000e+03
1.276400000000000000e+04 2.400000000000000000e+01 -2.400000000000000000e+01 -1.024000000000000000e+03
1.280400000000000000e+04 1.600000000000000000e+01 -2.400000000000000000e+01 -1.040000000000000000e+03
1.284400000000000000e+04 1.600000000000000000e+01 -2.400000000000000000e+01 -1.040000000000000000e+03
1.288400000000000000e+04 2.400000000000000000e+01 -2.400000000000000000e+01 -1.016000000000000000e+03
1.291500000000000000e+04 1.600000000000000000e+01 -3.200000000000000000e+01 -1.016000000000000000e+03
1.295500000000000000e+04 1.600000000000000000e+01 -3.200000000000000000e+01 -1.024000000000000000e+03
1.299500000000000000e+04 2.400000000000000000e+01 -2.400000000000000000e+01 -1.048000000000000000e+03
1.303500000000000000e+04 3.200000000000000000e+01 -1.600000000000000000e+01 -1.024000000000000000e+03
1.307500000000000000e+04 2.400000000000000000e+01 -2.400000000000000000e+01 -1.024000000000000000e+03
1.311500000000000000e+04 8.000000000000000000e+00 -1.600000000000000000e+01 -1.040000000000000000e+03
1.315500000000000000e+04 1.600000000000000000e+01 -1.600000000000000000e+01 -1.032000000000000000e+03
1.319500000000000000e+04 2.400000000000000000e+01 -2.400000000000000000e+01 -1.056000000000000000e+03
1.323500000000000000e+04 1.600000000000000000e+01 -1.600000000000000000e+01 -1.032000000000000000e+03
1.327500000000000000e+04 2.400000000000000000e+01 -1.600000000000000000e+01 -1.024000000000000000e+03
1.331500000000000000e+04 1.600000000000000000e+01 -1.600000000000000000e+01 -1.024000000000000000e+03
1.335500000000000000e+04 1.600000000000000000e+01 -3.200000000000000000e+01 -1.032000000000000000e+03
1.339500000000000000e+04 8.000000000000000000e+00 -3.200000000000000000e+01 -1.048000000000000000e+03
1.343500000000000000e+04 2.400000000000000000e+01 -2.400000000000000000e+01 -1.024000000000000000e+03
1.347500000000000000e+04 3.200000000000000000e+01 -2.400000000000000000e+01 -1.048000000000000000e+03
1.351500000000000000e+04 2.400000000000000000e+01 -2.400000000000000000e+01 -1.040000000000000000e+03
1.355500000000000000e+04 2.400000000000000000e+01 -3.200000000000000000e+01 -1.016000000000000000e+03
1.359500000000000000e+04 2.400000000000000000e+01 -2.400000000000000000e+01 -1.016000000000000000e+03
1.363500000000000000e+04 2.400000000000000000e+01 -1.600000000000000000e+01 -1.040000000000000000e+03
1.367500000000000000e+04 2.400000000000000000e+01 -3.200000000000000000e+01 -1.024000000000000000e+03
1.371500000000000000e+04 8.000000000000000000e+00 -2.400000000000000000e+01 -1.024000000000000000e+03
1.375500000000000000e+04 1.600000000000000000e+01 -2.400000000000000000e+01 -1.008000000000000000e+03
1.379500000000000000e+04 8.000000000000000000e+00 -2.400000000000000000e+01 -1.040000000000000000e+03
1.383500000000000000e+04 0.000000000000000000e+00 -2.400000000000000000e+01 -1.040000000000000000e+03
1.387500000000000000e+04 8.000000000000000000e+00 -3.200000000000000000e+01 -1.032000000000000000e+03
1.390800000000000000e+04 8.000000000000000000e+00 -2.400000000000000000e+01 -1.024000000000000000e+03
1.394800000000000000e+04 1.600000000000000000e+01 -2.400000000000000000e+01 -1.016000000000000000e+03
1.398800000000000000e+04 1.600000000000000000e+01 -3.200000000000000000e+01 -1.048000000000000000e+03
1.402800000000000000e+04 8.000000000000000000e+00 -2.400000000000000000e+01 -1.056000000000000000e+03
1.406800000000000000e+04 8.000000000000000000e+00 -2.400000000000000000e+01 -1.024000000000000000e+03
1.410800000000000000e+04 8.000000000000000000e+00 -2.400000000000000000e+01 -1.032000000000000000e+03
1.414800000000000000e+04 1.600000000000000000e+01 -2.400000000000000000e+01 -1.024000000000000000e+03
1.418800000000000000e+04 1.600000000000000000e+01 -2.400000000000000000e+01 -1.032000000000000000e+03
1.422800000000000000e+04 1.600000000000000000e+01 -2.400000000000000000e+01 -1.024000000000000000e+03
1.426800000000000000e+04 4.000000000000000000e+01 -3.200000000000000000e+01 -1.032000000000000000e+03
1.430800000000000000e+04 2.400000000000000000e+01 -3.200000000000000000e+01 -1.016000000000000000e+03
1.434800000000000000e+04 1.600000000000000000e+01 -1.600000000000000000e+01 -1.040000000000000000e+03
1.438800000000000000e+04 1.600000000000000000e+01 -2.400000000000000000e+01 -1.040000000000000000e+03
1.442800000000000000e+04 2.400000000000000000e+01 -3.200000000000000000e+01 -1.048000000000000000e+03
1.446800000000000000e+04 2.400000000000000000e+01 -2.400000000000000000e+01 -1.040000000000000000e+03
1.450800000000000000e+04 1.600000000000000000e+01 -2.400000000000000000e+01 -1.024000000000000000e+03
1.454800000000000000e+04 8.000000000000000000e+00 -8.000000000000000000e+00 -9.600000000000000000e+02
1.458800000000000000e+04 1.600000000000000000e+01 0.000000000000000000e+00 -1.024000000000000000e+03
1.462800000000000000e+04 8.000000000000000000e+00 -8.000000000000000000e+00 -1.024000000000000000e+03
1.466800000000000000e+04 1.600000000000000000e+01 -8.000000000000000000e+00 -1.032000000000000000e+03
1.470800000000000000e+04 1.600000000000000000e+01 -1.600000000000000000e+01 -1.064000000000000000e+03
1.474800000000000000e+04 2.400000000000000000e+01 -1.600000000000000000e+01 -1.024000000000000000e+03
1.478800000000000000e+04 1.600000000000000000e+01 -1.600000000000000000e+01 -1.024000000000000000e+03
1.482800000000000000e+04 1.600000000000000000e+01 -1.600000000000000000e+01 -1.032000000000000000e+03
1.486800000000000000e+04 1.600000000000000000e+01 -2.400000000000000000e+01 -1.032000000000000000e+03
1.489900000000000000e+04 1.600000000000000000e+01 -2.400000000000000000e+01 -1.024000000000000000e+03
1.493900000000000000e+04 1.600000000000000000e+01 -2.400000000000000000e+01 -1.048000000000000000e+03
1.497900000000000000e+04 1.600000000000000000e+01 -2.400000000000000000e+01 -1.056000000000000000e+03
1.501900000000000000e+04 1.600000000000000000e+01 -3.200000000000000000e+01 -1.000000000000000000e+03
1.505900000000000000e+04 1.600000000000000000e+01 -3.200000000000000000e+01 -1.032000000000000000e+03
1.509900000000000000e+04 8.000000000000000000e+00 -3.200000000000000000e+01 -1.056000000000000000e+03
1.513900000000000000e+04 8.000000000000000000e+00 -3.200000000000000000e+01 -1.032000000000000000e+03
1.517900000000000000e+04 1.600000000000000000e+01 -3.200000000000000000e+01 -1.024000000000000000e+03
1.521900000000000000e+04 1.600000000000000000e+01 -2.400000000000000000e+01 -1.024000000000000000e+03
1.525900000000000000e+04 1.600000000000000000e+01 -2.400000000000000000e+01 -1.008000000000000000e+03
1.529900000000000000e+04 2.400000000000000000e+01 -2.400000000000000000e+01 -1.048000000000000000e+03
1.533900000000000000e+04 8.000000000000000000e+00 -2.400000000000000000e+01 -1.064000000000000000e+03
1.537900000000000000e+04 8.000000000000000000e+00 -3.200000000000000000e+01 -1.064000000000000000e+03
1.541900000000000000e+04 2.400000000000000000e+01 -3.200000000000000000e+01 -1.032000000000000000e+03
1.545900000000000000e+04 8.000000000000000000e+00 -2.400000000000000000e+01 -1.008000000000000000e+03
1.549900000000000000e+04 8.000000000000000000e+00 -3.200000000000000000e+01 -1.040000000000000000e+03
1.553900000000000000e+04 8.000000000000000000e+00 -3.200000000000000000e+01 -1.032000000000000000e+03
1.557900000000000000e+04 1.600000000000000000e+01 -2.400000000000000000e+01 -1.040000000000000000e+03
1.561900000000000000e+04 1.600000000000000000e+01 -2.400000000000000000e+01 -1.032000000000000000e+03
1.565900000000000000e+04 2.400000000000000000e+01 -2.400000000000000000e+01 -1.040000000000000000e+03
1.569900000000000000e+04 1.600000000000000000e+01 -3.200000000000000000e+01 -1.032000000000000000e+03
1.573900000000000000e+04 8.000000000000000000e+00 -3.200000000000000000e+01 -1.024000000000000000e+03
1.577900000000000000e+04 8.000000000000000000e+00 -3.200000000000000000e+01 -1.048000000000000000e+03
1.581900000000000000e+04 8.000000000000000000e+00 -3.200000000000000000e+01 -1.000000000000000000e+03
1.585900000000000000e+04 1.600000000000000000e+01 -3.200000000000000000e+01 -1.048000000000000000e+03
1.589000000000000000e+04 2.400000000000000000e+01 -2.400000000000000000e+01 -1.040000000000000000e+03
1.593000000000000000e+04 1.600000000000000000e+01 -3.200000000000000000e+01 -1.048000000000000000e+03
1.597000000000000000e+04 1.600000000000000000e+01 -4.000000000000000000e+01 -1.056000000000000000e+03
1.601000000000000000e+04 2.400000000000000000e+01 -3.200000000000000000e+01 -1.032000000000000000e+03
1.605000000000000000e+04 2.400000000000000000e+01 -2.400000000000000000e+01 -1.008000000000000000e+03
1.609000000000000000e+04 1.600000000000000000e+01 -2.400000000000000000e+01 -1.024000000000000000e+03
1.613000000000000000e+04 2.400000000000000000e+01 -2.400000000000000000e+01 -1.040000000000000000e+03
1.617000000000000000e+04 1.600000000000000000e+01 -1.600000000000000000e+01 -1.032000000000000000e+03
1.621000000000000000e+04 1.600000000000000000e+01 -2.400000000000000000e+01 -1.032000000000000000e+03
1.625000000000000000e+04 1.600000000000000000e+01 -2.400000000000000000e+01 -1.024000000000000000e+03
1.629000000000000000e+04 2.400000000000000000e+01 -3.200000000000000000e+01 -1.024000000000000000e+03
1.633000000000000000e+04 1.600000000000000000e+01 -2.400000000000000000e+01 -1.008000000000000000e+03
1.637000000000000000e+04 8.000000000000000000e+00 -2.400000000000000000e+01 -1.032000000000000000e+03
1.641000000000000000e+04 1.600000000000000000e+01 -2.400000000000000000e+01 -1.024000000000000000e+03
1.645000000000000000e+04 8.000000000000000000e+00 -2.400000000000000000e+01 -1.032000000000000000e+03
1.649000000000000000e+04 1.600000000000000000e+01 -2.400000000000000000e+01 -1.040000000000000000e+03
1.653000000000000000e+04 1.600000000000000000e+01 -2.400000000000000000e+01 -1.016000000000000000e+03
1.657000000000000000e+04 1.600000000000000000e+01 -1.600000000000000000e+01 -1.032000000000000000e+03
1.661000000000000000e+04 1.600000000000000000e+01 -2.400000000000000000e+01 -1.048000000000000000e+03
1.665000000000000000e+04 8.000000000000000000e+00 -2.400000000000000000e+01 -1.024000000000000000e+03
1.669000000000000000e+04 8.000000000000000000e+00 -2.400000000000000000e+01 -1.016000000000000000e+03
1.673000000000000000e+04 1.600000000000000000e+01 -2.400000000000000000e+01 -1.024000000000000000e+03
1.677000000000000000e+04 1.600000000000000000e+01 -2.400000000000000000e+01 -1.024000000000000000e+03
1.681000000000000000e+04 1.600000000000000000e+01 -2.400000000000000000e+01 -1.024000000000000000e+03
1.685000000000000000e+04 1.600000000000000000e+01 -2.400000000000000000e+01 -1.024000000000000000e+03
1.787300000000000000e+04 8.000000000000000000e+00 -3.200000000000000000e+01 -1.024000000000000000e+03
1.791300000000000000e+04 1.600000000000000000e+01 -1.600000000000000000e+01 -1.024000000000000000e+03
1.795300000000000000e+04 2.400000000000000000e+01 -2.400000000000000000e+01 -1.024000000000000000e+03
1.799300000000000000e+04 1.600000000000000000e+01 -2.400000000000000000e+01 -1.032000000000000000e+03
1.803300000000000000e+04 2.400000000000000000e+01 -2.400000000000000000e+01 -1.032000000000000000e+03
1.807300000000000000e+04 3.200000000000000000e+01 -2.400000000000000000e+01 -1.024000000000000000e+03
1.811300000000000000e+04 3.200000000000000000e+01 -2.400000000000000000e+01 -1.040000000000000000e+03
1.815300000000000000e+04 2.400000000000000000e+01 -2.400000000000000000e+01 -1.048000000000000000e+03
1.819300000000000000e+04 1.600000000000000000e+01 -3.200000000000000000e+01 -1.032000000000000000e+03
1.823300000000000000e+04 1.600000000000000000e+01 -2.400000000000000000e+01 -1.032000000000000000e+03
1.827300000000000000e+04 1.600000000000000000e+01 -2.400000000000000000e+01 -1.040000000000000000e+03
1.831300000000000000e+04 1.600000000000000000e+01 -2.400000000000000000e+01 -1.024000000000000000e+03
1.835300000000000000e+04 2.400000000000000000e+01 -1.600000000000000000e+01 -1.032000000000000000e+03
1.839300000000000000e+04 2.400000000000000000e+01 -2.400000000000000000e+01 -1.032000000000000000e+03
1.843300000000000000e+04 1.600000000000000000e+01 -1.600000000000000000e+01 -1.048000000000000000e+03
1.847300000000000000e+04 3.200000000000000000e+01 -3.200000000000000000e+01 -9.680000000000000000e+02
1.851300000000000000e+04 2.400000000000000000e+01 -3.200000000000000000e+01 -1.032000000000000000e+03
1.855300000000000000e+04 1.600000000000000000e+01 -2.400000000000000000e+01 -1.032000000000000000e+03
1.859300000000000000e+04 1.600000000000000000e+01 -2.400000000000000000e+01 -1.008000000000000000e+03
1.863300000000000000e+04 8.000000000000000000e+00 -2.400000000000000000e+01 -1.008000000000000000e+03
1.867300000000000000e+04 1.600000000000000000e+01 -2.400000000000000000e+01 -1.024000000000000000e+03
1.871300000000000000e+04 1.600000000000000000e+01 -2.400000000000000000e+01 -1.032000000000000000e+03
1.875300000000000000e+04 8.000000000000000000e+00 -2.400000000000000000e+01 -1.024000000000000000e+03
1.879300000000000000e+04 8.000000000000000000e+00 -3.200000000000000000e+01 -1.032000000000000000e+03
1.883300000000000000e+04 1.600000000000000000e+01 -3.200000000000000000e+01 -1.024000000000000000e+03
1.886500000000000000e+04 1.600000000000000000e+01 -2.400000000000000000e+01 -1.024000000000000000e+03
1.890500000000000000e+04 1.600000000000000000e+01 -4.000000000000000000e+01 -1.024000000000000000e+03
1.894500000000000000e+04 8.000000000000000000e+00 -4.000000000000000000e+01 -1.024000000000000000e+03
1.898500000000000000e+04 8.000000000000000000e+00 -4.000000000000000000e+01 -1.008000000000000000e+03
1.902500000000000000e+04 8.000000000000000000e+00 -3.200000000000000000e+01 -1.040000000000000000e+03
1.906500000000000000e+04 8.000000000000000000e+00 -2.400000000000000000e+01 -1.016000000000000000e+03
1.910500000000000000e+04 1.600000000000000000e+01 -2.400000000000000000e+01 -1.032000000000000000e+03
1.914500000000000000e+04 8.000000000000000000e+00 -3.200000000000000000e+01 -1.016000000000000000e+03
1.918500000000000000e+04 8.000000000000000000e+00 -3.200000000000000000e+01 -1.048000000000000000e+03
1.922500000000000000e+04 0.000000000000000000e+00 -2.400000000000000000e+01 -1.056000000000000000e+03
1.926500000000000000e+04 8.000000000000000000e+00 -3.200000000000000000e+01 -1.024000000000000000e+03
1.930500000000000000e+04 8.000000000000000000e+00 -1.600000000000000000e+01 -1.016000000000000000e+03
1.934500000000000000e+04 8.000000000000000000e+00 -2.400000000000000000e+01 -1.040000000000000000e+03
1.938500000000000000e+04 1.600000000000000000e+01 -2.400000000000000000e+01 -1.040000000000000000e+03
1.942500000000000000e+04 1.600000000000000000e+01 -2.400000000000000000e+01 -1.024000000000000000e+03
1.946500000000000000e+04 8.000000000000000000e+00 -2.400000000000000000e+01 -1.016000000000000000e+03
1.950500000000000000e+04 1.600000000000000000e+01 -2.400000000000000000e+01 -1.040000000000000000e+03
1.954500000000000000e+04 0.000000000000000000e+00 -2.400000000000000000e+01 -1.016000000000000000e+03
1.958500000000000000e+04 0.000000000000000000e+00 -2.400000000000000000e+01 -1.024000000000000000e+03
1.962500000000000000e+04 1.600000000000000000e+01 -2.400000000000000000e+01 -1.040000000000000000e+03
1.966500000000000000e+04 1.600000000000000000e+01 -2.400000000000000000e+01 -1.016000000000000000e+03
1.970500000000000000e+04 1.600000000000000000e+01 -2.400000000000000000e+01 -1.032000000000000000e+03
1.974500000000000000e+04 1.600000000000000000e+01 -2.400000000000000000e+01 -1.008000000000000000e+03
1.978500000000000000e+04 1.600000000000000000e+01 -3.200000000000000000e+01 -1.048000000000000000e+03
1.982500000000000000e+04 8.000000000000000000e+00 -4.000000000000000000e+01 -1.032000000000000000e+03
1.985700000000000000e+04 1.600000000000000000e+01 -4.000000000000000000e+01 -1.032000000000000000e+03
1.989700000000000000e+04 8.000000000000000000e+00 -3.200000000000000000e+01 -1.040000000000000000e+03
1.993700000000000000e+04 1.600000000000000000e+01 -2.400000000000000000e+01 -1.000000000000000000e+03
1.997700000000000000e+04 8.000000000000000000e+00 -1.600000000000000000e+01 -1.048000000000000000e+03
2.001700000000000000e+04 8.000000000000000000e+00 -2.400000000000000000e+01 -1.008000000000000000e+03
2.005700000000000000e+04 1.600000000000000000e+01 -3.200000000000000000e+01 -1.016000000000000000e+03
2.009700000000000000e+04 1.600000000000000000e+01 -3.200000000000000000e+01 -1.040000000000000000e+03
2.013700000000000000e+04 1.600000000000000000e+01 -3.200000000000000000e+01 -1.032000000000000000e+03
2.017700000000000000e+04 1.600000000000000000e+01 -2.400000000000000000e+01 -1.032000000000000000e+03
2.021700000000000000e+04 1.600000000000000000e+01 -2.400000000000000000e+01 -1.024000000000000000e+03
2.025700000000000000e+04 1.600000000000000000e+01 -2.400000000000000000e+01 -1.024000000000000000e+03
2.029700000000000000e+04 1.600000000000000000e+01 -2.400000000000000000e+01 -1.048000000000000000e+03
2.033700000000000000e+04 1.600000000000000000e+01 -2.400000000000000000e+01 -1.016000000000000000e+03
2.037700000000000000e+04 1.600000000000000000e+01 -2.400000000000000000e+01 -1.040000000000000000e+03
2.041700000000000000e+04 8.000000000000000000e+00 -2.400000000000000000e+01 -1.032000000000000000e+03
2.045700000000000000e+04 8.000000000000000000e+00 -1.600000000000000000e+01 -1.016000000000000000e+03
2.049700000000000000e+04 8.000000000000000000e+00 -2.400000000000000000e+01 -1.016000000000000000e+03
2.053700000000000000e+04 1.600000000000000000e+01 -2.400000000000000000e+01 -1.016000000000000000e+03
2.057700000000000000e+04 1.600000000000000000e+01 -2.400000000000000000e+01 -1.040000000000000000e+03
2.061700000000000000e+04 2.400000000000000000e+01 -2.400000000000000000e+01 -1.024000000000000000e+03
2.065700000000000000e+04 1.600000000000000000e+01 -2.400000000000000000e+01 -1.032000000000000000e+03
2.069700000000000000e+04 2.400000000000000000e+01 -2.400000000000000000e+01 -1.024000000000000000e+03
2.073700000000000000e+04 1.600000000000000000e+01 -2.400000000000000000e+01 -1.024000000000000000e+03
2.077700000000000000e+04 1.600000000000000000e+01 -2.400000000000000000e+01 -1.040000000000000000e+03
2.081700000000000000e+04 1.600000000000000000e+01 -2.400000000000000000e+01 -1.024000000000000000e+03
2.084800000000000000e+04 1.600000000000000000e+01 -2.400000000000000000e+01 -1.024000000000000000e+03
2.088800000000000000e+04 2.400000000000000000e+01 -2.400000000000000000e+01 -1.024000000000000000e+03
2.092800000000000000e+04 2.400000000000000000e+01 -2.400000000000000000e+01 -1.000000000000000000e+03
2.096800000000000000e+04 1.600000000000000000e+01 -1.600000000000000000e+01 -1.024000000000000000e+03
2.100800000000000000e+04 1.600000000000000000e+01 -3.200000000000000000e+01 -1.016000000000000000e+03
2.104800000000000000e+04 1.600000000000000000e+01 -1.600000000000000000e+01 -1.024000000000000000e+03
2.108800000000000000e+04 1.600000000000000000e+01 -2.400000000000000000e+01 -1.032000000000000000e+03
2.112800000000000000e+04 1.600000000000000000e+01 -2.400000000000000000e+01 -1.040000000000000000e+03
2.116800000000000000e+04 1.600000000000000000e+01 -3.200000000000000000e+01 -1.048000000000000000e+03
2.120800000000000000e+04 8.000000000000000000e+00 -2.400000000000000000e+01 -1.040000000000000000e+03
2.124800000000000000e+04 8.000000000000000000e+00 -3.200000000000000000e+01 -1.048000000000000000e+03
2.128800000000000000e+04 2.400000000000000000e+01 -3.200000000000000000e+01 -1.064000000000000000e+03
2.132800000000000000e+04 2.400000000000000000e+01 -3.200000000000000000e+01 -1.032000000000000000e+03
2.136800000000000000e+04 2.400000000000000000e+01 -3.200000000000000000e+01 -1.024000000000000000e+03
2.140800000000000000e+04 8.000000000000000000e+00 -3.200000000000000000e+01 -1.032000000000000000e+03
2.144800000000000000e+04 1.600000000000000000e+01 -2.400000000000000000e+01 -1.032000000000000000e+03
2.148800000000000000e+04 1.600000000000000000e+01 -1.600000000000000000e+01 -1.032000000000000000e+03
2.152800000000000000e+04 2.400000000000000000e+01 -3.200000000000000000e+01 -1.016000000000000000e+03
2.156800000000000000e+04 2.400000000000000000e+01 -3.200000000000000000e+01 -1.040000000000000000e+03
2.160800000000000000e+04 8.000000000000000000e+00 -3.200000000000000000e+01 -1.080000000000000000e+03
2.164800000000000000e+04 2.400000000000000000e+01 -2.400000000000000000e+01 -1.048000000000000000e+03
2.168800000000000000e+04 2.400000000000000000e+01 -2.400000000000000000e+01 -1.040000000000000000e+03
2.172800000000000000e+04 1.600000000000000000e+01 -2.400000000000000000e+01 -1.032000000000000000e+03
2.176800000000000000e+04 2.400000000000000000e+01 -2.400000000000000000e+01 -1.032000000000000000e+03
2.180800000000000000e+04 2.400000000000000000e+01 -3.200000000000000000e+01 -1.016000000000000000e+03
2.184000000000000000e+04 1.600000000000000000e+01 -3.200000000000000000e+01 -1.032000000000000000e+03
2.188000000000000000e+04 1.600000000000000000e+01 -3.200000000000000000e+01 -1.024000000000000000e+03
2.192000000000000000e+04 2.400000000000000000e+01 -1.600000000000000000e+01 -1.032000000000000000e+03
2.196000000000000000e+04 2.400000000000000000e+01 -8.000000000000000000e+00 -1.032000000000000000e+03
2.200000000000000000e+04 1.600000000000000000e+01 -1.600000000000000000e+01 -1.048000000000000000e+03
2.204000000000000000e+04 8.000000000000000000e+00 -8.000000000000000000e+00 -1.024000000000000000e+03
2.208000000000000000e+04 8.000000000000000000e+00 -1.600000000000000000e+01 -1.032000000000000000e+03
2.212000000000000000e+04 1.600000000000000000e+01 -2.400000000000000000e+01 -1.016000000000000000e+03
2.216000000000000000e+04 1.600000000000000000e+01 -2.400000000000000000e+01 -1.008000000000000000e+03
2.220000000000000000e+04 1.600000000000000000e+01 -2.400000000000000000e+01 -1.032000000000000000e+03
2.224000000000000000e+04 3.200000000000000000e+01 -2.400000000000000000e+01 -1.040000000000000000e+03
2.228000000000000000e+04 2.400000000000000000e+01 -3.200000000000000000e+01 -1.000000000000000000e+03
2.232000000000000000e+04 1.600000000000000000e+01 -2.400000000000000000e+01 -1.040000000000000000e+03
2.236000000000000000e+04 2.400000000000000000e+01 -2.400000000000000000e+01 -1.056000000000000000e+03
2.240000000000000000e+04 1.600000000000000000e+01 -3.200000000000000000e+01 -1.040000000000000000e+03
2.244000000000000000e+04 1.600000000000000000e+01 -2.400000000000000000e+01 -1.064000000000000000e+03
2.248000000000000000e+04 1.600000000000000000e+01 -2.400000000000000000e+01 -1.040000000000000000e+03
2.252000000000000000e+04 1.600000000000000000e+01 -2.400000000000000000e+01 -1.024000000000000000e+03
2.256000000000000000e+04 2.400000000000000000e+01 -1.600000000000000000e+01 -1.016000000000000000e+03
2.260000000000000000e+04 3.200000000000000000e+01 -2.400000000000000000e+01 -1.032000000000000000e+03
2.264000000000000000e+04 3.200000000000000000e+01 -2.400000000000000000e+01 -1.048000000000000000e+03
2.268000000000000000e+04 2.400000000000000000e+01 -2.400000000000000000e+01 -1.040000000000000000e+03
2.272000000000000000e+04 2.400000000000000000e+01 -2.400000000000000000e+01 -1.032000000000000000e+03
2.276000000000000000e+04 2.400000000000000000e+01 -2.400000000000000000e+01 -1.032000000000000000e+03
2.280000000000000000e+04 1.600000000000000000e+01 -2.400000000000000000e+01 -1.064000000000000000e+03
