5.990200000000000000e+05 1.600000000000000000e+01 -1.600000000000000000e+01 -1.032000000000000000e+03
5.990600000000000000e+05 8.000000000000000000e+00 -8.000000000000000000e+00 -1.016000000000000000e+03
5.991000000000000000e+05 1.600000000000000000e+01 -2.400000000000000000e+01 -1.048000000000000000e+03
5.991400000000000000e+05 1.600000000000000000e+01 -2.400000000000000000e+01 -1.016000000000000000e+03
5.991800000000000000e+05 1.600000000000000000e+01 -2.400000000000000000e+01 -1.024000000000000000e+03
5.992200000000000000e+05 1.600000000000000000e+01 -2.400000000000000000e+01 -1.024000000000000000e+03
5.992600000000000000e+05 1.600000000000000000e+01 -2.400000000000000000e+01 -1.040000000000000000e+03
5.993000000000000000e+05 2.400000000000000000e+01 -2.400000000000000000e+01 -1.024000000000000000e+03
5.993400000000000000e+05 2.400000000000000000e+01 -1.600000000000000000e+01 -1.024000000000000000e+03
5.993800000000000000e+05 1.600000000000000000e+01 -2.400000000000000000e+01 -1.016000000000000000e+03
5.994200000000000000e+05 8.000000000000000000e+00 -1.600000000000000000e+01 -1.048000000000000000e+03
5.994600000000000000e+05 1.600000000000000000e+01 -8.000000000000000000e+00 -1.024000000000000000e+03
5.995000000000000000e+05 1.600000000000000000e+01 -1.600000000000000000e+01 -1.040000000000000000e+03
5.995400000000000000e+05 1.600000000000000000e+01 -1.600000000000000000e+01 -1.040000000000000000e+03
5.995800000000000000e+05 2.400000000000000000e+01 -1.600000000000000000e+01 -1.032000000000000000e+03
5.996200000000000000e+05 2.400000000000000000e+01 -1.600000000000000000e+01 -1.032000000000000000e+03
5.996600000000000000e+05 2.400000000000000000e+01 -2.400000000000000000e+01 -1.032000000000000000e+03
5.997000000000000000e+05 2.400000000000000000e+01 -2.400000000000000000e+01 -1.024000000000000000e+03
5.997400000000000000e+05 1.600000000000000000e+01 -2.400000000000000000e+01 -1.032000000000000000e+03
5.997800000000000000e+05 1.600000000000000000e+01 -2.400000000000000000e+01 -1.040000000000000000e+03
5.998200000000000000e+05 1.600000000000000000e+01 -1.600000000000000000e+01 -1.048000000000000000e+03
5.998600000000000000e+05 1.600000000000000000e+01 -2.400000000000000000e+01 -1.032000000000000000e+03
5.999000000000000000e+05 1.600000000000000000e+01 -3.200000000000000000e+01 -1.032000000000000000e+03
5.999400000000000000e+05 2.400000000000000000e+01 -2.400000000000000000e+01 -1.024000000000000000e+03
5.999800000000000000e+05 1.600000000000000000e+01 -2.400000000000000000e+01 -1.040000000000000000e+03
6.029860000000000000e+05 1.600000000000000000e+01 -2.400000000000000000e+01 -1.032000000000000000e+03
6.030260000000000000e+05 1.600000000000000000e+01 -2.400000000000000000e+01 -1.024000000000000000e+03
6.030660000000000000e+05 2.400000000000000000e+01 -2.400000000000000000e+01 -1.064000000000000000e+03
6.031060000000000000e+05 2.400000000000000000e+01 -2.400000000000000000e+01 -1.040000000000000000e+03
6.031460000000000000e+05 8.000000000000000000e+00 -1.600000000000000000e+01 -1.016000000000000000e+03
6.031860000000000000e+05 1.600000000000000000e+01 -2.400000000000000000e+01 -1.032000000000000000e+03
6.032260000000000000e+05 1.600000000000000000e+01 -1.600000000000000000e+01 -1.040000000000000000e+03
6.032660000000000000e+05 2.400000000000000000e+01 -1.600000000000000000e+01 -1.048000000000000000e+03
6.033060000000000000e+05 1.600000000000000000e+01 -2.400000000000000000e+01 -1.032000000000000000e+03
6.033460000000000000e+05 2.400000000000000000e+01 -2.400000000000000000e+01 -1.032000000000000000e+03
6.033860000000000000e+05 1.600000000000000000e+01 -2.400000000000000000e+01 -1.040000000000000000e+03
6.034260000000000000e+05 1.600000000000000000e+01 -2.400000000000000000e+01 -1.024000000000000000e+03
6.034660000000000000e+05 1.600000000000000000e+01 -2.400000000000000000e+01 -1.024000000000000000e+03
6.035060000000000000e+05 1.600000000000000000e+01 -2.400000000000000000e+01 -1.024000000000000000e+03
6.035460000000000000e+05 1.600000000000000000e+01 -2.400000000000000000e+01 -1.040000000000000000e+03
6.035860000000000000e+05 2.400000000000000000e+01 -1.600000000000000000e+01 -1.048000000000000000e+03
6.036260000000000000e+05 2.400000000000000000e+01 -1.600000000000000000e+01 -1.048000000000000000e+03
6.036660000000000000e+05 1.600000000000000000e+01 -2.400000000000000000e+01 -1.000000000000000000e+03
6.037060000000000000e+05 1.600000000000000000e+01 -1.600000000000000000e+01 -1.024000000000000000e+03
6.037460000000000000e+05 1.600000000000000000e+01 -2.400000000000000000e+01 -1.040000000000000000e+03
6.037860000000000000e+05 1.600000000000000000e+01 -2.400000000000000000e+01 -1.024000000000000000e+03
6.038260000000000000e+05 2.400000000000000000e+01 -2.400000000000000000e+01 -1.040000000000000000e+03
6.038660000000000000e+05 3.200000000000000000e+01 -2.400000000000000000e+01 -1.048000000000000000e+03
6.039060000000000000e+05 2.400000000000000000e+01 -2.400000000000000000e+01 -1.032000000000000000e+03
6.039460000000000000e+05 2.400000000000000000e+01 -2.400000000000000000e+01 -1.040000000000000000e+03
6.069520000000000000e+05 1.600000000000000000e+01 -1.600000000000000000e+01 -1.032000000000000000e+03
6.069920000000000000e+05 8.000000000000000000e+00 -2.400000000000000000e+01 -1.048000000000000000e+03
6.070320000000000000e+05 8.000000000000000000e+00 -2.400000000000000000e+01 -1.032000000000000000e+03
6.070720000000000000e+05 1.600000000000000000e+01 -1.600000000000000000e+01 -1.048000000000000000e+03
6.071120000000000000e+05 2.400000000000000000e+01 -1.600000000000000000e+01 -1.032000000000000000e+03
6.071520000000000000e+05 2.400000000000000000e+01 -1.600000000000000000e+01 -1.024000000000000000e+03
6.071920000000000000e+05 1.600000000000000000e+01 -2.400000000000000000e+01 -1.080000000000000000e+03
6.072320000000000000e+05 1.600000000000000000e+01 -8.000000000000000000e+00 -1.032000000000000000e+03
6.072720000000000000e+05 1.600000000000000000e+01 -1.600000000000000000e+01 -1.040000000000000000e+03
6.073120000000000000e+05 2.400000000000000000e+01 -2.400000000000000000e+01 -1.024000000000000000e+03
6.073520000000000000e+05 1.600000000000000000e+01 -2.400000000000000000e+01 -1.024000000000000000e+03
6.073920000000000000e+05 8.000000000000000000e+00 -1.600000000000000000e+01 -1.032000000000000000e+03
6.074320000000000000e+05 1.600000000000000000e+01 -2.400000000000000000e+01 -1.040000000000000000e+03
6.074720000000000000e+05 2.400000000000000000e+01 -3.200000000000000000e+01 -1.000000000000000000e+03
6.075120000000000000e+05 3.200000000000000000e+01 -3.200000000000000000e+01 -1.032000000000000000e+03
6.075520000000000000e+05 2.400000000000000000e+01 -2.400000000000000000e+01 -1.016000000000000000e+03
6.075920000000000000e+05 2.400000000000000000e+01 -2.400000000000000000e+01 -1.048000000000000000e+03
6.076320000000000000e+05 2.400000000000000000e+01 -2.400000000000000000e+01 -1.040000000000000000e+03
6.076720000000000000e+05 2.400000000000000000e+01 -2.400000000000000000e+01 -1.024000000000000000e+03
6.077120000000000000e+05 2.400000000000000000e+01 -3.200000000000000000e+01 -1.024000000000000000e+03
6.077520000000000000e+05 2.400000000000000000e+01 -2.400000000000000000e+01 -1.040000000000000000e+03
6.077920000000000000e+05 1.600000000000000000e+01 -2.400000000000000000e+01 -1.032000000000000000e+03
6.078320000000000000e+05 1.600000000000000000e+01 -2.400000000000000000e+01 -1.032000000000000000e+03
6.078720000000000000e+05 1.600000000000000000e+01 -2.400000000000000000e+01 -1.040000000000000000e+03
6.079120000000000000e+05 1.600000000000000000e+01 -8.000000000000000000e+00 -1.032000000000000000e+03
6.109180000000000000e+05 0.000000000000000000e+00 -3.200000000000000000e+01 -1.024000000000000000e+03
6.109580000000000000e+05 0.000000000000000000e+00 -3.200000000000000000e+01 -1.032000000000000000e+03
6.109980000000000000e+05 8.000000000000000000e+00 -2.400000000000000000e+01 -1.040000000000000000e+03
6.110380000000000000e+05 8.000000000000000000e+00 -2.400000000000000000e+01 -1.032000000000000000e+03
6.110780000000000000e+05 1.600000000000000000e+01 -2.400000000000000000e+01 -1.040000000000000000e+03
6.111180000000000000e+05 1.600000000000000000e+01 -2.400000000000000000e+01 -1.032000000000000000e+03
6.111580000000000000e+05 1.600000000000000000e+01 -1.600000000000000000e+01 -1.016000000000000000e+03
6.111980000000000000e+05 1.600000000000000000e+01 -1.600000000000000000e+01 -1.032000000000000000e+03
6.112380000000000000e+05 1.600000000000000000e+01 -2.400000000000000000e+01 -1.040000000000000000e+03
6.112780000000000000e+05 1.600000000000000000e+01 -3.200000000000000000e+01 -1.032000000000000000e+03
6.113180000000000000e+05 1.600000000000000000e+01 -3.200000000000000000e+01 -1.024000000000000000e+03
6.113580000000000000e+05 8.000000000000000000e+00 -3.200000000000000000e+01 -1.024000000000000000e+03
6.113980000000000000e+05 1.600000000000000000e+01 -2.400000000000000000e+01 -1.048000000000000000e+03
6.114380000000000000e+05 1.600000000000000000e+01 -2.400000000000000000e+01 -1.040000000000000000e+03
6.114780000000000000e+05 1.600000000000000000e+01 -2.400000000000000000e+01 -1.024000000000000000e+03
6.115180000000000000e+05 2.400000000000000000e+01 -1.600000000000000000e+01 -1.040000000000000000e+03
6.115580000000000000e+05 2.400000000000000000e+01 -8.000000000000000000e+00 -1.024000000000000000e+03
6.115980000000000000e+05 2.400000000000000000e+01 -8.000000000000000000e+00 -1.032000000000000000e+03
6.116380000000000000e+05 1.600000000000000000e+01 -1.600000000000000000e+01 -1.024000000000000000e+03
6.116780000000000000e+05 1.600000000000000000e+01 -2.400000000000000000e+01 -1.016000000000000000e+03
6.117180000000000000e+05 1.600000000000000000e+01 -2.400000000000000000e+01 -1.040000000000000000e+03
6.117580000000000000e+05 1.600000000000000000e+01 -2.400000000000000000e+01 -1.032000000000000000e+03
6.117980000000000000e+05 1.600000000000000000e+01 -2.400000000000000000e+01 -1.048000000000000000e+03
6.118380000000000000e+05 1.600000000000000000e+01 -2.400000000000000000e+01 -1.024000000000000000e+03
6.118780000000000000e+05 1.600000000000000000e+01 -1.600000000000000000e+01 -1.048000000000000000e+03
6.148830000000000000e+05 1.600000000000000000e+01 -2.400000000000000000e+01 -1.032000000000000000e+03
6.149230000000000000e+05 1.600000000000000000e+01 -4.000000000000000000e+01 -1.040000000000000000e+03
6.149630000000000000e+05 1.600000000000000000e+01 -3.200000000000000000e+01 -1.032000000000000000e+03
6.150030000000000000e+05 1.600000000000000000e+01 -3.200000000000000000e+01 -1.040000000000000000e+03
6.150430000000000000e+05 1.600000000000000000e+01 -3.200000000000000000e+01 -1.032000000000000000e+03
6.150830000000000000e+05 1.600000000000000000e+01 -2.400000000000000000e+01 -1.048000000000000000e+03
6.151230000000000000e+05 1.600000000000000000e+01 -1.600000000000000000e+01 -1.040000000000000000e+03
6.151630000000000000e+05 1.600000000000000000e+01 -2.400000000000000000e+01 -1.040000000000000000e+03
6.152030000000000000e+05 1.600000000000000000e+01 -2.400000000000000000e+01 -1.016000000000000000e+03
6.152430000000000000e+05 1.600000000000000000e+01 -1.600000000000000000e+01 -1.008000000000000000e+03
6.152830000000000000e+05 1.600000000000000000e+01 -1.600000000000000000e+01 -1.040000000000000000e+03
6.153230000000000000e+05 4.000000000000000000e+01 -1.600000000000000000e+01 -1.032000000000000000e+03
6.153630000000000000e+05 1.600000000000000000e+01 -1.600000000000000000e+01 -1.040000000000000000e+03
6.154030000000000000e+05 3.200000000000000000e+01 -1.600000000000000000e+01 -1.040000000000000000e+03
6.154430000000000000e+05 2.400000000000000000e+01 -2.400000000000000000e+01 -1.032000000000000000e+03
6.154830000000000000e+05 1.600000000000000000e+01 -2.400000000000000000e+01 -1.024000000000000000e+03
6.155230000000000000e+05 2.400000000000000000e+01 -2.400000000000000000e+01 -1.040000000000000000e+03
6.155630000000000000e+05 1.600000000000000000e+01 -2.400000000000000000e+01 -1.032000000000000000e+03
6.156030000000000000e+05 1.600000000000000000e+01 -2.400000000000000000e+01 -1.040000000000000000e+03
6.156430000000000000e+05 2.400000000000000000e+01 -2.400000000000000000e+01 -1.032000000000000000e+03
6.156830000000000000e+05 1.600000000000000000e+01 -2.400000000000000000e+01 -1.024000000000000000e+03
6.157230000000000000e+05 1.600000000000000000e+01 -2.400000000000000000e+01 -1.032000000000000000e+03
6.157630000000000000e+05 2.400000000000000000e+01 -2.400000000000000000e+01 -1.040000000000000000e+03
6.158030000000000000e+05 1.600000000000000000e+01 -2.400000000000000000e+01 -1.032000000000000000e+03
6.158430000000000000e+05 1.600000000000000000e+01 -1.600000000000000000e+01 -1.024000000000000000e+03
6.188490000000000000e+05 2.400000000000000000e+01 -2.400000000000000000e+01 -1.040000000000000000e+03
6.188890000000000000e+05 1.600000000000000000e+01 -4.000000000000000000e+01 -1.048000000000000000e+03
6.189290000000000000e+05 8.000000000000000000e+00 -2.400000000000000000e+01 -1.048000000000000000e+03
6.189690000000000000e+05 1.600000000000000000e+01 -2.400000000000000000e+01 -1.024000000000000000e+03
6.190090000000000000e+05 1.600000000000000000e+01 -2.400000000000000000e+01 -1.032000000000000000e+03
6.190490000000000000e+05 8.000000000000000000e+00 -2.400000000000000000e+01 -1.024000000000000000e+03
6.190890000000000000e+05 1.600000000000000000e+01 -3.200000000000000000e+01 -1.032000000000000000e+03
6.191290000000000000e+05 2.400000000000000000e+01 -2.400000000000000000e+01 -1.024000000000000000e+03
6.191690000000000000e+05 8.000000000000000000e+00 -1.600000000000000000e+01 -1.024000000000000000e+03
6.192090000000000000e+05 1.600000000000000000e+01 -2.400000000000000000e+01 -1.048000000000000000e+03
6.192490000000000000e+05 2.400000000000000000e+01 -3.200000000000000000e+01 -1.024000000000000000e+03
6.192890000000000000e+05 1.600000000000000000e+01 -2.400000000000000000e+01 -1.024000000000000000e+03
6.193290000000000000e+05 1.600000000000000000e+01 -2.400000000000000000e+01 -1.016000000000000000e+03
6.193690000000000000e+05 1.600000000000000000e+01 -2.400000000000000000e+01 -1.040000000000000000e+03
6.194090000000000000e+05 1.600000000000000000e+01 -2.400000000000000000e+01 -1.032000000000000000e+03
6.194490000000000000e+05 1.600000000000000000e+01 -3.200000000000000000e+01 -1.024000000000000000e+03
6.194890000000000000e+05 1.600000000000000000e+01 -3.200000000000000000e+01 -1.040000000000000000e+03
6.195290000000000000e+05 2.400000000000000000e+01 -2.400000000000000000e+01 -1.032000000000000000e+03
6.195690000000000000e+05 1.600000000000000000e+01 -2.400000000000000000e+01 -1.024000000000000000e+03
6.196090000000000000e+05 1.600000000000000000e+01 -2.400000000000000000e+01 -1.032000000000000000e+03
6.196490000000000000e+05 1.600000000000000000e+01 -2.400000000000000000e+01 -1.024000000000000000e+03
6.196890000000000000e+05 1.600000000000000000e+01 -1.600000000000000000e+01 -1.032000000000000000e+03
6.197290000000000000e+05 8.000000000000000000e+00 -1.600000000000000000e+01 -1.024000000000000000e+03
6.197690000000000000e+05 2.400000000000000000e+01 -2.400000000000000000e+01 -1.024000000000000000e+03
6.198090000000000000e+05 1.600000000000000000e+01 -2.400000000000000000e+01 -1.024000000000000000e+03
