7.300000000000000000e+01 0.000000000000000000e+00 -2.400000000000000000e+01 -1.048000000000000000e+03
1.130000000000000000e+02 8.000000000000000000e+00 -1.600000000000000000e+01 -1.032000000000000000e+03
1.530000000000000000e+02 8.000000000000000000e+00 -2.400000000000000000e+01 -1.040000000000000000e+03
1.930000000000000000e+02 1.600000000000000000e+01 -1.600000000000000000e+01 -1.040000000000000000e+03
2.330000000000000000e+02 2.400000000000000000e+01 -1.600000000000000000e+01 -1.056000000000000000e+03
2.730000000000000000e+02 3.200000000000000000e+01 -8.000000000000000000e+00 -1.040000000000000000e+03
3.130000000000000000e+02 2.400000000000000000e+01 -8.000000000000000000e+00 -1.048000000000000000e+03
3.530000000000000000e+02 2.400000000000000000e+01 -1.600000000000000000e+01 -1.064000000000000000e+03
3.930000000000000000e+02 4.000000000000000000e+01 -1.600000000000000000e+01 -1.024000000000000000e+03
4.330000000000000000e+02 4.000000000000000000e+01 -2.400000000000000000e+01 -1.024000000000000000e+03
4.730000000000000000e+02 3.200000000000000000e+01 -4.000000000000000000e+01 -9.760000000000000000e+02
5.130000000000000000e+02 4.000000000000000000e+01 -2.400000000000000000e+01 -1.032000000000000000e+03
5.530000000000000000e+02 4.000000000000000000e+01 0.000000000000000000e+00 -1.032000000000000000e+03
5.930000000000000000e+02 4.000000000000000000e+01 -8.000000000000000000e+00 -1.024000000000000000e+03
6.330000000000000000e+02 2.400000000000000000e+01 -1.600000000000000000e+01 -1.032000000000000000e+03
6.730000000000000000e+02 2.400000000000000000e+01 -8.000000000000000000e+00 -1.056000000000000000e+03
7.130000000000000000e+02 4.000000000000000000e+01 -1.600000000000000000e+01 -1.032000000000000000e+03
7.530000000000000000e+02 4.000000000000000000e+01 -2.400000000000000000e+01 -1.000000000000000000e+03
7.930000000000000000e+02 3.200000000000000000e+01 -1.600000000000000000e+01 -1.056000000000000000e+03
8.330000000000000000e+02 4.000000000000000000e+01 -1.600000000000000000e+01 -1.024000000000000000e+03
8.730000000000000000e+02 4.000000000000000000e+01 -1.600000000000000000e+01 -1.032000000000000000e+03
9.130000000000000000e+02 1.600000000000000000e+01 -1.600000000000000000e+01 -1.024000000000000000e+03
9.530000000000000000e+02 3.200000000000000000e+01 -3.200000000000000000e+01 -1.032000000000000000e+03
9.930000000000000000e+02 2.400000000000000000e+01 -2.400000000000000000e+01 -1.080000000000000000e+03
1.033000000000000000e+03 2.400000000000000000e+01 -2.400000000000000000e+01 -1.032000000000000000e+03
1.067000000000000000e+03 8.000000000000000000e+00 -2.400000000000000000e+01 -1.040000000000000000e+03
1.107000000000000000e+03 8.000000000000000000e+00 -3.200000000000000000e+01 -1.048000000000000000e+03
1.147000000000000000e+03 1.600000000000000000e+01 -5.600000000000000000e+01 -1.040000000000000000e+03
1.187000000000000000e+03 4.000000000000000000e+01 -4.000000000000000000e+01 -1.040000000000000000e+03
1.227000000000000000e+03 4.000000000000000000e+01 -1.600000000000000000e+01 -1.040000000000000000e+03
1.267000000000000000e+03 4.000000000000000000e+01 -1.600000000000000000e+01 -1.064000000000000000e+03
1.307000000000000000e+03 1.600000000000000000e+01 -2.400000000000000000e+01 -1.064000000000000000e+03
1.347000000000000000e+03 2.400000000000000000e+01 -1.600000000000000000e+01 -1.032000000000000000e+03
1.387000000000000000e+03 8.000000000000000000e+00 -1.600000000000000000e+01 -1.032000000000000000e+03
1.427000000000000000e+03 0.000000000000000000e+00 -1.600000000000000000e+01 -1.016000000000000000e+03
1.467000000000000000e+03 8.000000000000000000e+00 -2.400000000000000000e+01 -1.032000000000000000e+03
1.507000000000000000e+03 1.600000000000000000e+01 0.000000000000000000e+00 -1.040000000000000000e+03
1.547000000000000000e+03 8.000000000000000000e+00 -8.000000000000000000e+00 -9.920000000000000000e+02
1.587000000000000000e+03 1.600000000000000000e+01 -1.600000000000000000e+01 -1.024000000000000000e+03
1.627000000000000000e+03 1.600000000000000000e+01 -1.600000000000000000e+01 -1.024000000000000000e+03
1.667000000000000000e+03 2.400000000000000000e+01 -1.600000000000000000e+01 -1.032000000000000000e+03
1.707000000000000000e+03 1.600000000000000000e+01 -4.000000000000000000e+01 -1.048000000000000000e+03
1.747000000000000000e+03 1.600000000000000000e+01 -3.200000000000000000e+01 -1.048000000000000000e+03
1.787000000000000000e+03 1.600000000000000000e+01 -2.400000000000000000e+01 -1.048000000000000000e+03
1.827000000000000000e+03 1.600000000000000000e+01 -2.400000000000000000e+01 -1.024000000000000000e+03
1.867000000000000000e+03 2.400000000000000000e+01 -2.400000000000000000e+01 -1.024000000000000000e+03
1.907000000000000000e+03 2.400000000000000000e+01 -4.000000000000000000e+01 -1.040000000000000000e+03
1.947000000000000000e+03 2.400000000000000000e+01 -1.600000000000000000e+01 -1.040000000000000000e+03
1.987000000000000000e+03 1.600000000000000000e+01 -1.600000000000000000e+01 -1.040000000000000000e+03
2.027000000000000000e+03 0.000000000000000000e+00 -1.600000000000000000e+01 -1.048000000000000000e+03
2.060000000000000000e+03 1.600000000000000000e+01 -8.000000000000000000e+00 -1.024000000000000000e+03
2.100000000000000000e+03 4.800000000000000000e+01 0.000000000000000000e+00 -1.032000000000000000e+03
2.140000000000000000e+03 1.600000000000000000e+01 0.000000000000000000e+00 -1.120000000000000000e+03
2.180000000000000000e+03 2.400000000000000000e+01 -8.000000000000000000e+00 -9.920000000000000000e+02
2.220000000000000000e+03 1.600000000000000000e+01 -1.600000000000000000e+01 -1.032000000000000000e+03
2.260000000000000000e+03 1.600000000000000000e+01 -2.400000000000000000e+01 -1.040000000000000000e+03
2.300000000000000000e+03 4.000000000000000000e+01 -8.000000000000000000e+00 -1.024000000000000000e+03
2.340000000000000000e+03 4.000000000000000000e+01 -8.000000000000000000e+00 -1.024000000000000000e+03
2.380000000000000000e+03 3.200000000000000000e+01 -8.000000000000000000e+00 -1.040000000000000000e+03
2.420000000000000000e+03 4.000000000000000000e+01 -2.400000000000000000e+01 -1.032000000000000000e+03
2.460000000000000000e+03 4.000000000000000000e+01 -2.400000000000000000e+01 -1.024000000000000000e+03
2.500000000000000000e+03 3.200000000000000000e+01 -2.400000000000000000e+01 -1.040000000000000000e+03
2.540000000000000000e+03 1.600000000000000000e+01 -8.000000000000000000e+00 -1.032000000000000000e+03
2.580000000000000000e+03 2.400000000000000000e+01 -1.600000000000000000e+01 -1.048000000000000000e+03
2.620000000000000000e+03 8.000000000000000000e+00 -2.400000000000000000e+01 -1.032000000000000000e+03
2.660000000000000000e+03 8.000000000000000000e+00 -1.600000000000000000e+01 -1.024000000000000000e+03
2.700000000000000000e+03 1.600000000000000000e+01 -2.400000000000000000e+01 -1.032000000000000000e+03
2.740000000000000000e+03 1.600000000000000000e+01 -1.600000000000000000e+01 -1.016000000000000000e+03
2.780000000000000000e+03 2.400000000000000000e+01 -8.000000000000000000e+00 -1.032000000000000000e+03
2.820000000000000000e+03 8.000000000000000000e+00 -2.400000000000000000e+01 -1.056000000000000000e+03
2.860000000000000000e+03 8.000000000000000000e+00 -8.000000000000000000e+00 -1.048000000000000000e+03
2.900000000000000000e+03 1.600000000000000000e+01 -8.000000000000000000e+00 -1.032000000000000000e+03
2.940000000000000000e+03 2.400000000000000000e+01 -1.600000000000000000e+01 -1.032000000000000000e+03
2.980000000000000000e+03 3.200000000000000000e+01 -1.600000000000000000e+01 -1.024000000000000000e+03
3.020000000000000000e+03 1.600000000000000000e+01 -1.600000000000000000e+01 -1.064000000000000000e+03
3.052000000000000000e+03 1.600000000000000000e+01 -2.400000000000000000e+01 -1.040000000000000000e+03
3.092000000000000000e+03 1.600000000000000000e+01 -2.400000000000000000e+01 -1.064000000000000000e+03
3.132000000000000000e+03 1.600000000000000000e+01 -2.400000000000000000e+01 -1.024000000000000000e+03
3.172000000000000000e+03 2.400000000000000000e+01 -8.000000000000000000e+00 -1.080000000000000000e+03
3.212000000000000000e+03 2.400000000000000000e+01 -8.000000000000000000e+00 -1.032000000000000000e+03
3.252000000000000000e+03 1.600000000000000000e+01 -1.600000000000000000e+01 -1.048000000000000000e+03
3.292000000000000000e+03 3.200000000000000000e+01 -1.600000000000000000e+01 -1.056000000000000000e+03
3.332000000000000000e+03 2.400000000000000000e+01 -1.600000000000000000e+01 -1.048000000000000000e+03
3.372000000000000000e+03 2.400000000000000000e+01 0.000000000000000000e+00 -1.008000000000000000e+03
3.412000000000000000e+03 2.400000000000000000e+01 -8.000000000000000000e+00 -1.024000000000000000e+03
3.452000000000000000e+03 1.600000000000000000e+01 -1.600000000000000000e+01 -1.016000000000000000e+03
3.492000000000000000e+03 2.400000000000000000e+01 -1.600000000000000000e+01 -1.040000000000000000e+03
3.532000000000000000e+03 2.400000000000000000e+01 -1.600000000000000000e+01 -1.016000000000000000e+03
3.572000000000000000e+03 4.800000000000000000e+01 -2.400000000000000000e+01 -1.032000000000000000e+03
3.612000000000000000e+03 4.000000000000000000e+01 -2.400000000000000000e+01 -1.080000000000000000e+03
3.652000000000000000e+03 2.400000000000000000e+01 -1.600000000000000000e+01 -1.032000000000000000e+03
3.692000000000000000e+03 1.600000000000000000e+01 -4.000000000000000000e+01 -1.032000000000000000e+03
3.732000000000000000e+03 1.600000000000000000e+01 -2.400000000000000000e+01 -1.040000000000000000e+03
3.772000000000000000e+03 2.400000000000000000e+01 -2.400000000000000000e+01 -1.032000000000000000e+03
3.812000000000000000e+03 1.600000000000000000e+01 -3.200000000000000000e+01 -1.032000000000000000e+03
3.852000000000000000e+03 1.600000000000000000e+01 -2.400000000000000000e+01 -1.016000000000000000e+03
3.892000000000000000e+03 0.000000000000000000e+00 -1.600000000000000000e+01 -1.056000000000000000e+03
3.932000000000000000e+03 8.000000000000000000e+00 -2.400000000000000000e+01 -1.024000000000000000e+03
3.972000000000000000e+03 1.600000000000000000e+01 -1.600000000000000000e+01 -1.016000000000000000e+03
4.012000000000000000e+03 1.600000000000000000e+01 -1.600000000000000000e+01 -1.032000000000000000e+03
4.045000000000000000e+03 2.400000000000000000e+01 -2.400000000000000000e+01 -1.048000000000000000e+03
4.085000000000000000e+03 2.400000000000000000e+01 -3.200000000000000000e+01 -1.032000000000000000e+03
4.125000000000000000e+03 2.400000000000000000e+01 -2.400000000000000000e+01 -1.016000000000000000e+03
4.165000000000000000e+03 1.600000000000000000e+01 -2.400000000000000000e+01 -1.024000000000000000e+03
4.205000000000000000e+03 1.600000000000000000e+01 0.000000000000000000e+00 -1.000000000000000000e+03
4.245000000000000000e+03 1.600000000000000000e+01 -2.400000000000000000e+01 -1.024000000000000000e+03
4.285000000000000000e+03 2.400000000000000000e+01 -2.400000000000000000e+01 -1.056000000000000000e+03
4.325000000000000000e+03 8.000000000000000000e+00 0.000000000000000000e+00 -1.064000000000000000e+03
4.365000000000000000e+03 1.600000000000000000e+01 -8.000000000000000000e+00 -1.032000000000000000e+03
4.405000000000000000e+03 1.600000000000000000e+01 -1.600000000000000000e+01 -1.024000000000000000e+03
4.445000000000000000e+03 8.000000000000000000e+00 -1.600000000000000000e+01 -1.024000000000000000e+03
4.485000000000000000e+03 2.400000000000000000e+01 -8.000000000000000000e+00 -1.200000000000000000e+03
4.525000000000000000e+03 2.400000000000000000e+01 -2.400000000000000000e+01 -1.016000000000000000e+03
4.565000000000000000e+03 1.600000000000000000e+01 -1.600000000000000000e+01 -1.040000000000000000e+03
4.605000000000000000e+03 2.400000000000000000e+01 -2.400000000000000000e+01 -1.072000000000000000e+03
4.645000000000000000e+03 3.200000000000000000e+01 -2.400000000000000000e+01 -1.016000000000000000e+03
4.685000000000000000e+03 3.200000000000000000e+01 -8.000000000000000000e+00 -1.032000000000000000e+03
4.725000000000000000e+03 2.400000000000000000e+01 -1.600000000000000000e+01 -1.056000000000000000e+03
4.765000000000000000e+03 2.400000000000000000e+01 -1.600000000000000000e+01 -1.056000000000000000e+03
4.805000000000000000e+03 2.400000000000000000e+01 -1.600000000000000000e+01 -1.048000000000000000e+03
4.845000000000000000e+03 1.600000000000000000e+01 -8.000000000000000000e+00 -1.032000000000000000e+03
4.885000000000000000e+03 1.600000000000000000e+01 -8.000000000000000000e+00 -1.024000000000000000e+03
4.925000000000000000e+03 3.200000000000000000e+01 -1.600000000000000000e+01 -1.048000000000000000e+03
4.965000000000000000e+03 1.600000000000000000e+01 -3.200000000000000000e+01 -1.032000000000000000e+03
5.005000000000000000e+03 2.400000000000000000e+01 -3.200000000000000000e+01 -1.032000000000000000e+03
5.037000000000000000e+03 1.600000000000000000e+01 -8.000000000000000000e+00 -1.064000000000000000e+03
5.077000000000000000e+03 1.600000000000000000e+01 -8.000000000000000000e+00 -1.040000000000000000e+03
5.117000000000000000e+03 1.600000000000000000e+01 -1.600000000000000000e+01 -1.064000000000000000e+03
5.157000000000000000e+03 -8.000000000000000000e+00 -1.600000000000000000e+01 -9.680000000000000000e+02
5.197000000000000000e+03 8.000000000000000000e+00 0.000000000000000000e+00 -1.024000000000000000e+03
5.237000000000000000e+03 8.000000000000000000e+00 -8.000000000000000000e+00 -1.024000000000000000e+03
5.277000000000000000e+03 -2.400000000000000000e+01 -3.200000000000000000e+01 -1.048000000000000000e+03
5.317000000000000000e+03 0.000000000000000000e+00 -2.400000000000000000e+01 -9.920000000000000000e+02
5.357000000000000000e+03 1.600000000000000000e+01 -1.600000000000000000e+01 -1.024000000000000000e+03
5.397000000000000000e+03 1.600000000000000000e+01 -4.000000000000000000e+01 -1.024000000000000000e+03
5.437000000000000000e+03 1.600000000000000000e+01 -3.200000000000000000e+01 -1.040000000000000000e+03
5.477000000000000000e+03 8.000000000000000000e+00 -1.600000000000000000e+01 -1.032000000000000000e+03
5.517000000000000000e+03 2.400000000000000000e+01 -1.600000000000000000e+01 -1.032000000000000000e+03
5.557000000000000000e+03 3.200000000000000000e+01 -3.200000000000000000e+01 -1.032000000000000000e+03
5.597000000000000000e+03 2.400000000000000000e+01 -2.400000000000000000e+01 -1.040000000000000000e+03
5.637000000000000000e+03 2.400000000000000000e+01 -2.400000000000000000e+01 -1.048000000000000000e+03
5.677000000000000000e+03 2.400000000000000000e+01 -1.600000000000000000e+01 -1.040000000000000000e+03
5.717000000000000000e+03 2.400000000000000000e+01 -1.600000000000000000e+01 -1.040000000000000000e+03
5.757000000000000000e+03 4.800000000000000000e+01 -1.600000000000000000e+01 -1.000000000000000000e+03
5.797000000000000000e+03 3.200000000000000000e+01 -2.400000000000000000e+01 -1.040000000000000000e+03
5.837000000000000000e+03 1.600000000000000000e+01 -2.400000000000000000e+01 -1.040000000000000000e+03
5.877000000000000000e+03 2.400000000000000000e+01 -1.600000000000000000e+01 -1.040000000000000000e+03
5.917000000000000000e+03 1.600000000000000000e+01 -8.000000000000000000e+00 -1.040000000000000000e+03
5.957000000000000000e+03 2.400000000000000000e+01 -8.000000000000000000e+00 -1.024000000000000000e+03
5.997000000000000000e+03 1.600000000000000000e+01 -1.600000000000000000e+01 -1.032000000000000000e+03
6.029000000000000000e+03 2.400000000000000000e+01 -1.600000000000000000e+01 -1.032000000000000000e+03
6.069000000000000000e+03 2.400000000000000000e+01 -1.600000000000000000e+01 -1.016000000000000000e+03
6.109000000000000000e+03 2.400000000000000000e+01 -1.600000000000000000e+01 -1.032000000000000000e+03
6.149000000000000000e+03 3.200000000000000000e+01 -2.400000000000000000e+01 -1.032000000000000000e+03
6.189000000000000000e+03 1.600000000000000000e+01 -2.400000000000000000e+01 -1.032000000000000000e+03
6.229000000000000000e+03 1.600000000000000000e+01 -3.200000000000000000e+01 -1.032000000000000000e+03
6.269000000000000000e+03 -8.000000000000000000e+00 -1.600000000000000000e+01 -1.024000000000000000e+03
6.309000000000000000e+03 8.000000000000000000e+00 -1.600000000000000000e+01 -1.032000000000000000e+03
6.349000000000000000e+03 1.600000000000000000e+01 -1.600000000000000000e+01 -1.040000000000000000e+03
6.389000000000000000e+03 2.400000000000000000e+01 -2.400000000000000000e+01 -1.040000000000000000e+03
6.429000000000000000e+03 8.000000000000000000e+00 -1.600000000000000000e+01 -9.680000000000000000e+02
6.469000000000000000e+03 1.600000000000000000e+01 -1.600000000000000000e+01 -1.048000000000000000e+03
6.509000000000000000e+03 1.600000000000000000e+01 0.000000000000000000e+00 -1.032000000000000000e+03
6.549000000000000000e+03 1.600000000000000000e+01 -8.000000000000000000e+00 -1.040000000000000000e+03
6.589000000000000000e+03 2.400000000000000000e+01 -1.600000000000000000e+01 -1.040000000000000000e+03
6.629000000000000000e+03 8.000000000000000000e+00 -1.600000000000000000e+01 -1.032000000000000000e+03
6.669000000000000000e+03 0.000000000000000000e+00 -1.600000000000000000e+01 -1.008000000000000000e+03
6.709000000000000000e+03 2.400000000000000000e+01 -2.400000000000000000e+01 -9.760000000000000000e+02
6.749000000000000000e+03 1.600000000000000000e+01 -2.400000000000000000e+01 -1.032000000000000000e+03
6.789000000000000000e+03 1.600000000000000000e+01 -2.400000000000000000e+01 -1.048000000000000000e+03
6.829000000000000000e+03 1.600000000000000000e+01 -1.600000000000000000e+01 -1.048000000000000000e+03
6.869000000000000000e+03 2.400000000000000000e+01 -2.400000000000000000e+01 -1.048000000000000000e+03
6.909000000000000000e+03 1.600000000000000000e+01 -3.200000000000000000e+01 -1.040000000000000000e+03
6.949000000000000000e+03 8.000000000000000000e+00 -3.200000000000000000e+01 -1.024000000000000000e+03
6.989000000000000000e+03 8.000000000000000000e+00 -2.400000000000000000e+01 -1.048000000000000000e+03
7.023000000000000000e+03 1.600000000000000000e+01 -2.400000000000000000e+01 -1.040000000000000000e+03
7.063000000000000000e+03 2.400000000000000000e+01 -2.400000000000000000e+01 -1.008000000000000000e+03
7.103000000000000000e+03 2.400000000000000000e+01 -4.000000000000000000e+01 -1.016000000000000000e+03
7.143000000000000000e+03 3.200000000000000000e+01 -1.600000000000000000e+01 -9.920000000000000000e+02
7.183000000000000000e+03 2.400000000000000000e+01 -1.600000000000000000e+01 -1.040000000000000000e+03
7.223000000000000000e+03 1.600000000000000000e+01 -1.600000000000000000e+01 -1.056000000000000000e+03
7.263000000000000000e+03 1.600000000000000000e+01 -2.400000000000000000e+01 -1.032000000000000000e+03
7.303000000000000000e+03 8.000000000000000000e+00 -1.600000000000000000e+01 -1.032000000000000000e+03
7.343000000000000000e+03 1.600000000000000000e+01 -1.600000000000000000e+01 -1.048000000000000000e+03
7.383000000000000000e+03 1.600000000000000000e+01 -2.400000000000000000e+01 -1.032000000000000000e+03
7.423000000000000000e+03 0.000000000000000000e+00 -3.200000000000000000e+01 -9.920000000000000000e+02
7.463000000000000000e+03 2.400000000000000000e+01 -3.200000000000000000e+01 -1.040000000000000000e+03
7.503000000000000000e+03 1.600000000000000000e+01 -2.400000000000000000e+01 -1.032000000000000000e+03
7.543000000000000000e+03 1.600000000000000000e+01 -2.400000000000000000e+01 -1.040000000000000000e+03
7.583000000000000000e+03 1.600000000000000000e+01 -1.600000000000000000e+01 -1.040000000000000000e+03
7.623000000000000000e+03 2.400000000000000000e+01 -2.400000000000000000e+01 -1.024000000000000000e+03
7.663000000000000000e+03 1.600000000000000000e+01 -2.400000000000000000e+01 -1.048000000000000000e+03
7.703000000000000000e+03 1.600000000000000000e+01 -1.600000000000000000e+01 -1.040000000000000000e+03
7.743000000000000000e+03 2.400000000000000000e+01 -2.400000000000000000e+01 -1.032000000000000000e+03
7.783000000000000000e+03 2.400000000000000000e+01 -2.400000000000000000e+01 -1.024000000000000000e+03
7.823000000000000000e+03 1.600000000000000000e+01 -2.400000000000000000e+01 -1.032000000000000000e+03
7.863000000000000000e+03 1.600000000000000000e+01 -8.000000000000000000e+00 -1.024000000000000000e+03
7.903000000000000000e+03 8.000000000000000000e+00 -1.600000000000000000e+01 -1.040000000000000000e+03
7.943000000000000000e+03 -8.000000000000000000e+00 -2.400000000000000000e+01 -1.024000000000000000e+03
7.983000000000000000e+03 8.000000000000000000e+00 -2.400000000000000000e+01 -1.072000000000000000e+03
8.015000000000000000e+03 8.000000000000000000e+00 -3.200000000000000000e+01 -1.048000000000000000e+03
8.055000000000000000e+03 8.000000000000000000e+00 -1.600000000000000000e+01 -1.040000000000000000e+03
8.095000000000000000e+03 1.600000000000000000e+01 -1.600000000000000000e+01 -1.096000000000000000e+03
8.135000000000000000e+03 8.000000000000000000e+00 -2.400000000000000000e+01 -9.920000000000000000e+02
8.175000000000000000e+03 0.000000000000000000e+00 -4.000000000000000000e+01 -1.032000000000000000e+03
8.215000000000000000e+03 8.000000000000000000e+00 -3.200000000000000000e+01 -1.040000000000000000e+03
8.255000000000000000e+03 8.000000000000000000e+00 -3.200000000000000000e+01 -1.016000000000000000e+03
8.295000000000000000e+03 1.600000000000000000e+01 -3.200000000000000000e+01 -1.024000000000000000e+03
8.335000000000000000e+03 1.600000000000000000e+01 -2.400000000000000000e+01 -1.016000000000000000e+03
8.375000000000000000e+03 1.600000000000000000e+01 -1.600000000000000000e+01 -1.032000000000000000e+03
8.415000000000000000e+03 2.400000000000000000e+01 -4.000000000000000000e+01 -1.056000000000000000e+03
8.455000000000000000e+03 2.400000000000000000e+01 -4.800000000000000000e+01 -1.032000000000000000e+03
8.495000000000000000e+03 4.000000000000000000e+01 -3.200000000000000000e+01 -1.032000000000000000e+03
8.535000000000000000e+03 4.000000000000000000e+01 -3.200000000000000000e+01 -1.024000000000000000e+03
8.575000000000000000e+03 3.200000000000000000e+01 -2.400000000000000000e+01 -1.032000000000000000e+03
8.615000000000000000e+03 2.400000000000000000e+01 -1.600000000000000000e+01 -9.920000000000000000e+02
8.655000000000000000e+03 2.400000000000000000e+01 8.000000000000000000e+00 -1.016000000000000000e+03
8.695000000000000000e+03 8.000000000000000000e+00 -1.600000000000000000e+01 -1.040000000000000000e+03
8.735000000000000000e+03 1.600000000000000000e+01 -2.400000000000000000e+01 -9.840000000000000000e+02
8.775000000000000000e+03 1.600000000000000000e+01 -2.400000000000000000e+01 -1.040000000000000000e+03
8.815000000000000000e+03 1.600000000000000000e+01 -2.400000000000000000e+01 -1.008000000000000000e+03
8.855000000000000000e+03 2.400000000000000000e+01 -3.200000000000000000e+01 -1.048000000000000000e+03
8.895000000000000000e+03 2.400000000000000000e+01 -3.200000000000000000e+01 -1.000000000000000000e+03
8.935000000000000000e+03 1.600000000000000000e+01 -2.400000000000000000e+01 -1.016000000000000000e+03
8.975000000000000000e+03 1.600000000000000000e+01 -2.400000000000000000e+01 -1.040000000000000000e+03
9.007000000000000000e+03 2.400000000000000000e+01 -2.400000000000000000e+01 -1.040000000000000000e+03
9.047000000000000000e+03 8.000000000000000000e+00 -4.000000000000000000e+01 -1.048000000000000000e+03
9.087000000000000000e+03 4.000000000000000000e+01 -3.200000000000000000e+01 -1.040000000000000000e+03
9.127000000000000000e+03 3.200000000000000000e+01 -3.200000000000000000e+01 -9.920000000000000000e+02
9.167000000000000000e+03 2.400000000000000000e+01 -3.200000000000000000e+01 -1.024000000000000000e+03
9.207000000000000000e+03 2.400000000000000000e+01 -2.400000000000000000e+01 -1.040000000000000000e+03
9.247000000000000000e+03 2.400000000000000000e+01 -2.400000000000000000e+01 -1.040000000000000000e+03
9.287000000000000000e+03 2.400000000000000000e+01 -1.600000000000000000e+01 -1.048000000000000000e+03
9.327000000000000000e+03 2.400000000000000000e+01 -1.600000000000000000e+01 -1.040000000000000000e+03
9.367000000000000000e+03 2.400000000000000000e+01 -1.600000000000000000e+01 -1.048000000000000000e+03
9.407000000000000000e+03 2.400000000000000000e+01 -1.600000000000000000e+01 -1.016000000000000000e+03
9.447000000000000000e+03 1.600000000000000000e+01 -2.400000000000000000e+01 -1.048000000000000000e+03
9.487000000000000000e+03 1.600000000000000000e+01 -8.000000000000000000e+00 -1.048000000000000000e+03
9.527000000000000000e+03 0.000000000000000000e+00 -1.600000000000000000e+01 -1.040000000000000000e+03
9.567000000000000000e+03 8.000000000000000000e+00 -3.200000000000000000e+01 -1.008000000000000000e+03
9.607000000000000000e+03 8.000000000000000000e+00 -2.400000000000000000e+01 -1.024000000000000000e+03
9.647000000000000000e+03 8.000000000000000000e+00 0.000000000000000000e+00 -1.048000000000000000e+03
9.687000000000000000e+03 2.400000000000000000e+01 -8.000000000000000000e+00 -1.048000000000000000e+03
9.727000000000000000e+03 1.600000000000000000e+01 -2.400000000000000000e+01 -1.072000000000000000e+03
9.767000000000000000e+03 1.600000000000000000e+01 -2.400000000000000000e+01 -1.008000000000000000e+03
9.807000000000000000e+03 1.600000000000000000e+01 -1.600000000000000000e+01 -1.040000000000000000e+03
9.847000000000000000e+03 1.600000000000000000e+01 -1.600000000000000000e+01 -1.040000000000000000e+03
9.887000000000000000e+03 8.000000000000000000e+00 -1.600000000000000000e+01 -1.040000000000000000e+03
9.927000000000000000e+03 1.600000000000000000e+01 -2.400000000000000000e+01 -1.048000000000000000e+03
9.967000000000000000e+03 8.000000000000000000e+00 -3.200000000000000000e+01 -1.032000000000000000e+03
1.000000000000000000e+04 1.600000000000000000e+01 -8.000000000000000000e+00 -1.040000000000000000e+03
1.004000000000000000e+04 8.000000000000000000e+00 -8.000000000000000000e+00 -1.024000000000000000e+03
1.008000000000000000e+04 -8.000000000000000000e+00 -1.600000000000000000e+01 -1.048000000000000000e+03
1.012000000000000000e+04 0.000000000000000000e+00 -2.400000000000000000e+01 -1.016000000000000000e+03
1.016000000000000000e+04 1.600000000000000000e+01 -2.400000000000000000e+01 -1.032000000000000000e+03
1.020000000000000000e+04 1.600000000000000000e+01 -1.600000000000000000e+01 -1.032000000000000000e+03
1.024000000000000000e+04 1.600000000000000000e+01 -2.400000000000000000e+01 -1.032000000000000000e+03
1.028000000000000000e+04 1.600000000000000000e+01 -2.400000000000000000e+01 -1.016000000000000000e+03
1.032000000000000000e+04 1.600000000000000000e+01 -4.000000000000000000e+01 -1.048000000000000000e+03
1.036000000000000000e+04 2.400000000000000000e+01 -3.200000000000000000e+01 -1.048000000000000000e+03
1.040000000000000000e+04 8.000000000000000000e+00 -3.200000000000000000e+01 -1.016000000000000000e+03
1.044000000000000000e+04 0.000000000000000000e+00 -2.400000000000000000e+01 -1.032000000000000000e+03
1.048000000000000000e+04 8.000000000000000000e+00 -2.400000000000000000e+01 -1.048000000000000000e+03
1.052000000000000000e+04 1.600000000000000000e+01 -4.000000000000000000e+01 -1.016000000000000000e+03
1.056000000000000000e+04 2.400000000000000000e+01 -3.200000000000000000e+01 -1.016000000000000000e+03
1.060000000000000000e+04 2.400000000000000000e+01 -3.200000000000000000e+01 -1.088000000000000000e+03
1.064000000000000000e+04 1.600000000000000000e+01 -2.400000000000000000e+01 -1.040000000000000000e+03
1.068000000000000000e+04 1.600000000000000000e+01 -3.200000000000000000e+01 -1.040000000000000000e+03
1.072000000000000000e+04 1.600000000000000000e+01 -2.400000000000000000e+01 -1.024000000000000000e+03
1.076000000000000000e+04 8.000000000000000000e+00 -4.800000000000000000e+01 -9.840000000000000000e+02
1.080000000000000000e+04 1.600000000000000000e+01 -4.000000000000000000e+01 -1.048000000000000000e+03
1.084000000000000000e+04 0.000000000000000000e+00 -3.200000000000000000e+01 -1.032000000000000000e+03
1.088000000000000000e+04 8.000000000000000000e+00 -2.400000000000000000e+01 -1.008000000000000000e+03
1.092000000000000000e+04 1.600000000000000000e+01 -2.400000000000000000e+01 -1.016000000000000000e+03
1.096000000000000000e+04 4.000000000000000000e+01 -2.400000000000000000e+01 -1.064000000000000000e+03
1.099100000000000000e+04 2.400000000000000000e+01 -2.400000000000000000e+01 -1.016000000000000000e+03
1.103100000000000000e+04 1.600000000000000000e+01 -4.800000000000000000e+01 -1.024000000000000000e+03
1.107100000000000000e+04 1.600000000000000000e+01 -3.200000000000000000e+01 -1.016000000000000000e+03
1.111100000000000000e+04 1.600000000000000000e+01 -3.200000000000000000e+01 -1.016000000000000000e+03
1.115100000000000000e+04 -8.000000000000000000e+00 -4.800000000000000000e+01 -1.048000000000000000e+03
1.119100000000000000e+04 0.000000000000000000e+00 -1.600000000000000000e+01 -1.024000000000000000e+03
1.123100000000000000e+04 0.000000000000000000e+00 -4.000000000000000000e+01 -1.048000000000000000e+03
1.127100000000000000e+04 1.600000000000000000e+01 -2.400000000000000000e+01 -1.032000000000000000e+03
1.131100000000000000e+04 1.600000000000000000e+01 -3.200000000000000000e+01 -1.024000000000000000e+03
1.135100000000000000e+04 0.000000000000000000e+00 -2.400000000000000000e+01 -1.024000000000000000e+03
1.139100000000000000e+04 -1.600000000000000000e+01 -3.200000000000000000e+01 -1.040000000000000000e+03
1.143100000000000000e+04 8.000000000000000000e+00 -2.400000000000000000e+01 -1.056000000000000000e+03
1.147100000000000000e+04 8.000000000000000000e+00 -3.200000000000000000e+01 -1.032000000000000000e+03
1.151100000000000000e+04 8.000000000000000000e+00 -3.200000000000000000e+01 -1.032000000000000000e+03
1.155100000000000000e+04 8.000000000000000000e+00 -3.200000000000000000e+01 -1.040000000000000000e+03
1.159100000000000000e+04 8.000000000000000000e+00 -2.400000000000000000e+01 -1.040000000000000000e+03
1.163100000000000000e+04 8.000000000000000000e+00 -2.400000000000000000e+01 -1.040000000000000000e+03
1.167100000000000000e+04 8.000000000000000000e+00 -8.000000000000000000e+00 -1.040000000000000000e+03
1.171100000000000000e+04 1.600000000000000000e+01 -2.400000000000000000e+01 -1.048000000000000000e+03
1.175100000000000000e+04 1.600000000000000000e+01 -2.400000000000000000e+01 -1.024000000000000000e+03
1.179100000000000000e+04 2.400000000000000000e+01 -1.600000000000000000e+01 -1.040000000000000000e+03
1.183100000000000000e+04 1.600000000000000000e+01 -1.600000000000000000e+01 -1.040000000000000000e+03
1.187100000000000000e+04 1.600000000000000000e+01 -1.600000000000000000e+01 -1.024000000000000000e+03
1.191100000000000000e+04 1.600000000000000000e+01 -2.400000000000000000e+01 -1.048000000000000000e+03
1.195100000000000000e+04 1.600000000000000000e+01 -2.400000000000000000e+01 -1.016000000000000000e+03
1.198400000000000000e+04 2.400000000000000000e+01 -1.600000000000000000e+01 -1.032000000000000000e+03
1.202400000000000000e+04 2.400000000000000000e+01 -1.600000000000000000e+01 -1.032000000000000000e+03
1.206400000000000000e+04 1.600000000000000000e+01 -2.400000000000000000e+01 -1.040000000000000000e+03
1.210400000000000000e+04 1.600000000000000000e+01 -8.000000000000000000e+00 -1.024000000000000000e+03
1.214400000000000000e+04 2.400000000000000000e+01 -1.600000000000000000e+01 -1.040000000000000000e+03
1.218400000000000000e+04 1.600000000000000000e+01 -1.600000000000000000e+01 -1.040000000000000000e+03
1.222400000000000000e+04 1.600000000000000000e+01 -2.400000000000000000e+01 -1.040000000000000000e+03
1.226400000000000000e+04 8.000000000000000000e+00 -2.400000000000000000e+01 -1.040000000000000000e+03
1.230400000000000000e+04 1.600000000000000000e+01 -2.400000000000000000e+01 -1.008000000000000000e+03
1.234400000000000000e+04 2.400000000000000000e+01 -2.400000000000000000e+01 -1.024000000000000000e+03
1.238400000000000000e+04 1.600000000000000000e+01 -1.600000000000000000e+01 -1.032000000000000000e+03
1.242400000000000000e+04 1.600000000000000000e+01 -2.400000000000000000e+01 -1.032000000000000000e+03
1.246400000000000000e+04 1.600000000000000000e+01 -2.400000000000000000e+01 -1.032000000000000000e+03
1.250400000000000000e+04 3.200000000000000000e+01 -2.400000000000000000e+01 -1.032000000000000000e+03
1.254400000000000000e+04 0.000000000000000000e+00 -1.600000000000000000e+01 -1.008000000000000000e+03
1.258400000000000000e+04 1.600000000000000000e+01 -2.400000000000000000e+01 -1.032000000000000000e+03
1.262400000000000000e+04 2.400000000000000000e+01 -8.000000000000000000e+00 -1.048000000000000000e+03
1.266400000000000000e+04 1.600000000000000000e+01 -1.600000000000000000e+01 -1.040000000000000000e+03
1.270400000000000000e+04 1.600000000000000000e+01 -1.600000000000000000e+01 -1.048000000000000000e+03
1.274400000000000000e+04 2.400000000000000000e+01 -1.600000000000000000e+01 -1.032000000000000000e+03
1.278400000000000000e+04 8.000000000000000000e+00 -2.400000000000000000e+01 -1.008000000000000000e+03
1.282400000000000000e+04 8.000000000000000000e+00 -3.200000000000000000e+01 -1.024000000000000000e+03
1.286400000000000000e+04 1.600000000000000000e+01 -3.200000000000000000e+01 -1.040000000000000000e+03
1.290400000000000000e+04 0.000000000000000000e+00 -3.200000000000000000e+01 -1.048000000000000000e+03
1.294400000000000000e+04 1.600000000000000000e+01 -4.000000000000000000e+01 -9.920000000000000000e+02
1.297800000000000000e+04 1.600000000000000000e+01 -3.200000000000000000e+01 -1.040000000000000000e+03
1.301800000000000000e+04 -8.000000000000000000e+00 -2.400000000000000000e+01 -1.016000000000000000e+03
1.305800000000000000e+04 2.400000000000000000e+01 -2.400000000000000000e+01 -1.040000000000000000e+03
1.309800000000000000e+04 1.600000000000000000e+01 -2.400000000000000000e+01 -1.032000000000000000e+03
1.313800000000000000e+04 1.600000000000000000e+01 -2.400000000000000000e+01 -1.056000000000000000e+03
1.317800000000000000e+04 1.600000000000000000e+01 -2.400000000000000000e+01 -1.016000000000000000e+03
1.321800000000000000e+04 3.200000000000000000e+01 -3.200000000000000000e+01 -1.040000000000000000e+03
1.325800000000000000e+04 4.000000000000000000e+01 -3.200000000000000000e+01 -1.040000000000000000e+03
1.329800000000000000e+04 3.200000000000000000e+01 -3.200000000000000000e+01 -1.040000000000000000e+03
1.333800000000000000e+04 2.400000000000000000e+01 -2.400000000000000000e+01 -1.040000000000000000e+03
1.337800000000000000e+04 4.000000000000000000e+01 -1.600000000000000000e+01 -1.040000000000000000e+03
1.341800000000000000e+04 3.200000000000000000e+01 -2.400000000000000000e+01 -1.040000000000000000e+03
1.345800000000000000e+04 2.400000000000000000e+01 -1.600000000000000000e+01 -1.032000000000000000e+03
1.349800000000000000e+04 1.600000000000000000e+01 -1.600000000000000000e+01 -1.056000000000000000e+03
1.353800000000000000e+04 2.400000000000000000e+01 -1.600000000000000000e+01 -1.040000000000000000e+03
1.357800000000000000e+04 2.400000000000000000e+01 -2.400000000000000000e+01 -1.032000000000000000e+03
1.361800000000000000e+04 3.200000000000000000e+01 -1.600000000000000000e+01 -1.032000000000000000e+03
1.365800000000000000e+04 2.400000000000000000e+01 -2.400000000000000000e+01 -1.048000000000000000e+03
1.369800000000000000e+04 2.400000000000000000e+01 -1.600000000000000000e+01 -1.016000000000000000e+03
1.373800000000000000e+04 1.600000000000000000e+01 -2.400000000000000000e+01 -1.024000000000000000e+03
1.377800000000000000e+04 1.600000000000000000e+01 -2.400000000000000000e+01 -1.040000000000000000e+03
1.381800000000000000e+04 1.600000000000000000e+01 -1.600000000000000000e+01 -1.032000000000000000e+03
1.385800000000000000e+04 2.400000000000000000e+01 -1.600000000000000000e+01 -1.024000000000000000e+03
1.389800000000000000e+04 1.600000000000000000e+01 -2.400000000000000000e+01 -1.032000000000000000e+03
1.393800000000000000e+04 1.600000000000000000e+01 -2.400000000000000000e+01 -1.032000000000000000e+03
1.397000000000000000e+04 1.600000000000000000e+01 -2.400000000000000000e+01 -1.048000000000000000e+03
1.401000000000000000e+04 4.000000000000000000e+01 -2.400000000000000000e+01 -1.040000000000000000e+03
1.405000000000000000e+04 3.200000000000000000e+01 -3.200000000000000000e+01 -1.040000000000000000e+03
1.409000000000000000e+04 4.000000000000000000e+01 -2.400000000000000000e+01 -1.056000000000000000e+03
1.413000000000000000e+04 3.200000000000000000e+01 -2.400000000000000000e+01 -1.032000000000000000e+03
1.417000000000000000e+04 2.400000000000000000e+01 -2.400000000000000000e+01 -1.048000000000000000e+03
1.421000000000000000e+04 1.600000000000000000e+01 -2.400000000000000000e+01 -1.040000000000000000e+03
1.425000000000000000e+04 8.000000000000000000e+00 -2.400000000000000000e+01 -1.040000000000000000e+03
1.429000000000000000e+04 1.600000000000000000e+01 -2.400000000000000000e+01 -1.024000000000000000e+03
1.433000000000000000e+04 1.600000000000000000e+01 -2.400000000000000000e+01 -1.032000000000000000e+03
1.437000000000000000e+04 1.600000000000000000e+01 -2.400000000000000000e+01 -1.024000000000000000e+03
1.441000000000000000e+04 1.600000000000000000e+01 -2.400000000000000000e+01 -1.032000000000000000e+03
1.445000000000000000e+04 1.600000000000000000e+01 -2.400000000000000000e+01 -1.008000000000000000e+03
1.449000000000000000e+04 1.600000000000000000e+01 -2.400000000000000000e+01 -1.040000000000000000e+03
1.453000000000000000e+04 -8.000000000000000000e+00 -1.600000000000000000e+01 -1.024000000000000000e+03
1.457000000000000000e+04 0.000000000000000000e+00 -1.600000000000000000e+01 -1.072000000000000000e+03
1.461000000000000000e+04 8.000000000000000000e+00 -2.400000000000000000e+01 -1.048000000000000000e+03
1.465000000000000000e+04 1.600000000000000000e+01 -1.600000000000000000e+01 -1.016000000000000000e+03
1.469000000000000000e+04 2.400000000000000000e+01 -2.400000000000000000e+01 -1.040000000000000000e+03
1.473000000000000000e+04 1.600000000000000000e+01 -2.400000000000000000e+01 -1.064000000000000000e+03
1.477000000000000000e+04 1.600000000000000000e+01 -2.400000000000000000e+01 -1.024000000000000000e+03
1.481000000000000000e+04 1.600000000000000000e+01 -3.200000000000000000e+01 -1.032000000000000000e+03
1.485000000000000000e+04 1.600000000000000000e+01 -2.400000000000000000e+01 -1.024000000000000000e+03
1.489000000000000000e+04 3.200000000000000000e+01 -2.400000000000000000e+01 -1.056000000000000000e+03
1.493000000000000000e+04 1.600000000000000000e+01 -4.000000000000000000e+01 -1.032000000000000000e+03
1.496300000000000000e+04 2.400000000000000000e+01 -3.200000000000000000e+01 -1.024000000000000000e+03
1.500300000000000000e+04 -8.000000000000000000e+00 -8.000000000000000000e+00 -1.040000000000000000e+03
1.504300000000000000e+04 8.000000000000000000e+00 8.000000000000000000e+00 -1.024000000000000000e+03
1.508300000000000000e+04 8.000000000000000000e+00 2.400000000000000000e+01 -1.040000000000000000e+03
1.512300000000000000e+04 1.600000000000000000e+01 0.000000000000000000e+00 -1.032000000000000000e+03
1.516300000000000000e+04 1.600000000000000000e+01 -1.600000000000000000e+01 -1.056000000000000000e+03
1.520300000000000000e+04 0.000000000000000000e+00 -2.400000000000000000e+01 -1.056000000000000000e+03
1.524300000000000000e+04 8.000000000000000000e+00 -1.600000000000000000e+01 -1.032000000000000000e+03
1.528300000000000000e+04 3.200000000000000000e+01 -1.600000000000000000e+01 -1.104000000000000000e+03
1.532300000000000000e+04 1.600000000000000000e+01 -1.600000000000000000e+01 -1.048000000000000000e+03
1.536300000000000000e+04 1.600000000000000000e+01 -1.600000000000000000e+01 -1.008000000000000000e+03
1.540300000000000000e+04 1.600000000000000000e+01 -2.400000000000000000e+01 -1.056000000000000000e+03
1.544300000000000000e+04 1.600000000000000000e+01 -2.400000000000000000e+01 -1.032000000000000000e+03
1.548300000000000000e+04 -8.000000000000000000e+00 -2.400000000000000000e+01 -1.016000000000000000e+03
1.552300000000000000e+04 -8.000000000000000000e+00 -3.200000000000000000e+01 -1.000000000000000000e+03
1.556300000000000000e+04 0.000000000000000000e+00 -2.400000000000000000e+01 -1.032000000000000000e+03
1.560300000000000000e+04 3.200000000000000000e+01 -2.400000000000000000e+01 -1.040000000000000000e+03
1.564300000000000000e+04 2.400000000000000000e+01 -2.400000000000000000e+01 -1.040000000000000000e+03
1.568300000000000000e+04 2.400000000000000000e+01 -1.600000000000000000e+01 -1.040000000000000000e+03
1.572300000000000000e+04 3.200000000000000000e+01 -2.400000000000000000e+01 -1.024000000000000000e+03
1.576300000000000000e+04 4.000000000000000000e+01 -4.800000000000000000e+01 -1.024000000000000000e+03
1.580300000000000000e+04 2.400000000000000000e+01 -4.000000000000000000e+01 -1.024000000000000000e+03
1.584300000000000000e+04 2.400000000000000000e+01 -3.200000000000000000e+01 -1.032000000000000000e+03
1.588300000000000000e+04 8.000000000000000000e+00 -2.400000000000000000e+01 -1.048000000000000000e+03
1.592300000000000000e+04 8.000000000000000000e+00 -8.000000000000000000e+00 -1.016000000000000000e+03
1.595500000000000000e+04 8.000000000000000000e+00 -1.600000000000000000e+01 -1.040000000000000000e+03
1.599500000000000000e+04 0.000000000000000000e+00 -4.000000000000000000e+01 -1.040000000000000000e+03
1.603500000000000000e+04 8.000000000000000000e+00 -8.000000000000000000e+00 -1.016000000000000000e+03
1.607500000000000000e+04 2.400000000000000000e+01 -1.600000000000000000e+01 -1.024000000000000000e+03
1.611500000000000000e+04 2.400000000000000000e+01 -1.600000000000000000e+01 -1.032000000000000000e+03
1.615500000000000000e+04 1.600000000000000000e+01 -1.600000000000000000e+01 -1.008000000000000000e+03
1.619500000000000000e+04 2.400000000000000000e+01 -2.400000000000000000e+01 -1.040000000000000000e+03
1.623500000000000000e+04 1.600000000000000000e+01 -8.000000000000000000e+00 -1.032000000000000000e+03
1.627500000000000000e+04 2.400000000000000000e+01 -3.200000000000000000e+01 -1.048000000000000000e+03
1.631500000000000000e+04 2.400000000000000000e+01 -3.200000000000000000e+01 -1.040000000000000000e+03
1.635500000000000000e+04 2.400000000000000000e+01 -4.000000000000000000e+01 -1.024000000000000000e+03
1.639500000000000000e+04 1.600000000000000000e+01 -3.200000000000000000e+01 -1.024000000000000000e+03
1.643500000000000000e+04 1.600000000000000000e+01 -2.400000000000000000e+01 -1.056000000000000000e+03
1.647500000000000000e+04 1.600000000000000000e+01 -1.600000000000000000e+01 -1.040000000000000000e+03
1.651500000000000000e+04 1.600000000000000000e+01 -8.000000000000000000e+00 -1.032000000000000000e+03
1.655500000000000000e+04 1.600000000000000000e+01 -1.600000000000000000e+01 -1.016000000000000000e+03
1.659500000000000000e+04 1.600000000000000000e+01 0.000000000000000000e+00 -1.040000000000000000e+03
1.663500000000000000e+04 1.600000000000000000e+01 -8.000000000000000000e+00 -1.048000000000000000e+03
1.667500000000000000e+04 1.600000000000000000e+01 -1.600000000000000000e+01 -1.048000000000000000e+03
1.671500000000000000e+04 1.600000000000000000e+01 -8.000000000000000000e+00 -1.040000000000000000e+03
1.675500000000000000e+04 1.600000000000000000e+01 -8.000000000000000000e+00 -1.040000000000000000e+03
1.679500000000000000e+04 1.600000000000000000e+01 -8.000000000000000000e+00 -1.024000000000000000e+03
1.683500000000000000e+04 2.400000000000000000e+01 -2.400000000000000000e+01 -1.048000000000000000e+03
1.687500000000000000e+04 2.400000000000000000e+01 -3.200000000000000000e+01 -1.032000000000000000e+03
1.691500000000000000e+04 1.600000000000000000e+01 -3.200000000000000000e+01 -1.016000000000000000e+03
1.694700000000000000e+04 1.600000000000000000e+01 -2.400000000000000000e+01 -1.048000000000000000e+03
1.698700000000000000e+04 8.000000000000000000e+00 -4.800000000000000000e+01 -1.064000000000000000e+03
1.702700000000000000e+04 3.200000000000000000e+01 -4.800000000000000000e+01 -1.080000000000000000e+03
1.706700000000000000e+04 2.400000000000000000e+01 -4.000000000000000000e+01 -1.064000000000000000e+03
1.710700000000000000e+04 2.400000000000000000e+01 -3.200000000000000000e+01 -1.064000000000000000e+03
1.714700000000000000e+04 2.400000000000000000e+01 -3.200000000000000000e+01 -1.032000000000000000e+03
1.718700000000000000e+04 1.600000000000000000e+01 -4.000000000000000000e+01 -1.024000000000000000e+03
1.722700000000000000e+04 2.400000000000000000e+01 -3.200000000000000000e+01 -1.072000000000000000e+03
1.726700000000000000e+04 2.480000000000000000e+02 -4.800000000000000000e+01 -1.008000000000000000e+03
1.730700000000000000e+04 4.800000000000000000e+01 8.000000000000000000e+00 -1.008000000000000000e+03
1.734700000000000000e+04 1.600000000000000000e+01 -1.600000000000000000e+01 -9.760000000000000000e+02
1.738700000000000000e+04 -1.040000000000000000e+02 -8.000000000000000000e+01 -1.120000000000000000e+03
1.742700000000000000e+04 -2.720000000000000000e+02 -5.600000000000000000e+01 -9.680000000000000000e+02
1.746700000000000000e+04 -8.000000000000000000e+01 -2.400000000000000000e+01 -1.024000000000000000e+03
1.750700000000000000e+04 1.440000000000000000e+02 0.000000000000000000e+00 -1.000000000000000000e+03
1.754700000000000000e+04 1.520000000000000000e+02 1.600000000000000000e+01 -1.008000000000000000e+03
1.758700000000000000e+04 1.440000000000000000e+02 3.200000000000000000e+01 -1.056000000000000000e+03
1.762700000000000000e+04 6.400000000000000000e+01 1.600000000000000000e+01 -1.064000000000000000e+03
1.766700000000000000e+04 3.200000000000000000e+01 0.000000000000000000e+00 -1.032000000000000000e+03
1.770700000000000000e+04 2.400000000000000000e+01 -1.600000000000000000e+01 -1.048000000000000000e+03
1.774700000000000000e+04 1.600000000000000000e+01 -1.600000000000000000e+01 -1.048000000000000000e+03
1.778700000000000000e+04 1.600000000000000000e+01 -2.400000000000000000e+01 -1.040000000000000000e+03
1.782700000000000000e+04 1.600000000000000000e+01 -1.600000000000000000e+01 -1.032000000000000000e+03
1.786700000000000000e+04 2.400000000000000000e+01 -2.400000000000000000e+01 -1.040000000000000000e+03
1.790700000000000000e+04 2.400000000000000000e+01 -3.200000000000000000e+01 -1.032000000000000000e+03
1.794100000000000000e+04 1.600000000000000000e+01 -3.200000000000000000e+01 -1.024000000000000000e+03
1.798100000000000000e+04 1.600000000000000000e+01 -3.200000000000000000e+01 -1.056000000000000000e+03
1.802100000000000000e+04 1.600000000000000000e+01 -2.400000000000000000e+01 -1.032000000000000000e+03
1.806100000000000000e+04 2.400000000000000000e+01 -2.400000000000000000e+01 -1.032000000000000000e+03
1.810100000000000000e+04 1.600000000000000000e+01 -2.400000000000000000e+01 -1.032000000000000000e+03
1.814100000000000000e+04 1.600000000000000000e+01 -2.400000000000000000e+01 -1.016000000000000000e+03
1.818100000000000000e+04 2.400000000000000000e+01 -8.000000000000000000e+00 -1.032000000000000000e+03
1.822100000000000000e+04 2.400000000000000000e+01 -1.600000000000000000e+01 -1.032000000000000000e+03
1.826100000000000000e+04 -8.000000000000000000e+00 -2.400000000000000000e+01 -1.040000000000000000e+03
1.830100000000000000e+04 0.000000000000000000e+00 -2.400000000000000000e+01 -1.032000000000000000e+03
1.834100000000000000e+04 1.600000000000000000e+01 -2.400000000000000000e+01 -1.024000000000000000e+03
1.838100000000000000e+04 8.000000000000000000e+00 -2.400000000000000000e+01 -1.040000000000000000e+03
1.842100000000000000e+04 8.000000000000000000e+00 -3.200000000000000000e+01 -1.024000000000000000e+03
1.846100000000000000e+04 0.000000000000000000e+00 -4.000000000000000000e+01 -1.024000000000000000e+03
1.850100000000000000e+04 8.000000000000000000e+00 -3.200000000000000000e+01 -1.032000000000000000e+03
1.854100000000000000e+04 8.000000000000000000e+00 -2.400000000000000000e+01 -1.024000000000000000e+03
1.858100000000000000e+04 2.400000000000000000e+01 -1.600000000000000000e+01 -1.016000000000000000e+03
1.862100000000000000e+04 2.400000000000000000e+01 -2.400000000000000000e+01 -1.024000000000000000e+03
1.866100000000000000e+04 8.000000000000000000e+00 -3.200000000000000000e+01 -1.096000000000000000e+03
1.870100000000000000e+04 1.600000000000000000e+01 -3.200000000000000000e+01 -1.048000000000000000e+03
1.874100000000000000e+04 1.600000000000000000e+01 -3.200000000000000000e+01 -1.064000000000000000e+03
1.878100000000000000e+04 3.200000000000000000e+01 -3.200000000000000000e+01 -1.032000000000000000e+03
1.882100000000000000e+04 4.000000000000000000e+01 -2.400000000000000000e+01 -1.008000000000000000e+03
1.886100000000000000e+04 3.200000000000000000e+01 -2.400000000000000000e+01 -1.048000000000000000e+03
1.890100000000000000e+04 2.400000000000000000e+01 -3.200000000000000000e+01 -1.048000000000000000e+03
1.893400000000000000e+04 2.400000000000000000e+01 -3.200000000000000000e+01 -1.040000000000000000e+03
1.897400000000000000e+04 3.200000000000000000e+01 -2.400000000000000000e+01 -1.016000000000000000e+03
1.901400000000000000e+04 2.400000000000000000e+01 -2.400000000000000000e+01 -1.032000000000000000e+03
1.905400000000000000e+04 4.800000000000000000e+01 -2.400000000000000000e+01 -1.024000000000000000e+03
1.909400000000000000e+04 4.000000000000000000e+01 -2.400000000000000000e+01 -1.040000000000000000e+03
1.913400000000000000e+04 8.000000000000000000e+00 -2.400000000000000000e+01 -1.024000000000000000e+03
1.917400000000000000e+04 8.000000000000000000e+00 -2.400000000000000000e+01 -1.040000000000000000e+03
1.921400000000000000e+04 8.000000000000000000e+00 -3.200000000000000000e+01 -1.032000000000000000e+03
1.925400000000000000e+04 -1.600000000000000000e+01 -2.400000000000000000e+01 -1.040000000000000000e+03
1.929400000000000000e+04 0.000000000000000000e+00 -1.600000000000000000e+01 -1.040000000000000000e+03
1.933400000000000000e+04 8.000000000000000000e+00 -2.400000000000000000e+01 -1.000000000000000000e+03
1.937400000000000000e+04 -8.000000000000000000e+00 -2.400000000000000000e+01 -1.016000000000000000e+03
1.941400000000000000e+04 -8.000000000000000000e+00 -2.400000000000000000e+01 -1.032000000000000000e+03
1.945400000000000000e+04 1.600000000000000000e+01 -2.400000000000000000e+01 -1.024000000000000000e+03
1.949400000000000000e+04 1.600000000000000000e+01 -2.400000000000000000e+01 -1.024000000000000000e+03
1.953400000000000000e+04 1.600000000000000000e+01 -3.200000000000000000e+01 -1.024000000000000000e+03
1.957400000000000000e+04 1.600000000000000000e+01 -2.400000000000000000e+01 -1.024000000000000000e+03
1.961400000000000000e+04 8.000000000000000000e+00 -2.400000000000000000e+01 -1.048000000000000000e+03
1.965400000000000000e+04 8.000000000000000000e+00 -1.600000000000000000e+01 -1.040000000000000000e+03
1.969400000000000000e+04 8.000000000000000000e+00 -8.000000000000000000e+00 -1.048000000000000000e+03
1.973400000000000000e+04 8.000000000000000000e+00 -8.000000000000000000e+00 -1.032000000000000000e+03
1.977400000000000000e+04 1.600000000000000000e+01 -2.400000000000000000e+01 -1.032000000000000000e+03
1.981400000000000000e+04 1.600000000000000000e+01 -4.000000000000000000e+01 -1.032000000000000000e+03
1.985400000000000000e+04 1.600000000000000000e+01 -4.000000000000000000e+01 -1.040000000000000000e+03
1.989400000000000000e+04 8.000000000000000000e+00 -3.200000000000000000e+01 -1.024000000000000000e+03
