2.300000000000000000e+01 -8.000000000000000000e+01 6.000000000000000000e+02 -8.240000000000000000e+02
6.300000000000000000e+01 -9.600000000000000000e+01 5.280000000000000000e+02 -8.640000000000000000e+02
1.030000000000000000e+02 -9.600000000000000000e+01 5.120000000000000000e+02 -8.480000000000000000e+02
1.430000000000000000e+02 -1.040000000000000000e+02 5.200000000000000000e+02 -8.640000000000000000e+02
1.830000000000000000e+02 -1.120000000000000000e+02 5.280000000000000000e+02 -8.480000000000000000e+02
2.230000000000000000e+02 -1.040000000000000000e+02 5.280000000000000000e+02 -8.560000000000000000e+02
2.630000000000000000e+02 -1.040000000000000000e+02 5.280000000000000000e+02 -8.640000000000000000e+02
3.030000000000000000e+02 -1.040000000000000000e+02 5.200000000000000000e+02 -8.560000000000000000e+02
3.430000000000000000e+02 -1.040000000000000000e+02 5.120000000000000000e+02 -8.800000000000000000e+02
3.830000000000000000e+02 -1.040000000000000000e+02 5.120000000000000000e+02 -8.720000000000000000e+02
4.230000000000000000e+02 -1.120000000000000000e+02 5.280000000000000000e+02 -8.560000000000000000e+02
4.630000000000000000e+02 -1.120000000000000000e+02 5.440000000000000000e+02 -8.320000000000000000e+02
5.030000000000000000e+02 -1.040000000000000000e+02 5.360000000000000000e+02 -8.720000000000000000e+02
5.430000000000000000e+02 -1.040000000000000000e+02 5.360000000000000000e+02 -8.640000000000000000e+02
5.830000000000000000e+02 -1.040000000000000000e+02 5.280000000000000000e+02 -8.720000000000000000e+02
6.230000000000000000e+02 -1.040000000000000000e+02 5.280000000000000000e+02 -8.800000000000000000e+02
6.630000000000000000e+02 -1.040000000000000000e+02 5.280000000000000000e+02 -8.880000000000000000e+02
7.030000000000000000e+02 -9.600000000000000000e+01 5.280000000000000000e+02 -8.640000000000000000e+02
7.430000000000000000e+02 -1.040000000000000000e+02 5.280000000000000000e+02 -8.720000000000000000e+02
7.830000000000000000e+02 -1.040000000000000000e+02 5.280000000000000000e+02 -8.640000000000000000e+02
8.230000000000000000e+02 -9.600000000000000000e+01 5.280000000000000000e+02 -8.720000000000000000e+02
8.630000000000000000e+02 -9.600000000000000000e+01 5.200000000000000000e+02 -8.560000000000000000e+02
9.030000000000000000e+02 -8.800000000000000000e+01 5.200000000000000000e+02 -8.720000000000000000e+02
9.430000000000000000e+02 -9.600000000000000000e+01 5.200000000000000000e+02 -8.640000000000000000e+02
9.830000000000000000e+02 -9.600000000000000000e+01 5.200000000000000000e+02 -8.640000000000000000e+02
1.016000000000000000e+03 -1.040000000000000000e+02 5.280000000000000000e+02 -8.560000000000000000e+02
1.056000000000000000e+03 -1.040000000000000000e+02 5.280000000000000000e+02 -8.560000000000000000e+02
1.096000000000000000e+03 -1.040000000000000000e+02 5.280000000000000000e+02 -9.120000000000000000e+02
1.136000000000000000e+03 -9.600000000000000000e+01 5.200000000000000000e+02 -8.720000000000000000e+02
1.176000000000000000e+03 -1.040000000000000000e+02 5.280000000000000000e+02 -9.120000000000000000e+02
1.216000000000000000e+03 -1.040000000000000000e+02 5.280000000000000000e+02 -8.640000000000000000e+02
1.256000000000000000e+03 -1.040000000000000000e+02 5.280000000000000000e+02 -8.800000000000000000e+02
1.296000000000000000e+03 -1.040000000000000000e+02 5.200000000000000000e+02 -8.720000000000000000e+02
1.336000000000000000e+03 -1.040000000000000000e+02 5.280000000000000000e+02 -8.640000000000000000e+02
1.376000000000000000e+03 -9.600000000000000000e+01 5.280000000000000000e+02 -8.720000000000000000e+02
1.416000000000000000e+03 -9.600000000000000000e+01 5.280000000000000000e+02 -8.720000000000000000e+02
1.456000000000000000e+03 -9.600000000000000000e+01 5.200000000000000000e+02 -8.800000000000000000e+02
1.496000000000000000e+03 -9.600000000000000000e+01 5.120000000000000000e+02 -8.560000000000000000e+02
1.536000000000000000e+03 -9.600000000000000000e+01 5.120000000000000000e+02 -8.640000000000000000e+02
1.576000000000000000e+03 -1.040000000000000000e+02 5.120000000000000000e+02 -8.880000000000000000e+02
1.616000000000000000e+03 -1.040000000000000000e+02 5.200000000000000000e+02 -8.640000000000000000e+02
1.656000000000000000e+03 -1.040000000000000000e+02 5.200000000000000000e+02 -8.720000000000000000e+02
1.696000000000000000e+03 -8.800000000000000000e+01 5.040000000000000000e+02 -8.560000000000000000e+02
1.736000000000000000e+03 -9.600000000000000000e+01 5.200000000000000000e+02 -8.800000000000000000e+02
1.776000000000000000e+03 -7.200000000000000000e+01 5.200000000000000000e+02 -8.720000000000000000e+02
1.816000000000000000e+03 -9.600000000000000000e+01 5.200000000000000000e+02 -8.160000000000000000e+02
1.856000000000000000e+03 -1.120000000000000000e+02 5.280000000000000000e+02 -8.640000000000000000e+02
1.896000000000000000e+03 -1.120000000000000000e+02 5.280000000000000000e+02 -8.480000000000000000e+02
1.936000000000000000e+03 -1.040000000000000000e+02 5.200000000000000000e+02 -8.880000000000000000e+02
1.976000000000000000e+03 -1.120000000000000000e+02 5.200000000000000000e+02 -9.040000000000000000e+02
2.008000000000000000e+03 -1.120000000000000000e+02 5.200000000000000000e+02 -8.640000000000000000e+02
2.048000000000000000e+03 -9.600000000000000000e+01 5.200000000000000000e+02 -8.640000000000000000e+02
2.088000000000000000e+03 -1.040000000000000000e+02 5.280000000000000000e+02 -8.640000000000000000e+02
2.128000000000000000e+03 -1.040000000000000000e+02 5.360000000000000000e+02 -8.480000000000000000e+02
2.168000000000000000e+03 -1.120000000000000000e+02 5.440000000000000000e+02 -8.720000000000000000e+02
2.208000000000000000e+03 -1.040000000000000000e+02 5.360000000000000000e+02 -8.960000000000000000e+02
2.248000000000000000e+03 -1.040000000000000000e+02 5.200000000000000000e+02 -8.320000000000000000e+02
2.288000000000000000e+03 -9.600000000000000000e+01 5.120000000000000000e+02 -8.720000000000000000e+02
2.328000000000000000e+03 -1.040000000000000000e+02 5.200000000000000000e+02 -8.800000000000000000e+02
2.368000000000000000e+03 -8.800000000000000000e+01 5.200000000000000000e+02 -8.640000000000000000e+02
2.408000000000000000e+03 -1.120000000000000000e+02 5.280000000000000000e+02 -8.800000000000000000e+02
2.448000000000000000e+03 -1.120000000000000000e+02 5.280000000000000000e+02 -8.720000000000000000e+02
2.488000000000000000e+03 -1.200000000000000000e+02 5.280000000000000000e+02 -8.560000000000000000e+02
2.528000000000000000e+03 -1.120000000000000000e+02 5.280000000000000000e+02 -8.720000000000000000e+02
2.568000000000000000e+03 -9.600000000000000000e+01 5.200000000000000000e+02 -8.800000000000000000e+02
2.608000000000000000e+03 -9.600000000000000000e+01 5.200000000000000000e+02 -8.160000000000000000e+02
2.648000000000000000e+03 -1.040000000000000000e+02 5.280000000000000000e+02 -8.720000000000000000e+02
2.688000000000000000e+03 -1.120000000000000000e+02 5.280000000000000000e+02 -8.400000000000000000e+02
2.728000000000000000e+03 -1.120000000000000000e+02 5.280000000000000000e+02 -9.040000000000000000e+02
2.768000000000000000e+03 -1.040000000000000000e+02 5.200000000000000000e+02 -8.640000000000000000e+02
2.808000000000000000e+03 -1.040000000000000000e+02 5.280000000000000000e+02 -8.720000000000000000e+02
2.848000000000000000e+03 -1.280000000000000000e+02 5.360000000000000000e+02 -8.640000000000000000e+02
2.888000000000000000e+03 -1.120000000000000000e+02 5.280000000000000000e+02 -8.880000000000000000e+02
2.928000000000000000e+03 -1.120000000000000000e+02 5.200000000000000000e+02 -8.720000000000000000e+02
2.968000000000000000e+03 -1.040000000000000000e+02 5.280000000000000000e+02 -8.800000000000000000e+02
3.000000000000000000e+03 -1.040000000000000000e+02 5.280000000000000000e+02 -8.640000000000000000e+02
3.040000000000000000e+03 -1.040000000000000000e+02 5.280000000000000000e+02 -8.480000000000000000e+02
3.080000000000000000e+03 -1.040000000000000000e+02 5.280000000000000000e+02 -8.560000000000000000e+02
3.120000000000000000e+03 -1.040000000000000000e+02 5.200000000000000000e+02 -8.480000000000000000e+02
3.160000000000000000e+03 -1.040000000000000000e+02 5.280000000000000000e+02 -8.960000000000000000e+02
3.200000000000000000e+03 -1.120000000000000000e+02 5.360000000000000000e+02 -8.480000000000000000e+02
3.240000000000000000e+03 -1.120000000000000000e+02 5.520000000000000000e+02 -8.640000000000000000e+02
3.280000000000000000e+03 -9.600000000000000000e+01 5.440000000000000000e+02 -8.640000000000000000e+02
3.320000000000000000e+03 -1.040000000000000000e+02 5.360000000000000000e+02 -8.560000000000000000e+02
3.360000000000000000e+03 -8.000000000000000000e+01 5.120000000000000000e+02 -8.800000000000000000e+02
3.400000000000000000e+03 -9.600000000000000000e+01 5.120000000000000000e+02 -8.560000000000000000e+02
3.440000000000000000e+03 -9.600000000000000000e+01 5.200000000000000000e+02 -8.640000000000000000e+02
3.480000000000000000e+03 -9.600000000000000000e+01 5.120000000000000000e+02 -8.560000000000000000e+02
3.520000000000000000e+03 -1.200000000000000000e+02 5.040000000000000000e+02 -8.720000000000000000e+02
3.560000000000000000e+03 -1.120000000000000000e+02 5.040000000000000000e+02 -8.480000000000000000e+02
3.600000000000000000e+03 -1.040000000000000000e+02 5.120000000000000000e+02 -8.800000000000000000e+02
3.640000000000000000e+03 -1.120000000000000000e+02 5.200000000000000000e+02 -8.720000000000000000e+02
3.680000000000000000e+03 -1.040000000000000000e+02 5.040000000000000000e+02 -8.720000000000000000e+02
3.720000000000000000e+03 -1.040000000000000000e+02 5.200000000000000000e+02 -8.640000000000000000e+02
3.760000000000000000e+03 -8.800000000000000000e+01 5.280000000000000000e+02 -8.720000000000000000e+02
3.800000000000000000e+03 -1.120000000000000000e+02 5.280000000000000000e+02 -8.720000000000000000e+02
3.840000000000000000e+03 -8.000000000000000000e+01 4.960000000000000000e+02 -8.800000000000000000e+02
3.880000000000000000e+03 -9.600000000000000000e+01 5.120000000000000000e+02 -8.560000000000000000e+02
3.920000000000000000e+03 -9.600000000000000000e+01 5.200000000000000000e+02 -8.640000000000000000e+02
3.960000000000000000e+03 -9.600000000000000000e+01 5.200000000000000000e+02 -8.640000000000000000e+02
3.992000000000000000e+03 -9.600000000000000000e+01 5.280000000000000000e+02 -8.720000000000000000e+02
4.032000000000000000e+03 -9.600000000000000000e+01 5.200000000000000000e+02 -8.720000000000000000e+02
4.072000000000000000e+03 -1.040000000000000000e+02 5.120000000000000000e+02 -8.720000000000000000e+02
4.112000000000000000e+03 -9.600000000000000000e+01 5.120000000000000000e+02 -8.800000000000000000e+02
4.152000000000000000e+03 -1.120000000000000000e+02 5.200000000000000000e+02 -8.640000000000000000e+02
4.192000000000000000e+03 -1.040000000000000000e+02 5.200000000000000000e+02 -8.560000000000000000e+02
4.232000000000000000e+03 -1.040000000000000000e+02 5.360000000000000000e+02 -8.400000000000000000e+02
4.272000000000000000e+03 -9.600000000000000000e+01 5.280000000000000000e+02 -8.560000000000000000e+02
4.312000000000000000e+03 -8.800000000000000000e+01 5.200000000000000000e+02 -8.800000000000000000e+02
4.352000000000000000e+03 -9.600000000000000000e+01 5.200000000000000000e+02 -8.400000000000000000e+02
4.392000000000000000e+03 -9.600000000000000000e+01 5.200000000000000000e+02 -8.800000000000000000e+02
4.432000000000000000e+03 -8.000000000000000000e+01 5.200000000000000000e+02 -8.640000000000000000e+02
4.472000000000000000e+03 -8.800000000000000000e+01 5.200000000000000000e+02 -8.320000000000000000e+02
4.512000000000000000e+03 -9.600000000000000000e+01 5.200000000000000000e+02 -8.640000000000000000e+02
4.552000000000000000e+03 -9.600000000000000000e+01 5.280000000000000000e+02 -8.640000000000000000e+02
4.592000000000000000e+03 -9.600000000000000000e+01 5.200000000000000000e+02 -8.640000000000000000e+02
4.632000000000000000e+03 -1.200000000000000000e+02 5.200000000000000000e+02 -8.640000000000000000e+02
4.672000000000000000e+03 -1.120000000000000000e+02 5.200000000000000000e+02 -8.480000000000000000e+02
4.712000000000000000e+03 -1.120000000000000000e+02 5.200000000000000000e+02 -8.800000000000000000e+02
4.752000000000000000e+03 -1.120000000000000000e+02 5.200000000000000000e+02 -8.800000000000000000e+02
4.792000000000000000e+03 -1.120000000000000000e+02 5.200000000000000000e+02 -8.800000000000000000e+02
4.832000000000000000e+03 -1.040000000000000000e+02 5.200000000000000000e+02 -8.640000000000000000e+02
4.872000000000000000e+03 -9.600000000000000000e+01 5.200000000000000000e+02 -8.640000000000000000e+02
4.912000000000000000e+03 -1.040000000000000000e+02 5.200000000000000000e+02 -8.400000000000000000e+02
4.952000000000000000e+03 -1.120000000000000000e+02 5.440000000000000000e+02 -8.560000000000000000e+02
4.984000000000000000e+03 -1.040000000000000000e+02 5.360000000000000000e+02 -8.640000000000000000e+02
5.024000000000000000e+03 -9.600000000000000000e+01 5.440000000000000000e+02 -8.800000000000000000e+02
5.064000000000000000e+03 -8.000000000000000000e+01 5.200000000000000000e+02 -8.800000000000000000e+02
5.104000000000000000e+03 -9.600000000000000000e+01 5.360000000000000000e+02 -8.800000000000000000e+02
5.144000000000000000e+03 -1.040000000000000000e+02 5.120000000000000000e+02 -8.880000000000000000e+02
5.184000000000000000e+03 -1.120000000000000000e+02 5.280000000000000000e+02 -8.240000000000000000e+02
5.224000000000000000e+03 -1.040000000000000000e+02 5.200000000000000000e+02 -8.480000000000000000e+02
5.264000000000000000e+03 -1.040000000000000000e+02 5.120000000000000000e+02 -8.640000000000000000e+02
5.304000000000000000e+03 -1.120000000000000000e+02 5.360000000000000000e+02 -8.160000000000000000e+02
5.344000000000000000e+03 -1.120000000000000000e+02 5.200000000000000000e+02 -8.640000000000000000e+02
5.384000000000000000e+03 -1.120000000000000000e+02 5.200000000000000000e+02 -8.640000000000000000e+02
5.424000000000000000e+03 -1.120000000000000000e+02 5.200000000000000000e+02 -8.480000000000000000e+02
5.464000000000000000e+03 -1.120000000000000000e+02 5.280000000000000000e+02 -8.240000000000000000e+02
5.504000000000000000e+03 -1.040000000000000000e+02 5.360000000000000000e+02 -8.560000000000000000e+02
5.544000000000000000e+03 -1.040000000000000000e+02 5.360000000000000000e+02 -8.560000000000000000e+02
5.584000000000000000e+03 -1.040000000000000000e+02 5.280000000000000000e+02 -8.640000000000000000e+02
5.624000000000000000e+03 -1.120000000000000000e+02 5.280000000000000000e+02 -8.800000000000000000e+02
5.664000000000000000e+03 -1.040000000000000000e+02 5.280000000000000000e+02 -9.040000000000000000e+02
5.704000000000000000e+03 -1.040000000000000000e+02 5.280000000000000000e+02 -8.640000000000000000e+02
5.744000000000000000e+03 -9.600000000000000000e+01 5.280000000000000000e+02 -9.040000000000000000e+02
5.784000000000000000e+03 -1.040000000000000000e+02 5.120000000000000000e+02 -8.720000000000000000e+02
5.824000000000000000e+03 -1.040000000000000000e+02 5.200000000000000000e+02 -8.640000000000000000e+02
5.864000000000000000e+03 -1.040000000000000000e+02 5.200000000000000000e+02 -8.640000000000000000e+02
5.904000000000000000e+03 -1.040000000000000000e+02 5.040000000000000000e+02 -8.800000000000000000e+02
5.944000000000000000e+03 -1.040000000000000000e+02 5.040000000000000000e+02 -8.800000000000000000e+02
5.975000000000000000e+03 -1.120000000000000000e+02 5.120000000000000000e+02 -8.480000000000000000e+02
6.015000000000000000e+03 -1.120000000000000000e+02 5.200000000000000000e+02 -8.640000000000000000e+02
6.055000000000000000e+03 -1.040000000000000000e+02 5.200000000000000000e+02 -8.720000000000000000e+02
6.095000000000000000e+03 -1.120000000000000000e+02 5.360000000000000000e+02 -8.880000000000000000e+02
6.135000000000000000e+03 -1.200000000000000000e+02 5.120000000000000000e+02 -8.560000000000000000e+02
6.175000000000000000e+03 -1.040000000000000000e+02 5.040000000000000000e+02 -8.880000000000000000e+02
6.215000000000000000e+03 -1.040000000000000000e+02 5.120000000000000000e+02 -8.640000000000000000e+02
6.255000000000000000e+03 -1.120000000000000000e+02 5.280000000000000000e+02 -8.800000000000000000e+02
6.295000000000000000e+03 -1.200000000000000000e+02 5.200000000000000000e+02 -8.720000000000000000e+02
6.335000000000000000e+03 -1.040000000000000000e+02 5.280000000000000000e+02 -8.960000000000000000e+02
6.375000000000000000e+03 -9.600000000000000000e+01 5.120000000000000000e+02 -8.720000000000000000e+02
6.415000000000000000e+03 -9.600000000000000000e+01 5.040000000000000000e+02 -8.480000000000000000e+02
6.455000000000000000e+03 -1.120000000000000000e+02 5.440000000000000000e+02 -7.840000000000000000e+02
6.495000000000000000e+03 -1.200000000000000000e+02 5.520000000000000000e+02 -8.720000000000000000e+02
6.535000000000000000e+03 -1.200000000000000000e+02 5.280000000000000000e+02 -8.800000000000000000e+02
6.575000000000000000e+03 -1.040000000000000000e+02 5.360000000000000000e+02 -8.880000000000000000e+02
6.615000000000000000e+03 -1.040000000000000000e+02 5.280000000000000000e+02 -8.320000000000000000e+02
6.655000000000000000e+03 -1.120000000000000000e+02 5.200000000000000000e+02 -8.640000000000000000e+02
6.695000000000000000e+03 -1.120000000000000000e+02 5.200000000000000000e+02 -8.640000000000000000e+02
6.735000000000000000e+03 -1.120000000000000000e+02 5.200000000000000000e+02 -8.640000000000000000e+02
6.775000000000000000e+03 -1.200000000000000000e+02 5.200000000000000000e+02 -8.560000000000000000e+02
6.815000000000000000e+03 -1.120000000000000000e+02 5.120000000000000000e+02 -8.480000000000000000e+02
6.855000000000000000e+03 -1.120000000000000000e+02 5.040000000000000000e+02 -8.960000000000000000e+02
6.895000000000000000e+03 -1.200000000000000000e+02 5.040000000000000000e+02 -8.640000000000000000e+02
6.935000000000000000e+03 -1.120000000000000000e+02 5.120000000000000000e+02 -8.480000000000000000e+02
6.967000000000000000e+03 -1.120000000000000000e+02 5.040000000000000000e+02 -8.800000000000000000e+02
7.007000000000000000e+03 -1.040000000000000000e+02 4.960000000000000000e+02 -8.640000000000000000e+02
7.047000000000000000e+03 -1.120000000000000000e+02 5.120000000000000000e+02 -8.880000000000000000e+02
7.087000000000000000e+03 -1.200000000000000000e+02 5.040000000000000000e+02 -8.640000000000000000e+02
7.127000000000000000e+03 -8.800000000000000000e+01 5.440000000000000000e+02 -9.040000000000000000e+02
7.167000000000000000e+03 -8.800000000000000000e+01 5.040000000000000000e+02 -8.560000000000000000e+02
7.207000000000000000e+03 -8.800000000000000000e+01 5.200000000000000000e+02 -8.000000000000000000e+02
7.247000000000000000e+03 -1.040000000000000000e+02 5.440000000000000000e+02 -8.320000000000000000e+02
7.287000000000000000e+03 -1.280000000000000000e+02 5.440000000000000000e+02 -8.400000000000000000e+02
7.327000000000000000e+03 -1.280000000000000000e+02 5.120000000000000000e+02 -9.360000000000000000e+02
7.367000000000000000e+03 -1.200000000000000000e+02 5.120000000000000000e+02 -8.880000000000000000e+02
7.407000000000000000e+03 -1.200000000000000000e+02 5.120000000000000000e+02 -8.480000000000000000e+02
7.447000000000000000e+03 -1.120000000000000000e+02 5.280000000000000000e+02 -8.160000000000000000e+02
7.487000000000000000e+03 -1.200000000000000000e+02 5.200000000000000000e+02 -8.800000000000000000e+02
7.527000000000000000e+03 -8.800000000000000000e+01 5.200000000000000000e+02 -8.640000000000000000e+02
7.567000000000000000e+03 -1.040000000000000000e+02 5.040000000000000000e+02 -8.960000000000000000e+02
7.607000000000000000e+03 -8.800000000000000000e+01 5.120000000000000000e+02 -9.280000000000000000e+02
7.647000000000000000e+03 -1.040000000000000000e+02 5.120000000000000000e+02 -8.640000000000000000e+02
7.687000000000000000e+03 -1.120000000000000000e+02 5.200000000000000000e+02 -9.040000000000000000e+02
7.727000000000000000e+03 -1.280000000000000000e+02 5.280000000000000000e+02 -8.560000000000000000e+02
7.767000000000000000e+03 -1.200000000000000000e+02 5.200000000000000000e+02 -8.720000000000000000e+02
7.807000000000000000e+03 -1.120000000000000000e+02 5.120000000000000000e+02 -8.560000000000000000e+02
7.847000000000000000e+03 -1.120000000000000000e+02 5.280000000000000000e+02 -8.960000000000000000e+02
7.887000000000000000e+03 -1.040000000000000000e+02 4.960000000000000000e+02 -8.880000000000000000e+02
7.927000000000000000e+03 -9.600000000000000000e+01 5.200000000000000000e+02 -8.240000000000000000e+02
7.960000000000000000e+03 -1.040000000000000000e+02 5.200000000000000000e+02 -8.640000000000000000e+02
8.000000000000000000e+03 -1.200000000000000000e+02 5.040000000000000000e+02 -8.480000000000000000e+02
8.040000000000000000e+03 -1.200000000000000000e+02 5.200000000000000000e+02 -8.960000000000000000e+02
8.080000000000000000e+03 -1.120000000000000000e+02 5.360000000000000000e+02 -8.640000000000000000e+02
8.120000000000000000e+03 -1.200000000000000000e+02 5.360000000000000000e+02 -8.560000000000000000e+02
8.160000000000000000e+03 -1.200000000000000000e+02 5.360000000000000000e+02 -8.720000000000000000e+02
8.200000000000000000e+03 -1.200000000000000000e+02 5.200000000000000000e+02 -8.880000000000000000e+02
8.240000000000000000e+03 -1.120000000000000000e+02 5.040000000000000000e+02 -8.960000000000000000e+02
8.280000000000000000e+03 -1.200000000000000000e+02 5.040000000000000000e+02 -8.560000000000000000e+02
8.320000000000000000e+03 -1.120000000000000000e+02 5.280000000000000000e+02 -8.720000000000000000e+02
8.360000000000000000e+03 -1.040000000000000000e+02 5.200000000000000000e+02 -9.200000000000000000e+02
8.400000000000000000e+03 -1.120000000000000000e+02 5.120000000000000000e+02 -8.880000000000000000e+02
8.440000000000000000e+03 -1.200000000000000000e+02 5.440000000000000000e+02 -8.720000000000000000e+02
8.480000000000000000e+03 -1.280000000000000000e+02 5.440000000000000000e+02 -8.880000000000000000e+02
8.520000000000000000e+03 -1.200000000000000000e+02 5.200000000000000000e+02 -9.120000000000000000e+02
8.560000000000000000e+03 -1.360000000000000000e+02 5.040000000000000000e+02 -8.800000000000000000e+02
8.600000000000000000e+03 -1.280000000000000000e+02 5.280000000000000000e+02 -8.640000000000000000e+02
8.640000000000000000e+03 -1.360000000000000000e+02 4.800000000000000000e+02 -8.240000000000000000e+02
8.680000000000000000e+03 -1.280000000000000000e+02 4.800000000000000000e+02 -8.560000000000000000e+02
8.720000000000000000e+03 -1.360000000000000000e+02 4.880000000000000000e+02 -8.400000000000000000e+02
8.760000000000000000e+03 -1.280000000000000000e+02 5.280000000000000000e+02 -8.720000000000000000e+02
8.800000000000000000e+03 -1.120000000000000000e+02 5.360000000000000000e+02 -9.200000000000000000e+02
8.840000000000000000e+03 -1.440000000000000000e+02 5.120000000000000000e+02 -8.720000000000000000e+02
8.880000000000000000e+03 -1.280000000000000000e+02 5.360000000000000000e+02 -8.720000000000000000e+02
8.920000000000000000e+03 -1.200000000000000000e+02 5.200000000000000000e+02 -8.640000000000000000e+02
8.952000000000000000e+03 -1.120000000000000000e+02 5.120000000000000000e+02 -8.880000000000000000e+02
8.992000000000000000e+03 -1.040000000000000000e+02 4.960000000000000000e+02 -8.800000000000000000e+02
9.032000000000000000e+03 -1.120000000000000000e+02 4.720000000000000000e+02 -9.440000000000000000e+02
9.072000000000000000e+03 -1.440000000000000000e+02 4.800000000000000000e+02 -8.640000000000000000e+02
9.112000000000000000e+03 -1.360000000000000000e+02 5.120000000000000000e+02 -8.240000000000000000e+02
9.152000000000000000e+03 -1.120000000000000000e+02 5.200000000000000000e+02 -8.480000000000000000e+02
9.192000000000000000e+03 -9.600000000000000000e+01 5.280000000000000000e+02 -8.960000000000000000e+02
9.232000000000000000e+03 -1.040000000000000000e+02 5.280000000000000000e+02 -8.720000000000000000e+02
9.272000000000000000e+03 -1.200000000000000000e+02 5.200000000000000000e+02 -8.560000000000000000e+02
9.312000000000000000e+03 -1.200000000000000000e+02 4.960000000000000000e+02 -8.240000000000000000e+02
9.352000000000000000e+03 -1.280000000000000000e+02 4.960000000000000000e+02 -8.560000000000000000e+02
9.392000000000000000e+03 -1.280000000000000000e+02 5.120000000000000000e+02 -8.480000000000000000e+02
9.432000000000000000e+03 -1.280000000000000000e+02 5.120000000000000000e+02 -8.720000000000000000e+02
9.472000000000000000e+03 -1.280000000000000000e+02 5.200000000000000000e+02 -9.200000000000000000e+02
9.512000000000000000e+03 -1.200000000000000000e+02 5.120000000000000000e+02 -9.120000000000000000e+02
9.552000000000000000e+03 -1.280000000000000000e+02 5.200000000000000000e+02 -8.080000000000000000e+02
9.592000000000000000e+03 -1.280000000000000000e+02 4.960000000000000000e+02 -9.200000000000000000e+02
9.632000000000000000e+03 -1.280000000000000000e+02 5.200000000000000000e+02 -8.320000000000000000e+02
9.672000000000000000e+03 -1.200000000000000000e+02 5.120000000000000000e+02 -8.240000000000000000e+02
9.712000000000000000e+03 -1.120000000000000000e+02 5.200000000000000000e+02 -9.120000000000000000e+02
9.752000000000000000e+03 -1.280000000000000000e+02 4.960000000000000000e+02 -8.720000000000000000e+02
9.792000000000000000e+03 -1.120000000000000000e+02 4.960000000000000000e+02 -8.720000000000000000e+02
9.832000000000000000e+03 -1.120000000000000000e+02 5.120000000000000000e+02 -8.160000000000000000e+02
9.872000000000000000e+03 -1.120000000000000000e+02 5.120000000000000000e+02 -8.320000000000000000e+02
9.912000000000000000e+03 -9.600000000000000000e+01 5.200000000000000000e+02 -8.720000000000000000e+02
9.944000000000000000e+03 -1.440000000000000000e+02 5.280000000000000000e+02 -8.800000000000000000e+02
9.984000000000000000e+03 -1.200000000000000000e+02 5.600000000000000000e+02 -8.480000000000000000e+02
1.002400000000000000e+04 -1.040000000000000000e+02 5.120000000000000000e+02 -8.880000000000000000e+02
1.006400000000000000e+04 -1.200000000000000000e+02 5.200000000000000000e+02 -8.560000000000000000e+02
1.010400000000000000e+04 -1.440000000000000000e+02 5.280000000000000000e+02 -8.080000000000000000e+02
1.014400000000000000e+04 -1.120000000000000000e+02 5.360000000000000000e+02 -8.880000000000000000e+02
1.018400000000000000e+04 -1.120000000000000000e+02 5.280000000000000000e+02 -8.640000000000000000e+02
1.022400000000000000e+04 -1.120000000000000000e+02 5.280000000000000000e+02 -8.560000000000000000e+02
1.026400000000000000e+04 -1.120000000000000000e+02 5.200000000000000000e+02 -8.560000000000000000e+02
1.030400000000000000e+04 -1.360000000000000000e+02 5.120000000000000000e+02 -8.240000000000000000e+02
1.034400000000000000e+04 -1.200000000000000000e+02 5.200000000000000000e+02 -8.800000000000000000e+02
1.038400000000000000e+04 -9.600000000000000000e+01 5.200000000000000000e+02 -8.640000000000000000e+02
1.042400000000000000e+04 -9.600000000000000000e+01 5.360000000000000000e+02 -8.640000000000000000e+02
1.046400000000000000e+04 -9.600000000000000000e+01 5.280000000000000000e+02 -8.720000000000000000e+02
1.050400000000000000e+04 -1.040000000000000000e+02 5.200000000000000000e+02 -8.880000000000000000e+02
1.054400000000000000e+04 -1.200000000000000000e+02 5.200000000000000000e+02 -8.800000000000000000e+02
1.058400000000000000e+04 -1.360000000000000000e+02 5.200000000000000000e+02 -7.840000000000000000e+02
1.062400000000000000e+04 -1.200000000000000000e+02 4.800000000000000000e+02 -8.880000000000000000e+02
1.066400000000000000e+04 -1.040000000000000000e+02 5.040000000000000000e+02 -8.640000000000000000e+02
1.070400000000000000e+04 -1.200000000000000000e+02 5.120000000000000000e+02 -8.160000000000000000e+02
1.074400000000000000e+04 -1.200000000000000000e+02 5.440000000000000000e+02 -8.640000000000000000e+02
1.078400000000000000e+04 -1.120000000000000000e+02 5.440000000000000000e+02 -9.040000000000000000e+02
1.082400000000000000e+04 -1.200000000000000000e+02 5.120000000000000000e+02 -8.800000000000000000e+02
1.086400000000000000e+04 -1.200000000000000000e+02 5.120000000000000000e+02 -8.080000000000000000e+02
1.090400000000000000e+04 -1.200000000000000000e+02 5.200000000000000000e+02 -8.400000000000000000e+02
1.093500000000000000e+04 -1.120000000000000000e+02 5.040000000000000000e+02 -9.280000000000000000e+02
1.097500000000000000e+04 -1.280000000000000000e+02 5.040000000000000000e+02 -8.320000000000000000e+02
1.101500000000000000e+04 -1.440000000000000000e+02 4.960000000000000000e+02 -8.160000000000000000e+02
1.105500000000000000e+04 -1.360000000000000000e+02 4.960000000000000000e+02 -8.400000000000000000e+02
1.109500000000000000e+04 -1.280000000000000000e+02 5.120000000000000000e+02 -8.640000000000000000e+02
1.113500000000000000e+04 -9.600000000000000000e+01 5.040000000000000000e+02 -9.440000000000000000e+02
1.117500000000000000e+04 -9.600000000000000000e+01 5.120000000000000000e+02 -9.120000000000000000e+02
1.121500000000000000e+04 -1.040000000000000000e+02 5.360000000000000000e+02 -8.400000000000000000e+02
1.125500000000000000e+04 -1.120000000000000000e+02 5.200000000000000000e+02 -8.800000000000000000e+02
1.129500000000000000e+04 -1.120000000000000000e+02 4.960000000000000000e+02 -9.120000000000000000e+02
1.133500000000000000e+04 -1.120000000000000000e+02 4.960000000000000000e+02 -8.800000000000000000e+02
1.137500000000000000e+04 -9.600000000000000000e+01 4.960000000000000000e+02 -8.800000000000000000e+02
1.141500000000000000e+04 -6.400000000000000000e+01 4.960000000000000000e+02 -9.200000000000000000e+02
1.145500000000000000e+04 -9.600000000000000000e+01 4.960000000000000000e+02 -8.800000000000000000e+02
1.149500000000000000e+04 -9.600000000000000000e+01 5.120000000000000000e+02 -8.400000000000000000e+02
1.153500000000000000e+04 -8.800000000000000000e+01 5.040000000000000000e+02 -9.040000000000000000e+02
1.157500000000000000e+04 -1.040000000000000000e+02 4.960000000000000000e+02 -8.880000000000000000e+02
1.161500000000000000e+04 -1.280000000000000000e+02 5.040000000000000000e+02 -7.840000000000000000e+02
1.165500000000000000e+04 -1.200000000000000000e+02 4.560000000000000000e+02 -8.400000000000000000e+02
1.169500000000000000e+04 -1.120000000000000000e+02 4.800000000000000000e+02 -8.640000000000000000e+02
1.173500000000000000e+04 -1.120000000000000000e+02 4.720000000000000000e+02 -8.880000000000000000e+02
1.177500000000000000e+04 -9.600000000000000000e+01 5.040000000000000000e+02 -9.040000000000000000e+02
1.181500000000000000e+04 -1.040000000000000000e+02 5.120000000000000000e+02 -8.720000000000000000e+02
1.185500000000000000e+04 -1.120000000000000000e+02 5.120000000000000000e+02 -8.720000000000000000e+02
1.189500000000000000e+04 -1.280000000000000000e+02 5.200000000000000000e+02 -8.560000000000000000e+02
1.192700000000000000e+04 -1.200000000000000000e+02 5.120000000000000000e+02 -8.880000000000000000e+02
1.196700000000000000e+04 -1.040000000000000000e+02 5.040000000000000000e+02 -8.960000000000000000e+02
1.200700000000000000e+04 -1.200000000000000000e+02 4.720000000000000000e+02 -9.120000000000000000e+02
1.204700000000000000e+04 -1.360000000000000000e+02 4.800000000000000000e+02 -8.880000000000000000e+02
1.208700000000000000e+04 -1.360000000000000000e+02 4.800000000000000000e+02 -8.640000000000000000e+02
1.212700000000000000e+04 -1.200000000000000000e+02 5.040000000000000000e+02 -8.720000000000000000e+02
1.216700000000000000e+04 -1.040000000000000000e+02 5.040000000000000000e+02 -9.120000000000000000e+02
1.220700000000000000e+04 -1.120000000000000000e+02 5.040000000000000000e+02 -9.120000000000000000e+02
1.224700000000000000e+04 -1.120000000000000000e+02 5.200000000000000000e+02 -8.640000000000000000e+02
1.228700000000000000e+04 -1.120000000000000000e+02 5.280000000000000000e+02 -8.720000000000000000e+02
1.232700000000000000e+04 -1.040000000000000000e+02 5.120000000000000000e+02 -8.880000000000000000e+02
1.236700000000000000e+04 -1.040000000000000000e+02 5.120000000000000000e+02 -9.120000000000000000e+02
1.240700000000000000e+04 -1.040000000000000000e+02 5.120000000000000000e+02 -8.640000000000000000e+02
1.244700000000000000e+04 -1.040000000000000000e+02 5.200000000000000000e+02 -8.880000000000000000e+02
1.248700000000000000e+04 -1.040000000000000000e+02 5.120000000000000000e+02 -8.800000000000000000e+02
1.252700000000000000e+04 -1.040000000000000000e+02 5.200000000000000000e+02 -8.800000000000000000e+02
1.256700000000000000e+04 -9.600000000000000000e+01 5.200000000000000000e+02 -9.040000000000000000e+02
1.260700000000000000e+04 -1.120000000000000000e+02 5.040000000000000000e+02 -8.960000000000000000e+02
1.264700000000000000e+04 -1.040000000000000000e+02 5.040000000000000000e+02 -8.640000000000000000e+02
1.268700000000000000e+04 -1.040000000000000000e+02 5.040000000000000000e+02 -8.960000000000000000e+02
1.272700000000000000e+04 -9.600000000000000000e+01 5.040000000000000000e+02 -8.800000000000000000e+02
1.276700000000000000e+04 -9.600000000000000000e+01 4.960000000000000000e+02 -8.720000000000000000e+02
1.280700000000000000e+04 -1.040000000000000000e+02 4.960000000000000000e+02 -8.560000000000000000e+02
1.284700000000000000e+04 -1.040000000000000000e+02 4.800000000000000000e+02 -9.040000000000000000e+02
1.288700000000000000e+04 -9.600000000000000000e+01 5.040000000000000000e+02 -8.560000000000000000e+02
1.292000000000000000e+04 -1.120000000000000000e+02 5.040000000000000000e+02 -8.640000000000000000e+02
1.296000000000000000e+04 -1.200000000000000000e+02 5.120000000000000000e+02 -8.720000000000000000e+02
1.300000000000000000e+04 -1.040000000000000000e+02 5.280000000000000000e+02 -8.560000000000000000e+02
1.304000000000000000e+04 -1.120000000000000000e+02 5.200000000000000000e+02 -7.920000000000000000e+02
1.308000000000000000e+04 -1.120000000000000000e+02 5.040000000000000000e+02 -8.800000000000000000e+02
1.312000000000000000e+04 -9.600000000000000000e+01 5.200000000000000000e+02 -8.320000000000000000e+02
1.316000000000000000e+04 -1.040000000000000000e+02 5.120000000000000000e+02 -8.640000000000000000e+02
1.320000000000000000e+04 -1.040000000000000000e+02 5.120000000000000000e+02 -8.560000000000000000e+02
1.324000000000000000e+04 -1.040000000000000000e+02 5.120000000000000000e+02 -9.040000000000000000e+02
1.328000000000000000e+04 -1.040000000000000000e+02 5.280000000000000000e+02 -8.800000000000000000e+02
1.332000000000000000e+04 -1.040000000000000000e+02 5.120000000000000000e+02 -8.880000000000000000e+02
1.336000000000000000e+04 -1.040000000000000000e+02 5.200000000000000000e+02 -8.320000000000000000e+02
1.340000000000000000e+04 -9.600000000000000000e+01 5.200000000000000000e+02 -8.720000000000000000e+02
1.344000000000000000e+04 -1.200000000000000000e+02 5.200000000000000000e+02 -8.400000000000000000e+02
1.348000000000000000e+04 -1.360000000000000000e+02 5.120000000000000000e+02 -8.960000000000000000e+02
1.352000000000000000e+04 -1.200000000000000000e+02 5.120000000000000000e+02 -9.280000000000000000e+02
1.356000000000000000e+04 -1.040000000000000000e+02 5.280000000000000000e+02 -8.320000000000000000e+02
1.360000000000000000e+04 -1.200000000000000000e+02 5.280000000000000000e+02 -8.160000000000000000e+02
1.364000000000000000e+04 -1.200000000000000000e+02 5.280000000000000000e+02 -8.800000000000000000e+02
1.368000000000000000e+04 -1.280000000000000000e+02 5.040000000000000000e+02 -8.800000000000000000e+02
1.372000000000000000e+04 -1.200000000000000000e+02 5.040000000000000000e+02 -8.240000000000000000e+02
1.376000000000000000e+04 -1.280000000000000000e+02 4.960000000000000000e+02 -8.960000000000000000e+02
1.380000000000000000e+04 -1.360000000000000000e+02 5.120000000000000000e+02 -8.560000000000000000e+02
1.384000000000000000e+04 -1.360000000000000000e+02 4.960000000000000000e+02 -8.480000000000000000e+02
1.388000000000000000e+04 -1.280000000000000000e+02 5.120000000000000000e+02 -8.480000000000000000e+02
1.391100000000000000e+04 -1.200000000000000000e+02 5.120000000000000000e+02 -8.640000000000000000e+02
1.395100000000000000e+04 -1.040000000000000000e+02 4.720000000000000000e+02 -9.440000000000000000e+02
1.399100000000000000e+04 -8.800000000000000000e+01 4.880000000000000000e+02 -8.240000000000000000e+02
1.403100000000000000e+04 -1.040000000000000000e+02 5.280000000000000000e+02 -8.640000000000000000e+02
1.407100000000000000e+04 -9.600000000000000000e+01 5.040000000000000000e+02 -8.960000000000000000e+02
1.411100000000000000e+04 -9.600000000000000000e+01 5.120000000000000000e+02 -8.880000000000000000e+02
1.415100000000000000e+04 -9.600000000000000000e+01 5.120000000000000000e+02 -9.120000000000000000e+02
1.419100000000000000e+04 -9.600000000000000000e+01 5.120000000000000000e+02 -8.800000000000000000e+02
1.423100000000000000e+04 -7.200000000000000000e+01 5.200000000000000000e+02 -8.960000000000000000e+02
1.427100000000000000e+04 -7.200000000000000000e+01 5.200000000000000000e+02 -8.800000000000000000e+02
1.431100000000000000e+04 -8.800000000000000000e+01 5.200000000000000000e+02 -8.800000000000000000e+02
1.435100000000000000e+04 -1.040000000000000000e+02 5.200000000000000000e+02 -8.720000000000000000e+02
1.439100000000000000e+04 -9.600000000000000000e+01 5.120000000000000000e+02 -8.880000000000000000e+02
1.443100000000000000e+04 -1.120000000000000000e+02 5.120000000000000000e+02 -8.800000000000000000e+02
1.447100000000000000e+04 -8.800000000000000000e+01 5.040000000000000000e+02 -8.560000000000000000e+02
1.451100000000000000e+04 -9.600000000000000000e+01 5.280000000000000000e+02 -8.320000000000000000e+02
1.455100000000000000e+04 -9.600000000000000000e+01 4.960000000000000000e+02 -8.400000000000000000e+02
1.459100000000000000e+04 -9.600000000000000000e+01 5.040000000000000000e+02 -8.960000000000000000e+02
1.463100000000000000e+04 -9.600000000000000000e+01 5.040000000000000000e+02 -8.720000000000000000e+02
1.467100000000000000e+04 -8.800000000000000000e+01 5.360000000000000000e+02 -8.880000000000000000e+02
1.471100000000000000e+04 -8.800000000000000000e+01 5.120000000000000000e+02 -8.720000000000000000e+02
1.475100000000000000e+04 -9.600000000000000000e+01 5.120000000000000000e+02 -8.880000000000000000e+02
1.479100000000000000e+04 -1.040000000000000000e+02 5.120000000000000000e+02 -8.560000000000000000e+02
1.483100000000000000e+04 -8.800000000000000000e+01 5.280000000000000000e+02 -9.360000000000000000e+02
1.487100000000000000e+04 -9.600000000000000000e+01 4.960000000000000000e+02 -8.880000000000000000e+02
1.490300000000000000e+04 -9.600000000000000000e+01 5.360000000000000000e+02 -8.320000000000000000e+02
1.494300000000000000e+04 -1.040000000000000000e+02 5.280000000000000000e+02 -8.640000000000000000e+02
1.498300000000000000e+04 -1.040000000000000000e+02 5.280000000000000000e+02 -9.200000000000000000e+02
1.502300000000000000e+04 -1.200000000000000000e+02 5.360000000000000000e+02 -8.320000000000000000e+02
1.506300000000000000e+04 -1.200000000000000000e+02 5.200000000000000000e+02 -9.600000000000000000e+02
1.510300000000000000e+04 -1.280000000000000000e+02 5.440000000000000000e+02 -8.560000000000000000e+02
1.514300000000000000e+04 -1.280000000000000000e+02 5.120000000000000000e+02 -8.720000000000000000e+02
1.518300000000000000e+04 -1.200000000000000000e+02 5.200000000000000000e+02 -8.880000000000000000e+02
1.522300000000000000e+04 -1.200000000000000000e+02 5.280000000000000000e+02 -8.400000000000000000e+02
1.526300000000000000e+04 -1.040000000000000000e+02 5.200000000000000000e+02 -8.800000000000000000e+02
1.530300000000000000e+04 -1.120000000000000000e+02 4.960000000000000000e+02 -8.640000000000000000e+02
1.534300000000000000e+04 -8.800000000000000000e+01 5.120000000000000000e+02 -8.560000000000000000e+02
1.538300000000000000e+04 -9.600000000000000000e+01 5.200000000000000000e+02 -8.880000000000000000e+02
1.542300000000000000e+04 -8.800000000000000000e+01 5.200000000000000000e+02 -8.480000000000000000e+02
1.546300000000000000e+04 -1.200000000000000000e+02 5.280000000000000000e+02 -8.720000000000000000e+02
1.550300000000000000e+04 -1.120000000000000000e+02 5.200000000000000000e+02 -8.480000000000000000e+02
1.554300000000000000e+04 -1.200000000000000000e+02 5.440000000000000000e+02 -8.560000000000000000e+02
1.558300000000000000e+04 -1.200000000000000000e+02 5.280000000000000000e+02 -8.400000000000000000e+02
1.562300000000000000e+04 -1.200000000000000000e+02 5.280000000000000000e+02 -8.560000000000000000e+02
1.566300000000000000e+04 -1.280000000000000000e+02 5.280000000000000000e+02 -8.480000000000000000e+02
1.570300000000000000e+04 -1.280000000000000000e+02 5.280000000000000000e+02 -8.640000000000000000e+02
1.574300000000000000e+04 -1.200000000000000000e+02 4.960000000000000000e+02 -8.160000000000000000e+02
1.578300000000000000e+04 -1.040000000000000000e+02 4.880000000000000000e+02 -8.720000000000000000e+02
1.582300000000000000e+04 -9.600000000000000000e+01 5.040000000000000000e+02 -8.560000000000000000e+02
1.586300000000000000e+04 -1.040000000000000000e+02 5.120000000000000000e+02 -8.800000000000000000e+02
1.589500000000000000e+04 -9.600000000000000000e+01 5.120000000000000000e+02 -9.200000000000000000e+02
1.593500000000000000e+04 -9.600000000000000000e+01 5.040000000000000000e+02 -8.800000000000000000e+02
1.597500000000000000e+04 -1.120000000000000000e+02 5.040000000000000000e+02 -8.880000000000000000e+02
1.601500000000000000e+04 -1.200000000000000000e+02 4.960000000000000000e+02 -8.720000000000000000e+02
1.605500000000000000e+04 -1.120000000000000000e+02 5.040000000000000000e+02 -9.280000000000000000e+02
1.609500000000000000e+04 -1.040000000000000000e+02 4.800000000000000000e+02 -9.120000000000000000e+02
1.613500000000000000e+04 -1.200000000000000000e+02 4.960000000000000000e+02 -8.640000000000000000e+02
1.617500000000000000e+04 -1.120000000000000000e+02 4.800000000000000000e+02 -8.640000000000000000e+02
1.621500000000000000e+04 -1.120000000000000000e+02 4.880000000000000000e+02 -8.480000000000000000e+02
1.625500000000000000e+04 -1.120000000000000000e+02 4.880000000000000000e+02 -8.960000000000000000e+02
1.629500000000000000e+04 -9.600000000000000000e+01 4.960000000000000000e+02 -8.640000000000000000e+02
1.633500000000000000e+04 -9.600000000000000000e+01 5.200000000000000000e+02 -8.240000000000000000e+02
1.637500000000000000e+04 -9.600000000000000000e+01 5.120000000000000000e+02 -8.880000000000000000e+02
1.641500000000000000e+04 -9.600000000000000000e+01 5.040000000000000000e+02 -9.200000000000000000e+02
1.645500000000000000e+04 -1.040000000000000000e+02 5.040000000000000000e+02 -8.720000000000000000e+02
1.649500000000000000e+04 -9.600000000000000000e+01 5.040000000000000000e+02 -9.040000000000000000e+02
1.653500000000000000e+04 -8.800000000000000000e+01 5.200000000000000000e+02 -8.800000000000000000e+02
1.657500000000000000e+04 -6.400000000000000000e+01 5.200000000000000000e+02 -8.880000000000000000e+02
1.661500000000000000e+04 -8.800000000000000000e+01 5.200000000000000000e+02 -8.800000000000000000e+02
1.665500000000000000e+04 -1.040000000000000000e+02 5.040000000000000000e+02 -9.680000000000000000e+02
1.669500000000000000e+04 -7.200000000000000000e+01 5.200000000000000000e+02 -8.640000000000000000e+02
1.673500000000000000e+04 -8.000000000000000000e+01 5.040000000000000000e+02 -8.560000000000000000e+02
1.677500000000000000e+04 -1.120000000000000000e+02 5.040000000000000000e+02 -8.400000000000000000e+02
1.681500000000000000e+04 -1.040000000000000000e+02 4.960000000000000000e+02 -8.960000000000000000e+02
1.685500000000000000e+04 -1.120000000000000000e+02 4.960000000000000000e+02 -8.720000000000000000e+02
1.688700000000000000e+04 -1.040000000000000000e+02 5.120000000000000000e+02 -8.880000000000000000e+02
1.692700000000000000e+04 -1.040000000000000000e+02 5.040000000000000000e+02 -8.720000000000000000e+02
1.696700000000000000e+04 -1.280000000000000000e+02 4.800000000000000000e+02 -8.960000000000000000e+02
1.700700000000000000e+04 -1.200000000000000000e+02 5.200000000000000000e+02 -8.800000000000000000e+02
1.704700000000000000e+04 -9.600000000000000000e+01 5.120000000000000000e+02 -8.800000000000000000e+02
1.708700000000000000e+04 -1.040000000000000000e+02 5.040000000000000000e+02 -8.640000000000000000e+02
1.712700000000000000e+04 -1.040000000000000000e+02 5.040000000000000000e+02 -8.720000000000000000e+02
1.716700000000000000e+04 -1.120000000000000000e+02 5.040000000000000000e+02 -8.560000000000000000e+02
1.720700000000000000e+04 -1.040000000000000000e+02 5.040000000000000000e+02 -8.720000000000000000e+02
1.724700000000000000e+04 -9.600000000000000000e+01 5.040000000000000000e+02 -8.800000000000000000e+02
1.728700000000000000e+04 -8.800000000000000000e+01 5.120000000000000000e+02 -8.960000000000000000e+02
1.732700000000000000e+04 -1.040000000000000000e+02 5.040000000000000000e+02 -8.720000000000000000e+02
1.736700000000000000e+04 -1.040000000000000000e+02 5.040000000000000000e+02 -8.640000000000000000e+02
1.740700000000000000e+04 -1.040000000000000000e+02 5.040000000000000000e+02 -8.640000000000000000e+02
1.744700000000000000e+04 -1.040000000000000000e+02 5.040000000000000000e+02 -8.880000000000000000e+02
1.748700000000000000e+04 -1.280000000000000000e+02 5.200000000000000000e+02 -8.960000000000000000e+02
1.752700000000000000e+04 -1.120000000000000000e+02 5.200000000000000000e+02 -8.800000000000000000e+02
1.756700000000000000e+04 -1.040000000000000000e+02 5.200000000000000000e+02 -9.040000000000000000e+02
1.760700000000000000e+04 -1.040000000000000000e+02 5.200000000000000000e+02 -8.640000000000000000e+02
1.764700000000000000e+04 -1.280000000000000000e+02 4.720000000000000000e+02 -8.720000000000000000e+02
1.768700000000000000e+04 -1.040000000000000000e+02 4.880000000000000000e+02 -9.200000000000000000e+02
1.772700000000000000e+04 -1.200000000000000000e+02 4.960000000000000000e+02 -8.720000000000000000e+02
1.776700000000000000e+04 -1.200000000000000000e+02 4.880000000000000000e+02 -8.960000000000000000e+02
1.780700000000000000e+04 -1.120000000000000000e+02 4.880000000000000000e+02 -8.880000000000000000e+02
1.784700000000000000e+04 -1.120000000000000000e+02 5.040000000000000000e+02 -8.880000000000000000e+02
1.788000000000000000e+04 -1.040000000000000000e+02 5.120000000000000000e+02 -8.800000000000000000e+02
1.792000000000000000e+04 -9.600000000000000000e+01 5.120000000000000000e+02 -8.880000000000000000e+02
1.796000000000000000e+04 -1.040000000000000000e+02 5.120000000000000000e+02 -8.640000000000000000e+02
1.800000000000000000e+04 -1.040000000000000000e+02 5.040000000000000000e+02 -8.880000000000000000e+02
1.804000000000000000e+04 -9.600000000000000000e+01 4.960000000000000000e+02 -8.880000000000000000e+02
1.808000000000000000e+04 -8.000000000000000000e+01 4.960000000000000000e+02 -8.560000000000000000e+02
1.812000000000000000e+04 -7.200000000000000000e+01 4.960000000000000000e+02 -9.040000000000000000e+02
1.816000000000000000e+04 -8.800000000000000000e+01 5.200000000000000000e+02 -8.400000000000000000e+02
1.820000000000000000e+04 -9.600000000000000000e+01 5.120000000000000000e+02 -8.640000000000000000e+02
1.824000000000000000e+04 -9.600000000000000000e+01 4.960000000000000000e+02 -8.400000000000000000e+02
1.828000000000000000e+04 -1.040000000000000000e+02 5.040000000000000000e+02 -8.640000000000000000e+02
1.832000000000000000e+04 -1.040000000000000000e+02 5.040000000000000000e+02 -8.960000000000000000e+02
1.836000000000000000e+04 -1.040000000000000000e+02 5.120000000000000000e+02 -8.720000000000000000e+02
1.840000000000000000e+04 -1.040000000000000000e+02 4.800000000000000000e+02 -8.880000000000000000e+02
1.844000000000000000e+04 -1.120000000000000000e+02 4.880000000000000000e+02 -9.280000000000000000e+02
1.848000000000000000e+04 -1.120000000000000000e+02 5.040000000000000000e+02 -8.800000000000000000e+02
1.852000000000000000e+04 -1.040000000000000000e+02 5.120000000000000000e+02 -8.960000000000000000e+02
1.856000000000000000e+04 -9.600000000000000000e+01 4.960000000000000000e+02 -8.880000000000000000e+02
1.860000000000000000e+04 -1.120000000000000000e+02 4.960000000000000000e+02 -8.560000000000000000e+02
1.864000000000000000e+04 -1.040000000000000000e+02 5.040000000000000000e+02 -8.960000000000000000e+02
1.868000000000000000e+04 -8.800000000000000000e+01 4.960000000000000000e+02 -9.760000000000000000e+02
1.872000000000000000e+04 -8.800000000000000000e+01 4.880000000000000000e+02 -8.880000000000000000e+02
1.876000000000000000e+04 -9.600000000000000000e+01 5.360000000000000000e+02 -8.640000000000000000e+02
1.880000000000000000e+04 -8.800000000000000000e+01 5.200000000000000000e+02 -8.560000000000000000e+02
1.884000000000000000e+04 -9.600000000000000000e+01 5.040000000000000000e+02 -8.800000000000000000e+02
1.887200000000000000e+04 -8.800000000000000000e+01 4.880000000000000000e+02 -8.800000000000000000e+02
1.891200000000000000e+04 -9.600000000000000000e+01 4.960000000000000000e+02 -9.120000000000000000e+02
1.895200000000000000e+04 -1.040000000000000000e+02 5.040000000000000000e+02 -8.560000000000000000e+02
1.899200000000000000e+04 -1.040000000000000000e+02 4.880000000000000000e+02 -9.040000000000000000e+02
1.903200000000000000e+04 -1.040000000000000000e+02 4.880000000000000000e+02 -9.040000000000000000e+02
1.907200000000000000e+04 -9.600000000000000000e+01 4.960000000000000000e+02 -8.800000000000000000e+02
1.911200000000000000e+04 -9.600000000000000000e+01 5.280000000000000000e+02 -9.200000000000000000e+02
1.915200000000000000e+04 -1.120000000000000000e+02 5.200000000000000000e+02 -8.320000000000000000e+02
1.919200000000000000e+04 -1.120000000000000000e+02 5.120000000000000000e+02 -8.320000000000000000e+02
1.923200000000000000e+04 -9.600000000000000000e+01 5.120000000000000000e+02 -8.720000000000000000e+02
1.927200000000000000e+04 -8.800000000000000000e+01 5.200000000000000000e+02 -8.640000000000000000e+02
1.931200000000000000e+04 -9.600000000000000000e+01 5.200000000000000000e+02 -8.400000000000000000e+02
1.935200000000000000e+04 -1.040000000000000000e+02 5.200000000000000000e+02 -8.640000000000000000e+02
1.939200000000000000e+04 -1.040000000000000000e+02 5.280000000000000000e+02 -8.480000000000000000e+02
1.943200000000000000e+04 -8.800000000000000000e+01 5.280000000000000000e+02 -8.880000000000000000e+02
1.947200000000000000e+04 -8.000000000000000000e+01 5.120000000000000000e+02 -8.960000000000000000e+02
1.951200000000000000e+04 -9.600000000000000000e+01 5.200000000000000000e+02 -8.640000000000000000e+02
1.955200000000000000e+04 -9.600000000000000000e+01 5.200000000000000000e+02 -8.640000000000000000e+02
1.959200000000000000e+04 -9.600000000000000000e+01 5.200000000000000000e+02 -9.040000000000000000e+02
1.963200000000000000e+04 -1.040000000000000000e+02 5.040000000000000000e+02 -8.560000000000000000e+02
1.967200000000000000e+04 -1.280000000000000000e+02 4.800000000000000000e+02 -8.960000000000000000e+02
1.971200000000000000e+04 -1.120000000000000000e+02 5.040000000000000000e+02 -8.640000000000000000e+02
1.975200000000000000e+04 -1.040000000000000000e+02 5.120000000000000000e+02 -8.640000000000000000e+02
1.979200000000000000e+04 -1.040000000000000000e+02 5.040000000000000000e+02 -9.040000000000000000e+02
1.983200000000000000e+04 -1.120000000000000000e+02 4.960000000000000000e+02 -8.560000000000000000e+02
