2.700000000000000000e+01 1.600000000000000000e+01 1.008000000000000000e+03 -8.800000000000000000e+01
6.700000000000000000e+01 3.200000000000000000e+01 1.008000000000000000e+03 -4.800000000000000000e+01
1.070000000000000000e+02 3.200000000000000000e+01 1.008000000000000000e+03 -4.800000000000000000e+01
1.470000000000000000e+02 2.400000000000000000e+01 1.008000000000000000e+03 -4.800000000000000000e+01
1.870000000000000000e+02 2.400000000000000000e+01 1.008000000000000000e+03 -5.600000000000000000e+01
2.270000000000000000e+02 2.400000000000000000e+01 1.000000000000000000e+03 -3.200000000000000000e+01
2.670000000000000000e+02 2.400000000000000000e+01 1.016000000000000000e+03 -4.000000000000000000e+01
3.070000000000000000e+02 2.400000000000000000e+01 1.008000000000000000e+03 -4.800000000000000000e+01
3.470000000000000000e+02 2.400000000000000000e+01 1.008000000000000000e+03 -5.600000000000000000e+01
3.870000000000000000e+02 2.400000000000000000e+01 1.008000000000000000e+03 -4.800000000000000000e+01
4.270000000000000000e+02 8.000000000000000000e+00 1.008000000000000000e+03 -4.800000000000000000e+01
4.670000000000000000e+02 2.400000000000000000e+01 1.008000000000000000e+03 -4.000000000000000000e+01
5.070000000000000000e+02 2.400000000000000000e+01 1.008000000000000000e+03 -4.000000000000000000e+01
5.470000000000000000e+02 2.400000000000000000e+01 1.008000000000000000e+03 -4.800000000000000000e+01
5.870000000000000000e+02 2.400000000000000000e+01 1.000000000000000000e+03 -5.600000000000000000e+01
6.270000000000000000e+02 2.400000000000000000e+01 1.008000000000000000e+03 -4.000000000000000000e+01
6.670000000000000000e+02 2.400000000000000000e+01 1.000000000000000000e+03 -5.600000000000000000e+01
7.070000000000000000e+02 2.400000000000000000e+01 1.008000000000000000e+03 -4.800000000000000000e+01
7.470000000000000000e+02 2.400000000000000000e+01 1.000000000000000000e+03 -5.600000000000000000e+01
7.870000000000000000e+02 2.400000000000000000e+01 1.008000000000000000e+03 -5.600000000000000000e+01
8.270000000000000000e+02 2.400000000000000000e+01 1.008000000000000000e+03 -4.800000000000000000e+01
8.670000000000000000e+02 3.200000000000000000e+01 1.000000000000000000e+03 -6.400000000000000000e+01
9.070000000000000000e+02 2.400000000000000000e+01 1.000000000000000000e+03 -5.600000000000000000e+01
9.470000000000000000e+02 2.400000000000000000e+01 1.008000000000000000e+03 -4.000000000000000000e+01
9.870000000000000000e+02 2.400000000000000000e+01 1.000000000000000000e+03 -4.800000000000000000e+01
1.020000000000000000e+03 2.400000000000000000e+01 1.000000000000000000e+03 -5.600000000000000000e+01
1.060000000000000000e+03 2.400000000000000000e+01 1.000000000000000000e+03 -4.800000000000000000e+01
1.100000000000000000e+03 4.000000000000000000e+01 1.000000000000000000e+03 -7.200000000000000000e+01
1.140000000000000000e+03 4.800000000000000000e+01 1.008000000000000000e+03 -5.600000000000000000e+01
1.180000000000000000e+03 2.400000000000000000e+01 1.016000000000000000e+03 3.200000000000000000e+01
1.220000000000000000e+03 2.400000000000000000e+01 1.008000000000000000e+03 -4.800000000000000000e+01
1.260000000000000000e+03 2.400000000000000000e+01 1.008000000000000000e+03 -6.400000000000000000e+01
1.300000000000000000e+03 1.600000000000000000e+01 1.008000000000000000e+03 -7.200000000000000000e+01
1.340000000000000000e+03 1.600000000000000000e+01 1.000000000000000000e+03 -5.600000000000000000e+01
1.380000000000000000e+03 1.600000000000000000e+01 1.008000000000000000e+03 -3.200000000000000000e+01
1.420000000000000000e+03 1.600000000000000000e+01 9.920000000000000000e+02 -4.800000000000000000e+01
1.460000000000000000e+03 4.000000000000000000e+01 1.008000000000000000e+03 -4.000000000000000000e+01
1.500000000000000000e+03 3.200000000000000000e+01 1.000000000000000000e+03 -4.800000000000000000e+01
1.540000000000000000e+03 2.400000000000000000e+01 1.008000000000000000e+03 -7.200000000000000000e+01
1.580000000000000000e+03 2.400000000000000000e+01 1.008000000000000000e+03 -4.000000000000000000e+01
1.620000000000000000e+03 2.400000000000000000e+01 1.008000000000000000e+03 -5.600000000000000000e+01
1.660000000000000000e+03 2.400000000000000000e+01 1.008000000000000000e+03 -4.800000000000000000e+01
1.700000000000000000e+03 2.400000000000000000e+01 1.008000000000000000e+03 -4.000000000000000000e+01
1.740000000000000000e+03 2.400000000000000000e+01 1.000000000000000000e+03 -3.200000000000000000e+01
1.780000000000000000e+03 2.400000000000000000e+01 1.000000000000000000e+03 -4.800000000000000000e+01
1.820000000000000000e+03 3.200000000000000000e+01 9.920000000000000000e+02 -2.400000000000000000e+01
1.860000000000000000e+03 2.400000000000000000e+01 9.840000000000000000e+02 -5.600000000000000000e+01
1.900000000000000000e+03 1.600000000000000000e+01 9.760000000000000000e+02 -4.000000000000000000e+01
1.940000000000000000e+03 1.600000000000000000e+01 9.680000000000000000e+02 -8.800000000000000000e+01
1.980000000000000000e+03 4.000000000000000000e+01 9.840000000000000000e+02 -3.200000000000000000e+01
2.011000000000000000e+03 3.200000000000000000e+01 9.840000000000000000e+02 -8.000000000000000000e+01
2.051000000000000000e+03 2.400000000000000000e+01 9.680000000000000000e+02 -4.800000000000000000e+01
2.091000000000000000e+03 1.600000000000000000e+01 9.840000000000000000e+02 -4.000000000000000000e+01
2.131000000000000000e+03 1.600000000000000000e+01 9.920000000000000000e+02 -3.200000000000000000e+01
2.171000000000000000e+03 2.400000000000000000e+01 1.016000000000000000e+03 -3.200000000000000000e+01
2.211000000000000000e+03 2.400000000000000000e+01 1.008000000000000000e+03 -1.600000000000000000e+01
2.251000000000000000e+03 4.000000000000000000e+01 1.000000000000000000e+03 -5.600000000000000000e+01
2.291000000000000000e+03 3.200000000000000000e+01 1.016000000000000000e+03 -4.800000000000000000e+01
2.331000000000000000e+03 2.400000000000000000e+01 1.008000000000000000e+03 -4.800000000000000000e+01
2.371000000000000000e+03 4.000000000000000000e+01 1.008000000000000000e+03 -4.000000000000000000e+01
2.411000000000000000e+03 3.200000000000000000e+01 1.000000000000000000e+03 -4.800000000000000000e+01
2.451000000000000000e+03 3.200000000000000000e+01 1.008000000000000000e+03 -2.400000000000000000e+01
2.491000000000000000e+03 3.200000000000000000e+01 1.000000000000000000e+03 -6.400000000000000000e+01
2.531000000000000000e+03 2.400000000000000000e+01 1.024000000000000000e+03 -4.000000000000000000e+01
2.571000000000000000e+03 2.400000000000000000e+01 1.016000000000000000e+03 -8.800000000000000000e+01
2.611000000000000000e+03 2.400000000000000000e+01 1.000000000000000000e+03 -3.200000000000000000e+01
2.651000000000000000e+03 2.400000000000000000e+01 1.024000000000000000e+03 -3.200000000000000000e+01
2.691000000000000000e+03 2.400000000000000000e+01 1.016000000000000000e+03 -4.800000000000000000e+01
2.731000000000000000e+03 2.400000000000000000e+01 1.016000000000000000e+03 -4.800000000000000000e+01
2.771000000000000000e+03 0.000000000000000000e+00 1.008000000000000000e+03 -6.400000000000000000e+01
2.811000000000000000e+03 -8.000000000000000000e+00 1.000000000000000000e+03 -4.800000000000000000e+01
2.851000000000000000e+03 8.000000000000000000e+00 1.000000000000000000e+03 -5.600000000000000000e+01
2.891000000000000000e+03 8.000000000000000000e+00 1.000000000000000000e+03 -8.000000000000000000e+01
2.931000000000000000e+03 1.600000000000000000e+01 1.000000000000000000e+03 -4.800000000000000000e+01
2.971000000000000000e+03 1.600000000000000000e+01 9.920000000000000000e+02 1.600000000000000000e+01
3.002000000000000000e+03 2.400000000000000000e+01 1.000000000000000000e+03 -3.200000000000000000e+01
3.042000000000000000e+03 2.400000000000000000e+01 1.000000000000000000e+03 -4.000000000000000000e+01
3.082000000000000000e+03 1.600000000000000000e+01 1.016000000000000000e+03 -5.600000000000000000e+01
3.122000000000000000e+03 2.400000000000000000e+01 1.008000000000000000e+03 -4.800000000000000000e+01
3.162000000000000000e+03 1.600000000000000000e+01 1.008000000000000000e+03 -6.400000000000000000e+01
3.202000000000000000e+03 1.600000000000000000e+01 9.760000000000000000e+02 -5.600000000000000000e+01
3.242000000000000000e+03 2.400000000000000000e+01 9.920000000000000000e+02 -8.800000000000000000e+01
3.282000000000000000e+03 3.200000000000000000e+01 1.000000000000000000e+03 -6.400000000000000000e+01
3.322000000000000000e+03 3.200000000000000000e+01 1.000000000000000000e+03 -7.200000000000000000e+01
3.362000000000000000e+03 3.200000000000000000e+01 9.920000000000000000e+02 -3.200000000000000000e+01
3.402000000000000000e+03 3.200000000000000000e+01 9.840000000000000000e+02 -4.800000000000000000e+01
3.442000000000000000e+03 2.400000000000000000e+01 9.840000000000000000e+02 -4.000000000000000000e+01
3.482000000000000000e+03 1.600000000000000000e+01 9.920000000000000000e+02 -7.200000000000000000e+01
3.522000000000000000e+03 -8.000000000000000000e+00 1.000000000000000000e+03 -4.800000000000000000e+01
3.562000000000000000e+03 -8.000000000000000000e+00 1.000000000000000000e+03 -7.200000000000000000e+01
3.602000000000000000e+03 2.400000000000000000e+01 9.920000000000000000e+02 -6.400000000000000000e+01
3.642000000000000000e+03 3.200000000000000000e+01 1.000000000000000000e+03 -1.600000000000000000e+01
3.682000000000000000e+03 2.400000000000000000e+01 1.008000000000000000e+03 -6.400000000000000000e+01
3.722000000000000000e+03 2.400000000000000000e+01 1.000000000000000000e+03 -3.200000000000000000e+01
3.762000000000000000e+03 2.400000000000000000e+01 9.920000000000000000e+02 -8.800000000000000000e+01
3.802000000000000000e+03 2.400000000000000000e+01 1.024000000000000000e+03 -3.200000000000000000e+01
3.842000000000000000e+03 1.600000000000000000e+01 1.016000000000000000e+03 -4.000000000000000000e+01
3.882000000000000000e+03 1.600000000000000000e+01 1.008000000000000000e+03 -6.400000000000000000e+01
3.922000000000000000e+03 4.000000000000000000e+01 1.008000000000000000e+03 -1.600000000000000000e+01
3.962000000000000000e+03 4.000000000000000000e+01 1.000000000000000000e+03 -5.600000000000000000e+01
3.995000000000000000e+03 3.200000000000000000e+01 1.008000000000000000e+03 -6.400000000000000000e+01
4.035000000000000000e+03 1.600000000000000000e+01 1.008000000000000000e+03 -4.000000000000000000e+01
4.075000000000000000e+03 0.000000000000000000e+00 1.024000000000000000e+03 -4.000000000000000000e+01
4.115000000000000000e+03 1.600000000000000000e+01 1.000000000000000000e+03 -6.400000000000000000e+01
4.155000000000000000e+03 3.200000000000000000e+01 1.000000000000000000e+03 -5.600000000000000000e+01
4.195000000000000000e+03 2.400000000000000000e+01 1.000000000000000000e+03 -4.000000000000000000e+01
4.235000000000000000e+03 2.400000000000000000e+01 9.920000000000000000e+02 -5.600000000000000000e+01
4.275000000000000000e+03 2.400000000000000000e+01 1.000000000000000000e+03 -4.000000000000000000e+01
4.315000000000000000e+03 1.600000000000000000e+01 1.000000000000000000e+03 -5.600000000000000000e+01
4.355000000000000000e+03 1.600000000000000000e+01 1.008000000000000000e+03 -4.800000000000000000e+01
4.395000000000000000e+03 0.000000000000000000e+00 1.008000000000000000e+03 -8.000000000000000000e+00
4.435000000000000000e+03 1.600000000000000000e+01 1.000000000000000000e+03 -5.600000000000000000e+01
4.475000000000000000e+03 3.200000000000000000e+01 1.008000000000000000e+03 -4.800000000000000000e+01
4.515000000000000000e+03 1.600000000000000000e+01 1.016000000000000000e+03 -8.800000000000000000e+01
4.555000000000000000e+03 2.400000000000000000e+01 9.840000000000000000e+02 -6.400000000000000000e+01
4.595000000000000000e+03 2.400000000000000000e+01 9.920000000000000000e+02 -2.400000000000000000e+01
4.635000000000000000e+03 3.200000000000000000e+01 9.840000000000000000e+02 -4.000000000000000000e+01
4.675000000000000000e+03 3.200000000000000000e+01 9.760000000000000000e+02 -8.000000000000000000e+00
4.715000000000000000e+03 2.400000000000000000e+01 9.920000000000000000e+02 -6.400000000000000000e+01
4.755000000000000000e+03 2.400000000000000000e+01 9.920000000000000000e+02 -4.000000000000000000e+01
4.795000000000000000e+03 2.400000000000000000e+01 1.000000000000000000e+03 -1.600000000000000000e+01
4.835000000000000000e+03 3.200000000000000000e+01 9.920000000000000000e+02 -4.000000000000000000e+01
4.875000000000000000e+03 2.400000000000000000e+01 9.920000000000000000e+02 -4.800000000000000000e+01
4.915000000000000000e+03 2.400000000000000000e+01 1.008000000000000000e+03 -4.000000000000000000e+01
4.955000000000000000e+03 3.200000000000000000e+01 1.024000000000000000e+03 -5.600000000000000000e+01
4.986000000000000000e+03 3.200000000000000000e+01 1.016000000000000000e+03 -2.400000000000000000e+01
5.026000000000000000e+03 3.200000000000000000e+01 1.008000000000000000e+03 -6.400000000000000000e+01
5.066000000000000000e+03 8.000000000000000000e+00 1.008000000000000000e+03 0.000000000000000000e+00
5.106000000000000000e+03 1.600000000000000000e+01 1.016000000000000000e+03 -4.000000000000000000e+01
5.146000000000000000e+03 0.000000000000000000e+00 1.008000000000000000e+03 -3.200000000000000000e+01
5.186000000000000000e+03 1.600000000000000000e+01 1.016000000000000000e+03 -5.600000000000000000e+01
5.226000000000000000e+03 2.400000000000000000e+01 1.024000000000000000e+03 -8.000000000000000000e+01
5.266000000000000000e+03 1.600000000000000000e+01 1.016000000000000000e+03 -4.800000000000000000e+01
5.306000000000000000e+03 2.400000000000000000e+01 1.016000000000000000e+03 -4.800000000000000000e+01
5.346000000000000000e+03 4.800000000000000000e+01 1.000000000000000000e+03 -4.000000000000000000e+01
5.386000000000000000e+03 4.000000000000000000e+01 1.000000000000000000e+03 -4.000000000000000000e+01
5.426000000000000000e+03 3.200000000000000000e+01 1.000000000000000000e+03 -8.000000000000000000e+01
5.466000000000000000e+03 2.400000000000000000e+01 1.000000000000000000e+03 -3.200000000000000000e+01
5.506000000000000000e+03 4.000000000000000000e+01 1.008000000000000000e+03 -4.800000000000000000e+01
5.546000000000000000e+03 1.600000000000000000e+01 9.920000000000000000e+02 -7.200000000000000000e+01
5.586000000000000000e+03 1.600000000000000000e+01 1.000000000000000000e+03 -5.600000000000000000e+01
5.626000000000000000e+03 1.600000000000000000e+01 1.008000000000000000e+03 -5.600000000000000000e+01
5.666000000000000000e+03 2.400000000000000000e+01 1.000000000000000000e+03 -6.400000000000000000e+01
5.706000000000000000e+03 1.600000000000000000e+01 1.008000000000000000e+03 -6.400000000000000000e+01
5.746000000000000000e+03 2.400000000000000000e+01 1.016000000000000000e+03 -4.800000000000000000e+01
5.786000000000000000e+03 2.400000000000000000e+01 1.000000000000000000e+03 -4.800000000000000000e+01
5.826000000000000000e+03 1.600000000000000000e+01 1.008000000000000000e+03 -5.600000000000000000e+01
5.866000000000000000e+03 2.400000000000000000e+01 9.840000000000000000e+02 -6.400000000000000000e+01
5.906000000000000000e+03 3.200000000000000000e+01 1.000000000000000000e+03 -5.600000000000000000e+01
5.946000000000000000e+03 2.400000000000000000e+01 1.000000000000000000e+03 -4.000000000000000000e+01
5.977000000000000000e+03 2.400000000000000000e+01 1.000000000000000000e+03 -5.600000000000000000e+01
6.017000000000000000e+03 3.200000000000000000e+01 1.008000000000000000e+03 -5.600000000000000000e+01
6.057000000000000000e+03 4.800000000000000000e+01 1.000000000000000000e+03 -8.000000000000000000e+01
6.097000000000000000e+03 4.800000000000000000e+01 9.920000000000000000e+02 -2.400000000000000000e+01
6.137000000000000000e+03 4.000000000000000000e+01 9.920000000000000000e+02 -4.000000000000000000e+01
6.177000000000000000e+03 3.200000000000000000e+01 1.000000000000000000e+03 -8.000000000000000000e+01
6.217000000000000000e+03 3.200000000000000000e+01 1.000000000000000000e+03 -4.800000000000000000e+01
6.257000000000000000e+03 3.200000000000000000e+01 1.000000000000000000e+03 -8.800000000000000000e+01
6.297000000000000000e+03 2.400000000000000000e+01 1.000000000000000000e+03 -7.200000000000000000e+01
6.337000000000000000e+03 1.600000000000000000e+01 1.000000000000000000e+03 -7.200000000000000000e+01
6.377000000000000000e+03 1.600000000000000000e+01 1.000000000000000000e+03 -4.800000000000000000e+01
6.417000000000000000e+03 8.000000000000000000e+00 1.024000000000000000e+03 -8.000000000000000000e+01
6.457000000000000000e+03 1.600000000000000000e+01 1.016000000000000000e+03 -6.400000000000000000e+01
6.497000000000000000e+03 1.600000000000000000e+01 1.008000000000000000e+03 -4.000000000000000000e+01
6.537000000000000000e+03 1.600000000000000000e+01 1.008000000000000000e+03 -4.800000000000000000e+01
6.577000000000000000e+03 1.600000000000000000e+01 1.008000000000000000e+03 -4.000000000000000000e+01
6.617000000000000000e+03 2.400000000000000000e+01 1.000000000000000000e+03 -5.600000000000000000e+01
6.657000000000000000e+03 3.200000000000000000e+01 1.000000000000000000e+03 -8.000000000000000000e+01
6.697000000000000000e+03 4.000000000000000000e+01 1.008000000000000000e+03 -4.800000000000000000e+01
6.737000000000000000e+03 3.200000000000000000e+01 1.008000000000000000e+03 -3.200000000000000000e+01
6.777000000000000000e+03 2.400000000000000000e+01 1.008000000000000000e+03 -4.800000000000000000e+01
6.817000000000000000e+03 2.400000000000000000e+01 1.008000000000000000e+03 -4.800000000000000000e+01
6.857000000000000000e+03 2.400000000000000000e+01 1.008000000000000000e+03 -5.600000000000000000e+01
6.897000000000000000e+03 3.200000000000000000e+01 1.024000000000000000e+03 -4.000000000000000000e+01
6.937000000000000000e+03 3.200000000000000000e+01 1.008000000000000000e+03 -1.600000000000000000e+01
6.968000000000000000e+03 3.200000000000000000e+01 1.008000000000000000e+03 -5.600000000000000000e+01
7.008000000000000000e+03 3.200000000000000000e+01 1.000000000000000000e+03 -5.600000000000000000e+01
7.048000000000000000e+03 3.200000000000000000e+01 1.000000000000000000e+03 -5.600000000000000000e+01
7.088000000000000000e+03 3.200000000000000000e+01 1.000000000000000000e+03 -4.800000000000000000e+01
7.128000000000000000e+03 3.200000000000000000e+01 1.008000000000000000e+03 -6.400000000000000000e+01
7.168000000000000000e+03 3.200000000000000000e+01 1.008000000000000000e+03 -8.800000000000000000e+01
7.208000000000000000e+03 3.200000000000000000e+01 1.008000000000000000e+03 -6.400000000000000000e+01
7.248000000000000000e+03 2.400000000000000000e+01 1.008000000000000000e+03 -7.200000000000000000e+01
7.288000000000000000e+03 2.400000000000000000e+01 1.008000000000000000e+03 -4.800000000000000000e+01
7.328000000000000000e+03 2.400000000000000000e+01 1.000000000000000000e+03 -4.800000000000000000e+01
7.368000000000000000e+03 3.200000000000000000e+01 1.008000000000000000e+03 -4.000000000000000000e+01
7.408000000000000000e+03 3.200000000000000000e+01 1.000000000000000000e+03 -5.600000000000000000e+01
7.448000000000000000e+03 2.400000000000000000e+01 1.000000000000000000e+03 -5.600000000000000000e+01
7.488000000000000000e+03 1.600000000000000000e+01 1.008000000000000000e+03 -5.600000000000000000e+01
7.528000000000000000e+03 3.200000000000000000e+01 1.008000000000000000e+03 -6.400000000000000000e+01
7.568000000000000000e+03 3.200000000000000000e+01 1.008000000000000000e+03 -6.400000000000000000e+01
7.608000000000000000e+03 2.400000000000000000e+01 1.008000000000000000e+03 -6.400000000000000000e+01
7.648000000000000000e+03 3.200000000000000000e+01 1.008000000000000000e+03 -6.400000000000000000e+01
7.688000000000000000e+03 2.400000000000000000e+01 1.008000000000000000e+03 0.000000000000000000e+00
7.728000000000000000e+03 2.400000000000000000e+01 1.016000000000000000e+03 -8.800000000000000000e+01
7.768000000000000000e+03 3.200000000000000000e+01 1.008000000000000000e+03 -6.400000000000000000e+01
7.808000000000000000e+03 3.200000000000000000e+01 9.920000000000000000e+02 -4.000000000000000000e+01
7.848000000000000000e+03 4.000000000000000000e+01 1.008000000000000000e+03 -3.200000000000000000e+01
7.888000000000000000e+03 3.200000000000000000e+01 1.000000000000000000e+03 -5.600000000000000000e+01
7.928000000000000000e+03 2.400000000000000000e+01 1.000000000000000000e+03 -4.800000000000000000e+01
7.960000000000000000e+03 1.600000000000000000e+01 1.000000000000000000e+03 -5.600000000000000000e+01
8.000000000000000000e+03 8.000000000000000000e+00 1.000000000000000000e+03 -3.200000000000000000e+01
8.040000000000000000e+03 2.400000000000000000e+01 1.000000000000000000e+03 -3.200000000000000000e+01
8.080000000000000000e+03 8.000000000000000000e+00 9.920000000000000000e+02 -4.000000000000000000e+01
8.120000000000000000e+03 1.600000000000000000e+01 9.920000000000000000e+02 -2.400000000000000000e+01
8.160000000000000000e+03 2.400000000000000000e+01 9.920000000000000000e+02 -8.800000000000000000e+01
8.200000000000000000e+03 1.600000000000000000e+01 1.008000000000000000e+03 -5.600000000000000000e+01
8.240000000000000000e+03 2.400000000000000000e+01 1.000000000000000000e+03 -6.400000000000000000e+01
8.280000000000000000e+03 2.400000000000000000e+01 1.000000000000000000e+03 -2.400000000000000000e+01
8.320000000000000000e+03 3.200000000000000000e+01 1.016000000000000000e+03 -4.800000000000000000e+01
8.360000000000000000e+03 2.400000000000000000e+01 1.016000000000000000e+03 -4.800000000000000000e+01
8.400000000000000000e+03 2.400000000000000000e+01 1.024000000000000000e+03 -4.800000000000000000e+01
8.440000000000000000e+03 2.400000000000000000e+01 1.016000000000000000e+03 -4.000000000000000000e+01
8.480000000000000000e+03 2.400000000000000000e+01 1.008000000000000000e+03 -4.800000000000000000e+01
8.520000000000000000e+03 2.400000000000000000e+01 1.000000000000000000e+03 -2.400000000000000000e+01
8.560000000000000000e+03 3.200000000000000000e+01 1.008000000000000000e+03 -4.800000000000000000e+01
8.600000000000000000e+03 3.200000000000000000e+01 1.000000000000000000e+03 -5.600000000000000000e+01
8.640000000000000000e+03 2.400000000000000000e+01 1.000000000000000000e+03 -4.000000000000000000e+01
8.680000000000000000e+03 2.400000000000000000e+01 1.000000000000000000e+03 -5.600000000000000000e+01
8.720000000000000000e+03 2.400000000000000000e+01 1.016000000000000000e+03 -5.600000000000000000e+01
8.760000000000000000e+03 3.200000000000000000e+01 1.008000000000000000e+03 -6.400000000000000000e+01
8.800000000000000000e+03 3.200000000000000000e+01 1.008000000000000000e+03 -4.000000000000000000e+01
8.840000000000000000e+03 2.400000000000000000e+01 1.024000000000000000e+03 -4.000000000000000000e+01
8.880000000000000000e+03 2.400000000000000000e+01 1.008000000000000000e+03 -4.000000000000000000e+01
8.920000000000000000e+03 2.400000000000000000e+01 1.008000000000000000e+03 -5.600000000000000000e+01
8.952000000000000000e+03 3.200000000000000000e+01 1.016000000000000000e+03 -6.400000000000000000e+01
8.992000000000000000e+03 3.200000000000000000e+01 1.008000000000000000e+03 -7.200000000000000000e+01
9.032000000000000000e+03 3.200000000000000000e+01 1.016000000000000000e+03 -4.000000000000000000e+01
9.072000000000000000e+03 2.400000000000000000e+01 1.008000000000000000e+03 -3.200000000000000000e+01
9.112000000000000000e+03 3.200000000000000000e+01 1.008000000000000000e+03 -4.000000000000000000e+01
9.152000000000000000e+03 1.600000000000000000e+01 1.024000000000000000e+03 -7.200000000000000000e+01
9.192000000000000000e+03 2.400000000000000000e+01 1.024000000000000000e+03 -8.800000000000000000e+01
9.232000000000000000e+03 2.400000000000000000e+01 1.008000000000000000e+03 -6.400000000000000000e+01
9.272000000000000000e+03 2.400000000000000000e+01 9.840000000000000000e+02 -4.800000000000000000e+01
9.312000000000000000e+03 1.600000000000000000e+01 9.920000000000000000e+02 -4.800000000000000000e+01
9.352000000000000000e+03 2.400000000000000000e+01 1.008000000000000000e+03 -3.200000000000000000e+01
9.392000000000000000e+03 2.400000000000000000e+01 1.008000000000000000e+03 -4.800000000000000000e+01
9.432000000000000000e+03 2.400000000000000000e+01 1.000000000000000000e+03 -8.800000000000000000e+01
9.472000000000000000e+03 1.600000000000000000e+01 1.000000000000000000e+03 -6.400000000000000000e+01
9.512000000000000000e+03 2.400000000000000000e+01 1.000000000000000000e+03 -7.200000000000000000e+01
9.552000000000000000e+03 2.400000000000000000e+01 9.840000000000000000e+02 -8.000000000000000000e+01
9.592000000000000000e+03 2.400000000000000000e+01 9.680000000000000000e+02 -4.800000000000000000e+01
9.632000000000000000e+03 1.600000000000000000e+01 9.840000000000000000e+02 -5.600000000000000000e+01
9.672000000000000000e+03 1.600000000000000000e+01 1.008000000000000000e+03 -6.400000000000000000e+01
9.712000000000000000e+03 2.400000000000000000e+01 1.000000000000000000e+03 -9.600000000000000000e+01
9.752000000000000000e+03 3.200000000000000000e+01 1.008000000000000000e+03 -5.600000000000000000e+01
9.792000000000000000e+03 3.200000000000000000e+01 1.008000000000000000e+03 -4.800000000000000000e+01
9.832000000000000000e+03 3.200000000000000000e+01 1.000000000000000000e+03 -6.400000000000000000e+01
9.872000000000000000e+03 3.200000000000000000e+01 1.000000000000000000e+03 -3.200000000000000000e+01
9.912000000000000000e+03 2.400000000000000000e+01 1.008000000000000000e+03 -4.800000000000000000e+01
9.943000000000000000e+03 2.400000000000000000e+01 1.008000000000000000e+03 -5.600000000000000000e+01
9.983000000000000000e+03 2.400000000000000000e+01 1.000000000000000000e+03 -8.000000000000000000e+00
1.002300000000000000e+04 3.200000000000000000e+01 1.008000000000000000e+03 -3.200000000000000000e+01
1.006300000000000000e+04 3.200000000000000000e+01 1.024000000000000000e+03 -5.600000000000000000e+01
1.010300000000000000e+04 3.200000000000000000e+01 1.008000000000000000e+03 -5.600000000000000000e+01
1.014300000000000000e+04 1.600000000000000000e+01 1.000000000000000000e+03 -7.200000000000000000e+01
1.018300000000000000e+04 2.400000000000000000e+01 1.000000000000000000e+03 -2.400000000000000000e+01
1.022300000000000000e+04 2.400000000000000000e+01 1.000000000000000000e+03 -4.800000000000000000e+01
1.026300000000000000e+04 1.600000000000000000e+01 1.000000000000000000e+03 -8.800000000000000000e+01
1.030300000000000000e+04 2.400000000000000000e+01 9.840000000000000000e+02 -8.800000000000000000e+01
1.034300000000000000e+04 2.400000000000000000e+01 1.008000000000000000e+03 -4.800000000000000000e+01
1.038300000000000000e+04 1.600000000000000000e+01 1.024000000000000000e+03 -4.000000000000000000e+01
1.042300000000000000e+04 1.600000000000000000e+01 1.016000000000000000e+03 -5.600000000000000000e+01
1.046300000000000000e+04 2.400000000000000000e+01 1.008000000000000000e+03 -4.000000000000000000e+01
1.050300000000000000e+04 2.400000000000000000e+01 1.016000000000000000e+03 0.000000000000000000e+00
1.054300000000000000e+04 2.400000000000000000e+01 1.008000000000000000e+03 -5.600000000000000000e+01
1.058300000000000000e+04 4.000000000000000000e+01 1.008000000000000000e+03 -2.400000000000000000e+01
1.062300000000000000e+04 4.000000000000000000e+01 1.000000000000000000e+03 8.000000000000000000e+00
1.066300000000000000e+04 3.200000000000000000e+01 9.920000000000000000e+02 -4.000000000000000000e+01
1.070300000000000000e+04 3.200000000000000000e+01 9.920000000000000000e+02 -3.200000000000000000e+01
1.074300000000000000e+04 3.200000000000000000e+01 1.000000000000000000e+03 -4.000000000000000000e+01
1.078300000000000000e+04 1.600000000000000000e+01 1.008000000000000000e+03 -4.000000000000000000e+01
1.082300000000000000e+04 2.400000000000000000e+01 1.008000000000000000e+03 -4.800000000000000000e+01
1.086300000000000000e+04 2.400000000000000000e+01 1.008000000000000000e+03 -3.200000000000000000e+01
1.090300000000000000e+04 2.400000000000000000e+01 1.008000000000000000e+03 -4.000000000000000000e+01
1.093500000000000000e+04 3.200000000000000000e+01 1.000000000000000000e+03 -8.000000000000000000e+00
1.097500000000000000e+04 3.200000000000000000e+01 1.016000000000000000e+03 -6.400000000000000000e+01
1.101500000000000000e+04 2.400000000000000000e+01 9.760000000000000000e+02 -4.000000000000000000e+01
1.105500000000000000e+04 1.600000000000000000e+01 9.840000000000000000e+02 -9.600000000000000000e+01
1.109500000000000000e+04 8.000000000000000000e+00 9.920000000000000000e+02 -4.000000000000000000e+01
1.113500000000000000e+04 1.600000000000000000e+01 1.000000000000000000e+03 -2.400000000000000000e+01
1.117500000000000000e+04 2.400000000000000000e+01 1.000000000000000000e+03 -4.800000000000000000e+01
1.121500000000000000e+04 1.600000000000000000e+01 1.008000000000000000e+03 -7.200000000000000000e+01
1.125500000000000000e+04 2.400000000000000000e+01 1.008000000000000000e+03 -8.000000000000000000e+00
1.129500000000000000e+04 1.600000000000000000e+01 9.760000000000000000e+02 -4.800000000000000000e+01
1.133500000000000000e+04 2.400000000000000000e+01 9.680000000000000000e+02 -2.400000000000000000e+01
1.137500000000000000e+04 2.400000000000000000e+01 9.920000000000000000e+02 -5.600000000000000000e+01
1.141500000000000000e+04 2.400000000000000000e+01 1.000000000000000000e+03 -7.200000000000000000e+01
1.145500000000000000e+04 1.600000000000000000e+01 9.840000000000000000e+02 -4.000000000000000000e+01
1.149500000000000000e+04 3.200000000000000000e+01 9.840000000000000000e+02 -1.600000000000000000e+01
1.153500000000000000e+04 8.000000000000000000e+00 9.920000000000000000e+02 -4.800000000000000000e+01
1.157500000000000000e+04 2.400000000000000000e+01 1.000000000000000000e+03 -5.600000000000000000e+01
1.161500000000000000e+04 0.000000000000000000e+00 1.000000000000000000e+03 -7.200000000000000000e+01
1.165500000000000000e+04 1.600000000000000000e+01 1.000000000000000000e+03 -4.000000000000000000e+01
1.169500000000000000e+04 2.400000000000000000e+01 1.000000000000000000e+03 -6.400000000000000000e+01
1.173500000000000000e+04 2.400000000000000000e+01 1.008000000000000000e+03 -6.400000000000000000e+01
1.177500000000000000e+04 3.200000000000000000e+01 1.008000000000000000e+03 -4.800000000000000000e+01
1.181500000000000000e+04 3.200000000000000000e+01 1.008000000000000000e+03 -5.600000000000000000e+01
1.185500000000000000e+04 2.400000000000000000e+01 1.016000000000000000e+03 -4.000000000000000000e+01
1.189500000000000000e+04 2.400000000000000000e+01 1.008000000000000000e+03 -1.120000000000000000e+02
1.192600000000000000e+04 2.400000000000000000e+01 9.920000000000000000e+02 -8.000000000000000000e+01
1.196600000000000000e+04 8.000000000000000000e+00 9.840000000000000000e+02 -2.400000000000000000e+01
1.200600000000000000e+04 2.400000000000000000e+01 9.680000000000000000e+02 -3.200000000000000000e+01
1.204600000000000000e+04 1.600000000000000000e+01 9.840000000000000000e+02 -8.000000000000000000e+01
1.208600000000000000e+04 2.400000000000000000e+01 9.840000000000000000e+02 -5.600000000000000000e+01
1.212600000000000000e+04 3.200000000000000000e+01 9.920000000000000000e+02 -3.200000000000000000e+01
1.216600000000000000e+04 2.400000000000000000e+01 9.840000000000000000e+02 -5.600000000000000000e+01
1.220600000000000000e+04 1.600000000000000000e+01 9.920000000000000000e+02 -4.800000000000000000e+01
1.224600000000000000e+04 4.000000000000000000e+01 1.000000000000000000e+03 -4.800000000000000000e+01
1.228600000000000000e+04 2.400000000000000000e+01 1.000000000000000000e+03 -4.000000000000000000e+01
1.232600000000000000e+04 3.200000000000000000e+01 1.008000000000000000e+03 -4.800000000000000000e+01
1.236600000000000000e+04 2.400000000000000000e+01 1.016000000000000000e+03 -4.800000000000000000e+01
1.240600000000000000e+04 1.600000000000000000e+01 1.008000000000000000e+03 -4.000000000000000000e+01
1.244600000000000000e+04 2.400000000000000000e+01 1.008000000000000000e+03 -3.200000000000000000e+01
1.248600000000000000e+04 8.000000000000000000e+00 1.008000000000000000e+03 -8.000000000000000000e+01
1.252600000000000000e+04 1.600000000000000000e+01 1.008000000000000000e+03 -4.800000000000000000e+01
1.256600000000000000e+04 3.200000000000000000e+01 1.008000000000000000e+03 -3.200000000000000000e+01
1.260600000000000000e+04 2.400000000000000000e+01 1.016000000000000000e+03 -5.600000000000000000e+01
1.264600000000000000e+04 2.400000000000000000e+01 1.008000000000000000e+03 -4.800000000000000000e+01
1.268600000000000000e+04 2.400000000000000000e+01 1.008000000000000000e+03 -5.600000000000000000e+01
1.272600000000000000e+04 1.600000000000000000e+01 1.008000000000000000e+03 -8.000000000000000000e+00
1.276600000000000000e+04 1.600000000000000000e+01 1.008000000000000000e+03 -5.600000000000000000e+01
1.280600000000000000e+04 2.400000000000000000e+01 1.000000000000000000e+03 -5.600000000000000000e+01
1.284600000000000000e+04 3.200000000000000000e+01 1.008000000000000000e+03 -6.400000000000000000e+01
1.288600000000000000e+04 2.400000000000000000e+01 1.016000000000000000e+03 -8.000000000000000000e+01
1.291800000000000000e+04 1.600000000000000000e+01 1.016000000000000000e+03 -4.800000000000000000e+01
1.295800000000000000e+04 1.600000000000000000e+01 1.008000000000000000e+03 -4.000000000000000000e+01
1.299800000000000000e+04 2.400000000000000000e+01 1.016000000000000000e+03 -4.800000000000000000e+01
1.303800000000000000e+04 2.400000000000000000e+01 1.016000000000000000e+03 -2.400000000000000000e+01
1.307800000000000000e+04 8.000000000000000000e+00 1.024000000000000000e+03 -5.600000000000000000e+01
1.311800000000000000e+04 1.600000000000000000e+01 1.008000000000000000e+03 -5.600000000000000000e+01
1.315800000000000000e+04 1.600000000000000000e+01 1.000000000000000000e+03 -3.200000000000000000e+01
1.319800000000000000e+04 2.400000000000000000e+01 1.000000000000000000e+03 -6.400000000000000000e+01
1.323800000000000000e+04 8.000000000000000000e+00 1.000000000000000000e+03 -5.600000000000000000e+01
1.327800000000000000e+04 1.600000000000000000e+01 1.000000000000000000e+03 -5.600000000000000000e+01
1.331800000000000000e+04 2.400000000000000000e+01 1.008000000000000000e+03 -5.600000000000000000e+01
1.335800000000000000e+04 2.400000000000000000e+01 1.000000000000000000e+03 -4.000000000000000000e+01
1.339800000000000000e+04 2.400000000000000000e+01 1.008000000000000000e+03 -4.800000000000000000e+01
1.343800000000000000e+04 1.600000000000000000e+01 9.840000000000000000e+02 -1.600000000000000000e+01
1.347800000000000000e+04 2.400000000000000000e+01 9.680000000000000000e+02 -5.600000000000000000e+01
1.351800000000000000e+04 4.000000000000000000e+01 9.840000000000000000e+02 -5.600000000000000000e+01
1.355800000000000000e+04 2.400000000000000000e+01 9.920000000000000000e+02 -4.800000000000000000e+01
1.359800000000000000e+04 3.200000000000000000e+01 1.008000000000000000e+03 -4.000000000000000000e+01
1.363800000000000000e+04 8.000000000000000000e+00 1.008000000000000000e+03 -4.000000000000000000e+01
1.367800000000000000e+04 1.600000000000000000e+01 1.008000000000000000e+03 -8.800000000000000000e+01
1.371800000000000000e+04 1.600000000000000000e+01 1.000000000000000000e+03 -3.200000000000000000e+01
1.375800000000000000e+04 2.400000000000000000e+01 1.024000000000000000e+03 -4.000000000000000000e+01
1.379800000000000000e+04 2.400000000000000000e+01 1.016000000000000000e+03 -6.400000000000000000e+01
1.383800000000000000e+04 3.200000000000000000e+01 1.008000000000000000e+03 -5.600000000000000000e+01
1.387800000000000000e+04 4.000000000000000000e+01 1.016000000000000000e+03 -4.800000000000000000e+01
1.390900000000000000e+04 3.200000000000000000e+01 1.024000000000000000e+03 -8.800000000000000000e+01
1.394900000000000000e+04 2.400000000000000000e+01 1.008000000000000000e+03 1.600000000000000000e+01
1.398900000000000000e+04 2.400000000000000000e+01 1.016000000000000000e+03 -1.200000000000000000e+02
1.402900000000000000e+04 2.400000000000000000e+01 1.008000000000000000e+03 -3.200000000000000000e+01
1.406900000000000000e+04 2.400000000000000000e+01 1.016000000000000000e+03 -4.000000000000000000e+01
1.410900000000000000e+04 3.200000000000000000e+01 1.008000000000000000e+03 -5.600000000000000000e+01
1.414900000000000000e+04 2.400000000000000000e+01 1.008000000000000000e+03 -4.000000000000000000e+01
1.418900000000000000e+04 2.400000000000000000e+01 1.000000000000000000e+03 -5.600000000000000000e+01
1.422900000000000000e+04 4.800000000000000000e+01 1.000000000000000000e+03 -4.800000000000000000e+01
1.426900000000000000e+04 3.200000000000000000e+01 1.000000000000000000e+03 -3.200000000000000000e+01
1.430900000000000000e+04 3.200000000000000000e+01 1.024000000000000000e+03 -6.400000000000000000e+01
1.434900000000000000e+04 2.400000000000000000e+01 1.016000000000000000e+03 -7.200000000000000000e+01
1.438900000000000000e+04 3.200000000000000000e+01 1.008000000000000000e+03 -4.800000000000000000e+01
1.442900000000000000e+04 3.200000000000000000e+01 1.008000000000000000e+03 -5.600000000000000000e+01
1.446900000000000000e+04 2.400000000000000000e+01 9.920000000000000000e+02 -4.000000000000000000e+01
1.450900000000000000e+04 3.200000000000000000e+01 9.920000000000000000e+02 -4.000000000000000000e+01
1.454900000000000000e+04 3.200000000000000000e+01 1.000000000000000000e+03 -4.000000000000000000e+01
1.458900000000000000e+04 1.600000000000000000e+01 1.000000000000000000e+03 -5.600000000000000000e+01
1.462900000000000000e+04 4.800000000000000000e+01 1.000000000000000000e+03 -9.600000000000000000e+01
1.466900000000000000e+04 2.400000000000000000e+01 9.920000000000000000e+02 -4.000000000000000000e+01
1.470900000000000000e+04 2.400000000000000000e+01 1.000000000000000000e+03 -4.000000000000000000e+01
1.474900000000000000e+04 8.000000000000000000e+00 9.920000000000000000e+02 -6.400000000000000000e+01
1.478900000000000000e+04 8.000000000000000000e+00 1.008000000000000000e+03 -8.800000000000000000e+01
1.482900000000000000e+04 1.600000000000000000e+01 9.920000000000000000e+02 -6.400000000000000000e+01
1.486900000000000000e+04 1.600000000000000000e+01 9.920000000000000000e+02 -5.600000000000000000e+01
1.490100000000000000e+04 2.400000000000000000e+01 1.000000000000000000e+03 -6.400000000000000000e+01
1.494100000000000000e+04 1.600000000000000000e+01 9.920000000000000000e+02 -4.800000000000000000e+01
1.498100000000000000e+04 4.800000000000000000e+01 1.000000000000000000e+03 -4.000000000000000000e+01
1.502100000000000000e+04 4.000000000000000000e+01 1.000000000000000000e+03 -8.800000000000000000e+01
1.506100000000000000e+04 1.600000000000000000e+01 9.840000000000000000e+02 -7.200000000000000000e+01
1.510100000000000000e+04 2.400000000000000000e+01 1.000000000000000000e+03 -4.000000000000000000e+01
1.514100000000000000e+04 3.200000000000000000e+01 1.016000000000000000e+03 -4.800000000000000000e+01
1.518100000000000000e+04 8.000000000000000000e+00 9.920000000000000000e+02 -4.000000000000000000e+01
1.522100000000000000e+04 1.600000000000000000e+01 1.000000000000000000e+03 -4.800000000000000000e+01
1.526100000000000000e+04 2.400000000000000000e+01 1.000000000000000000e+03 -1.600000000000000000e+01
1.530100000000000000e+04 3.200000000000000000e+01 9.920000000000000000e+02 -6.400000000000000000e+01
1.534100000000000000e+04 4.800000000000000000e+01 1.000000000000000000e+03 -1.200000000000000000e+02
1.538100000000000000e+04 5.600000000000000000e+01 1.000000000000000000e+03 -1.040000000000000000e+02
1.542100000000000000e+04 4.000000000000000000e+01 1.000000000000000000e+03 -4.800000000000000000e+01
1.546100000000000000e+04 2.400000000000000000e+01 1.000000000000000000e+03 -5.600000000000000000e+01
1.550100000000000000e+04 3.200000000000000000e+01 1.008000000000000000e+03 -5.600000000000000000e+01
1.554100000000000000e+04 8.000000000000000000e+00 1.008000000000000000e+03 -3.200000000000000000e+01
1.558100000000000000e+04 1.600000000000000000e+01 9.920000000000000000e+02 -4.000000000000000000e+01
1.562100000000000000e+04 1.600000000000000000e+01 9.920000000000000000e+02 -4.800000000000000000e+01
1.566100000000000000e+04 2.400000000000000000e+01 9.920000000000000000e+02 -2.400000000000000000e+01
1.570100000000000000e+04 2.400000000000000000e+01 1.000000000000000000e+03 -4.800000000000000000e+01
1.574100000000000000e+04 2.400000000000000000e+01 9.840000000000000000e+02 -1.040000000000000000e+02
1.578100000000000000e+04 1.600000000000000000e+01 9.840000000000000000e+02 -4.000000000000000000e+01
1.582100000000000000e+04 2.400000000000000000e+01 1.000000000000000000e+03 -2.400000000000000000e+01
1.586100000000000000e+04 2.400000000000000000e+01 1.008000000000000000e+03 -4.000000000000000000e+01
1.589200000000000000e+04 3.200000000000000000e+01 1.024000000000000000e+03 -4.800000000000000000e+01
1.593200000000000000e+04 8.000000000000000000e+00 1.000000000000000000e+03 -8.000000000000000000e+01
1.597200000000000000e+04 1.600000000000000000e+01 1.000000000000000000e+03 -4.800000000000000000e+01
1.601200000000000000e+04 0.000000000000000000e+00 1.000000000000000000e+03 -4.800000000000000000e+01
1.605200000000000000e+04 1.600000000000000000e+01 1.000000000000000000e+03 -4.000000000000000000e+01
1.609200000000000000e+04 2.400000000000000000e+01 1.000000000000000000e+03 -4.800000000000000000e+01
1.613200000000000000e+04 2.400000000000000000e+01 1.000000000000000000e+03 -1.600000000000000000e+01
1.617200000000000000e+04 3.200000000000000000e+01 1.000000000000000000e+03 -1.600000000000000000e+01
1.621200000000000000e+04 4.000000000000000000e+01 1.008000000000000000e+03 -3.200000000000000000e+01
1.625200000000000000e+04 4.000000000000000000e+01 1.016000000000000000e+03 -2.400000000000000000e+01
1.629200000000000000e+04 3.200000000000000000e+01 1.000000000000000000e+03 -6.400000000000000000e+01
1.633200000000000000e+04 2.400000000000000000e+01 1.000000000000000000e+03 -3.200000000000000000e+01
1.637200000000000000e+04 2.400000000000000000e+01 1.000000000000000000e+03 1.600000000000000000e+01
1.641200000000000000e+04 2.400000000000000000e+01 1.000000000000000000e+03 -4.800000000000000000e+01
1.645200000000000000e+04 1.600000000000000000e+01 1.000000000000000000e+03 -4.000000000000000000e+01
1.649200000000000000e+04 2.400000000000000000e+01 1.000000000000000000e+03 -1.600000000000000000e+01
1.653200000000000000e+04 2.400000000000000000e+01 9.840000000000000000e+02 -3.200000000000000000e+01
1.657200000000000000e+04 2.400000000000000000e+01 9.920000000000000000e+02 -3.200000000000000000e+01
1.661200000000000000e+04 3.200000000000000000e+01 1.000000000000000000e+03 -6.400000000000000000e+01
1.665200000000000000e+04 2.400000000000000000e+01 1.000000000000000000e+03 -8.000000000000000000e+00
1.669200000000000000e+04 3.200000000000000000e+01 9.920000000000000000e+02 -1.600000000000000000e+01
1.673200000000000000e+04 3.200000000000000000e+01 1.000000000000000000e+03 -2.400000000000000000e+01
1.677200000000000000e+04 3.200000000000000000e+01 1.008000000000000000e+03 -4.000000000000000000e+01
1.681200000000000000e+04 2.400000000000000000e+01 9.840000000000000000e+02 -5.600000000000000000e+01
1.685200000000000000e+04 2.400000000000000000e+01 1.000000000000000000e+03 -4.000000000000000000e+01
1.688300000000000000e+04 8.000000000000000000e+00 9.920000000000000000e+02 -2.400000000000000000e+01
1.692300000000000000e+04 1.600000000000000000e+01 1.000000000000000000e+03 -7.200000000000000000e+01
1.696300000000000000e+04 2.400000000000000000e+01 9.920000000000000000e+02 -3.200000000000000000e+01
1.700300000000000000e+04 4.000000000000000000e+01 9.840000000000000000e+02 -4.800000000000000000e+01
1.704300000000000000e+04 3.200000000000000000e+01 9.920000000000000000e+02 -8.000000000000000000e+01
1.708300000000000000e+04 0.000000000000000000e+00 1.000000000000000000e+03 -8.000000000000000000e+00
1.712300000000000000e+04 1.600000000000000000e+01 1.000000000000000000e+03 -4.000000000000000000e+01
1.716300000000000000e+04 2.400000000000000000e+01 1.000000000000000000e+03 -4.000000000000000000e+01
1.720300000000000000e+04 0.000000000000000000e+00 1.008000000000000000e+03 0.000000000000000000e+00
1.724300000000000000e+04 2.400000000000000000e+01 1.000000000000000000e+03 -1.600000000000000000e+01
1.728300000000000000e+04 2.400000000000000000e+01 9.920000000000000000e+02 -5.600000000000000000e+01
1.732300000000000000e+04 2.400000000000000000e+01 1.000000000000000000e+03 -4.800000000000000000e+01
1.736300000000000000e+04 2.400000000000000000e+01 1.008000000000000000e+03 -3.200000000000000000e+01
1.740300000000000000e+04 3.200000000000000000e+01 1.000000000000000000e+03 -3.200000000000000000e+01
1.744300000000000000e+04 2.400000000000000000e+01 1.008000000000000000e+03 -5.600000000000000000e+01
1.748300000000000000e+04 1.600000000000000000e+01 1.008000000000000000e+03 -4.000000000000000000e+01
1.752300000000000000e+04 1.600000000000000000e+01 1.000000000000000000e+03 -6.400000000000000000e+01
1.756300000000000000e+04 1.600000000000000000e+01 1.000000000000000000e+03 -2.400000000000000000e+01
1.760300000000000000e+04 2.400000000000000000e+01 1.000000000000000000e+03 -5.600000000000000000e+01
1.764300000000000000e+04 3.200000000000000000e+01 9.920000000000000000e+02 -4.000000000000000000e+01
1.768300000000000000e+04 2.400000000000000000e+01 1.000000000000000000e+03 -9.600000000000000000e+01
1.772300000000000000e+04 2.400000000000000000e+01 1.000000000000000000e+03 -4.800000000000000000e+01
1.776300000000000000e+04 1.600000000000000000e+01 1.000000000000000000e+03 -4.800000000000000000e+01
1.780300000000000000e+04 4.000000000000000000e+01 9.920000000000000000e+02 -1.600000000000000000e+01
1.784300000000000000e+04 4.000000000000000000e+01 1.008000000000000000e+03 -3.200000000000000000e+01
1.787500000000000000e+04 4.800000000000000000e+01 1.000000000000000000e+03 -4.000000000000000000e+01
1.791500000000000000e+04 4.000000000000000000e+01 9.920000000000000000e+02 -4.800000000000000000e+01
1.795500000000000000e+04 1.600000000000000000e+01 1.000000000000000000e+03 -3.200000000000000000e+01
1.799500000000000000e+04 1.600000000000000000e+01 1.000000000000000000e+03 -6.400000000000000000e+01
1.803500000000000000e+04 1.600000000000000000e+01 1.000000000000000000e+03 -3.200000000000000000e+01
1.807500000000000000e+04 1.600000000000000000e+01 9.760000000000000000e+02 -4.800000000000000000e+01
1.811500000000000000e+04 2.400000000000000000e+01 9.840000000000000000e+02 -5.600000000000000000e+01
1.815500000000000000e+04 2.400000000000000000e+01 1.000000000000000000e+03 -4.800000000000000000e+01
1.819500000000000000e+04 2.400000000000000000e+01 1.000000000000000000e+03 -5.600000000000000000e+01
1.823500000000000000e+04 3.200000000000000000e+01 9.920000000000000000e+02 -4.000000000000000000e+01
1.827500000000000000e+04 1.600000000000000000e+01 1.008000000000000000e+03 -4.800000000000000000e+01
1.831500000000000000e+04 1.600000000000000000e+01 1.000000000000000000e+03 -5.600000000000000000e+01
1.835500000000000000e+04 1.600000000000000000e+01 1.008000000000000000e+03 -1.600000000000000000e+01
1.839500000000000000e+04 2.400000000000000000e+01 1.000000000000000000e+03 -6.400000000000000000e+01
1.843500000000000000e+04 4.000000000000000000e+01 1.000000000000000000e+03 -8.000000000000000000e+00
1.847500000000000000e+04 3.200000000000000000e+01 1.000000000000000000e+03 -4.800000000000000000e+01
1.851500000000000000e+04 3.200000000000000000e+01 1.008000000000000000e+03 -5.600000000000000000e+01
1.855500000000000000e+04 2.400000000000000000e+01 1.016000000000000000e+03 -4.000000000000000000e+01
1.859500000000000000e+04 2.400000000000000000e+01 1.008000000000000000e+03 -1.600000000000000000e+01
1.863500000000000000e+04 2.400000000000000000e+01 1.000000000000000000e+03 -4.800000000000000000e+01
1.867500000000000000e+04 3.200000000000000000e+01 1.000000000000000000e+03 -4.800000000000000000e+01
1.871500000000000000e+04 2.400000000000000000e+01 1.000000000000000000e+03 -5.600000000000000000e+01
1.875500000000000000e+04 2.400000000000000000e+01 1.000000000000000000e+03 -4.800000000000000000e+01
1.879500000000000000e+04 2.400000000000000000e+01 1.000000000000000000e+03 -3.200000000000000000e+01
1.883500000000000000e+04 2.400000000000000000e+01 1.008000000000000000e+03 -4.800000000000000000e+01
1.886700000000000000e+04 2.400000000000000000e+01 1.000000000000000000e+03 -5.600000000000000000e+01
1.890700000000000000e+04 1.600000000000000000e+01 1.000000000000000000e+03 -4.800000000000000000e+01
1.894700000000000000e+04 1.600000000000000000e+01 1.000000000000000000e+03 -4.000000000000000000e+01
1.898700000000000000e+04 2.400000000000000000e+01 1.008000000000000000e+03 -4.000000000000000000e+01
1.902700000000000000e+04 8.000000000000000000e+00 1.008000000000000000e+03 -2.400000000000000000e+01
1.906700000000000000e+04 1.600000000000000000e+01 1.000000000000000000e+03 -3.200000000000000000e+01
1.910700000000000000e+04 2.400000000000000000e+01 1.000000000000000000e+03 -4.800000000000000000e+01
1.914700000000000000e+04 2.400000000000000000e+01 1.008000000000000000e+03 -4.000000000000000000e+01
1.918700000000000000e+04 2.400000000000000000e+01 1.008000000000000000e+03 -3.200000000000000000e+01
1.922700000000000000e+04 3.200000000000000000e+01 1.000000000000000000e+03 -3.200000000000000000e+01
1.926700000000000000e+04 2.400000000000000000e+01 1.008000000000000000e+03 -4.000000000000000000e+01
1.930700000000000000e+04 2.400000000000000000e+01 1.000000000000000000e+03 -1.600000000000000000e+01
1.934700000000000000e+04 2.400000000000000000e+01 1.000000000000000000e+03 -4.000000000000000000e+01
1.938700000000000000e+04 2.400000000000000000e+01 1.016000000000000000e+03 -3.200000000000000000e+01
1.942700000000000000e+04 4.000000000000000000e+01 1.016000000000000000e+03 -4.000000000000000000e+01
1.946700000000000000e+04 4.000000000000000000e+01 1.032000000000000000e+03 -3.200000000000000000e+01
1.950700000000000000e+04 2.400000000000000000e+01 1.024000000000000000e+03 -4.000000000000000000e+01
1.954700000000000000e+04 -8.000000000000000000e+00 1.008000000000000000e+03 -5.600000000000000000e+01
1.958700000000000000e+04 1.600000000000000000e+01 1.008000000000000000e+03 -6.400000000000000000e+01
1.962700000000000000e+04 2.400000000000000000e+01 1.000000000000000000e+03 -4.000000000000000000e+01
1.966700000000000000e+04 4.000000000000000000e+01 1.008000000000000000e+03 -4.000000000000000000e+01
1.970700000000000000e+04 4.800000000000000000e+01 1.000000000000000000e+03 8.000000000000000000e+00
1.974700000000000000e+04 4.000000000000000000e+01 1.000000000000000000e+03 -8.000000000000000000e+01
1.978700000000000000e+04 3.200000000000000000e+01 1.000000000000000000e+03 -4.000000000000000000e+01
1.982700000000000000e+04 3.200000000000000000e+01 1.008000000000000000e+03 -4.800000000000000000e+01
