4.500000000000000000e+01 7.200000000000000000e+02 2.560000000000000000e+02 -2.080000000000000000e+02
8.500000000000000000e+01 8.320000000000000000e+02 2.640000000000000000e+02 -2.320000000000000000e+02
1.250000000000000000e+02 7.600000000000000000e+02 2.640000000000000000e+02 -1.760000000000000000e+02
1.650000000000000000e+02 7.600000000000000000e+02 2.800000000000000000e+02 -1.600000000000000000e+02
2.050000000000000000e+02 8.320000000000000000e+02 2.960000000000000000e+02 -1.680000000000000000e+02
2.450000000000000000e+02 9.840000000000000000e+02 3.280000000000000000e+02 -2.640000000000000000e+02
2.850000000000000000e+02 1.072000000000000000e+03 3.280000000000000000e+02 -3.520000000000000000e+02
3.250000000000000000e+02 1.152000000000000000e+03 2.960000000000000000e+02 -3.760000000000000000e+02
3.650000000000000000e+02 1.112000000000000000e+03 2.960000000000000000e+02 -3.680000000000000000e+02
4.050000000000000000e+02 1.088000000000000000e+03 3.760000000000000000e+02 -3.520000000000000000e+02
4.450000000000000000e+02 1.104000000000000000e+03 4.480000000000000000e+02 -5.120000000000000000e+02
4.850000000000000000e+02 1.136000000000000000e+03 3.200000000000000000e+02 -5.040000000000000000e+02
5.250000000000000000e+02 1.056000000000000000e+03 2.080000000000000000e+02 -3.520000000000000000e+02
5.650000000000000000e+02 8.880000000000000000e+02 2.000000000000000000e+02 -3.120000000000000000e+02
6.050000000000000000e+02 7.760000000000000000e+02 1.680000000000000000e+02 -1.120000000000000000e+02
6.450000000000000000e+02 7.760000000000000000e+02 3.920000000000000000e+02 -8.000000000000000000e+00
6.850000000000000000e+02 7.200000000000000000e+02 5.760000000000000000e+02 4.000000000000000000e+01
7.250000000000000000e+02 6.720000000000000000e+02 6.800000000000000000e+02 -6.400000000000000000e+01
7.650000000000000000e+02 7.280000000000000000e+02 7.120000000000000000e+02 -2.000000000000000000e+02
8.050000000000000000e+02 9.360000000000000000e+02 7.120000000000000000e+02 -3.280000000000000000e+02
8.450000000000000000e+02 1.088000000000000000e+03 7.520000000000000000e+02 -4.000000000000000000e+02
8.850000000000000000e+02 1.192000000000000000e+03 6.960000000000000000e+02 -4.800000000000000000e+02
9.250000000000000000e+02 1.088000000000000000e+03 5.840000000000000000e+02 -3.920000000000000000e+02
9.650000000000000000e+02 1.160000000000000000e+03 4.480000000000000000e+02 -3.200000000000000000e+02
1.005000000000000000e+03 1.240000000000000000e+03 3.920000000000000000e+02 -1.440000000000000000e+02
1.037000000000000000e+03 1.224000000000000000e+03 3.600000000000000000e+02 -2.560000000000000000e+02
1.077000000000000000e+03 1.080000000000000000e+03 2.800000000000000000e+02 -4.320000000000000000e+02
1.117000000000000000e+03 9.440000000000000000e+02 2.640000000000000000e+02 -3.280000000000000000e+02
1.157000000000000000e+03 8.880000000000000000e+02 2.880000000000000000e+02 -1.680000000000000000e+02
1.197000000000000000e+03 9.120000000000000000e+02 3.120000000000000000e+02 -1.680000000000000000e+02
1.237000000000000000e+03 9.680000000000000000e+02 3.040000000000000000e+02 -1.520000000000000000e+02
1.277000000000000000e+03 9.920000000000000000e+02 2.720000000000000000e+02 -2.480000000000000000e+02
1.317000000000000000e+03 9.440000000000000000e+02 2.240000000000000000e+02 -2.800000000000000000e+02
1.357000000000000000e+03 8.960000000000000000e+02 2.480000000000000000e+02 -3.200000000000000000e+02
1.397000000000000000e+03 9.360000000000000000e+02 3.280000000000000000e+02 -3.440000000000000000e+02
1.437000000000000000e+03 9.520000000000000000e+02 4.080000000000000000e+02 -3.200000000000000000e+02
1.477000000000000000e+03 1.024000000000000000e+03 4.560000000000000000e+02 -4.640000000000000000e+02
1.517000000000000000e+03 1.136000000000000000e+03 4.320000000000000000e+02 -5.200000000000000000e+02
1.557000000000000000e+03 1.216000000000000000e+03 3.440000000000000000e+02 -4.400000000000000000e+02
1.597000000000000000e+03 1.136000000000000000e+03 2.480000000000000000e+02 -4.160000000000000000e+02
1.637000000000000000e+03 1.008000000000000000e+03 1.920000000000000000e+02 -3.840000000000000000e+02
1.677000000000000000e+03 8.720000000000000000e+02 4.080000000000000000e+02 -5.600000000000000000e+01
1.717000000000000000e+03 7.760000000000000000e+02 5.040000000000000000e+02 -8.000000000000000000e+00
1.757000000000000000e+03 7.440000000000000000e+02 5.520000000000000000e+02 -1.040000000000000000e+02
1.797000000000000000e+03 7.040000000000000000e+02 5.520000000000000000e+02 -2.400000000000000000e+02
1.837000000000000000e+03 8.000000000000000000e+02 5.840000000000000000e+02 -2.640000000000000000e+02
1.877000000000000000e+03 1.016000000000000000e+03 6.640000000000000000e+02 -3.840000000000000000e+02
1.917000000000000000e+03 1.120000000000000000e+03 6.880000000000000000e+02 -4.880000000000000000e+02
1.957000000000000000e+03 1.088000000000000000e+03 6.240000000000000000e+02 -5.040000000000000000e+02
1.997000000000000000e+03 1.080000000000000000e+03 4.960000000000000000e+02 -4.560000000000000000e+02
2.030000000000000000e+03 1.064000000000000000e+03 4.320000000000000000e+02 -3.680000000000000000e+02
2.070000000000000000e+03 1.224000000000000000e+03 4.400000000000000000e+02 -2.400000000000000000e+02
2.110000000000000000e+03 1.248000000000000000e+03 3.760000000000000000e+02 -4.160000000000000000e+02
2.150000000000000000e+03 1.096000000000000000e+03 3.280000000000000000e+02 -2.960000000000000000e+02
2.190000000000000000e+03 9.520000000000000000e+02 2.960000000000000000e+02 -1.920000000000000000e+02
2.230000000000000000e+03 8.480000000000000000e+02 2.960000000000000000e+02 -1.680000000000000000e+02
2.270000000000000000e+03 8.640000000000000000e+02 2.880000000000000000e+02 -1.600000000000000000e+02
2.310000000000000000e+03 9.520000000000000000e+02 2.880000000000000000e+02 -2.240000000000000000e+02
2.350000000000000000e+03 1.048000000000000000e+03 2.960000000000000000e+02 -3.600000000000000000e+02
2.390000000000000000e+03 1.064000000000000000e+03 2.320000000000000000e+02 -3.680000000000000000e+02
2.430000000000000000e+03 1.104000000000000000e+03 2.320000000000000000e+02 -3.440000000000000000e+02
2.470000000000000000e+03 1.072000000000000000e+03 2.400000000000000000e+02 -3.120000000000000000e+02
2.510000000000000000e+03 1.032000000000000000e+03 3.280000000000000000e+02 -3.680000000000000000e+02
2.550000000000000000e+03 1.064000000000000000e+03 3.520000000000000000e+02 -3.840000000000000000e+02
2.590000000000000000e+03 1.112000000000000000e+03 2.880000000000000000e+02 -2.960000000000000000e+02
2.630000000000000000e+03 1.072000000000000000e+03 2.480000000000000000e+02 -2.560000000000000000e+02
2.670000000000000000e+03 9.360000000000000000e+02 2.640000000000000000e+02 -3.040000000000000000e+02
2.710000000000000000e+03 7.920000000000000000e+02 3.040000000000000000e+02 -2.080000000000000000e+02
2.750000000000000000e+03 7.760000000000000000e+02 2.960000000000000000e+02 -3.120000000000000000e+02
2.790000000000000000e+03 7.120000000000000000e+02 5.680000000000000000e+02 -1.440000000000000000e+02
2.830000000000000000e+03 7.680000000000000000e+02 6.640000000000000000e+02 -2.320000000000000000e+02
2.870000000000000000e+03 8.160000000000000000e+02 7.280000000000000000e+02 -3.040000000000000000e+02
2.910000000000000000e+03 1.008000000000000000e+03 7.520000000000000000e+02 -4.160000000000000000e+02
2.950000000000000000e+03 1.192000000000000000e+03 7.200000000000000000e+02 -5.040000000000000000e+02
2.990000000000000000e+03 1.264000000000000000e+03 6.800000000000000000e+02 -5.520000000000000000e+02
3.022000000000000000e+03 1.080000000000000000e+03 5.280000000000000000e+02 -3.840000000000000000e+02
3.062000000000000000e+03 1.120000000000000000e+03 4.080000000000000000e+02 -1.840000000000000000e+02
3.102000000000000000e+03 1.224000000000000000e+03 3.360000000000000000e+02 -1.280000000000000000e+02
3.142000000000000000e+03 1.144000000000000000e+03 3.520000000000000000e+02 -2.720000000000000000e+02
3.182000000000000000e+03 9.920000000000000000e+02 2.720000000000000000e+02 -4.240000000000000000e+02
3.222000000000000000e+03 8.640000000000000000e+02 2.480000000000000000e+02 -2.880000000000000000e+02
3.262000000000000000e+03 7.840000000000000000e+02 2.400000000000000000e+02 -1.360000000000000000e+02
3.302000000000000000e+03 7.600000000000000000e+02 2.960000000000000000e+02 -1.280000000000000000e+02
3.342000000000000000e+03 8.400000000000000000e+02 3.360000000000000000e+02 -1.120000000000000000e+02
3.382000000000000000e+03 9.280000000000000000e+02 3.360000000000000000e+02 -2.560000000000000000e+02
3.422000000000000000e+03 1.032000000000000000e+03 3.040000000000000000e+02 -3.520000000000000000e+02
3.462000000000000000e+03 1.104000000000000000e+03 2.720000000000000000e+02 -3.840000000000000000e+02
3.502000000000000000e+03 1.144000000000000000e+03 2.720000000000000000e+02 -3.280000000000000000e+02
3.542000000000000000e+03 1.120000000000000000e+03 3.360000000000000000e+02 -3.600000000000000000e+02
3.582000000000000000e+03 1.080000000000000000e+03 4.560000000000000000e+02 -4.480000000000000000e+02
3.622000000000000000e+03 1.104000000000000000e+03 4.160000000000000000e+02 -3.280000000000000000e+02
3.662000000000000000e+03 1.096000000000000000e+03 3.040000000000000000e+02 -2.800000000000000000e+02
3.702000000000000000e+03 9.920000000000000000e+02 1.920000000000000000e+02 -4.080000000000000000e+02
3.742000000000000000e+03 8.160000000000000000e+02 2.240000000000000000e+02 -2.720000000000000000e+02
3.782000000000000000e+03 7.520000000000000000e+02 2.720000000000000000e+02 -2.240000000000000000e+02
3.822000000000000000e+03 7.360000000000000000e+02 5.040000000000000000e+02 -1.920000000000000000e+02
3.862000000000000000e+03 7.280000000000000000e+02 5.520000000000000000e+02 -1.520000000000000000e+02
3.902000000000000000e+03 6.960000000000000000e+02 6.160000000000000000e+02 -1.120000000000000000e+02
3.942000000000000000e+03 8.560000000000000000e+02 6.400000000000000000e+02 -2.160000000000000000e+02
3.982000000000000000e+03 1.112000000000000000e+03 6.960000000000000000e+02 -3.600000000000000000e+02
4.015000000000000000e+03 1.320000000000000000e+03 6.560000000000000000e+02 -6.000000000000000000e+02
4.055000000000000000e+03 1.264000000000000000e+03 5.520000000000000000e+02 -5.120000000000000000e+02
4.095000000000000000e+03 1.208000000000000000e+03 3.680000000000000000e+02 -3.920000000000000000e+02
4.135000000000000000e+03 1.136000000000000000e+03 2.560000000000000000e+02 -2.480000000000000000e+02
4.175000000000000000e+03 1.088000000000000000e+03 2.720000000000000000e+02 -2.320000000000000000e+02
4.215000000000000000e+03 9.840000000000000000e+02 3.520000000000000000e+02 -2.480000000000000000e+02
4.255000000000000000e+03 9.040000000000000000e+02 3.440000000000000000e+02 -3.280000000000000000e+02
4.295000000000000000e+03 8.480000000000000000e+02 3.040000000000000000e+02 -2.160000000000000000e+02
4.335000000000000000e+03 8.160000000000000000e+02 2.720000000000000000e+02 -1.200000000000000000e+02
4.375000000000000000e+03 8.720000000000000000e+02 2.880000000000000000e+02 -1.920000000000000000e+02
4.415000000000000000e+03 9.600000000000000000e+02 3.040000000000000000e+02 -2.720000000000000000e+02
4.455000000000000000e+03 9.760000000000000000e+02 3.280000000000000000e+02 -2.400000000000000000e+02
4.495000000000000000e+03 1.008000000000000000e+03 4.800000000000000000e+02 -2.800000000000000000e+02
4.535000000000000000e+03 1.104000000000000000e+03 6.000000000000000000e+02 -2.720000000000000000e+02
4.575000000000000000e+03 1.048000000000000000e+03 6.960000000000000000e+02 -2.480000000000000000e+02
4.615000000000000000e+03 1.016000000000000000e+03 7.360000000000000000e+02 -2.480000000000000000e+02
4.655000000000000000e+03 1.040000000000000000e+03 6.560000000000000000e+02 -4.240000000000000000e+02
4.695000000000000000e+03 9.840000000000000000e+02 5.600000000000000000e+02 -2.160000000000000000e+02
4.735000000000000000e+03 8.000000000000000000e+02 5.760000000000000000e+02 -1.600000000000000000e+01
4.775000000000000000e+03 5.920000000000000000e+02 6.880000000000000000e+02 -8.000000000000000000e+00
4.815000000000000000e+03 4.480000000000000000e+02 7.360000000000000000e+02 -1.280000000000000000e+02
4.855000000000000000e+03 2.800000000000000000e+02 7.840000000000000000e+02 -4.000000000000000000e+01
4.895000000000000000e+03 2.640000000000000000e+02 6.720000000000000000e+02 -1.600000000000000000e+01
4.935000000000000000e+03 3.280000000000000000e+02 5.520000000000000000e+02 -1.440000000000000000e+02
4.975000000000000000e+03 3.920000000000000000e+02 6.960000000000000000e+02 -1.440000000000000000e+02
5.007000000000000000e+03 5.280000000000000000e+02 8.640000000000000000e+02 -2.240000000000000000e+02
5.047000000000000000e+03 7.200000000000000000e+02 1.096000000000000000e+03 -2.000000000000000000e+02
5.087000000000000000e+03 8.000000000000000000e+02 1.256000000000000000e+03 7.200000000000000000e+01
5.127000000000000000e+03 7.360000000000000000e+02 1.104000000000000000e+03 1.760000000000000000e+02
5.167000000000000000e+03 6.800000000000000000e+02 8.240000000000000000e+02 1.600000000000000000e+02
5.207000000000000000e+03 6.960000000000000000e+02 5.600000000000000000e+02 3.440000000000000000e+02
5.247000000000000000e+03 6.960000000000000000e+02 6.400000000000000000e+02 2.400000000000000000e+02
5.287000000000000000e+03 6.320000000000000000e+02 4.480000000000000000e+02 2.400000000000000000e+02
5.327000000000000000e+03 4.640000000000000000e+02 1.200000000000000000e+02 -3.120000000000000000e+02
5.367000000000000000e+03 2.880000000000000000e+02 -6.400000000000000000e+01 8.000000000000000000e+00
5.407000000000000000e+03 6.400000000000000000e+02 8.000000000000000000e+00 -4.880000000000000000e+02
5.447000000000000000e+03 1.552000000000000000e+03 5.040000000000000000e+02 2.080000000000000000e+02
5.487000000000000000e+03 1.600000000000000000e+03 9.440000000000000000e+02 8.000000000000000000e+01
5.527000000000000000e+03 1.504000000000000000e+03 7.440000000000000000e+02 7.200000000000000000e+01
5.567000000000000000e+03 1.248000000000000000e+03 6.640000000000000000e+02 -4.640000000000000000e+02
5.607000000000000000e+03 1.320000000000000000e+03 6.480000000000000000e+02 4.320000000000000000e+02
5.647000000000000000e+03 1.184000000000000000e+03 7.680000000000000000e+02 1.760000000000000000e+02
5.687000000000000000e+03 1.160000000000000000e+03 4.320000000000000000e+02 -9.600000000000000000e+01
5.727000000000000000e+03 1.120000000000000000e+03 2.560000000000000000e+02 4.800000000000000000e+01
5.767000000000000000e+03 1.064000000000000000e+03 1.920000000000000000e+02 -7.200000000000000000e+01
5.807000000000000000e+03 9.200000000000000000e+02 1.760000000000000000e+02 -6.400000000000000000e+01
5.847000000000000000e+03 8.400000000000000000e+02 3.280000000000000000e+02 7.200000000000000000e+01
5.887000000000000000e+03 7.200000000000000000e+02 3.760000000000000000e+02 1.600000000000000000e+02
5.927000000000000000e+03 5.600000000000000000e+02 4.240000000000000000e+02 1.840000000000000000e+02
5.967000000000000000e+03 4.800000000000000000e+02 3.760000000000000000e+02 1.120000000000000000e+02
6.000000000000000000e+03 3.840000000000000000e+02 4.800000000000000000e+02 6.400000000000000000e+01
6.040000000000000000e+03 6.480000000000000000e+02 5.360000000000000000e+02 8.000000000000000000e+01
6.080000000000000000e+03 8.720000000000000000e+02 6.960000000000000000e+02 4.320000000000000000e+02
6.120000000000000000e+03 1.064000000000000000e+03 6.880000000000000000e+02 2.320000000000000000e+02
6.160000000000000000e+03 1.160000000000000000e+03 6.880000000000000000e+02 2.640000000000000000e+02
6.200000000000000000e+03 1.128000000000000000e+03 5.040000000000000000e+02 -1.200000000000000000e+02
6.240000000000000000e+03 1.104000000000000000e+03 2.480000000000000000e+02 2.400000000000000000e+01
6.280000000000000000e+03 1.088000000000000000e+03 2.240000000000000000e+02 4.160000000000000000e+02
6.320000000000000000e+03 1.088000000000000000e+03 1.920000000000000000e+02 2.640000000000000000e+02
6.360000000000000000e+03 9.120000000000000000e+02 -6.400000000000000000e+01 -1.600000000000000000e+01
6.400000000000000000e+03 6.480000000000000000e+02 -4.000000000000000000e+01 1.280000000000000000e+02
6.440000000000000000e+03 5.600000000000000000e+02 1.120000000000000000e+02 -1.440000000000000000e+02
6.480000000000000000e+03 6.000000000000000000e+02 2.080000000000000000e+02 2.400000000000000000e+02
6.520000000000000000e+03 7.840000000000000000e+02 2.480000000000000000e+02 2.160000000000000000e+02
6.560000000000000000e+03 1.040000000000000000e+03 3.360000000000000000e+02 1.280000000000000000e+02
6.600000000000000000e+03 1.184000000000000000e+03 2.640000000000000000e+02 9.600000000000000000e+01
6.640000000000000000e+03 1.272000000000000000e+03 3.200000000000000000e+02 1.760000000000000000e+02
6.680000000000000000e+03 1.328000000000000000e+03 3.600000000000000000e+02 3.840000000000000000e+02
6.720000000000000000e+03 1.336000000000000000e+03 4.800000000000000000e+01 2.320000000000000000e+02
6.760000000000000000e+03 1.264000000000000000e+03 -2.880000000000000000e+02 3.360000000000000000e+02
6.800000000000000000e+03 1.152000000000000000e+03 -1.200000000000000000e+02 7.760000000000000000e+02
6.840000000000000000e+03 1.104000000000000000e+03 2.400000000000000000e+01 4.800000000000000000e+02
6.880000000000000000e+03 9.440000000000000000e+02 6.400000000000000000e+01 3.680000000000000000e+02
6.920000000000000000e+03 8.160000000000000000e+02 -5.600000000000000000e+01 -3.200000000000000000e+01
6.960000000000000000e+03 6.400000000000000000e+02 -4.000000000000000000e+01 -2.400000000000000000e+02
6.992000000000000000e+03 5.120000000000000000e+02 3.040000000000000000e+02 -2.960000000000000000e+02
7.032000000000000000e+03 6.240000000000000000e+02 6.080000000000000000e+02 -1.080000000000000000e+03
7.072000000000000000e+03 8.400000000000000000e+02 3.680000000000000000e+02 -9.600000000000000000e+01
7.112000000000000000e+03 1.112000000000000000e+03 4.640000000000000000e+02 2.800000000000000000e+02
7.152000000000000000e+03 1.336000000000000000e+03 6.000000000000000000e+02 -8.000000000000000000e+00
7.192000000000000000e+03 1.528000000000000000e+03 6.160000000000000000e+02 1.520000000000000000e+02
7.232000000000000000e+03 1.664000000000000000e+03 4.560000000000000000e+02 -8.800000000000000000e+01
7.272000000000000000e+03 1.368000000000000000e+03 8.000000000000000000e+01 1.120000000000000000e+02
7.312000000000000000e+03 1.344000000000000000e+03 1.200000000000000000e+02 1.920000000000000000e+02
7.352000000000000000e+03 1.216000000000000000e+03 9.600000000000000000e+01 -2.960000000000000000e+02
7.392000000000000000e+03 1.000000000000000000e+03 5.600000000000000000e+01 -3.440000000000000000e+02
7.432000000000000000e+03 8.160000000000000000e+02 8.800000000000000000e+01 -4.800000000000000000e+01
7.472000000000000000e+03 7.280000000000000000e+02 9.600000000000000000e+01 5.600000000000000000e+01
7.512000000000000000e+03 6.880000000000000000e+02 9.600000000000000000e+01 1.280000000000000000e+02
7.552000000000000000e+03 7.360000000000000000e+02 1.440000000000000000e+02 1.600000000000000000e+01
7.592000000000000000e+03 8.160000000000000000e+02 1.840000000000000000e+02 -6.400000000000000000e+01
7.632000000000000000e+03 9.840000000000000000e+02 9.600000000000000000e+01 -1.120000000000000000e+02
7.672000000000000000e+03 1.200000000000000000e+03 -8.000000000000000000e+00 -1.840000000000000000e+02
7.712000000000000000e+03 1.512000000000000000e+03 -2.400000000000000000e+01 -2.400000000000000000e+02
7.752000000000000000e+03 1.536000000000000000e+03 -1.040000000000000000e+02 -2.320000000000000000e+02
7.792000000000000000e+03 1.392000000000000000e+03 -1.040000000000000000e+02 -1.360000000000000000e+02
7.832000000000000000e+03 1.216000000000000000e+03 -2.400000000000000000e+02 -1.760000000000000000e+02
7.872000000000000000e+03 1.120000000000000000e+03 -1.200000000000000000e+02 -2.160000000000000000e+02
7.912000000000000000e+03 1.032000000000000000e+03 0.000000000000000000e+00 -4.160000000000000000e+02
7.952000000000000000e+03 8.640000000000000000e+02 2.080000000000000000e+02 -2.640000000000000000e+02
7.984000000000000000e+03 7.680000000000000000e+02 2.880000000000000000e+02 -1.120000000000000000e+02
8.024000000000000000e+03 7.040000000000000000e+02 2.560000000000000000e+02 4.800000000000000000e+01
8.064000000000000000e+03 6.480000000000000000e+02 3.440000000000000000e+02 3.600000000000000000e+02
8.104000000000000000e+03 7.920000000000000000e+02 5.040000000000000000e+02 2.160000000000000000e+02
8.144000000000000000e+03 1.120000000000000000e+03 4.160000000000000000e+02 0.000000000000000000e+00
8.184000000000000000e+03 1.408000000000000000e+03 5.680000000000000000e+02 -5.200000000000000000e+02
8.224000000000000000e+03 1.712000000000000000e+03 1.280000000000000000e+02 -1.176000000000000000e+03
8.264000000000000000e+03 1.624000000000000000e+03 9.600000000000000000e+01 2.400000000000000000e+01
8.304000000000000000e+03 1.456000000000000000e+03 3.200000000000000000e+01 -1.440000000000000000e+02
8.344000000000000000e+03 1.336000000000000000e+03 -6.400000000000000000e+01 -1.440000000000000000e+02
8.384000000000000000e+03 1.168000000000000000e+03 4.000000000000000000e+01 1.040000000000000000e+02
8.424000000000000000e+03 1.016000000000000000e+03 1.440000000000000000e+02 1.520000000000000000e+02
8.464000000000000000e+03 8.880000000000000000e+02 3.280000000000000000e+02 4.240000000000000000e+02
8.504000000000000000e+03 7.600000000000000000e+02 4.320000000000000000e+02 4.720000000000000000e+02
8.544000000000000000e+03 7.120000000000000000e+02 3.920000000000000000e+02 6.960000000000000000e+02
8.584000000000000000e+03 6.960000000000000000e+02 2.800000000000000000e+02 7.680000000000000000e+02
8.624000000000000000e+03 8.000000000000000000e+02 2.640000000000000000e+02 7.280000000000000000e+02
8.664000000000000000e+03 7.600000000000000000e+02 1.760000000000000000e+02 4.480000000000000000e+02
8.704000000000000000e+03 2.640000000000000000e+02 2.560000000000000000e+02 -2.000000000000000000e+02
8.744000000000000000e+03 4.080000000000000000e+02 -9.600000000000000000e+01 1.280000000000000000e+02
8.784000000000000000e+03 6.240000000000000000e+02 -1.360000000000000000e+02 1.376000000000000000e+03
8.824000000000000000e+03 8.320000000000000000e+02 2.320000000000000000e+02 2.272000000000000000e+03
8.864000000000000000e+03 9.600000000000000000e+02 4.560000000000000000e+02 1.856000000000000000e+03
8.904000000000000000e+03 1.280000000000000000e+03 6.560000000000000000e+02 1.216000000000000000e+03
8.944000000000000000e+03 1.152000000000000000e+03 5.680000000000000000e+02 8.000000000000000000e+00
8.978000000000000000e+03 9.920000000000000000e+02 6.720000000000000000e+02 -5.600000000000000000e+01
9.018000000000000000e+03 7.440000000000000000e+02 7.920000000000000000e+02 -3.440000000000000000e+02
9.058000000000000000e+03 6.000000000000000000e+02 6.240000000000000000e+02 0.000000000000000000e+00
9.098000000000000000e+03 3.280000000000000000e+02 5.760000000000000000e+02 2.080000000000000000e+02
9.138000000000000000e+03 1.200000000000000000e+02 6.400000000000000000e+02 2.400000000000000000e+02
9.178000000000000000e+03 1.600000000000000000e+01 8.000000000000000000e+02 5.840000000000000000e+02
9.218000000000000000e+03 -8.000000000000000000e+01 9.120000000000000000e+02 7.280000000000000000e+02
9.258000000000000000e+03 -8.800000000000000000e+01 9.760000000000000000e+02 6.800000000000000000e+02
9.298000000000000000e+03 -1.360000000000000000e+02 1.000000000000000000e+03 9.680000000000000000e+02
9.338000000000000000e+03 -6.400000000000000000e+01 9.920000000000000000e+02 6.560000000000000000e+02
9.378000000000000000e+03 -4.800000000000000000e+01 9.280000000000000000e+02 7.440000000000000000e+02
9.418000000000000000e+03 -4.800000000000000000e+01 8.000000000000000000e+02 5.520000000000000000e+02
9.458000000000000000e+03 -8.000000000000000000e+01 7.680000000000000000e+02 4.400000000000000000e+02
9.498000000000000000e+03 -9.600000000000000000e+01 8.480000000000000000e+02 2.960000000000000000e+02
9.538000000000000000e+03 -1.040000000000000000e+02 8.480000000000000000e+02 1.840000000000000000e+02
9.578000000000000000e+03 -1.280000000000000000e+02 8.000000000000000000e+02 2.080000000000000000e+02
9.618000000000000000e+03 -1.280000000000000000e+02 7.040000000000000000e+02 1.760000000000000000e+02
9.658000000000000000e+03 -1.200000000000000000e+02 7.120000000000000000e+02 4.320000000000000000e+02
9.698000000000000000e+03 -4.800000000000000000e+01 8.960000000000000000e+02 4.000000000000000000e+02
9.738000000000000000e+03 -1.440000000000000000e+02 1.040000000000000000e+03 5.440000000000000000e+02
9.778000000000000000e+03 -2.000000000000000000e+02 1.072000000000000000e+03 6.400000000000000000e+02
9.818000000000000000e+03 -2.080000000000000000e+02 1.120000000000000000e+03 8.480000000000000000e+02
9.858000000000000000e+03 -1.280000000000000000e+02 1.048000000000000000e+03 8.800000000000000000e+02
9.898000000000000000e+03 8.000000000000000000e+00 1.000000000000000000e+03 9.520000000000000000e+02
9.938000000000000000e+03 5.600000000000000000e+01 7.760000000000000000e+02 6.000000000000000000e+02
9.970000000000000000e+03 1.600000000000000000e+01 6.800000000000000000e+02 5.440000000000000000e+02
1.001000000000000000e+04 -1.040000000000000000e+02 7.280000000000000000e+02 3.920000000000000000e+02
1.005000000000000000e+04 -1.840000000000000000e+02 7.040000000000000000e+02 3.920000000000000000e+02
1.009000000000000000e+04 -2.160000000000000000e+02 6.480000000000000000e+02 3.680000000000000000e+02
1.013000000000000000e+04 -2.640000000000000000e+02 6.240000000000000000e+02 3.680000000000000000e+02
1.017000000000000000e+04 -3.280000000000000000e+02 6.080000000000000000e+02 4.560000000000000000e+02
1.021000000000000000e+04 -3.920000000000000000e+02 7.120000000000000000e+02 5.280000000000000000e+02
1.025000000000000000e+04 -4.480000000000000000e+02 7.760000000000000000e+02 7.520000000000000000e+02
1.029000000000000000e+04 -5.200000000000000000e+02 8.320000000000000000e+02 7.520000000000000000e+02
1.033000000000000000e+04 -6.160000000000000000e+02 8.880000000000000000e+02 9.120000000000000000e+02
1.037000000000000000e+04 -5.920000000000000000e+02 8.720000000000000000e+02 9.600000000000000000e+02
1.041000000000000000e+04 -5.200000000000000000e+02 7.600000000000000000e+02 8.800000000000000000e+02
1.045000000000000000e+04 -4.400000000000000000e+02 6.080000000000000000e+02 8.400000000000000000e+02
1.049000000000000000e+04 -4.320000000000000000e+02 4.960000000000000000e+02 7.040000000000000000e+02
1.053000000000000000e+04 -3.920000000000000000e+02 4.880000000000000000e+02 6.320000000000000000e+02
1.057000000000000000e+04 -3.360000000000000000e+02 5.440000000000000000e+02 4.640000000000000000e+02
1.061000000000000000e+04 -3.040000000000000000e+02 5.760000000000000000e+02 3.840000000000000000e+02
1.065000000000000000e+04 -2.960000000000000000e+02 5.520000000000000000e+02 3.280000000000000000e+02
1.069000000000000000e+04 -3.200000000000000000e+02 5.200000000000000000e+02 4.160000000000000000e+02
1.073000000000000000e+04 -4.080000000000000000e+02 5.920000000000000000e+02 5.280000000000000000e+02
1.077000000000000000e+04 -5.120000000000000000e+02 7.120000000000000000e+02 5.920000000000000000e+02
1.081000000000000000e+04 -6.000000000000000000e+02 8.480000000000000000e+02 6.400000000000000000e+02
1.085000000000000000e+04 -6.880000000000000000e+02 9.920000000000000000e+02 8.480000000000000000e+02
1.089000000000000000e+04 -6.240000000000000000e+02 1.000000000000000000e+03 9.840000000000000000e+02
1.093000000000000000e+04 -4.000000000000000000e+02 8.720000000000000000e+02 8.720000000000000000e+02
1.096200000000000000e+04 -2.320000000000000000e+02 7.360000000000000000e+02 6.480000000000000000e+02
1.100200000000000000e+04 -1.760000000000000000e+02 6.320000000000000000e+02 6.800000000000000000e+02
1.104200000000000000e+04 -2.000000000000000000e+02 6.720000000000000000e+02 6.160000000000000000e+02
1.108200000000000000e+04 -2.080000000000000000e+02 6.960000000000000000e+02 4.640000000000000000e+02
1.112200000000000000e+04 -2.560000000000000000e+02 6.160000000000000000e+02 4.720000000000000000e+02
1.116200000000000000e+04 -2.880000000000000000e+02 5.440000000000000000e+02 4.160000000000000000e+02
1.120200000000000000e+04 -3.360000000000000000e+02 5.280000000000000000e+02 4.000000000000000000e+02
1.124200000000000000e+04 -3.840000000000000000e+02 5.920000000000000000e+02 5.440000000000000000e+02
1.128200000000000000e+04 -4.640000000000000000e+02 6.720000000000000000e+02 6.560000000000000000e+02
1.132200000000000000e+04 -5.040000000000000000e+02 7.360000000000000000e+02 7.840000000000000000e+02
1.136200000000000000e+04 -5.760000000000000000e+02 8.560000000000000000e+02 6.960000000000000000e+02
1.140200000000000000e+04 -6.640000000000000000e+02 8.960000000000000000e+02 9.360000000000000000e+02
1.144200000000000000e+04 -5.520000000000000000e+02 7.680000000000000000e+02 8.800000000000000000e+02
1.148200000000000000e+04 -4.720000000000000000e+02 6.400000000000000000e+02 8.320000000000000000e+02
1.152200000000000000e+04 -4.640000000000000000e+02 5.520000000000000000e+02 7.120000000000000000e+02
1.156200000000000000e+04 -4.400000000000000000e+02 5.200000000000000000e+02 6.800000000000000000e+02
1.160200000000000000e+04 -3.440000000000000000e+02 5.680000000000000000e+02 5.680000000000000000e+02
1.164200000000000000e+04 -3.040000000000000000e+02 6.080000000000000000e+02 4.880000000000000000e+02
1.168200000000000000e+04 -3.120000000000000000e+02 5.600000000000000000e+02 4.000000000000000000e+02
1.172200000000000000e+04 -3.040000000000000000e+02 5.200000000000000000e+02 4.000000000000000000e+02
1.176200000000000000e+04 -3.520000000000000000e+02 5.040000000000000000e+02 4.720000000000000000e+02
1.180200000000000000e+04 -4.480000000000000000e+02 5.840000000000000000e+02 6.080000000000000000e+02
1.184200000000000000e+04 -5.280000000000000000e+02 7.280000000000000000e+02 7.440000000000000000e+02
1.188200000000000000e+04 -6.160000000000000000e+02 8.560000000000000000e+02 8.320000000000000000e+02
1.192200000000000000e+04 -6.880000000000000000e+02 9.680000000000000000e+02 8.320000000000000000e+02
1.195500000000000000e+04 -5.680000000000000000e+02 9.760000000000000000e+02 8.800000000000000000e+02
1.199500000000000000e+04 -3.360000000000000000e+02 8.720000000000000000e+02 8.320000000000000000e+02
1.203500000000000000e+04 -2.080000000000000000e+02 7.600000000000000000e+02 6.560000000000000000e+02
1.207500000000000000e+04 -1.760000000000000000e+02 6.960000000000000000e+02 6.400000000000000000e+02
1.211500000000000000e+04 -2.320000000000000000e+02 7.120000000000000000e+02 5.440000000000000000e+02
1.215500000000000000e+04 -2.480000000000000000e+02 6.160000000000000000e+02 4.640000000000000000e+02
1.219500000000000000e+04 -2.720000000000000000e+02 5.120000000000000000e+02 4.000000000000000000e+02
1.223500000000000000e+04 -3.120000000000000000e+02 5.200000000000000000e+02 3.760000000000000000e+02
1.227500000000000000e+04 -3.840000000000000000e+02 5.760000000000000000e+02 4.080000000000000000e+02
1.231500000000000000e+04 -4.080000000000000000e+02 6.160000000000000000e+02 4.880000000000000000e+02
1.235500000000000000e+04 -4.640000000000000000e+02 7.040000000000000000e+02 5.840000000000000000e+02
1.239500000000000000e+04 -5.040000000000000000e+02 7.520000000000000000e+02 7.200000000000000000e+02
1.243500000000000000e+04 -5.440000000000000000e+02 7.920000000000000000e+02 7.120000000000000000e+02
1.247500000000000000e+04 -5.920000000000000000e+02 7.600000000000000000e+02 9.680000000000000000e+02
1.251500000000000000e+04 -4.800000000000000000e+02 7.200000000000000000e+02 9.280000000000000000e+02
1.255500000000000000e+04 -4.000000000000000000e+02 5.760000000000000000e+02 9.360000000000000000e+02
1.259500000000000000e+04 -3.440000000000000000e+02 4.480000000000000000e+02 9.520000000000000000e+02
1.263500000000000000e+04 -3.680000000000000000e+02 4.080000000000000000e+02 8.960000000000000000e+02
1.267500000000000000e+04 -3.200000000000000000e+02 4.160000000000000000e+02 8.160000000000000000e+02
1.271500000000000000e+04 -2.480000000000000000e+02 4.080000000000000000e+02 6.560000000000000000e+02
1.275500000000000000e+04 -1.680000000000000000e+02 4.240000000000000000e+02 5.760000000000000000e+02
1.279500000000000000e+04 -1.120000000000000000e+02 3.920000000000000000e+02 6.400000000000000000e+02
1.283500000000000000e+04 -8.800000000000000000e+01 3.600000000000000000e+02 7.600000000000000000e+02
1.287500000000000000e+04 -1.280000000000000000e+02 4.160000000000000000e+02 9.360000000000000000e+02
1.291500000000000000e+04 -1.760000000000000000e+02 5.520000000000000000e+02 1.184000000000000000e+03
1.294700000000000000e+04 -1.440000000000000000e+02 6.320000000000000000e+02 1.296000000000000000e+03
1.298700000000000000e+04 -8.800000000000000000e+01 6.400000000000000000e+02 1.312000000000000000e+03
1.302700000000000000e+04 -4.800000000000000000e+01 5.840000000000000000e+02 1.232000000000000000e+03
1.306700000000000000e+04 4.000000000000000000e+01 4.720000000000000000e+02 1.192000000000000000e+03
1.310700000000000000e+04 1.600000000000000000e+02 3.920000000000000000e+02 1.064000000000000000e+03
1.314700000000000000e+04 2.240000000000000000e+02 2.880000000000000000e+02 8.320000000000000000e+02
1.318700000000000000e+04 2.000000000000000000e+02 2.400000000000000000e+02 8.000000000000000000e+02
1.322700000000000000e+04 1.520000000000000000e+02 2.800000000000000000e+02 6.560000000000000000e+02
1.326700000000000000e+04 1.040000000000000000e+02 3.200000000000000000e+02 6.320000000000000000e+02
1.330700000000000000e+04 -8.000000000000000000e+00 3.200000000000000000e+02 6.960000000000000000e+02
1.334700000000000000e+04 -8.000000000000000000e+01 4.160000000000000000e+02 6.880000000000000000e+02
1.338700000000000000e+04 -1.440000000000000000e+02 4.240000000000000000e+02 8.000000000000000000e+02
1.342700000000000000e+04 -2.080000000000000000e+02 4.160000000000000000e+02 8.480000000000000000e+02
1.346700000000000000e+04 -2.080000000000000000e+02 4.800000000000000000e+02 9.840000000000000000e+02
1.350700000000000000e+04 -2.000000000000000000e+02 5.680000000000000000e+02 1.080000000000000000e+03
1.354700000000000000e+04 -2.240000000000000000e+02 5.440000000000000000e+02 1.344000000000000000e+03
1.358700000000000000e+04 -1.440000000000000000e+02 5.360000000000000000e+02 1.264000000000000000e+03
1.362700000000000000e+04 -1.520000000000000000e+02 3.840000000000000000e+02 1.112000000000000000e+03
1.366700000000000000e+04 -1.600000000000000000e+02 2.240000000000000000e+02 9.520000000000000000e+02
1.370700000000000000e+04 -1.840000000000000000e+02 1.520000000000000000e+02 9.920000000000000000e+02
1.374700000000000000e+04 -1.200000000000000000e+02 1.120000000000000000e+02 1.000000000000000000e+03
1.378700000000000000e+04 -4.000000000000000000e+01 1.600000000000000000e+02 7.200000000000000000e+02
1.382700000000000000e+04 8.000000000000000000e+00 2.080000000000000000e+02 4.160000000000000000e+02
1.386700000000000000e+04 3.200000000000000000e+01 2.400000000000000000e+02 4.480000000000000000e+02
1.390700000000000000e+04 3.200000000000000000e+01 2.480000000000000000e+02 8.080000000000000000e+02
1.393900000000000000e+04 8.000000000000000000e+00 2.880000000000000000e+02 8.640000000000000000e+02
1.397900000000000000e+04 -5.600000000000000000e+01 3.440000000000000000e+02 1.224000000000000000e+03
1.401900000000000000e+04 -5.600000000000000000e+01 4.320000000000000000e+02 1.344000000000000000e+03
1.405900000000000000e+04 -7.200000000000000000e+01 4.480000000000000000e+02 1.608000000000000000e+03
1.409900000000000000e+04 3.200000000000000000e+01 4.560000000000000000e+02 1.512000000000000000e+03
1.413900000000000000e+04 1.280000000000000000e+02 3.760000000000000000e+02 1.408000000000000000e+03
1.417900000000000000e+04 2.480000000000000000e+02 3.360000000000000000e+02 1.104000000000000000e+03
1.421900000000000000e+04 3.520000000000000000e+02 2.480000000000000000e+02 8.560000000000000000e+02
1.425900000000000000e+04 2.960000000000000000e+02 2.080000000000000000e+02 8.560000000000000000e+02
1.429900000000000000e+04 2.160000000000000000e+02 2.320000000000000000e+02 7.200000000000000000e+02
1.433900000000000000e+04 1.360000000000000000e+02 2.480000000000000000e+02 6.000000000000000000e+02
1.437900000000000000e+04 4.800000000000000000e+01 2.400000000000000000e+02 6.160000000000000000e+02
1.441900000000000000e+04 2.400000000000000000e+01 2.480000000000000000e+02 5.360000000000000000e+02
1.445900000000000000e+04 -5.600000000000000000e+01 2.880000000000000000e+02 6.800000000000000000e+02
1.449900000000000000e+04 -1.280000000000000000e+02 3.040000000000000000e+02 8.400000000000000000e+02
1.453900000000000000e+04 -2.000000000000000000e+02 2.800000000000000000e+02 1.128000000000000000e+03
1.457900000000000000e+04 -2.480000000000000000e+02 2.720000000000000000e+02 1.344000000000000000e+03
1.461900000000000000e+04 -2.400000000000000000e+02 2.240000000000000000e+02 1.640000000000000000e+03
1.465900000000000000e+04 -1.680000000000000000e+02 2.080000000000000000e+02 1.480000000000000000e+03
1.469900000000000000e+04 -1.040000000000000000e+02 2.560000000000000000e+02 1.240000000000000000e+03
1.473900000000000000e+04 -4.000000000000000000e+01 2.160000000000000000e+02 9.840000000000000000e+02
1.477900000000000000e+04 -8.000000000000000000e+00 9.600000000000000000e+01 9.600000000000000000e+02
1.481900000000000000e+04 3.200000000000000000e+01 7.200000000000000000e+01 8.720000000000000000e+02
1.485900000000000000e+04 5.600000000000000000e+01 1.520000000000000000e+02 7.040000000000000000e+02
1.489900000000000000e+04 8.000000000000000000e+01 2.240000000000000000e+02 6.400000000000000000e+02
1.493300000000000000e+04 5.600000000000000000e+01 2.880000000000000000e+02 6.480000000000000000e+02
1.497300000000000000e+04 1.600000000000000000e+01 2.960000000000000000e+02 7.040000000000000000e+02
1.501300000000000000e+04 -8.000000000000000000e+00 3.120000000000000000e+02 7.760000000000000000e+02
1.505300000000000000e+04 -6.400000000000000000e+01 3.280000000000000000e+02 1.008000000000000000e+03
1.509300000000000000e+04 -5.600000000000000000e+01 3.840000000000000000e+02 1.096000000000000000e+03
1.513300000000000000e+04 -6.400000000000000000e+01 4.480000000000000000e+02 1.320000000000000000e+03
1.517300000000000000e+04 -4.000000000000000000e+01 5.120000000000000000e+02 1.400000000000000000e+03
1.521300000000000000e+04 0.000000000000000000e+00 4.720000000000000000e+02 1.392000000000000000e+03
1.525300000000000000e+04 1.200000000000000000e+02 4.240000000000000000e+02 1.184000000000000000e+03
1.529300000000000000e+04 1.920000000000000000e+02 3.120000000000000000e+02 9.280000000000000000e+02
1.533300000000000000e+04 1.920000000000000000e+02 2.720000000000000000e+02 7.440000000000000000e+02
1.537300000000000000e+04 1.440000000000000000e+02 2.480000000000000000e+02 5.680000000000000000e+02
1.541300000000000000e+04 5.600000000000000000e+01 2.240000000000000000e+02 5.200000000000000000e+02
1.545300000000000000e+04 -2.400000000000000000e+01 2.400000000000000000e+02 5.200000000000000000e+02
1.549300000000000000e+04 -1.120000000000000000e+02 2.320000000000000000e+02 6.640000000000000000e+02
1.553300000000000000e+04 -2.240000000000000000e+02 2.400000000000000000e+02 8.880000000000000000e+02
1.557300000000000000e+04 -2.800000000000000000e+02 2.720000000000000000e+02 1.096000000000000000e+03
1.561300000000000000e+04 -2.880000000000000000e+02 2.480000000000000000e+02 1.288000000000000000e+03
1.565300000000000000e+04 -3.200000000000000000e+02 2.880000000000000000e+02 1.312000000000000000e+03
1.569300000000000000e+04 -2.800000000000000000e+02 2.240000000000000000e+02 1.504000000000000000e+03
1.573300000000000000e+04 -1.680000000000000000e+02 2.240000000000000000e+02 1.320000000000000000e+03
1.577300000000000000e+04 -8.800000000000000000e+01 1.840000000000000000e+02 1.144000000000000000e+03
1.581300000000000000e+04 8.000000000000000000e+00 1.440000000000000000e+02 1.048000000000000000e+03
1.585300000000000000e+04 5.600000000000000000e+01 6.400000000000000000e+01 1.136000000000000000e+03
1.589300000000000000e+04 7.200000000000000000e+01 1.040000000000000000e+02 8.800000000000000000e+02
1.592500000000000000e+04 8.800000000000000000e+01 2.240000000000000000e+02 6.800000000000000000e+02
1.596500000000000000e+04 7.200000000000000000e+01 3.520000000000000000e+02 5.440000000000000000e+02
1.600500000000000000e+04 6.400000000000000000e+01 3.680000000000000000e+02 6.240000000000000000e+02
1.604500000000000000e+04 1.600000000000000000e+01 3.680000000000000000e+02 7.680000000000000000e+02
1.608500000000000000e+04 -1.600000000000000000e+01 4.160000000000000000e+02 9.360000000000000000e+02
1.612500000000000000e+04 -1.120000000000000000e+02 4.960000000000000000e+02 1.016000000000000000e+03
1.616500000000000000e+04 -1.920000000000000000e+02 4.800000000000000000e+02 1.272000000000000000e+03
1.620500000000000000e+04 -1.600000000000000000e+02 4.720000000000000000e+02 1.432000000000000000e+03
1.624500000000000000e+04 -8.000000000000000000e+00 4.080000000000000000e+02 1.344000000000000000e+03
1.628500000000000000e+04 6.400000000000000000e+01 3.280000000000000000e+02 1.328000000000000000e+03
1.632500000000000000e+04 1.520000000000000000e+02 2.480000000000000000e+02 8.240000000000000000e+02
1.636500000000000000e+04 8.000000000000000000e+01 2.400000000000000000e+02 8.480000000000000000e+02
1.640500000000000000e+04 0.000000000000000000e+00 2.320000000000000000e+02 6.960000000000000000e+02
1.644500000000000000e+04 -8.000000000000000000e+01 2.240000000000000000e+02 6.640000000000000000e+02
1.648500000000000000e+04 -1.120000000000000000e+02 2.240000000000000000e+02 7.040000000000000000e+02
1.652500000000000000e+04 -1.520000000000000000e+02 1.760000000000000000e+02 7.200000000000000000e+02
1.656500000000000000e+04 -1.840000000000000000e+02 1.840000000000000000e+02 8.720000000000000000e+02
1.660500000000000000e+04 -2.320000000000000000e+02 2.320000000000000000e+02 1.048000000000000000e+03
1.664500000000000000e+04 -2.640000000000000000e+02 2.880000000000000000e+02 1.168000000000000000e+03
1.668500000000000000e+04 -2.800000000000000000e+02 3.360000000000000000e+02 1.192000000000000000e+03
1.672500000000000000e+04 -2.640000000000000000e+02 3.040000000000000000e+02 1.488000000000000000e+03
1.676500000000000000e+04 -2.000000000000000000e+02 3.120000000000000000e+02 1.232000000000000000e+03
1.680500000000000000e+04 -1.360000000000000000e+02 2.880000000000000000e+02 1.128000000000000000e+03
1.684500000000000000e+04 -7.200000000000000000e+01 1.920000000000000000e+02 1.136000000000000000e+03
1.688500000000000000e+04 -2.400000000000000000e+01 1.920000000000000000e+02 1.112000000000000000e+03
1.691800000000000000e+04 2.400000000000000000e+01 2.960000000000000000e+02 7.680000000000000000e+02
1.695800000000000000e+04 4.800000000000000000e+01 3.440000000000000000e+02 5.920000000000000000e+02
1.699800000000000000e+04 1.600000000000000000e+01 3.280000000000000000e+02 6.080000000000000000e+02
1.703800000000000000e+04 -1.600000000000000000e+01 2.960000000000000000e+02 6.160000000000000000e+02
1.707800000000000000e+04 -5.600000000000000000e+01 3.280000000000000000e+02 7.360000000000000000e+02
1.711800000000000000e+04 -1.040000000000000000e+02 3.600000000000000000e+02 8.560000000000000000e+02
1.715800000000000000e+04 -1.360000000000000000e+02 4.320000000000000000e+02 9.840000000000000000e+02
1.719800000000000000e+04 -1.760000000000000000e+02 4.640000000000000000e+02 1.192000000000000000e+03
1.723800000000000000e+04 -1.840000000000000000e+02 5.120000000000000000e+02 1.320000000000000000e+03
1.727800000000000000e+04 -1.040000000000000000e+02 5.920000000000000000e+02 1.312000000000000000e+03
1.731800000000000000e+04 5.600000000000000000e+01 5.680000000000000000e+02 1.416000000000000000e+03
1.735800000000000000e+04 1.920000000000000000e+02 5.280000000000000000e+02 1.080000000000000000e+03
1.739800000000000000e+04 2.240000000000000000e+02 3.840000000000000000e+02 8.560000000000000000e+02
1.743800000000000000e+04 1.600000000000000000e+02 2.960000000000000000e+02 7.440000000000000000e+02
1.747800000000000000e+04 8.800000000000000000e+01 2.880000000000000000e+02 5.920000000000000000e+02
1.751800000000000000e+04 3.200000000000000000e+01 2.240000000000000000e+02 5.760000000000000000e+02
1.755800000000000000e+04 -2.400000000000000000e+01 2.320000000000000000e+02 6.160000000000000000e+02
1.759800000000000000e+04 -1.040000000000000000e+02 2.640000000000000000e+02 6.400000000000000000e+02
1.763800000000000000e+04 -1.920000000000000000e+02 3.280000000000000000e+02 8.000000000000000000e+02
1.767800000000000000e+04 -2.640000000000000000e+02 4.000000000000000000e+02 1.056000000000000000e+03
1.771800000000000000e+04 -2.320000000000000000e+02 4.080000000000000000e+02 1.248000000000000000e+03
1.775800000000000000e+04 -2.320000000000000000e+02 4.000000000000000000e+02 1.224000000000000000e+03
1.779800000000000000e+04 -2.160000000000000000e+02 3.200000000000000000e+02 1.576000000000000000e+03
1.783800000000000000e+04 -1.600000000000000000e+02 3.760000000000000000e+02 1.328000000000000000e+03
1.787800000000000000e+04 -1.200000000000000000e+02 3.360000000000000000e+02 1.000000000000000000e+03
1.791000000000000000e+04 -8.000000000000000000e+01 2.400000000000000000e+02 9.760000000000000000e+02
1.795000000000000000e+04 -4.800000000000000000e+01 1.840000000000000000e+02 1.056000000000000000e+03
1.799000000000000000e+04 1.600000000000000000e+01 1.920000000000000000e+02 9.760000000000000000e+02
1.803000000000000000e+04 5.600000000000000000e+01 2.480000000000000000e+02 6.640000000000000000e+02
1.807000000000000000e+04 4.800000000000000000e+01 2.640000000000000000e+02 6.000000000000000000e+02
1.811000000000000000e+04 -1.600000000000000000e+01 2.720000000000000000e+02 6.240000000000000000e+02
1.815000000000000000e+04 -4.800000000000000000e+01 2.640000000000000000e+02 6.720000000000000000e+02
1.819000000000000000e+04 -4.000000000000000000e+01 2.720000000000000000e+02 8.000000000000000000e+02
1.823000000000000000e+04 -4.000000000000000000e+01 2.400000000000000000e+02 1.064000000000000000e+03
1.827000000000000000e+04 -3.200000000000000000e+01 2.960000000000000000e+02 1.168000000000000000e+03
1.831000000000000000e+04 8.000000000000000000e+00 3.840000000000000000e+02 1.464000000000000000e+03
1.835000000000000000e+04 8.000000000000000000e+00 4.560000000000000000e+02 1.536000000000000000e+03
1.839000000000000000e+04 6.400000000000000000e+01 4.640000000000000000e+02 1.464000000000000000e+03
1.843000000000000000e+04 1.600000000000000000e+02 4.720000000000000000e+02 1.192000000000000000e+03
1.847000000000000000e+04 2.560000000000000000e+02 3.200000000000000000e+02 9.440000000000000000e+02
1.851000000000000000e+04 2.080000000000000000e+02 2.320000000000000000e+02 8.080000000000000000e+02
1.855000000000000000e+04 1.360000000000000000e+02 2.000000000000000000e+02 6.160000000000000000e+02
1.859000000000000000e+04 6.400000000000000000e+01 1.840000000000000000e+02 5.280000000000000000e+02
1.863000000000000000e+04 1.600000000000000000e+01 1.600000000000000000e+02 5.600000000000000000e+02
1.867000000000000000e+04 -4.800000000000000000e+01 1.520000000000000000e+02 6.320000000000000000e+02
1.871000000000000000e+04 -9.600000000000000000e+01 1.760000000000000000e+02 7.600000000000000000e+02
1.875000000000000000e+04 -1.600000000000000000e+02 2.880000000000000000e+02 1.032000000000000000e+03
1.879000000000000000e+04 -2.240000000000000000e+02 3.440000000000000000e+02 1.384000000000000000e+03
1.883000000000000000e+04 -2.160000000000000000e+02 4.320000000000000000e+02 1.416000000000000000e+03
1.887000000000000000e+04 -1.600000000000000000e+02 3.120000000000000000e+02 1.856000000000000000e+03
1.890200000000000000e+04 -8.000000000000000000e+01 2.960000000000000000e+02 1.496000000000000000e+03
1.894200000000000000e+04 -4.000000000000000000e+01 2.560000000000000000e+02 1.112000000000000000e+03
1.898200000000000000e+04 0.000000000000000000e+00 1.280000000000000000e+02 9.680000000000000000e+02
1.902200000000000000e+04 -8.000000000000000000e+00 4.000000000000000000e+01 9.920000000000000000e+02
1.906200000000000000e+04 5.600000000000000000e+01 4.000000000000000000e+01 8.880000000000000000e+02
1.910200000000000000e+04 9.600000000000000000e+01 1.280000000000000000e+02 5.440000000000000000e+02
1.914200000000000000e+04 1.040000000000000000e+02 1.760000000000000000e+02 5.120000000000000000e+02
1.918200000000000000e+04 9.600000000000000000e+01 2.320000000000000000e+02 6.320000000000000000e+02
1.922200000000000000e+04 2.400000000000000000e+01 2.560000000000000000e+02 6.960000000000000000e+02
1.926200000000000000e+04 0.000000000000000000e+00 2.560000000000000000e+02 8.560000000000000000e+02
1.930200000000000000e+04 -4.800000000000000000e+01 2.880000000000000000e+02 1.136000000000000000e+03
1.934200000000000000e+04 -5.600000000000000000e+01 3.520000000000000000e+02 1.248000000000000000e+03
1.938200000000000000e+04 -8.000000000000000000e+01 3.440000000000000000e+02 1.728000000000000000e+03
1.942200000000000000e+04 -4.000000000000000000e+01 4.000000000000000000e+02 1.680000000000000000e+03
1.946200000000000000e+04 1.040000000000000000e+02 3.760000000000000000e+02 1.456000000000000000e+03
1.950200000000000000e+04 2.800000000000000000e+02 2.960000000000000000e+02 1.000000000000000000e+03
1.954200000000000000e+04 2.640000000000000000e+02 1.920000000000000000e+02 8.160000000000000000e+02
1.958200000000000000e+04 2.240000000000000000e+02 1.360000000000000000e+02 7.360000000000000000e+02
1.962200000000000000e+04 1.360000000000000000e+02 1.440000000000000000e+02 5.200000000000000000e+02
1.966200000000000000e+04 4.000000000000000000e+01 1.280000000000000000e+02 4.960000000000000000e+02
1.970200000000000000e+04 -2.400000000000000000e+01 1.520000000000000000e+02 5.440000000000000000e+02
1.974200000000000000e+04 -8.000000000000000000e+01 1.280000000000000000e+02 6.480000000000000000e+02
1.978200000000000000e+04 -1.440000000000000000e+02 1.760000000000000000e+02 8.880000000000000000e+02
1.982200000000000000e+04 -2.000000000000000000e+02 2.160000000000000000e+02 1.232000000000000000e+03
1.986200000000000000e+04 -2.160000000000000000e+02 2.240000000000000000e+02 1.432000000000000000e+03
