1.140330000000000000e+06 1.600000000000000000e+01 -3.200000000000000000e+01 -1.040000000000000000e+03
1.140370000000000000e+06 8.000000000000000000e+00 -2.400000000000000000e+01 -1.072000000000000000e+03
1.140410000000000000e+06 1.600000000000000000e+01 -2.400000000000000000e+01 -1.048000000000000000e+03
1.140450000000000000e+06 1.600000000000000000e+01 -1.600000000000000000e+01 -1.024000000000000000e+03
1.140490000000000000e+06 1.600000000000000000e+01 -1.600000000000000000e+01 -1.000000000000000000e+03
1.140530000000000000e+06 2.400000000000000000e+01 -1.600000000000000000e+01 -1.024000000000000000e+03
1.140570000000000000e+06 8.000000000000000000e+00 -3.200000000000000000e+01 -9.840000000000000000e+02
1.140610000000000000e+06 3.200000000000000000e+01 -4.000000000000000000e+01 -1.024000000000000000e+03
1.140650000000000000e+06 2.400000000000000000e+01 -3.200000000000000000e+01 -1.024000000000000000e+03
1.140690000000000000e+06 3.200000000000000000e+01 -2.400000000000000000e+01 -1.040000000000000000e+03
1.140730000000000000e+06 4.000000000000000000e+01 -2.400000000000000000e+01 -1.024000000000000000e+03
1.140770000000000000e+06 3.200000000000000000e+01 -2.400000000000000000e+01 -1.016000000000000000e+03
1.140810000000000000e+06 2.400000000000000000e+01 -3.200000000000000000e+01 -1.048000000000000000e+03
1.140850000000000000e+06 2.400000000000000000e+01 -2.400000000000000000e+01 -1.032000000000000000e+03
1.140890000000000000e+06 1.600000000000000000e+01 -2.400000000000000000e+01 -1.024000000000000000e+03
1.140930000000000000e+06 1.600000000000000000e+01 -3.200000000000000000e+01 -1.016000000000000000e+03
1.140970000000000000e+06 1.600000000000000000e+01 -3.200000000000000000e+01 -1.024000000000000000e+03
1.141010000000000000e+06 1.600000000000000000e+01 -2.400000000000000000e+01 -1.032000000000000000e+03
1.141050000000000000e+06 1.600000000000000000e+01 -3.200000000000000000e+01 -1.024000000000000000e+03
1.141090000000000000e+06 1.600000000000000000e+01 -2.400000000000000000e+01 -1.024000000000000000e+03
1.141130000000000000e+06 1.600000000000000000e+01 -2.400000000000000000e+01 -1.056000000000000000e+03
1.141170000000000000e+06 1.600000000000000000e+01 -8.000000000000000000e+00 -1.024000000000000000e+03
1.141210000000000000e+06 2.400000000000000000e+01 -2.400000000000000000e+01 -1.016000000000000000e+03
1.141250000000000000e+06 1.600000000000000000e+01 -2.400000000000000000e+01 -1.016000000000000000e+03
1.141290000000000000e+06 2.400000000000000000e+01 -3.200000000000000000e+01 -1.024000000000000000e+03
1.144296000000000000e+06 1.600000000000000000e+01 -1.600000000000000000e+01 -1.016000000000000000e+03
1.144336000000000000e+06 1.600000000000000000e+01 -2.400000000000000000e+01 -1.032000000000000000e+03
1.144376000000000000e+06 1.600000000000000000e+01 -2.400000000000000000e+01 -1.032000000000000000e+03
1.144416000000000000e+06 1.600000000000000000e+01 -2.400000000000000000e+01 -1.024000000000000000e+03
1.144456000000000000e+06 1.600000000000000000e+01 -2.400000000000000000e+01 -1.024000000000000000e+03
1.144496000000000000e+06 1.600000000000000000e+01 -2.400000000000000000e+01 -1.040000000000000000e+03
1.144536000000000000e+06 1.600000000000000000e+01 -2.400000000000000000e+01 -1.016000000000000000e+03
1.144576000000000000e+06 1.600000000000000000e+01 -2.400000000000000000e+01 -1.032000000000000000e+03
1.144616000000000000e+06 2.400000000000000000e+01 -2.400000000000000000e+01 -1.032000000000000000e+03
1.144656000000000000e+06 1.600000000000000000e+01 -2.400000000000000000e+01 -1.016000000000000000e+03
1.144696000000000000e+06 1.600000000000000000e+01 -3.200000000000000000e+01 -1.032000000000000000e+03
1.144736000000000000e+06 1.600000000000000000e+01 -2.400000000000000000e+01 -1.032000000000000000e+03
1.144776000000000000e+06 1.600000000000000000e+01 -2.400000000000000000e+01 -1.040000000000000000e+03
1.144816000000000000e+06 1.600000000000000000e+01 -2.400000000000000000e+01 -1.024000000000000000e+03
1.144856000000000000e+06 8.000000000000000000e+00 -3.200000000000000000e+01 -1.032000000000000000e+03
1.144896000000000000e+06 1.600000000000000000e+01 -2.400000000000000000e+01 -1.024000000000000000e+03
1.144936000000000000e+06 1.600000000000000000e+01 -2.400000000000000000e+01 -1.024000000000000000e+03
1.144976000000000000e+06 1.600000000000000000e+01 -2.400000000000000000e+01 -1.040000000000000000e+03
1.145016000000000000e+06 1.600000000000000000e+01 -2.400000000000000000e+01 -1.032000000000000000e+03
1.145056000000000000e+06 1.600000000000000000e+01 -2.400000000000000000e+01 -1.016000000000000000e+03
1.145096000000000000e+06 8.000000000000000000e+00 -2.400000000000000000e+01 -1.040000000000000000e+03
1.145136000000000000e+06 8.000000000000000000e+00 -2.400000000000000000e+01 -1.016000000000000000e+03
1.145176000000000000e+06 8.000000000000000000e+00 -2.400000000000000000e+01 -1.008000000000000000e+03
1.145216000000000000e+06 8.000000000000000000e+00 -2.400000000000000000e+01 -1.032000000000000000e+03
1.145256000000000000e+06 8.000000000000000000e+00 -2.400000000000000000e+01 -1.056000000000000000e+03
1.148264000000000000e+06 1.600000000000000000e+01 -2.400000000000000000e+01 -1.032000000000000000e+03
1.148304000000000000e+06 1.600000000000000000e+01 -2.400000000000000000e+01 -1.032000000000000000e+03
1.148344000000000000e+06 1.600000000000000000e+01 -2.400000000000000000e+01 -1.024000000000000000e+03
1.148384000000000000e+06 2.400000000000000000e+01 -2.400000000000000000e+01 -1.048000000000000000e+03
1.148424000000000000e+06 1.600000000000000000e+01 -1.600000000000000000e+01 -1.024000000000000000e+03
1.148464000000000000e+06 1.600000000000000000e+01 -2.400000000000000000e+01 -1.048000000000000000e+03
1.148504000000000000e+06 1.600000000000000000e+01 -2.400000000000000000e+01 -1.016000000000000000e+03
1.148544000000000000e+06 8.000000000000000000e+00 -4.000000000000000000e+01 -1.048000000000000000e+03
1.148584000000000000e+06 1.600000000000000000e+01 -3.200000000000000000e+01 -1.008000000000000000e+03
1.148624000000000000e+06 1.600000000000000000e+01 -2.400000000000000000e+01 -1.048000000000000000e+03
1.148664000000000000e+06 1.600000000000000000e+01 -2.400000000000000000e+01 -1.024000000000000000e+03
1.148704000000000000e+06 2.400000000000000000e+01 -2.400000000000000000e+01 -1.032000000000000000e+03
1.148744000000000000e+06 8.000000000000000000e+00 -1.600000000000000000e+01 -1.024000000000000000e+03
1.148784000000000000e+06 1.600000000000000000e+01 -1.600000000000000000e+01 -1.024000000000000000e+03
1.148824000000000000e+06 1.600000000000000000e+01 -1.600000000000000000e+01 -1.032000000000000000e+03
1.148864000000000000e+06 1.600000000000000000e+01 -1.600000000000000000e+01 -1.024000000000000000e+03
1.148904000000000000e+06 2.400000000000000000e+01 -2.400000000000000000e+01 -1.056000000000000000e+03
1.148944000000000000e+06 2.400000000000000000e+01 -2.400000000000000000e+01 -1.032000000000000000e+03
1.148984000000000000e+06 2.400000000000000000e+01 -2.400000000000000000e+01 -1.032000000000000000e+03
1.149024000000000000e+06 2.400000000000000000e+01 -2.400000000000000000e+01 -1.024000000000000000e+03
1.149064000000000000e+06 1.600000000000000000e+01 -2.400000000000000000e+01 -1.016000000000000000e+03
1.149104000000000000e+06 1.600000000000000000e+01 -2.400000000000000000e+01 -1.032000000000000000e+03
1.149144000000000000e+06 1.600000000000000000e+01 -1.600000000000000000e+01 -1.048000000000000000e+03
1.149184000000000000e+06 2.400000000000000000e+01 -2.400000000000000000e+01 -1.032000000000000000e+03
1.149224000000000000e+06 2.400000000000000000e+01 -2.400000000000000000e+01 -1.048000000000000000e+03
1.152231000000000000e+06 1.600000000000000000e+01 -2.400000000000000000e+01 -1.024000000000000000e+03
1.152271000000000000e+06 1.600000000000000000e+01 -1.600000000000000000e+01 -1.000000000000000000e+03
1.152311000000000000e+06 8.000000000000000000e+00 -1.600000000000000000e+01 -1.032000000000000000e+03
1.152351000000000000e+06 8.000000000000000000e+00 -2.400000000000000000e+01 -1.032000000000000000e+03
1.152391000000000000e+06 1.600000000000000000e+01 -2.400000000000000000e+01 -1.032000000000000000e+03
1.152431000000000000e+06 1.600000000000000000e+01 -2.400000000000000000e+01 -1.024000000000000000e+03
1.152471000000000000e+06 2.400000000000000000e+01 -2.400000000000000000e+01 -1.032000000000000000e+03
1.152511000000000000e+06 1.600000000000000000e+01 -2.400000000000000000e+01 -1.024000000000000000e+03
1.152551000000000000e+06 1.600000000000000000e+01 -2.400000000000000000e+01 -1.024000000000000000e+03
1.152591000000000000e+06 1.600000000000000000e+01 -2.400000000000000000e+01 -1.040000000000000000e+03
1.152631000000000000e+06 1.600000000000000000e+01 -2.400000000000000000e+01 -1.040000000000000000e+03
1.152671000000000000e+06 8.000000000000000000e+00 -3.200000000000000000e+01 -1.024000000000000000e+03
1.152711000000000000e+06 1.600000000000000000e+01 -3.200000000000000000e+01 -1.048000000000000000e+03
1.152751000000000000e+06 1.600000000000000000e+01 -2.400000000000000000e+01 -1.040000000000000000e+03
1.152791000000000000e+06 1.600000000000000000e+01 -2.400000000000000000e+01 -1.040000000000000000e+03
1.152831000000000000e+06 1.600000000000000000e+01 -2.400000000000000000e+01 -1.032000000000000000e+03
1.152871000000000000e+06 1.600000000000000000e+01 -2.400000000000000000e+01 -1.024000000000000000e+03
1.152911000000000000e+06 1.600000000000000000e+01 -2.400000000000000000e+01 -1.040000000000000000e+03
1.152951000000000000e+06 8.000000000000000000e+00 -2.400000000000000000e+01 -1.032000000000000000e+03
1.152991000000000000e+06 1.600000000000000000e+01 -2.400000000000000000e+01 -1.024000000000000000e+03
1.153031000000000000e+06 1.600000000000000000e+01 -2.400000000000000000e+01 -1.032000000000000000e+03
1.153071000000000000e+06 2.400000000000000000e+01 -2.400000000000000000e+01 -1.024000000000000000e+03
1.153111000000000000e+06 1.600000000000000000e+01 -2.400000000000000000e+01 -1.032000000000000000e+03
1.153151000000000000e+06 1.600000000000000000e+01 -2.400000000000000000e+01 -1.032000000000000000e+03
1.153191000000000000e+06 2.400000000000000000e+01 -2.400000000000000000e+01 -1.016000000000000000e+03
1.156198000000000000e+06 1.600000000000000000e+01 -3.200000000000000000e+01 -1.040000000000000000e+03
1.156238000000000000e+06 2.400000000000000000e+01 -3.200000000000000000e+01 -1.016000000000000000e+03
1.156278000000000000e+06 2.400000000000000000e+01 -2.400000000000000000e+01 -1.040000000000000000e+03
1.156318000000000000e+06 1.600000000000000000e+01 -2.400000000000000000e+01 -1.032000000000000000e+03
1.156358000000000000e+06 2.400000000000000000e+01 -1.600000000000000000e+01 -1.024000000000000000e+03
1.156398000000000000e+06 1.600000000000000000e+01 -2.400000000000000000e+01 -1.016000000000000000e+03
1.156438000000000000e+06 2.400000000000000000e+01 -2.400000000000000000e+01 -1.016000000000000000e+03
1.156478000000000000e+06 1.600000000000000000e+01 -2.400000000000000000e+01 -1.024000000000000000e+03
1.156518000000000000e+06 1.600000000000000000e+01 -2.400000000000000000e+01 -1.032000000000000000e+03
1.156558000000000000e+06 1.600000000000000000e+01 -2.400000000000000000e+01 -1.032000000000000000e+03
1.156598000000000000e+06 1.600000000000000000e+01 -2.400000000000000000e+01 -1.040000000000000000e+03
1.156638000000000000e+06 1.600000000000000000e+01 -1.600000000000000000e+01 -1.008000000000000000e+03
1.156678000000000000e+06 8.000000000000000000e+00 -2.400000000000000000e+01 -1.032000000000000000e+03
1.156718000000000000e+06 1.600000000000000000e+01 -2.400000000000000000e+01 -1.024000000000000000e+03
1.156758000000000000e+06 1.600000000000000000e+01 -2.400000000000000000e+01 -1.040000000000000000e+03
1.156798000000000000e+06 1.600000000000000000e+01 -2.400000000000000000e+01 -1.016000000000000000e+03
1.156838000000000000e+06 1.600000000000000000e+01 -2.400000000000000000e+01 -1.032000000000000000e+03
1.156878000000000000e+06 1.600000000000000000e+01 -2.400000000000000000e+01 -1.016000000000000000e+03
1.156918000000000000e+06 1.600000000000000000e+01 -2.400000000000000000e+01 -1.040000000000000000e+03
1.156958000000000000e+06 1.600000000000000000e+01 -2.400000000000000000e+01 -1.032000000000000000e+03
1.156998000000000000e+06 1.600000000000000000e+01 -2.400000000000000000e+01 -1.016000000000000000e+03
1.157038000000000000e+06 1.600000000000000000e+01 -2.400000000000000000e+01 -1.016000000000000000e+03
1.157078000000000000e+06 1.600000000000000000e+01 -2.400000000000000000e+01 -1.024000000000000000e+03
1.157118000000000000e+06 2.400000000000000000e+01 -2.400000000000000000e+01 -1.032000000000000000e+03
1.157158000000000000e+06 2.400000000000000000e+01 -2.400000000000000000e+01 -1.032000000000000000e+03
1.160166000000000000e+06 1.600000000000000000e+01 -2.400000000000000000e+01 -1.008000000000000000e+03
1.160206000000000000e+06 1.600000000000000000e+01 -2.400000000000000000e+01 -1.024000000000000000e+03
1.160246000000000000e+06 8.000000000000000000e+00 -3.200000000000000000e+01 -1.040000000000000000e+03
1.160286000000000000e+06 1.600000000000000000e+01 -3.200000000000000000e+01 -1.048000000000000000e+03
1.160326000000000000e+06 2.400000000000000000e+01 -2.400000000000000000e+01 -1.008000000000000000e+03
1.160366000000000000e+06 1.600000000000000000e+01 -2.400000000000000000e+01 -1.032000000000000000e+03
1.160406000000000000e+06 3.200000000000000000e+01 -1.600000000000000000e+01 -1.024000000000000000e+03
1.160446000000000000e+06 2.400000000000000000e+01 -1.600000000000000000e+01 -1.048000000000000000e+03
1.160486000000000000e+06 1.600000000000000000e+01 -4.800000000000000000e+01 -1.024000000000000000e+03
1.160526000000000000e+06 1.600000000000000000e+01 -3.200000000000000000e+01 -1.024000000000000000e+03
1.160566000000000000e+06 8.000000000000000000e+00 -4.000000000000000000e+01 -1.048000000000000000e+03
1.160606000000000000e+06 0.000000000000000000e+00 -2.400000000000000000e+01 -1.000000000000000000e+03
1.160646000000000000e+06 1.600000000000000000e+01 -3.200000000000000000e+01 -1.024000000000000000e+03
1.160686000000000000e+06 2.400000000000000000e+01 -4.000000000000000000e+01 -1.024000000000000000e+03
1.160726000000000000e+06 3.200000000000000000e+01 -4.800000000000000000e+01 -1.048000000000000000e+03
1.160766000000000000e+06 1.600000000000000000e+01 -4.000000000000000000e+01 -1.024000000000000000e+03
1.160806000000000000e+06 3.200000000000000000e+01 -1.600000000000000000e+01 -1.032000000000000000e+03
1.160846000000000000e+06 1.600000000000000000e+01 -1.600000000000000000e+01 -1.040000000000000000e+03
1.160886000000000000e+06 2.400000000000000000e+01 -2.400000000000000000e+01 -1.032000000000000000e+03
1.160926000000000000e+06 1.600000000000000000e+01 -2.400000000000000000e+01 -1.040000000000000000e+03
1.160966000000000000e+06 1.600000000000000000e+01 -2.400000000000000000e+01 -1.024000000000000000e+03
1.161006000000000000e+06 1.600000000000000000e+01 -2.400000000000000000e+01 -1.048000000000000000e+03
1.161046000000000000e+06 1.600000000000000000e+01 -2.400000000000000000e+01 -1.016000000000000000e+03
1.161086000000000000e+06 8.000000000000000000e+00 -2.400000000000000000e+01 -1.040000000000000000e+03
1.161126000000000000e+06 1.600000000000000000e+01 -2.400000000000000000e+01 -1.032000000000000000e+03
