4.900000000000000000e+01 -5.600000000000000000e+01 6.960000000000000000e+02 -8.160000000000000000e+02
8.900000000000000000e+01 1.600000000000000000e+01 1.000000000000000000e+03 -2.320000000000000000e+02
1.290000000000000000e+02 8.000000000000000000e+00 9.920000000000000000e+02 -2.480000000000000000e+02
1.690000000000000000e+02 8.000000000000000000e+00 9.840000000000000000e+02 -2.640000000000000000e+02
2.090000000000000000e+02 8.000000000000000000e+00 9.840000000000000000e+02 -2.560000000000000000e+02
2.490000000000000000e+02 8.000000000000000000e+00 9.760000000000000000e+02 -2.480000000000000000e+02
2.890000000000000000e+02 1.600000000000000000e+01 9.920000000000000000e+02 -2.560000000000000000e+02
3.290000000000000000e+02 -8.000000000000000000e+00 9.600000000000000000e+02 -2.400000000000000000e+02
3.690000000000000000e+02 8.000000000000000000e+00 9.760000000000000000e+02 -2.480000000000000000e+02
4.090000000000000000e+02 8.000000000000000000e+00 9.760000000000000000e+02 -2.320000000000000000e+02
4.490000000000000000e+02 2.400000000000000000e+01 9.680000000000000000e+02 -2.720000000000000000e+02
4.890000000000000000e+02 2.400000000000000000e+01 9.920000000000000000e+02 -2.480000000000000000e+02
5.290000000000000000e+02 4.000000000000000000e+01 9.840000000000000000e+02 -2.400000000000000000e+02
5.690000000000000000e+02 2.400000000000000000e+01 9.760000000000000000e+02 -2.480000000000000000e+02
6.090000000000000000e+02 2.400000000000000000e+01 9.840000000000000000e+02 -2.400000000000000000e+02
6.490000000000000000e+02 2.400000000000000000e+01 9.840000000000000000e+02 -2.480000000000000000e+02
6.890000000000000000e+02 1.600000000000000000e+01 9.840000000000000000e+02 -2.640000000000000000e+02
7.290000000000000000e+02 8.000000000000000000e+00 9.760000000000000000e+02 -2.560000000000000000e+02
7.690000000000000000e+02 1.600000000000000000e+01 9.760000000000000000e+02 -2.400000000000000000e+02
8.090000000000000000e+02 1.600000000000000000e+01 9.760000000000000000e+02 -2.640000000000000000e+02
8.490000000000000000e+02 1.600000000000000000e+01 9.760000000000000000e+02 -2.480000000000000000e+02
8.890000000000000000e+02 1.600000000000000000e+01 9.760000000000000000e+02 -2.400000000000000000e+02
9.290000000000000000e+02 2.400000000000000000e+01 9.840000000000000000e+02 -2.400000000000000000e+02
9.690000000000000000e+02 2.400000000000000000e+01 9.840000000000000000e+02 -2.480000000000000000e+02
1.009000000000000000e+03 1.600000000000000000e+01 9.760000000000000000e+02 -2.320000000000000000e+02
1.040000000000000000e+03 1.600000000000000000e+01 9.760000000000000000e+02 -2.640000000000000000e+02
1.080000000000000000e+03 8.000000000000000000e+00 9.760000000000000000e+02 -2.880000000000000000e+02
1.120000000000000000e+03 8.000000000000000000e+00 9.840000000000000000e+02 -2.400000000000000000e+02
1.160000000000000000e+03 1.600000000000000000e+01 9.840000000000000000e+02 -2.400000000000000000e+02
1.200000000000000000e+03 1.600000000000000000e+01 9.840000000000000000e+02 -2.400000000000000000e+02
1.240000000000000000e+03 8.000000000000000000e+00 9.840000000000000000e+02 -2.160000000000000000e+02
1.280000000000000000e+03 3.200000000000000000e+01 9.760000000000000000e+02 -2.320000000000000000e+02
1.320000000000000000e+03 2.400000000000000000e+01 9.760000000000000000e+02 -1.760000000000000000e+02
1.360000000000000000e+03 1.600000000000000000e+01 9.840000000000000000e+02 -2.560000000000000000e+02
1.400000000000000000e+03 2.400000000000000000e+01 9.840000000000000000e+02 -2.400000000000000000e+02
1.440000000000000000e+03 3.200000000000000000e+01 9.760000000000000000e+02 -2.400000000000000000e+02
1.480000000000000000e+03 3.200000000000000000e+01 9.760000000000000000e+02 -2.640000000000000000e+02
1.520000000000000000e+03 2.400000000000000000e+01 9.840000000000000000e+02 -2.320000000000000000e+02
1.560000000000000000e+03 8.000000000000000000e+00 9.760000000000000000e+02 -2.160000000000000000e+02
1.600000000000000000e+03 1.600000000000000000e+01 9.840000000000000000e+02 -2.640000000000000000e+02
1.640000000000000000e+03 1.600000000000000000e+01 9.840000000000000000e+02 -2.240000000000000000e+02
1.680000000000000000e+03 2.400000000000000000e+01 9.760000000000000000e+02 -2.560000000000000000e+02
1.720000000000000000e+03 2.400000000000000000e+01 9.760000000000000000e+02 -2.640000000000000000e+02
1.760000000000000000e+03 8.000000000000000000e+00 9.760000000000000000e+02 -2.320000000000000000e+02
1.800000000000000000e+03 2.400000000000000000e+01 9.760000000000000000e+02 -2.320000000000000000e+02
1.840000000000000000e+03 3.200000000000000000e+01 9.760000000000000000e+02 -2.160000000000000000e+02
1.880000000000000000e+03 2.400000000000000000e+01 9.680000000000000000e+02 -2.720000000000000000e+02
1.920000000000000000e+03 2.400000000000000000e+01 9.760000000000000000e+02 -2.320000000000000000e+02
1.960000000000000000e+03 1.600000000000000000e+01 9.920000000000000000e+02 -2.320000000000000000e+02
2.000000000000000000e+03 1.600000000000000000e+01 9.920000000000000000e+02 -2.320000000000000000e+02
2.032000000000000000e+03 1.600000000000000000e+01 9.760000000000000000e+02 -2.160000000000000000e+02
2.072000000000000000e+03 2.400000000000000000e+01 9.680000000000000000e+02 -2.480000000000000000e+02
2.112000000000000000e+03 2.400000000000000000e+01 9.920000000000000000e+02 -2.240000000000000000e+02
2.152000000000000000e+03 1.600000000000000000e+01 9.840000000000000000e+02 -2.240000000000000000e+02
2.192000000000000000e+03 8.000000000000000000e+00 9.760000000000000000e+02 -2.240000000000000000e+02
2.232000000000000000e+03 1.600000000000000000e+01 9.760000000000000000e+02 -2.400000000000000000e+02
2.272000000000000000e+03 8.000000000000000000e+00 9.840000000000000000e+02 -2.400000000000000000e+02
2.312000000000000000e+03 8.000000000000000000e+00 9.840000000000000000e+02 -2.320000000000000000e+02
2.352000000000000000e+03 8.000000000000000000e+00 1.008000000000000000e+03 -2.000000000000000000e+02
2.392000000000000000e+03 0.000000000000000000e+00 9.920000000000000000e+02 -2.320000000000000000e+02
2.432000000000000000e+03 1.600000000000000000e+01 9.760000000000000000e+02 -2.000000000000000000e+02
2.472000000000000000e+03 8.000000000000000000e+00 9.840000000000000000e+02 -2.400000000000000000e+02
2.512000000000000000e+03 8.000000000000000000e+00 1.000000000000000000e+03 -2.320000000000000000e+02
2.552000000000000000e+03 2.400000000000000000e+01 1.000000000000000000e+03 -2.240000000000000000e+02
2.592000000000000000e+03 3.200000000000000000e+01 9.920000000000000000e+02 -2.400000000000000000e+02
2.632000000000000000e+03 1.600000000000000000e+01 9.920000000000000000e+02 -2.240000000000000000e+02
2.672000000000000000e+03 1.600000000000000000e+01 9.920000000000000000e+02 -2.160000000000000000e+02
2.712000000000000000e+03 8.000000000000000000e+00 9.920000000000000000e+02 -2.720000000000000000e+02
2.752000000000000000e+03 2.400000000000000000e+01 9.840000000000000000e+02 -2.160000000000000000e+02
2.792000000000000000e+03 2.400000000000000000e+01 9.840000000000000000e+02 -2.320000000000000000e+02
2.832000000000000000e+03 1.600000000000000000e+01 9.840000000000000000e+02 -2.320000000000000000e+02
2.872000000000000000e+03 2.400000000000000000e+01 9.600000000000000000e+02 -2.320000000000000000e+02
2.912000000000000000e+03 1.600000000000000000e+01 9.760000000000000000e+02 -2.320000000000000000e+02
2.952000000000000000e+03 1.600000000000000000e+01 9.760000000000000000e+02 -2.320000000000000000e+02
2.992000000000000000e+03 2.400000000000000000e+01 9.760000000000000000e+02 -2.320000000000000000e+02
3.024000000000000000e+03 2.400000000000000000e+01 9.520000000000000000e+02 -2.320000000000000000e+02
3.064000000000000000e+03 3.200000000000000000e+01 9.760000000000000000e+02 -2.800000000000000000e+02
3.104000000000000000e+03 2.400000000000000000e+01 1.000000000000000000e+03 -2.080000000000000000e+02
3.144000000000000000e+03 1.600000000000000000e+01 9.920000000000000000e+02 -2.160000000000000000e+02
3.184000000000000000e+03 8.000000000000000000e+00 1.000000000000000000e+03 -2.240000000000000000e+02
3.224000000000000000e+03 8.000000000000000000e+00 9.920000000000000000e+02 -2.400000000000000000e+02
3.264000000000000000e+03 0.000000000000000000e+00 9.840000000000000000e+02 -2.160000000000000000e+02
3.304000000000000000e+03 8.000000000000000000e+00 9.840000000000000000e+02 -2.240000000000000000e+02
3.344000000000000000e+03 0.000000000000000000e+00 9.760000000000000000e+02 -2.720000000000000000e+02
3.384000000000000000e+03 0.000000000000000000e+00 9.840000000000000000e+02 -1.920000000000000000e+02
3.424000000000000000e+03 8.000000000000000000e+00 9.920000000000000000e+02 -2.400000000000000000e+02
3.464000000000000000e+03 8.000000000000000000e+00 9.840000000000000000e+02 -1.680000000000000000e+02
3.504000000000000000e+03 1.600000000000000000e+01 9.840000000000000000e+02 -1.920000000000000000e+02
3.544000000000000000e+03 1.600000000000000000e+01 9.760000000000000000e+02 -2.320000000000000000e+02
3.584000000000000000e+03 8.000000000000000000e+00 9.840000000000000000e+02 -2.320000000000000000e+02
3.624000000000000000e+03 -1.600000000000000000e+01 9.840000000000000000e+02 -2.320000000000000000e+02
3.664000000000000000e+03 0.000000000000000000e+00 9.920000000000000000e+02 -2.160000000000000000e+02
3.704000000000000000e+03 0.000000000000000000e+00 9.920000000000000000e+02 -2.400000000000000000e+02
3.744000000000000000e+03 8.000000000000000000e+00 9.760000000000000000e+02 -2.160000000000000000e+02
3.784000000000000000e+03 2.400000000000000000e+01 9.840000000000000000e+02 -2.720000000000000000e+02
3.824000000000000000e+03 1.600000000000000000e+01 9.760000000000000000e+02 -2.080000000000000000e+02
3.864000000000000000e+03 1.600000000000000000e+01 9.840000000000000000e+02 -2.240000000000000000e+02
3.904000000000000000e+03 2.400000000000000000e+01 9.840000000000000000e+02 -2.320000000000000000e+02
3.944000000000000000e+03 1.600000000000000000e+01 9.600000000000000000e+02 -1.920000000000000000e+02
3.984000000000000000e+03 2.400000000000000000e+01 9.840000000000000000e+02 -2.080000000000000000e+02
4.016000000000000000e+03 2.400000000000000000e+01 9.840000000000000000e+02 -2.240000000000000000e+02
4.056000000000000000e+03 4.000000000000000000e+01 9.920000000000000000e+02 -2.080000000000000000e+02
4.096000000000000000e+03 3.200000000000000000e+01 1.000000000000000000e+03 -2.400000000000000000e+02
4.136000000000000000e+03 2.400000000000000000e+01 1.000000000000000000e+03 -2.800000000000000000e+02
4.176000000000000000e+03 1.600000000000000000e+01 1.008000000000000000e+03 -2.160000000000000000e+02
4.216000000000000000e+03 1.600000000000000000e+01 9.920000000000000000e+02 -2.000000000000000000e+02
4.256000000000000000e+03 2.400000000000000000e+01 9.920000000000000000e+02 -1.840000000000000000e+02
4.296000000000000000e+03 1.600000000000000000e+01 9.920000000000000000e+02 -2.240000000000000000e+02
4.336000000000000000e+03 1.600000000000000000e+01 1.000000000000000000e+03 -2.400000000000000000e+02
4.376000000000000000e+03 8.000000000000000000e+00 1.000000000000000000e+03 -1.920000000000000000e+02
4.416000000000000000e+03 0.000000000000000000e+00 9.840000000000000000e+02 -2.320000000000000000e+02
4.456000000000000000e+03 8.000000000000000000e+00 9.760000000000000000e+02 -2.080000000000000000e+02
4.496000000000000000e+03 8.000000000000000000e+00 9.680000000000000000e+02 -2.320000000000000000e+02
4.536000000000000000e+03 1.600000000000000000e+01 9.760000000000000000e+02 -1.920000000000000000e+02
4.576000000000000000e+03 1.600000000000000000e+01 9.760000000000000000e+02 -2.240000000000000000e+02
4.616000000000000000e+03 1.600000000000000000e+01 9.760000000000000000e+02 -2.080000000000000000e+02
4.656000000000000000e+03 1.600000000000000000e+01 1.000000000000000000e+03 -2.160000000000000000e+02
4.696000000000000000e+03 3.200000000000000000e+01 1.008000000000000000e+03 -2.160000000000000000e+02
4.736000000000000000e+03 2.400000000000000000e+01 1.000000000000000000e+03 -2.240000000000000000e+02
4.776000000000000000e+03 8.000000000000000000e+00 9.920000000000000000e+02 -2.320000000000000000e+02
4.816000000000000000e+03 3.200000000000000000e+01 9.840000000000000000e+02 -2.240000000000000000e+02
4.856000000000000000e+03 2.400000000000000000e+01 1.000000000000000000e+03 -2.240000000000000000e+02
4.896000000000000000e+03 2.400000000000000000e+01 1.000000000000000000e+03 -2.240000000000000000e+02
4.936000000000000000e+03 4.000000000000000000e+01 9.920000000000000000e+02 -2.240000000000000000e+02
4.976000000000000000e+03 1.600000000000000000e+01 9.840000000000000000e+02 -2.000000000000000000e+02
5.007000000000000000e+03 1.600000000000000000e+01 9.760000000000000000e+02 -2.000000000000000000e+02
5.047000000000000000e+03 1.600000000000000000e+01 9.680000000000000000e+02 -2.000000000000000000e+02
5.087000000000000000e+03 2.400000000000000000e+01 9.600000000000000000e+02 -2.080000000000000000e+02
5.127000000000000000e+03 -8.000000000000000000e+00 9.600000000000000000e+02 -1.840000000000000000e+02
5.167000000000000000e+03 8.000000000000000000e+00 9.760000000000000000e+02 -1.920000000000000000e+02
5.207000000000000000e+03 8.000000000000000000e+00 9.840000000000000000e+02 -2.400000000000000000e+02
5.247000000000000000e+03 8.000000000000000000e+00 9.840000000000000000e+02 -2.080000000000000000e+02
5.287000000000000000e+03 2.400000000000000000e+01 9.920000000000000000e+02 -2.400000000000000000e+02
5.327000000000000000e+03 2.400000000000000000e+01 9.920000000000000000e+02 -2.240000000000000000e+02
5.367000000000000000e+03 1.600000000000000000e+01 9.760000000000000000e+02 -2.000000000000000000e+02
5.407000000000000000e+03 4.000000000000000000e+01 9.840000000000000000e+02 -2.080000000000000000e+02
5.447000000000000000e+03 4.000000000000000000e+01 9.920000000000000000e+02 -2.240000000000000000e+02
5.487000000000000000e+03 2.400000000000000000e+01 9.840000000000000000e+02 -2.080000000000000000e+02
5.527000000000000000e+03 1.600000000000000000e+01 9.840000000000000000e+02 -2.320000000000000000e+02
5.567000000000000000e+03 0.000000000000000000e+00 9.840000000000000000e+02 -1.840000000000000000e+02
5.607000000000000000e+03 8.000000000000000000e+00 9.840000000000000000e+02 -2.400000000000000000e+02
5.647000000000000000e+03 1.600000000000000000e+01 9.840000000000000000e+02 -1.840000000000000000e+02
5.687000000000000000e+03 0.000000000000000000e+00 9.840000000000000000e+02 -2.000000000000000000e+02
5.727000000000000000e+03 -1.600000000000000000e+01 9.840000000000000000e+02 -1.840000000000000000e+02
5.767000000000000000e+03 0.000000000000000000e+00 9.920000000000000000e+02 -2.240000000000000000e+02
5.807000000000000000e+03 8.000000000000000000e+00 9.920000000000000000e+02 -2.160000000000000000e+02
5.847000000000000000e+03 1.600000000000000000e+01 9.840000000000000000e+02 -1.760000000000000000e+02
5.887000000000000000e+03 1.600000000000000000e+01 9.840000000000000000e+02 -2.160000000000000000e+02
5.927000000000000000e+03 1.600000000000000000e+01 9.680000000000000000e+02 -2.080000000000000000e+02
5.967000000000000000e+03 2.400000000000000000e+01 9.840000000000000000e+02 -2.160000000000000000e+02
5.999000000000000000e+03 8.000000000000000000e+00 9.680000000000000000e+02 -2.480000000000000000e+02
6.039000000000000000e+03 1.600000000000000000e+01 9.600000000000000000e+02 -2.320000000000000000e+02
6.079000000000000000e+03 2.400000000000000000e+01 9.760000000000000000e+02 -2.080000000000000000e+02
6.119000000000000000e+03 0.000000000000000000e+00 9.760000000000000000e+02 -2.240000000000000000e+02
6.159000000000000000e+03 0.000000000000000000e+00 9.840000000000000000e+02 -2.240000000000000000e+02
6.199000000000000000e+03 8.000000000000000000e+00 9.920000000000000000e+02 -1.840000000000000000e+02
6.239000000000000000e+03 1.600000000000000000e+01 9.920000000000000000e+02 -1.680000000000000000e+02
6.279000000000000000e+03 1.600000000000000000e+01 1.000000000000000000e+03 -2.080000000000000000e+02
6.319000000000000000e+03 -8.000000000000000000e+00 9.840000000000000000e+02 -2.000000000000000000e+02
6.359000000000000000e+03 8.000000000000000000e+00 9.840000000000000000e+02 -2.240000000000000000e+02
6.399000000000000000e+03 8.000000000000000000e+00 9.840000000000000000e+02 -2.000000000000000000e+02
6.439000000000000000e+03 8.000000000000000000e+00 1.008000000000000000e+03 -1.680000000000000000e+02
6.479000000000000000e+03 2.400000000000000000e+01 1.000000000000000000e+03 -2.480000000000000000e+02
6.519000000000000000e+03 1.600000000000000000e+01 9.920000000000000000e+02 -2.240000000000000000e+02
6.559000000000000000e+03 8.000000000000000000e+00 9.840000000000000000e+02 -2.000000000000000000e+02
6.599000000000000000e+03 1.600000000000000000e+01 9.920000000000000000e+02 -2.320000000000000000e+02
6.639000000000000000e+03 8.000000000000000000e+00 9.840000000000000000e+02 -2.160000000000000000e+02
6.679000000000000000e+03 2.400000000000000000e+01 9.840000000000000000e+02 -1.920000000000000000e+02
6.719000000000000000e+03 1.600000000000000000e+01 9.920000000000000000e+02 -2.240000000000000000e+02
6.759000000000000000e+03 1.600000000000000000e+01 9.840000000000000000e+02 -2.240000000000000000e+02
6.799000000000000000e+03 1.600000000000000000e+01 9.840000000000000000e+02 -2.080000000000000000e+02
6.839000000000000000e+03 1.600000000000000000e+01 9.840000000000000000e+02 -2.080000000000000000e+02
6.879000000000000000e+03 1.600000000000000000e+01 9.840000000000000000e+02 -2.080000000000000000e+02
6.919000000000000000e+03 1.600000000000000000e+01 9.840000000000000000e+02 -2.160000000000000000e+02
6.959000000000000000e+03 2.400000000000000000e+01 9.920000000000000000e+02 -2.080000000000000000e+02
6.990000000000000000e+03 1.600000000000000000e+01 9.920000000000000000e+02 -2.000000000000000000e+02
7.030000000000000000e+03 1.600000000000000000e+01 9.680000000000000000e+02 -2.160000000000000000e+02
7.070000000000000000e+03 3.200000000000000000e+01 9.760000000000000000e+02 -2.240000000000000000e+02
7.110000000000000000e+03 2.400000000000000000e+01 9.760000000000000000e+02 -2.080000000000000000e+02
7.150000000000000000e+03 1.600000000000000000e+01 9.840000000000000000e+02 -2.080000000000000000e+02
7.190000000000000000e+03 1.600000000000000000e+01 9.840000000000000000e+02 -1.920000000000000000e+02
7.230000000000000000e+03 8.000000000000000000e+00 9.840000000000000000e+02 -2.320000000000000000e+02
7.270000000000000000e+03 8.000000000000000000e+00 9.920000000000000000e+02 -2.240000000000000000e+02
7.310000000000000000e+03 1.600000000000000000e+01 9.920000000000000000e+02 -2.560000000000000000e+02
7.350000000000000000e+03 0.000000000000000000e+00 9.840000000000000000e+02 -2.640000000000000000e+02
7.390000000000000000e+03 -8.000000000000000000e+00 9.680000000000000000e+02 -2.960000000000000000e+02
7.430000000000000000e+03 -1.600000000000000000e+01 9.680000000000000000e+02 -2.960000000000000000e+02
7.470000000000000000e+03 -2.400000000000000000e+01 9.520000000000000000e+02 -3.200000000000000000e+02
7.510000000000000000e+03 -6.400000000000000000e+01 9.600000000000000000e+02 -2.800000000000000000e+02
7.550000000000000000e+03 -6.400000000000000000e+01 9.600000000000000000e+02 -3.120000000000000000e+02
7.590000000000000000e+03 -6.400000000000000000e+01 9.600000000000000000e+02 -2.960000000000000000e+02
7.630000000000000000e+03 -4.800000000000000000e+01 9.680000000000000000e+02 -2.800000000000000000e+02
7.670000000000000000e+03 -4.000000000000000000e+01 9.760000000000000000e+02 -2.480000000000000000e+02
7.710000000000000000e+03 -3.200000000000000000e+01 9.680000000000000000e+02 -2.640000000000000000e+02
7.750000000000000000e+03 -2.400000000000000000e+01 9.680000000000000000e+02 -2.800000000000000000e+02
7.790000000000000000e+03 -1.600000000000000000e+01 9.680000000000000000e+02 -3.120000000000000000e+02
7.830000000000000000e+03 -3.200000000000000000e+01 9.680000000000000000e+02 -2.800000000000000000e+02
7.870000000000000000e+03 -3.200000000000000000e+01 9.600000000000000000e+02 -3.280000000000000000e+02
7.910000000000000000e+03 -4.800000000000000000e+01 9.600000000000000000e+02 -3.440000000000000000e+02
7.950000000000000000e+03 -5.600000000000000000e+01 9.680000000000000000e+02 -2.880000000000000000e+02
7.983000000000000000e+03 -5.600000000000000000e+01 9.600000000000000000e+02 -4.080000000000000000e+02
8.023000000000000000e+03 -4.800000000000000000e+01 9.440000000000000000e+02 -5.600000000000000000e+02
8.063000000000000000e+03 -3.200000000000000000e+01 9.600000000000000000e+02 -5.360000000000000000e+02
8.103000000000000000e+03 -5.600000000000000000e+01 1.024000000000000000e+03 -4.800000000000000000e+02
8.143000000000000000e+03 -8.800000000000000000e+01 9.760000000000000000e+02 -5.920000000000000000e+02
8.183000000000000000e+03 -1.120000000000000000e+02 9.520000000000000000e+02 -5.440000000000000000e+02
8.223000000000000000e+03 -1.440000000000000000e+02 9.120000000000000000e+02 -4.960000000000000000e+02
8.263000000000000000e+03 -1.840000000000000000e+02 8.640000000000000000e+02 -5.200000000000000000e+02
8.303000000000000000e+03 -2.480000000000000000e+02 7.680000000000000000e+02 -4.160000000000000000e+02
8.343000000000000000e+03 -2.800000000000000000e+02 6.800000000000000000e+02 -3.440000000000000000e+02
8.383000000000000000e+03 -3.040000000000000000e+02 6.880000000000000000e+02 -4.160000000000000000e+02
8.423000000000000000e+03 -3.360000000000000000e+02 6.400000000000000000e+02 -4.480000000000000000e+02
8.463000000000000000e+03 -3.040000000000000000e+02 6.240000000000000000e+02 -6.320000000000000000e+02
8.503000000000000000e+03 -2.640000000000000000e+02 6.720000000000000000e+02 -6.640000000000000000e+02
8.543000000000000000e+03 -2.160000000000000000e+02 6.160000000000000000e+02 -7.120000000000000000e+02
8.583000000000000000e+03 -1.280000000000000000e+02 6.720000000000000000e+02 -8.720000000000000000e+02
8.623000000000000000e+03 -8.000000000000000000e+01 6.800000000000000000e+02 -7.760000000000000000e+02
8.663000000000000000e+03 -1.600000000000000000e+01 6.880000000000000000e+02 -8.400000000000000000e+02
8.703000000000000000e+03 2.400000000000000000e+01 7.280000000000000000e+02 -8.320000000000000000e+02
8.743000000000000000e+03 -8.000000000000000000e+00 6.960000000000000000e+02 -8.480000000000000000e+02
8.783000000000000000e+03 -1.600000000000000000e+01 6.560000000000000000e+02 -7.520000000000000000e+02
8.823000000000000000e+03 -3.200000000000000000e+01 6.480000000000000000e+02 -7.360000000000000000e+02
8.863000000000000000e+03 -4.000000000000000000e+01 6.320000000000000000e+02 -7.760000000000000000e+02
8.903000000000000000e+03 -4.800000000000000000e+01 6.480000000000000000e+02 -7.440000000000000000e+02
8.943000000000000000e+03 -3.200000000000000000e+01 6.880000000000000000e+02 -7.040000000000000000e+02
8.974000000000000000e+03 -2.400000000000000000e+01 7.200000000000000000e+02 -6.560000000000000000e+02
9.014000000000000000e+03 -4.800000000000000000e+01 7.680000000000000000e+02 -6.640000000000000000e+02
9.054000000000000000e+03 -5.600000000000000000e+01 7.200000000000000000e+02 -6.800000000000000000e+02
9.094000000000000000e+03 -6.400000000000000000e+01 7.200000000000000000e+02 -7.200000000000000000e+02
9.134000000000000000e+03 -7.200000000000000000e+01 7.120000000000000000e+02 -7.360000000000000000e+02
9.174000000000000000e+03 -6.400000000000000000e+01 7.120000000000000000e+02 -6.960000000000000000e+02
9.214000000000000000e+03 -7.200000000000000000e+01 7.360000000000000000e+02 -6.560000000000000000e+02
9.254000000000000000e+03 -7.200000000000000000e+01 7.680000000000000000e+02 -5.760000000000000000e+02
9.294000000000000000e+03 -6.400000000000000000e+01 7.680000000000000000e+02 -6.560000000000000000e+02
9.334000000000000000e+03 -6.400000000000000000e+01 7.440000000000000000e+02 -7.040000000000000000e+02
9.374000000000000000e+03 -5.600000000000000000e+01 7.440000000000000000e+02 -6.800000000000000000e+02
9.414000000000000000e+03 -6.400000000000000000e+01 7.440000000000000000e+02 -7.040000000000000000e+02
9.454000000000000000e+03 -5.600000000000000000e+01 7.280000000000000000e+02 -6.960000000000000000e+02
9.494000000000000000e+03 -5.600000000000000000e+01 7.040000000000000000e+02 -7.200000000000000000e+02
9.534000000000000000e+03 -7.200000000000000000e+01 7.120000000000000000e+02 -6.880000000000000000e+02
9.574000000000000000e+03 -6.400000000000000000e+01 7.200000000000000000e+02 -6.400000000000000000e+02
9.614000000000000000e+03 -5.600000000000000000e+01 7.280000000000000000e+02 -7.120000000000000000e+02
9.654000000000000000e+03 -6.400000000000000000e+01 7.360000000000000000e+02 -6.880000000000000000e+02
9.694000000000000000e+03 -4.000000000000000000e+01 7.360000000000000000e+02 -6.880000000000000000e+02
9.734000000000000000e+03 -4.800000000000000000e+01 7.360000000000000000e+02 -6.960000000000000000e+02
9.774000000000000000e+03 -4.800000000000000000e+01 7.440000000000000000e+02 -6.560000000000000000e+02
9.814000000000000000e+03 -5.600000000000000000e+01 7.440000000000000000e+02 -6.960000000000000000e+02
9.854000000000000000e+03 -5.600000000000000000e+01 7.440000000000000000e+02 -7.040000000000000000e+02
9.894000000000000000e+03 -7.200000000000000000e+01 7.440000000000000000e+02 -6.960000000000000000e+02
9.934000000000000000e+03 -6.400000000000000000e+01 7.360000000000000000e+02 -6.720000000000000000e+02
9.966000000000000000e+03 -6.400000000000000000e+01 7.280000000000000000e+02 -7.200000000000000000e+02
1.000600000000000000e+04 -6.400000000000000000e+01 7.280000000000000000e+02 -6.560000000000000000e+02
1.004600000000000000e+04 -7.200000000000000000e+01 7.360000000000000000e+02 -6.800000000000000000e+02
1.008600000000000000e+04 -7.200000000000000000e+01 7.360000000000000000e+02 -6.640000000000000000e+02
1.012600000000000000e+04 -5.600000000000000000e+01 7.360000000000000000e+02 -6.800000000000000000e+02
1.016600000000000000e+04 -6.400000000000000000e+01 7.600000000000000000e+02 -6.800000000000000000e+02
1.020600000000000000e+04 -4.800000000000000000e+01 7.360000000000000000e+02 -6.480000000000000000e+02
1.024600000000000000e+04 -8.800000000000000000e+01 7.440000000000000000e+02 -6.800000000000000000e+02
1.028600000000000000e+04 -8.000000000000000000e+01 7.600000000000000000e+02 -6.800000000000000000e+02
1.032600000000000000e+04 -6.400000000000000000e+01 7.440000000000000000e+02 -6.880000000000000000e+02
1.036600000000000000e+04 -7.200000000000000000e+01 7.440000000000000000e+02 -6.880000000000000000e+02
1.040600000000000000e+04 -8.000000000000000000e+01 7.520000000000000000e+02 -6.640000000000000000e+02
1.044600000000000000e+04 -8.000000000000000000e+01 7.520000000000000000e+02 -6.560000000000000000e+02
1.048600000000000000e+04 -6.400000000000000000e+01 7.600000000000000000e+02 -6.640000000000000000e+02
1.052600000000000000e+04 -7.200000000000000000e+01 7.600000000000000000e+02 -6.480000000000000000e+02
1.056600000000000000e+04 -6.400000000000000000e+01 7.600000000000000000e+02 -6.800000000000000000e+02
1.060600000000000000e+04 -6.400000000000000000e+01 7.680000000000000000e+02 -6.160000000000000000e+02
1.064600000000000000e+04 -8.000000000000000000e+01 7.600000000000000000e+02 -6.720000000000000000e+02
1.068600000000000000e+04 -7.200000000000000000e+01 7.520000000000000000e+02 -6.960000000000000000e+02
1.072600000000000000e+04 -7.200000000000000000e+01 7.600000000000000000e+02 -6.720000000000000000e+02
1.076600000000000000e+04 -6.400000000000000000e+01 7.760000000000000000e+02 -6.720000000000000000e+02
1.080600000000000000e+04 -7.200000000000000000e+01 7.520000000000000000e+02 -6.560000000000000000e+02
1.084600000000000000e+04 -7.200000000000000000e+01 7.600000000000000000e+02 -6.480000000000000000e+02
1.088600000000000000e+04 -8.000000000000000000e+01 7.600000000000000000e+02 -6.480000000000000000e+02
1.092600000000000000e+04 -5.600000000000000000e+01 7.520000000000000000e+02 -6.800000000000000000e+02
1.095700000000000000e+04 -5.600000000000000000e+01 7.600000000000000000e+02 -6.800000000000000000e+02
1.099700000000000000e+04 -6.400000000000000000e+01 7.600000000000000000e+02 -6.640000000000000000e+02
1.103700000000000000e+04 -8.000000000000000000e+01 7.680000000000000000e+02 -6.480000000000000000e+02
1.107700000000000000e+04 -7.200000000000000000e+01 7.920000000000000000e+02 -6.400000000000000000e+02
1.111700000000000000e+04 -6.400000000000000000e+01 7.760000000000000000e+02 -6.560000000000000000e+02
1.115700000000000000e+04 -4.800000000000000000e+01 7.680000000000000000e+02 -6.480000000000000000e+02
1.119700000000000000e+04 -5.600000000000000000e+01 7.600000000000000000e+02 -6.560000000000000000e+02
1.123700000000000000e+04 -6.400000000000000000e+01 7.600000000000000000e+02 -6.240000000000000000e+02
1.127700000000000000e+04 -9.600000000000000000e+01 7.600000000000000000e+02 -6.720000000000000000e+02
1.131700000000000000e+04 -8.800000000000000000e+01 7.680000000000000000e+02 -6.560000000000000000e+02
1.135700000000000000e+04 -7.200000000000000000e+01 7.680000000000000000e+02 -6.560000000000000000e+02
1.139700000000000000e+04 -8.800000000000000000e+01 7.600000000000000000e+02 -6.560000000000000000e+02
1.143700000000000000e+04 -8.000000000000000000e+01 7.760000000000000000e+02 -6.480000000000000000e+02
1.147700000000000000e+04 -7.200000000000000000e+01 7.680000000000000000e+02 -6.720000000000000000e+02
1.151700000000000000e+04 -5.600000000000000000e+01 7.680000000000000000e+02 -6.720000000000000000e+02
1.155700000000000000e+04 -6.400000000000000000e+01 7.440000000000000000e+02 -6.800000000000000000e+02
1.159700000000000000e+04 -6.400000000000000000e+01 7.440000000000000000e+02 -6.800000000000000000e+02
1.163700000000000000e+04 -5.600000000000000000e+01 7.440000000000000000e+02 -6.720000000000000000e+02
1.167700000000000000e+04 -6.400000000000000000e+01 7.520000000000000000e+02 -6.560000000000000000e+02
1.171700000000000000e+04 -7.200000000000000000e+01 7.600000000000000000e+02 -6.640000000000000000e+02
1.175700000000000000e+04 -7.200000000000000000e+01 7.440000000000000000e+02 -6.720000000000000000e+02
1.179700000000000000e+04 -8.000000000000000000e+01 7.520000000000000000e+02 -6.320000000000000000e+02
1.183700000000000000e+04 -5.600000000000000000e+01 7.440000000000000000e+02 -6.640000000000000000e+02
1.187700000000000000e+04 -5.600000000000000000e+01 7.520000000000000000e+02 -6.720000000000000000e+02
1.191700000000000000e+04 -6.400000000000000000e+01 7.520000000000000000e+02 -6.640000000000000000e+02
1.194900000000000000e+04 -6.400000000000000000e+01 7.440000000000000000e+02 -6.640000000000000000e+02
1.198900000000000000e+04 -6.400000000000000000e+01 7.280000000000000000e+02 -6.640000000000000000e+02
1.202900000000000000e+04 -7.200000000000000000e+01 7.440000000000000000e+02 -7.120000000000000000e+02
1.206900000000000000e+04 -7.200000000000000000e+01 7.440000000000000000e+02 -6.400000000000000000e+02
1.210900000000000000e+04 -7.200000000000000000e+01 7.520000000000000000e+02 -6.080000000000000000e+02
1.214900000000000000e+04 -7.200000000000000000e+01 7.680000000000000000e+02 -6.320000000000000000e+02
1.218900000000000000e+04 -8.000000000000000000e+01 7.680000000000000000e+02 -7.040000000000000000e+02
1.222900000000000000e+04 -7.200000000000000000e+01 7.600000000000000000e+02 -6.800000000000000000e+02
1.226900000000000000e+04 -6.400000000000000000e+01 7.440000000000000000e+02 -6.640000000000000000e+02
1.230900000000000000e+04 -8.800000000000000000e+01 7.520000000000000000e+02 -6.560000000000000000e+02
1.234900000000000000e+04 -8.800000000000000000e+01 7.520000000000000000e+02 -6.800000000000000000e+02
1.238900000000000000e+04 -8.000000000000000000e+01 7.360000000000000000e+02 -6.640000000000000000e+02
1.242900000000000000e+04 -6.400000000000000000e+01 7.280000000000000000e+02 -6.880000000000000000e+02
1.246900000000000000e+04 -8.000000000000000000e+01 7.440000000000000000e+02 -6.560000000000000000e+02
1.250900000000000000e+04 -7.200000000000000000e+01 7.520000000000000000e+02 -6.640000000000000000e+02
1.254900000000000000e+04 -8.000000000000000000e+01 7.760000000000000000e+02 -6.720000000000000000e+02
1.258900000000000000e+04 -6.400000000000000000e+01 7.760000000000000000e+02 -6.560000000000000000e+02
1.262900000000000000e+04 -5.600000000000000000e+01 7.760000000000000000e+02 -6.640000000000000000e+02
1.266900000000000000e+04 -6.400000000000000000e+01 7.680000000000000000e+02 -6.640000000000000000e+02
1.270900000000000000e+04 -7.200000000000000000e+01 7.520000000000000000e+02 -6.960000000000000000e+02
1.274900000000000000e+04 -8.000000000000000000e+01 7.520000000000000000e+02 -6.560000000000000000e+02
1.278900000000000000e+04 -7.200000000000000000e+01 7.520000000000000000e+02 -6.640000000000000000e+02
1.282900000000000000e+04 -7.200000000000000000e+01 7.600000000000000000e+02 -6.640000000000000000e+02
1.286900000000000000e+04 -7.200000000000000000e+01 7.600000000000000000e+02 -6.640000000000000000e+02
1.290900000000000000e+04 -7.200000000000000000e+01 7.600000000000000000e+02 -6.720000000000000000e+02
1.294100000000000000e+04 -7.200000000000000000e+01 7.600000000000000000e+02 -6.640000000000000000e+02
1.298100000000000000e+04 -9.600000000000000000e+01 7.600000000000000000e+02 -6.640000000000000000e+02
1.302100000000000000e+04 -1.040000000000000000e+02 7.440000000000000000e+02 -6.800000000000000000e+02
1.306100000000000000e+04 -8.000000000000000000e+01 7.280000000000000000e+02 -6.560000000000000000e+02
1.310100000000000000e+04 -7.200000000000000000e+01 7.440000000000000000e+02 -6.560000000000000000e+02
1.314100000000000000e+04 -7.200000000000000000e+01 7.440000000000000000e+02 -6.560000000000000000e+02
1.318100000000000000e+04 -8.000000000000000000e+01 7.120000000000000000e+02 -6.960000000000000000e+02
1.322100000000000000e+04 -8.000000000000000000e+01 7.520000000000000000e+02 -6.560000000000000000e+02
1.326100000000000000e+04 -8.000000000000000000e+01 7.520000000000000000e+02 -6.320000000000000000e+02
1.330100000000000000e+04 -7.200000000000000000e+01 7.520000000000000000e+02 -6.480000000000000000e+02
1.334100000000000000e+04 -7.200000000000000000e+01 7.520000000000000000e+02 -6.640000000000000000e+02
1.338100000000000000e+04 -6.400000000000000000e+01 7.600000000000000000e+02 -6.640000000000000000e+02
1.342100000000000000e+04 -8.800000000000000000e+01 7.520000000000000000e+02 -6.800000000000000000e+02
1.346100000000000000e+04 -8.000000000000000000e+01 7.520000000000000000e+02 -6.560000000000000000e+02
1.350100000000000000e+04 -8.000000000000000000e+01 7.440000000000000000e+02 -6.560000000000000000e+02
1.354100000000000000e+04 -7.200000000000000000e+01 7.600000000000000000e+02 -6.960000000000000000e+02
1.358100000000000000e+04 -7.200000000000000000e+01 7.360000000000000000e+02 -6.880000000000000000e+02
1.362100000000000000e+04 -5.600000000000000000e+01 7.520000000000000000e+02 -6.560000000000000000e+02
1.366100000000000000e+04 -7.200000000000000000e+01 7.600000000000000000e+02 -6.720000000000000000e+02
1.370100000000000000e+04 -7.200000000000000000e+01 7.440000000000000000e+02 -6.880000000000000000e+02
1.374100000000000000e+04 -6.400000000000000000e+01 7.520000000000000000e+02 -6.720000000000000000e+02
1.378100000000000000e+04 -6.400000000000000000e+01 7.520000000000000000e+02 -6.720000000000000000e+02
1.382100000000000000e+04 -7.200000000000000000e+01 7.600000000000000000e+02 -6.720000000000000000e+02
1.386100000000000000e+04 -7.200000000000000000e+01 7.520000000000000000e+02 -6.720000000000000000e+02
1.390100000000000000e+04 -6.400000000000000000e+01 7.440000000000000000e+02 -6.880000000000000000e+02
1.393300000000000000e+04 -7.200000000000000000e+01 7.520000000000000000e+02 -6.640000000000000000e+02
1.397300000000000000e+04 -6.400000000000000000e+01 7.440000000000000000e+02 -6.640000000000000000e+02
1.401300000000000000e+04 -6.400000000000000000e+01 7.360000000000000000e+02 -6.880000000000000000e+02
1.405300000000000000e+04 -7.200000000000000000e+01 7.520000000000000000e+02 -6.880000000000000000e+02
1.409300000000000000e+04 -7.200000000000000000e+01 7.440000000000000000e+02 -6.320000000000000000e+02
1.413300000000000000e+04 -8.000000000000000000e+01 7.440000000000000000e+02 -6.560000000000000000e+02
1.417300000000000000e+04 -8.000000000000000000e+01 7.600000000000000000e+02 -6.960000000000000000e+02
1.421300000000000000e+04 -8.000000000000000000e+01 7.520000000000000000e+02 -6.560000000000000000e+02
1.425300000000000000e+04 -7.200000000000000000e+01 7.520000000000000000e+02 -6.560000000000000000e+02
1.429300000000000000e+04 -6.400000000000000000e+01 7.520000000000000000e+02 -6.960000000000000000e+02
1.433300000000000000e+04 -8.800000000000000000e+01 7.680000000000000000e+02 -6.640000000000000000e+02
1.437300000000000000e+04 -8.000000000000000000e+01 7.600000000000000000e+02 -6.640000000000000000e+02
1.441300000000000000e+04 -7.200000000000000000e+01 7.600000000000000000e+02 -6.800000000000000000e+02
1.445300000000000000e+04 -5.600000000000000000e+01 7.520000000000000000e+02 -6.960000000000000000e+02
1.449300000000000000e+04 -7.200000000000000000e+01 7.520000000000000000e+02 -6.560000000000000000e+02
1.453300000000000000e+04 -7.200000000000000000e+01 7.600000000000000000e+02 -6.720000000000000000e+02
1.457300000000000000e+04 -7.200000000000000000e+01 7.600000000000000000e+02 -6.560000000000000000e+02
1.461300000000000000e+04 -7.200000000000000000e+01 7.600000000000000000e+02 -6.480000000000000000e+02
1.465300000000000000e+04 -7.200000000000000000e+01 7.440000000000000000e+02 -6.640000000000000000e+02
1.469300000000000000e+04 -7.200000000000000000e+01 7.440000000000000000e+02 -6.320000000000000000e+02
1.473300000000000000e+04 -7.200000000000000000e+01 7.440000000000000000e+02 -6.640000000000000000e+02
1.477300000000000000e+04 -5.600000000000000000e+01 7.440000000000000000e+02 -6.720000000000000000e+02
1.481300000000000000e+04 -6.400000000000000000e+01 7.440000000000000000e+02 -6.800000000000000000e+02
1.485300000000000000e+04 -7.200000000000000000e+01 7.520000000000000000e+02 -7.120000000000000000e+02
1.489300000000000000e+04 -7.200000000000000000e+01 7.680000000000000000e+02 -6.480000000000000000e+02
1.492400000000000000e+04 -8.800000000000000000e+01 7.760000000000000000e+02 -6.800000000000000000e+02
1.496400000000000000e+04 -8.800000000000000000e+01 7.680000000000000000e+02 -6.560000000000000000e+02
1.500400000000000000e+04 -8.000000000000000000e+01 7.520000000000000000e+02 -6.400000000000000000e+02
1.504400000000000000e+04 -8.800000000000000000e+01 7.520000000000000000e+02 -7.280000000000000000e+02
1.508400000000000000e+04 -6.400000000000000000e+01 7.520000000000000000e+02 -6.560000000000000000e+02
1.512400000000000000e+04 -8.800000000000000000e+01 7.520000000000000000e+02 -6.640000000000000000e+02
1.516400000000000000e+04 -8.000000000000000000e+01 7.600000000000000000e+02 -6.560000000000000000e+02
1.520400000000000000e+04 -8.000000000000000000e+01 7.600000000000000000e+02 -7.200000000000000000e+02
1.524400000000000000e+04 -8.000000000000000000e+01 7.520000000000000000e+02 -6.560000000000000000e+02
1.528400000000000000e+04 -5.600000000000000000e+01 7.600000000000000000e+02 -6.560000000000000000e+02
1.532400000000000000e+04 -6.400000000000000000e+01 7.680000000000000000e+02 -6.560000000000000000e+02
1.536400000000000000e+04 -5.600000000000000000e+01 7.600000000000000000e+02 -6.240000000000000000e+02
1.540400000000000000e+04 -5.600000000000000000e+01 7.600000000000000000e+02 -6.480000000000000000e+02
1.544400000000000000e+04 -4.800000000000000000e+01 7.600000000000000000e+02 -6.560000000000000000e+02
1.548400000000000000e+04 -5.600000000000000000e+01 7.840000000000000000e+02 -6.560000000000000000e+02
1.552400000000000000e+04 -7.200000000000000000e+01 7.680000000000000000e+02 -6.720000000000000000e+02
1.556400000000000000e+04 -7.200000000000000000e+01 7.680000000000000000e+02 -6.480000000000000000e+02
1.560400000000000000e+04 -7.200000000000000000e+01 7.680000000000000000e+02 -6.640000000000000000e+02
1.564400000000000000e+04 -7.200000000000000000e+01 7.600000000000000000e+02 -6.720000000000000000e+02
1.568400000000000000e+04 -5.600000000000000000e+01 7.600000000000000000e+02 -6.560000000000000000e+02
1.572400000000000000e+04 -7.200000000000000000e+01 7.520000000000000000e+02 -6.720000000000000000e+02
1.576400000000000000e+04 -7.200000000000000000e+01 7.520000000000000000e+02 -6.640000000000000000e+02
1.580400000000000000e+04 -6.400000000000000000e+01 7.520000000000000000e+02 -6.960000000000000000e+02
1.584400000000000000e+04 -4.800000000000000000e+01 7.520000000000000000e+02 -6.240000000000000000e+02
1.588400000000000000e+04 -4.000000000000000000e+01 7.520000000000000000e+02 -6.720000000000000000e+02
1.591500000000000000e+04 -5.600000000000000000e+01 7.520000000000000000e+02 -6.480000000000000000e+02
1.595500000000000000e+04 -6.400000000000000000e+01 7.520000000000000000e+02 -7.120000000000000000e+02
1.599500000000000000e+04 -8.000000000000000000e+01 7.520000000000000000e+02 -6.720000000000000000e+02
1.603500000000000000e+04 -6.400000000000000000e+01 7.520000000000000000e+02 -6.800000000000000000e+02
1.607500000000000000e+04 -6.400000000000000000e+01 7.200000000000000000e+02 -7.040000000000000000e+02
1.611500000000000000e+04 -6.400000000000000000e+01 7.360000000000000000e+02 -6.480000000000000000e+02
1.615500000000000000e+04 -7.200000000000000000e+01 7.440000000000000000e+02 -6.720000000000000000e+02
1.619500000000000000e+04 -7.200000000000000000e+01 7.440000000000000000e+02 -6.560000000000000000e+02
1.623500000000000000e+04 -5.600000000000000000e+01 7.520000000000000000e+02 -6.880000000000000000e+02
1.627500000000000000e+04 -6.400000000000000000e+01 7.520000000000000000e+02 -6.560000000000000000e+02
1.631500000000000000e+04 -6.400000000000000000e+01 7.520000000000000000e+02 -6.560000000000000000e+02
1.635500000000000000e+04 -5.600000000000000000e+01 7.600000000000000000e+02 -6.480000000000000000e+02
1.639500000000000000e+04 -6.400000000000000000e+01 7.680000000000000000e+02 -6.480000000000000000e+02
1.643500000000000000e+04 -6.400000000000000000e+01 7.600000000000000000e+02 -6.560000000000000000e+02
1.647500000000000000e+04 -5.600000000000000000e+01 7.520000000000000000e+02 -6.640000000000000000e+02
1.651500000000000000e+04 -4.800000000000000000e+01 7.600000000000000000e+02 -6.800000000000000000e+02
1.655500000000000000e+04 -7.200000000000000000e+01 7.600000000000000000e+02 -6.560000000000000000e+02
1.659500000000000000e+04 -8.000000000000000000e+01 7.520000000000000000e+02 -6.640000000000000000e+02
1.663500000000000000e+04 -8.000000000000000000e+01 7.680000000000000000e+02 -7.040000000000000000e+02
1.667500000000000000e+04 -7.200000000000000000e+01 7.600000000000000000e+02 -6.960000000000000000e+02
1.671500000000000000e+04 -7.200000000000000000e+01 7.600000000000000000e+02 -6.960000000000000000e+02
1.675500000000000000e+04 -7.200000000000000000e+01 7.600000000000000000e+02 -6.640000000000000000e+02
1.679500000000000000e+04 -6.400000000000000000e+01 7.520000000000000000e+02 -6.720000000000000000e+02
1.683500000000000000e+04 -6.400000000000000000e+01 7.360000000000000000e+02 -6.640000000000000000e+02
1.687500000000000000e+04 -6.400000000000000000e+01 7.440000000000000000e+02 -6.400000000000000000e+02
1.690700000000000000e+04 -6.400000000000000000e+01 7.520000000000000000e+02 -6.560000000000000000e+02
1.694700000000000000e+04 -6.400000000000000000e+01 7.520000000000000000e+02 -6.880000000000000000e+02
1.698700000000000000e+04 -5.600000000000000000e+01 7.440000000000000000e+02 -6.800000000000000000e+02
1.702700000000000000e+04 -6.400000000000000000e+01 7.520000000000000000e+02 -6.400000000000000000e+02
1.706700000000000000e+04 -5.600000000000000000e+01 7.440000000000000000e+02 -6.560000000000000000e+02
1.710700000000000000e+04 -4.000000000000000000e+01 7.440000000000000000e+02 -6.320000000000000000e+02
1.714700000000000000e+04 -4.800000000000000000e+01 7.520000000000000000e+02 -6.720000000000000000e+02
1.718700000000000000e+04 -6.400000000000000000e+01 7.520000000000000000e+02 -6.720000000000000000e+02
1.722700000000000000e+04 -8.800000000000000000e+01 7.520000000000000000e+02 -6.240000000000000000e+02
1.726700000000000000e+04 -8.000000000000000000e+01 7.600000000000000000e+02 -6.640000000000000000e+02
1.730700000000000000e+04 -6.400000000000000000e+01 7.600000000000000000e+02 -6.640000000000000000e+02
1.734700000000000000e+04 -7.200000000000000000e+01 7.600000000000000000e+02 -6.640000000000000000e+02
1.738700000000000000e+04 -6.400000000000000000e+01 7.600000000000000000e+02 -6.720000000000000000e+02
1.742700000000000000e+04 -6.400000000000000000e+01 7.600000000000000000e+02 -6.720000000000000000e+02
1.746700000000000000e+04 -6.400000000000000000e+01 7.600000000000000000e+02 -6.560000000000000000e+02
1.750700000000000000e+04 -7.200000000000000000e+01 7.520000000000000000e+02 -6.560000000000000000e+02
1.754700000000000000e+04 -7.200000000000000000e+01 7.600000000000000000e+02 -6.160000000000000000e+02
1.758700000000000000e+04 -6.400000000000000000e+01 7.280000000000000000e+02 -6.560000000000000000e+02
1.762700000000000000e+04 -6.400000000000000000e+01 7.440000000000000000e+02 -6.800000000000000000e+02
1.766700000000000000e+04 -6.400000000000000000e+01 7.440000000000000000e+02 -6.640000000000000000e+02
1.770700000000000000e+04 -7.200000000000000000e+01 7.440000000000000000e+02 -6.880000000000000000e+02
1.774700000000000000e+04 -7.200000000000000000e+01 7.600000000000000000e+02 -6.560000000000000000e+02
1.778700000000000000e+04 -8.000000000000000000e+01 7.600000000000000000e+02 -6.720000000000000000e+02
1.782700000000000000e+04 -7.200000000000000000e+01 7.600000000000000000e+02 -6.400000000000000000e+02
1.786700000000000000e+04 -8.000000000000000000e+01 7.520000000000000000e+02 -6.560000000000000000e+02
1.789900000000000000e+04 -7.200000000000000000e+01 7.520000000000000000e+02 -6.640000000000000000e+02
1.793900000000000000e+04 -7.200000000000000000e+01 7.680000000000000000e+02 -6.560000000000000000e+02
1.797900000000000000e+04 -7.200000000000000000e+01 7.440000000000000000e+02 -6.800000000000000000e+02
1.801900000000000000e+04 -7.200000000000000000e+01 7.440000000000000000e+02 -6.720000000000000000e+02
1.805900000000000000e+04 -6.400000000000000000e+01 7.520000000000000000e+02 -6.640000000000000000e+02
1.809900000000000000e+04 -7.200000000000000000e+01 7.440000000000000000e+02 -6.640000000000000000e+02
1.813900000000000000e+04 -7.200000000000000000e+01 7.520000000000000000e+02 -6.720000000000000000e+02
1.817900000000000000e+04 -8.000000000000000000e+01 7.520000000000000000e+02 -6.560000000000000000e+02
1.821900000000000000e+04 -7.200000000000000000e+01 7.600000000000000000e+02 -6.640000000000000000e+02
1.825900000000000000e+04 -7.200000000000000000e+01 7.600000000000000000e+02 -6.720000000000000000e+02
1.829900000000000000e+04 -6.400000000000000000e+01 7.520000000000000000e+02 -6.560000000000000000e+02
1.833900000000000000e+04 -7.200000000000000000e+01 7.520000000000000000e+02 -7.040000000000000000e+02
1.837900000000000000e+04 -7.200000000000000000e+01 7.520000000000000000e+02 -6.240000000000000000e+02
1.841900000000000000e+04 -7.200000000000000000e+01 7.600000000000000000e+02 -6.480000000000000000e+02
1.845900000000000000e+04 -5.600000000000000000e+01 7.600000000000000000e+02 -6.560000000000000000e+02
1.849900000000000000e+04 -6.400000000000000000e+01 7.600000000000000000e+02 -6.640000000000000000e+02
1.853900000000000000e+04 -7.200000000000000000e+01 7.520000000000000000e+02 -6.480000000000000000e+02
1.857900000000000000e+04 -8.800000000000000000e+01 7.520000000000000000e+02 -6.720000000000000000e+02
1.861900000000000000e+04 -7.200000000000000000e+01 7.520000000000000000e+02 -6.480000000000000000e+02
1.865900000000000000e+04 -7.200000000000000000e+01 7.600000000000000000e+02 -6.560000000000000000e+02
1.869900000000000000e+04 -5.600000000000000000e+01 7.520000000000000000e+02 -6.640000000000000000e+02
1.873900000000000000e+04 -6.400000000000000000e+01 7.520000000000000000e+02 -6.720000000000000000e+02
1.877900000000000000e+04 -8.800000000000000000e+01 7.520000000000000000e+02 -6.800000000000000000e+02
1.881900000000000000e+04 -8.000000000000000000e+01 7.520000000000000000e+02 -6.800000000000000000e+02
1.885900000000000000e+04 -7.200000000000000000e+01 7.520000000000000000e+02 -6.560000000000000000e+02
1.889000000000000000e+04 -8.000000000000000000e+01 7.520000000000000000e+02 -6.400000000000000000e+02
1.893000000000000000e+04 -8.000000000000000000e+01 7.760000000000000000e+02 -6.560000000000000000e+02
1.897000000000000000e+04 -7.200000000000000000e+01 7.680000000000000000e+02 -6.720000000000000000e+02
1.901000000000000000e+04 -7.200000000000000000e+01 7.600000000000000000e+02 -6.880000000000000000e+02
1.905000000000000000e+04 -7.200000000000000000e+01 7.680000000000000000e+02 -6.560000000000000000e+02
1.909000000000000000e+04 -6.400000000000000000e+01 7.520000000000000000e+02 -6.720000000000000000e+02
1.913000000000000000e+04 -7.200000000000000000e+01 7.600000000000000000e+02 -6.480000000000000000e+02
1.917000000000000000e+04 -6.400000000000000000e+01 7.600000000000000000e+02 -6.560000000000000000e+02
1.921000000000000000e+04 -6.400000000000000000e+01 7.600000000000000000e+02 -6.560000000000000000e+02
1.925000000000000000e+04 -6.400000000000000000e+01 7.680000000000000000e+02 -6.560000000000000000e+02
1.929000000000000000e+04 -6.400000000000000000e+01 7.600000000000000000e+02 -6.800000000000000000e+02
1.933000000000000000e+04 -7.200000000000000000e+01 7.520000000000000000e+02 -6.560000000000000000e+02
1.937000000000000000e+04 -7.200000000000000000e+01 7.600000000000000000e+02 -6.720000000000000000e+02
1.941000000000000000e+04 -6.400000000000000000e+01 7.600000000000000000e+02 -6.480000000000000000e+02
1.945000000000000000e+04 -7.200000000000000000e+01 7.680000000000000000e+02 -6.400000000000000000e+02
1.949000000000000000e+04 -5.600000000000000000e+01 7.680000000000000000e+02 -6.480000000000000000e+02
1.953000000000000000e+04 -7.200000000000000000e+01 7.760000000000000000e+02 -5.920000000000000000e+02
1.957000000000000000e+04 -9.600000000000000000e+01 7.600000000000000000e+02 -6.640000000000000000e+02
1.961000000000000000e+04 -8.800000000000000000e+01 7.680000000000000000e+02 -6.160000000000000000e+02
1.965000000000000000e+04 -8.000000000000000000e+01 7.760000000000000000e+02 -6.640000000000000000e+02
1.969000000000000000e+04 -5.600000000000000000e+01 7.680000000000000000e+02 -6.000000000000000000e+02
1.973000000000000000e+04 -5.600000000000000000e+01 7.840000000000000000e+02 -6.560000000000000000e+02
1.977000000000000000e+04 -6.400000000000000000e+01 7.920000000000000000e+02 -6.320000000000000000e+02
1.981000000000000000e+04 -7.200000000000000000e+01 7.920000000000000000e+02 -6.240000000000000000e+02
1.985000000000000000e+04 -6.400000000000000000e+01 8.000000000000000000e+02 -6.000000000000000000e+02
