2.300000000000000000e+01 -1.920000000000000000e+02 9.840000000000000000e+02 5.120000000000000000e+02
6.300000000000000000e+01 -9.600000000000000000e+01 4.800000000000000000e+02 8.720000000000000000e+02
1.030000000000000000e+02 -9.600000000000000000e+01 4.720000000000000000e+02 9.360000000000000000e+02
1.430000000000000000e+02 -1.040000000000000000e+02 4.880000000000000000e+02 9.360000000000000000e+02
1.830000000000000000e+02 -1.120000000000000000e+02 4.880000000000000000e+02 9.120000000000000000e+02
2.230000000000000000e+02 -1.040000000000000000e+02 5.040000000000000000e+02 8.800000000000000000e+02
2.630000000000000000e+02 -8.800000000000000000e+01 5.120000000000000000e+02 9.120000000000000000e+02
3.030000000000000000e+02 -9.600000000000000000e+01 4.800000000000000000e+02 8.560000000000000000e+02
3.430000000000000000e+02 -1.040000000000000000e+02 4.960000000000000000e+02 9.200000000000000000e+02
3.830000000000000000e+02 -1.040000000000000000e+02 4.880000000000000000e+02 8.800000000000000000e+02
4.230000000000000000e+02 -9.600000000000000000e+01 4.960000000000000000e+02 9.360000000000000000e+02
4.630000000000000000e+02 -8.000000000000000000e+01 4.960000000000000000e+02 8.640000000000000000e+02
5.030000000000000000e+02 -8.000000000000000000e+01 4.960000000000000000e+02 9.200000000000000000e+02
5.430000000000000000e+02 -1.040000000000000000e+02 4.720000000000000000e+02 8.880000000000000000e+02
5.830000000000000000e+02 -9.600000000000000000e+01 4.800000000000000000e+02 9.200000000000000000e+02
6.230000000000000000e+02 -8.800000000000000000e+01 4.800000000000000000e+02 9.120000000000000000e+02
6.630000000000000000e+02 -1.120000000000000000e+02 4.800000000000000000e+02 9.040000000000000000e+02
7.030000000000000000e+02 -1.120000000000000000e+02 4.800000000000000000e+02 8.320000000000000000e+02
7.430000000000000000e+02 -1.040000000000000000e+02 4.720000000000000000e+02 9.120000000000000000e+02
7.830000000000000000e+02 -1.040000000000000000e+02 4.800000000000000000e+02 9.440000000000000000e+02
8.230000000000000000e+02 -8.800000000000000000e+01 4.640000000000000000e+02 9.120000000000000000e+02
8.630000000000000000e+02 -8.000000000000000000e+01 4.880000000000000000e+02 9.040000000000000000e+02
9.030000000000000000e+02 -8.800000000000000000e+01 4.720000000000000000e+02 8.880000000000000000e+02
9.430000000000000000e+02 -8.000000000000000000e+01 4.720000000000000000e+02 9.200000000000000000e+02
9.830000000000000000e+02 -8.000000000000000000e+01 4.800000000000000000e+02 9.040000000000000000e+02
1.017000000000000000e+03 -8.800000000000000000e+01 4.800000000000000000e+02 8.880000000000000000e+02
1.057000000000000000e+03 -8.800000000000000000e+01 5.200000000000000000e+02 9.120000000000000000e+02
1.097000000000000000e+03 -5.600000000000000000e+01 4.880000000000000000e+02 9.040000000000000000e+02
1.137000000000000000e+03 -8.000000000000000000e+01 5.440000000000000000e+02 9.760000000000000000e+02
1.177000000000000000e+03 -8.800000000000000000e+01 5.520000000000000000e+02 8.960000000000000000e+02
1.217000000000000000e+03 -8.000000000000000000e+01 5.680000000000000000e+02 8.320000000000000000e+02
1.257000000000000000e+03 -1.120000000000000000e+02 5.840000000000000000e+02 8.000000000000000000e+02
1.297000000000000000e+03 -1.040000000000000000e+02 6.480000000000000000e+02 8.000000000000000000e+02
1.337000000000000000e+03 -1.200000000000000000e+02 6.480000000000000000e+02 6.880000000000000000e+02
1.377000000000000000e+03 -1.280000000000000000e+02 6.800000000000000000e+02 6.960000000000000000e+02
1.417000000000000000e+03 -1.280000000000000000e+02 7.200000000000000000e+02 7.200000000000000000e+02
1.457000000000000000e+03 -1.360000000000000000e+02 6.960000000000000000e+02 6.800000000000000000e+02
1.497000000000000000e+03 -1.360000000000000000e+02 7.280000000000000000e+02 6.880000000000000000e+02
1.537000000000000000e+03 -1.520000000000000000e+02 7.520000000000000000e+02 6.480000000000000000e+02
1.577000000000000000e+03 -1.440000000000000000e+02 7.520000000000000000e+02 6.320000000000000000e+02
1.617000000000000000e+03 -1.280000000000000000e+02 7.680000000000000000e+02 6.560000000000000000e+02
1.657000000000000000e+03 -1.280000000000000000e+02 7.520000000000000000e+02 7.040000000000000000e+02
1.697000000000000000e+03 -1.280000000000000000e+02 7.600000000000000000e+02 6.080000000000000000e+02
1.737000000000000000e+03 -1.280000000000000000e+02 8.000000000000000000e+02 6.480000000000000000e+02
1.777000000000000000e+03 -1.280000000000000000e+02 7.760000000000000000e+02 6.400000000000000000e+02
1.817000000000000000e+03 -1.440000000000000000e+02 7.600000000000000000e+02 7.040000000000000000e+02
1.857000000000000000e+03 -1.360000000000000000e+02 7.840000000000000000e+02 6.560000000000000000e+02
1.897000000000000000e+03 -1.360000000000000000e+02 7.680000000000000000e+02 5.920000000000000000e+02
1.937000000000000000e+03 -1.360000000000000000e+02 7.840000000000000000e+02 6.320000000000000000e+02
1.977000000000000000e+03 -1.280000000000000000e+02 7.840000000000000000e+02 6.160000000000000000e+02
2.009000000000000000e+03 -1.280000000000000000e+02 7.840000000000000000e+02 6.160000000000000000e+02
2.049000000000000000e+03 -1.280000000000000000e+02 8.080000000000000000e+02 6.560000000000000000e+02
2.089000000000000000e+03 -1.040000000000000000e+02 7.840000000000000000e+02 6.800000000000000000e+02
2.129000000000000000e+03 -1.120000000000000000e+02 7.760000000000000000e+02 6.800000000000000000e+02
2.169000000000000000e+03 -1.280000000000000000e+02 7.760000000000000000e+02 6.400000000000000000e+02
2.209000000000000000e+03 -1.360000000000000000e+02 7.920000000000000000e+02 6.720000000000000000e+02
2.249000000000000000e+03 -1.120000000000000000e+02 7.920000000000000000e+02 7.120000000000000000e+02
2.289000000000000000e+03 -1.200000000000000000e+02 7.920000000000000000e+02 6.640000000000000000e+02
2.329000000000000000e+03 -1.200000000000000000e+02 7.760000000000000000e+02 6.480000000000000000e+02
2.369000000000000000e+03 -1.280000000000000000e+02 7.760000000000000000e+02 6.720000000000000000e+02
2.409000000000000000e+03 -1.440000000000000000e+02 7.760000000000000000e+02 6.800000000000000000e+02
2.449000000000000000e+03 -1.360000000000000000e+02 7.680000000000000000e+02 6.560000000000000000e+02
2.489000000000000000e+03 -1.360000000000000000e+02 7.680000000000000000e+02 6.480000000000000000e+02
2.529000000000000000e+03 -1.280000000000000000e+02 7.680000000000000000e+02 6.800000000000000000e+02
2.569000000000000000e+03 -1.280000000000000000e+02 7.600000000000000000e+02 6.640000000000000000e+02
2.609000000000000000e+03 -1.280000000000000000e+02 7.600000000000000000e+02 6.800000000000000000e+02
2.649000000000000000e+03 -1.360000000000000000e+02 7.520000000000000000e+02 6.880000000000000000e+02
2.689000000000000000e+03 -1.360000000000000000e+02 7.360000000000000000e+02 6.880000000000000000e+02
2.729000000000000000e+03 -1.440000000000000000e+02 7.360000000000000000e+02 6.960000000000000000e+02
2.769000000000000000e+03 -1.280000000000000000e+02 7.440000000000000000e+02 7.120000000000000000e+02
2.809000000000000000e+03 -1.120000000000000000e+02 7.200000000000000000e+02 7.360000000000000000e+02
2.849000000000000000e+03 -1.040000000000000000e+02 6.720000000000000000e+02 8.160000000000000000e+02
2.889000000000000000e+03 -9.600000000000000000e+01 6.560000000000000000e+02 8.000000000000000000e+02
2.929000000000000000e+03 -9.600000000000000000e+01 6.080000000000000000e+02 9.200000000000000000e+02
2.969000000000000000e+03 -1.040000000000000000e+02 5.840000000000000000e+02 8.880000000000000000e+02
3.016000000000000000e+03 -8.800000000000000000e+01 5.360000000000000000e+02 8.880000000000000000e+02
3.056000000000000000e+03 -8.800000000000000000e+01 5.280000000000000000e+02 8.960000000000000000e+02
3.096000000000000000e+03 -8.000000000000000000e+01 4.880000000000000000e+02 9.040000000000000000e+02
3.136000000000000000e+03 -8.800000000000000000e+01 4.640000000000000000e+02 9.440000000000000000e+02
3.176000000000000000e+03 -4.800000000000000000e+01 4.720000000000000000e+02 9.440000000000000000e+02
3.216000000000000000e+03 -5.600000000000000000e+01 4.560000000000000000e+02 9.680000000000000000e+02
3.256000000000000000e+03 -6.400000000000000000e+01 4.480000000000000000e+02 9.360000000000000000e+02
3.296000000000000000e+03 -4.800000000000000000e+01 4.160000000000000000e+02 9.680000000000000000e+02
3.336000000000000000e+03 -8.000000000000000000e+01 4.720000000000000000e+02 9.440000000000000000e+02
3.376000000000000000e+03 -8.000000000000000000e+01 4.240000000000000000e+02 8.000000000000000000e+02
3.416000000000000000e+03 -5.600000000000000000e+01 4.320000000000000000e+02 9.200000000000000000e+02
3.456000000000000000e+03 -7.200000000000000000e+01 4.720000000000000000e+02 9.520000000000000000e+02
3.496000000000000000e+03 -8.800000000000000000e+01 4.560000000000000000e+02 9.120000000000000000e+02
3.536000000000000000e+03 -9.600000000000000000e+01 4.640000000000000000e+02 9.360000000000000000e+02
3.576000000000000000e+03 -9.600000000000000000e+01 4.800000000000000000e+02 9.600000000000000000e+02
3.616000000000000000e+03 -1.040000000000000000e+02 4.640000000000000000e+02 8.400000000000000000e+02
3.656000000000000000e+03 -9.600000000000000000e+01 4.720000000000000000e+02 9.040000000000000000e+02
3.696000000000000000e+03 -8.800000000000000000e+01 4.800000000000000000e+02 9.200000000000000000e+02
3.736000000000000000e+03 -8.800000000000000000e+01 4.560000000000000000e+02 8.720000000000000000e+02
3.776000000000000000e+03 -9.600000000000000000e+01 4.800000000000000000e+02 9.120000000000000000e+02
3.816000000000000000e+03 -9.600000000000000000e+01 4.960000000000000000e+02 9.520000000000000000e+02
3.856000000000000000e+03 -8.800000000000000000e+01 4.800000000000000000e+02 9.360000000000000000e+02
3.896000000000000000e+03 -8.000000000000000000e+01 4.640000000000000000e+02 9.120000000000000000e+02
3.936000000000000000e+03 -7.200000000000000000e+01 4.640000000000000000e+02 9.280000000000000000e+02
3.976000000000000000e+03 -8.000000000000000000e+01 4.720000000000000000e+02 9.280000000000000000e+02
3.993000000000000000e+03 -8.000000000000000000e+01 4.560000000000000000e+02 8.880000000000000000e+02
4.033000000000000000e+03 -8.800000000000000000e+01 4.720000000000000000e+02 9.120000000000000000e+02
4.073000000000000000e+03 -1.040000000000000000e+02 4.800000000000000000e+02 8.640000000000000000e+02
4.113000000000000000e+03 -7.200000000000000000e+01 4.800000000000000000e+02 9.120000000000000000e+02
4.153000000000000000e+03 -8.800000000000000000e+01 4.960000000000000000e+02 9.040000000000000000e+02
4.193000000000000000e+03 -8.800000000000000000e+01 4.960000000000000000e+02 9.760000000000000000e+02
4.233000000000000000e+03 -8.000000000000000000e+01 5.040000000000000000e+02 9.360000000000000000e+02
4.273000000000000000e+03 -7.200000000000000000e+01 4.640000000000000000e+02 8.960000000000000000e+02
4.313000000000000000e+03 -8.800000000000000000e+01 4.800000000000000000e+02 9.040000000000000000e+02
4.353000000000000000e+03 -8.800000000000000000e+01 4.800000000000000000e+02 9.200000000000000000e+02
4.393000000000000000e+03 -9.600000000000000000e+01 4.720000000000000000e+02 9.120000000000000000e+02
4.433000000000000000e+03 -9.600000000000000000e+01 4.880000000000000000e+02 9.360000000000000000e+02
4.473000000000000000e+03 -9.600000000000000000e+01 4.880000000000000000e+02 9.280000000000000000e+02
4.513000000000000000e+03 -9.600000000000000000e+01 4.800000000000000000e+02 9.280000000000000000e+02
4.553000000000000000e+03 -8.000000000000000000e+01 4.640000000000000000e+02 9.440000000000000000e+02
4.593000000000000000e+03 -9.600000000000000000e+01 5.040000000000000000e+02 8.880000000000000000e+02
4.633000000000000000e+03 -8.800000000000000000e+01 5.120000000000000000e+02 8.960000000000000000e+02
4.673000000000000000e+03 -9.600000000000000000e+01 5.040000000000000000e+02 8.560000000000000000e+02
4.713000000000000000e+03 -8.800000000000000000e+01 5.200000000000000000e+02 8.800000000000000000e+02
4.753000000000000000e+03 -1.040000000000000000e+02 5.200000000000000000e+02 8.720000000000000000e+02
4.793000000000000000e+03 -8.800000000000000000e+01 4.880000000000000000e+02 8.800000000000000000e+02
4.833000000000000000e+03 -8.000000000000000000e+01 5.280000000000000000e+02 8.320000000000000000e+02
4.873000000000000000e+03 -7.200000000000000000e+01 5.120000000000000000e+02 9.040000000000000000e+02
4.913000000000000000e+03 -8.800000000000000000e+01 5.280000000000000000e+02 8.960000000000000000e+02
4.953000000000000000e+03 -9.600000000000000000e+01 5.440000000000000000e+02 8.960000000000000000e+02
4.986000000000000000e+03 -1.040000000000000000e+02 5.120000000000000000e+02 9.120000000000000000e+02
5.026000000000000000e+03 -7.200000000000000000e+01 5.200000000000000000e+02 8.880000000000000000e+02
5.066000000000000000e+03 -8.800000000000000000e+01 5.120000000000000000e+02 8.880000000000000000e+02
5.106000000000000000e+03 -9.600000000000000000e+01 4.960000000000000000e+02 8.720000000000000000e+02
5.146000000000000000e+03 -1.120000000000000000e+02 5.040000000000000000e+02 8.880000000000000000e+02
5.186000000000000000e+03 -1.040000000000000000e+02 5.040000000000000000e+02 9.280000000000000000e+02
5.226000000000000000e+03 -9.600000000000000000e+01 5.040000000000000000e+02 9.040000000000000000e+02
5.266000000000000000e+03 -9.600000000000000000e+01 5.200000000000000000e+02 8.800000000000000000e+02
5.306000000000000000e+03 -1.040000000000000000e+02 5.200000000000000000e+02 8.800000000000000000e+02
5.346000000000000000e+03 -9.600000000000000000e+01 5.120000000000000000e+02 8.880000000000000000e+02
5.386000000000000000e+03 -1.040000000000000000e+02 5.360000000000000000e+02 8.880000000000000000e+02
5.426000000000000000e+03 -8.800000000000000000e+01 5.200000000000000000e+02 8.640000000000000000e+02
5.466000000000000000e+03 -8.800000000000000000e+01 5.120000000000000000e+02 8.800000000000000000e+02
5.506000000000000000e+03 -8.000000000000000000e+01 5.280000000000000000e+02 8.720000000000000000e+02
5.546000000000000000e+03 -7.200000000000000000e+01 5.360000000000000000e+02 8.560000000000000000e+02
5.586000000000000000e+03 -1.200000000000000000e+02 5.360000000000000000e+02 9.120000000000000000e+02
5.626000000000000000e+03 -1.120000000000000000e+02 5.280000000000000000e+02 9.040000000000000000e+02
5.666000000000000000e+03 -1.120000000000000000e+02 5.360000000000000000e+02 8.720000000000000000e+02
5.706000000000000000e+03 -1.120000000000000000e+02 5.360000000000000000e+02 8.480000000000000000e+02
5.746000000000000000e+03 -9.600000000000000000e+01 5.440000000000000000e+02 8.480000000000000000e+02
5.786000000000000000e+03 -9.600000000000000000e+01 5.520000000000000000e+02 8.960000000000000000e+02
5.826000000000000000e+03 -9.600000000000000000e+01 5.360000000000000000e+02 8.560000000000000000e+02
5.866000000000000000e+03 -1.040000000000000000e+02 5.360000000000000000e+02 8.640000000000000000e+02
5.906000000000000000e+03 -1.040000000000000000e+02 5.520000000000000000e+02 8.720000000000000000e+02
5.946000000000000000e+03 -8.800000000000000000e+01 5.600000000000000000e+02 8.480000000000000000e+02
5.978000000000000000e+03 -8.800000000000000000e+01 5.520000000000000000e+02 8.640000000000000000e+02
6.018000000000000000e+03 -9.600000000000000000e+01 5.600000000000000000e+02 8.800000000000000000e+02
6.058000000000000000e+03 -9.600000000000000000e+01 5.760000000000000000e+02 8.480000000000000000e+02
6.098000000000000000e+03 -1.040000000000000000e+02 5.760000000000000000e+02 8.480000000000000000e+02
6.138000000000000000e+03 -1.040000000000000000e+02 6.160000000000000000e+02 8.560000000000000000e+02
6.178000000000000000e+03 -1.120000000000000000e+02 5.840000000000000000e+02 7.920000000000000000e+02
6.218000000000000000e+03 -1.120000000000000000e+02 6.320000000000000000e+02 7.760000000000000000e+02
6.258000000000000000e+03 -1.440000000000000000e+02 6.560000000000000000e+02 7.920000000000000000e+02
6.298000000000000000e+03 -1.200000000000000000e+02 6.320000000000000000e+02 8.080000000000000000e+02
6.338000000000000000e+03 -1.200000000000000000e+02 6.800000000000000000e+02 7.280000000000000000e+02
6.378000000000000000e+03 -1.360000000000000000e+02 6.720000000000000000e+02 7.360000000000000000e+02
6.418000000000000000e+03 -1.360000000000000000e+02 7.200000000000000000e+02 7.440000000000000000e+02
6.458000000000000000e+03 -1.440000000000000000e+02 6.960000000000000000e+02 7.120000000000000000e+02
6.498000000000000000e+03 -1.280000000000000000e+02 7.200000000000000000e+02 7.280000000000000000e+02
6.538000000000000000e+03 -1.440000000000000000e+02 7.200000000000000000e+02 6.480000000000000000e+02
6.578000000000000000e+03 -1.360000000000000000e+02 6.960000000000000000e+02 6.960000000000000000e+02
6.618000000000000000e+03 -1.440000000000000000e+02 7.040000000000000000e+02 7.360000000000000000e+02
6.658000000000000000e+03 -1.360000000000000000e+02 7.200000000000000000e+02 7.280000000000000000e+02
6.698000000000000000e+03 -1.280000000000000000e+02 6.880000000000000000e+02 7.360000000000000000e+02
6.738000000000000000e+03 -1.200000000000000000e+02 7.120000000000000000e+02 7.360000000000000000e+02
6.778000000000000000e+03 -1.280000000000000000e+02 6.960000000000000000e+02 7.360000000000000000e+02
6.818000000000000000e+03 -1.200000000000000000e+02 6.800000000000000000e+02 7.520000000000000000e+02
6.858000000000000000e+03 -1.360000000000000000e+02 6.880000000000000000e+02 7.680000000000000000e+02
6.898000000000000000e+03 -1.360000000000000000e+02 6.880000000000000000e+02 7.440000000000000000e+02
6.938000000000000000e+03 -1.280000000000000000e+02 6.640000000000000000e+02 7.680000000000000000e+02
6.970000000000000000e+03 -1.200000000000000000e+02 6.320000000000000000e+02 8.080000000000000000e+02
7.010000000000000000e+03 -1.280000000000000000e+02 6.240000000000000000e+02 8.400000000000000000e+02
7.050000000000000000e+03 -1.200000000000000000e+02 6.160000000000000000e+02 8.080000000000000000e+02
7.090000000000000000e+03 -7.200000000000000000e+01 5.600000000000000000e+02 9.120000000000000000e+02
7.130000000000000000e+03 -9.600000000000000000e+01 5.760000000000000000e+02 8.960000000000000000e+02
7.170000000000000000e+03 -8.800000000000000000e+01 5.280000000000000000e+02 8.480000000000000000e+02
7.210000000000000000e+03 -8.000000000000000000e+01 5.360000000000000000e+02 8.960000000000000000e+02
7.250000000000000000e+03 -9.600000000000000000e+01 5.440000000000000000e+02 8.720000000000000000e+02
7.290000000000000000e+03 -1.040000000000000000e+02 5.360000000000000000e+02 8.400000000000000000e+02
7.330000000000000000e+03 -8.000000000000000000e+01 5.360000000000000000e+02 9.040000000000000000e+02
7.370000000000000000e+03 -1.120000000000000000e+02 5.600000000000000000e+02 9.040000000000000000e+02
7.410000000000000000e+03 -1.120000000000000000e+02 5.440000000000000000e+02 8.320000000000000000e+02
7.450000000000000000e+03 -1.120000000000000000e+02 5.520000000000000000e+02 8.960000000000000000e+02
7.490000000000000000e+03 -1.120000000000000000e+02 5.360000000000000000e+02 8.400000000000000000e+02
7.530000000000000000e+03 -1.040000000000000000e+02 5.440000000000000000e+02 8.960000000000000000e+02
7.570000000000000000e+03 -1.200000000000000000e+02 5.680000000000000000e+02 8.720000000000000000e+02
7.610000000000000000e+03 -1.200000000000000000e+02 5.520000000000000000e+02 8.640000000000000000e+02
7.650000000000000000e+03 -1.200000000000000000e+02 5.440000000000000000e+02 8.800000000000000000e+02
7.690000000000000000e+03 -1.120000000000000000e+02 5.440000000000000000e+02 8.480000000000000000e+02
7.730000000000000000e+03 -1.200000000000000000e+02 5.600000000000000000e+02 8.560000000000000000e+02
7.770000000000000000e+03 -1.200000000000000000e+02 5.600000000000000000e+02 8.400000000000000000e+02
7.810000000000000000e+03 -1.120000000000000000e+02 5.520000000000000000e+02 8.800000000000000000e+02
7.850000000000000000e+03 -1.200000000000000000e+02 5.520000000000000000e+02 8.480000000000000000e+02
7.890000000000000000e+03 -1.200000000000000000e+02 5.440000000000000000e+02 8.400000000000000000e+02
7.930000000000000000e+03 -1.200000000000000000e+02 5.600000000000000000e+02 8.640000000000000000e+02
7.962000000000000000e+03 -1.120000000000000000e+02 5.520000000000000000e+02 8.960000000000000000e+02
8.002000000000000000e+03 -1.360000000000000000e+02 5.600000000000000000e+02 8.640000000000000000e+02
8.042000000000000000e+03 -1.440000000000000000e+02 5.440000000000000000e+02 7.920000000000000000e+02
8.082000000000000000e+03 -1.280000000000000000e+02 5.440000000000000000e+02 8.240000000000000000e+02
8.122000000000000000e+03 -1.120000000000000000e+02 5.520000000000000000e+02 8.560000000000000000e+02
8.162000000000000000e+03 -1.200000000000000000e+02 5.600000000000000000e+02 8.560000000000000000e+02
8.202000000000000000e+03 -1.200000000000000000e+02 5.440000000000000000e+02 8.320000000000000000e+02
8.242000000000000000e+03 -1.200000000000000000e+02 5.840000000000000000e+02 8.560000000000000000e+02
8.282000000000000000e+03 -1.200000000000000000e+02 5.760000000000000000e+02 8.480000000000000000e+02
8.322000000000000000e+03 -1.200000000000000000e+02 5.680000000000000000e+02 8.640000000000000000e+02
8.362000000000000000e+03 -1.440000000000000000e+02 5.760000000000000000e+02 7.920000000000000000e+02
8.402000000000000000e+03 -1.280000000000000000e+02 5.920000000000000000e+02 8.480000000000000000e+02
8.442000000000000000e+03 -1.200000000000000000e+02 6.000000000000000000e+02 8.800000000000000000e+02
8.482000000000000000e+03 -1.120000000000000000e+02 5.760000000000000000e+02 8.720000000000000000e+02
8.522000000000000000e+03 -1.280000000000000000e+02 5.760000000000000000e+02 8.320000000000000000e+02
8.562000000000000000e+03 -1.280000000000000000e+02 6.000000000000000000e+02 8.400000000000000000e+02
8.602000000000000000e+03 -1.200000000000000000e+02 6.000000000000000000e+02 8.560000000000000000e+02
8.642000000000000000e+03 -1.120000000000000000e+02 5.760000000000000000e+02 8.240000000000000000e+02
8.682000000000000000e+03 -1.040000000000000000e+02 5.680000000000000000e+02 8.320000000000000000e+02
8.722000000000000000e+03 -9.600000000000000000e+01 5.760000000000000000e+02 8.560000000000000000e+02
8.762000000000000000e+03 -1.040000000000000000e+02 5.680000000000000000e+02 8.480000000000000000e+02
8.802000000000000000e+03 -1.120000000000000000e+02 5.680000000000000000e+02 8.480000000000000000e+02
8.842000000000000000e+03 -1.120000000000000000e+02 5.680000000000000000e+02 8.320000000000000000e+02
8.882000000000000000e+03 -1.200000000000000000e+02 5.600000000000000000e+02 8.080000000000000000e+02
8.922000000000000000e+03 -1.200000000000000000e+02 5.520000000000000000e+02 8.640000000000000000e+02
8.955000000000000000e+03 -1.120000000000000000e+02 5.600000000000000000e+02 8.720000000000000000e+02
8.995000000000000000e+03 -1.200000000000000000e+02 5.360000000000000000e+02 9.040000000000000000e+02
9.035000000000000000e+03 -1.120000000000000000e+02 5.360000000000000000e+02 8.720000000000000000e+02
9.075000000000000000e+03 -1.040000000000000000e+02 5.040000000000000000e+02 8.640000000000000000e+02
9.115000000000000000e+03 -1.040000000000000000e+02 5.200000000000000000e+02 8.720000000000000000e+02
9.155000000000000000e+03 -9.600000000000000000e+01 5.200000000000000000e+02 8.320000000000000000e+02
9.195000000000000000e+03 -1.120000000000000000e+02 4.960000000000000000e+02 8.080000000000000000e+02
9.235000000000000000e+03 -9.600000000000000000e+01 5.040000000000000000e+02 7.600000000000000000e+02
9.275000000000000000e+03 -8.800000000000000000e+01 4.560000000000000000e+02 8.240000000000000000e+02
9.315000000000000000e+03 -7.200000000000000000e+01 4.560000000000000000e+02 8.640000000000000000e+02
9.355000000000000000e+03 -8.000000000000000000e+01 3.920000000000000000e+02 9.920000000000000000e+02
9.395000000000000000e+03 -4.800000000000000000e+01 3.360000000000000000e+02 9.840000000000000000e+02
9.435000000000000000e+03 -9.600000000000000000e+01 3.600000000000000000e+02 9.680000000000000000e+02
9.475000000000000000e+03 -9.600000000000000000e+01 3.680000000000000000e+02 9.920000000000000000e+02
9.515000000000000000e+03 -9.600000000000000000e+01 3.280000000000000000e+02 9.680000000000000000e+02
9.555000000000000000e+03 -8.800000000000000000e+01 3.600000000000000000e+02 9.840000000000000000e+02
9.595000000000000000e+03 -8.800000000000000000e+01 3.360000000000000000e+02 8.800000000000000000e+02
9.635000000000000000e+03 -8.800000000000000000e+01 3.520000000000000000e+02 9.280000000000000000e+02
9.675000000000000000e+03 -8.000000000000000000e+01 3.200000000000000000e+02 9.360000000000000000e+02
9.715000000000000000e+03 -9.600000000000000000e+01 3.200000000000000000e+02 1.016000000000000000e+03
9.755000000000000000e+03 -1.040000000000000000e+02 3.440000000000000000e+02 1.016000000000000000e+03
9.795000000000000000e+03 -8.800000000000000000e+01 2.800000000000000000e+02 9.360000000000000000e+02
9.835000000000000000e+03 -9.600000000000000000e+01 3.040000000000000000e+02 1.000000000000000000e+03
9.875000000000000000e+03 -8.800000000000000000e+01 3.200000000000000000e+02 9.600000000000000000e+02
9.915000000000000000e+03 -8.000000000000000000e+01 2.960000000000000000e+02 9.760000000000000000e+02
9.947000000000000000e+03 -8.000000000000000000e+01 3.520000000000000000e+02 9.680000000000000000e+02
9.987000000000000000e+03 -8.000000000000000000e+01 3.440000000000000000e+02 9.680000000000000000e+02
1.002700000000000000e+04 -8.800000000000000000e+01 3.440000000000000000e+02 8.960000000000000000e+02
1.006700000000000000e+04 -8.800000000000000000e+01 3.600000000000000000e+02 9.920000000000000000e+02
1.010700000000000000e+04 -1.040000000000000000e+02 3.600000000000000000e+02 9.920000000000000000e+02
1.014700000000000000e+04 -1.040000000000000000e+02 3.200000000000000000e+02 9.520000000000000000e+02
1.018700000000000000e+04 -9.600000000000000000e+01 3.360000000000000000e+02 1.000000000000000000e+03
1.022700000000000000e+04 -1.040000000000000000e+02 3.280000000000000000e+02 1.008000000000000000e+03
1.026700000000000000e+04 -8.800000000000000000e+01 3.200000000000000000e+02 9.520000000000000000e+02
1.030700000000000000e+04 -9.600000000000000000e+01 3.600000000000000000e+02 1.008000000000000000e+03
1.034700000000000000e+04 -8.800000000000000000e+01 3.520000000000000000e+02 9.680000000000000000e+02
1.038700000000000000e+04 -9.600000000000000000e+01 3.600000000000000000e+02 9.600000000000000000e+02
1.042700000000000000e+04 -9.600000000000000000e+01 3.520000000000000000e+02 9.520000000000000000e+02
1.046700000000000000e+04 -8.000000000000000000e+01 3.440000000000000000e+02 9.680000000000000000e+02
1.050700000000000000e+04 -8.800000000000000000e+01 3.360000000000000000e+02 9.600000000000000000e+02
1.054700000000000000e+04 -9.600000000000000000e+01 3.360000000000000000e+02 9.680000000000000000e+02
1.058700000000000000e+04 -9.600000000000000000e+01 3.200000000000000000e+02 9.200000000000000000e+02
1.062700000000000000e+04 -9.600000000000000000e+01 3.360000000000000000e+02 1.008000000000000000e+03
1.066700000000000000e+04 -9.600000000000000000e+01 3.520000000000000000e+02 9.840000000000000000e+02
1.070700000000000000e+04 -8.000000000000000000e+01 3.360000000000000000e+02 9.600000000000000000e+02
1.074700000000000000e+04 -8.000000000000000000e+01 3.280000000000000000e+02 9.520000000000000000e+02
1.078700000000000000e+04 -8.000000000000000000e+01 3.280000000000000000e+02 9.840000000000000000e+02
1.082700000000000000e+04 -9.600000000000000000e+01 3.200000000000000000e+02 9.600000000000000000e+02
1.086700000000000000e+04 -1.120000000000000000e+02 3.200000000000000000e+02 9.920000000000000000e+02
1.090700000000000000e+04 -9.600000000000000000e+01 3.120000000000000000e+02 9.840000000000000000e+02
1.094000000000000000e+04 -9.600000000000000000e+01 3.280000000000000000e+02 9.520000000000000000e+02
1.098000000000000000e+04 -8.800000000000000000e+01 3.280000000000000000e+02 9.520000000000000000e+02
1.102000000000000000e+04 -8.000000000000000000e+01 3.120000000000000000e+02 1.008000000000000000e+03
1.106000000000000000e+04 -7.200000000000000000e+01 3.120000000000000000e+02 9.520000000000000000e+02
1.110000000000000000e+04 -8.000000000000000000e+01 3.120000000000000000e+02 9.440000000000000000e+02
1.114000000000000000e+04 -8.000000000000000000e+01 3.360000000000000000e+02 9.760000000000000000e+02
1.118000000000000000e+04 -7.200000000000000000e+01 2.960000000000000000e+02 9.440000000000000000e+02
1.122000000000000000e+04 -2.400000000000000000e+01 3.120000000000000000e+02 1.008000000000000000e+03
1.126000000000000000e+04 -3.200000000000000000e+01 3.200000000000000000e+02 9.920000000000000000e+02
1.130000000000000000e+04 -4.800000000000000000e+01 3.040000000000000000e+02 9.520000000000000000e+02
1.134000000000000000e+04 -7.200000000000000000e+01 3.360000000000000000e+02 9.760000000000000000e+02
1.138000000000000000e+04 -8.000000000000000000e+01 3.200000000000000000e+02 1.000000000000000000e+03
1.142000000000000000e+04 -6.400000000000000000e+01 3.280000000000000000e+02 9.840000000000000000e+02
1.146000000000000000e+04 -7.200000000000000000e+01 3.280000000000000000e+02 9.840000000000000000e+02
1.150000000000000000e+04 -7.200000000000000000e+01 3.280000000000000000e+02 9.920000000000000000e+02
1.154000000000000000e+04 -7.200000000000000000e+01 3.120000000000000000e+02 9.600000000000000000e+02
1.158000000000000000e+04 -8.800000000000000000e+01 3.280000000000000000e+02 1.016000000000000000e+03
1.162000000000000000e+04 -8.000000000000000000e+01 3.200000000000000000e+02 9.680000000000000000e+02
1.166000000000000000e+04 -8.800000000000000000e+01 3.200000000000000000e+02 9.760000000000000000e+02
1.170000000000000000e+04 -8.800000000000000000e+01 3.280000000000000000e+02 9.840000000000000000e+02
1.174000000000000000e+04 -7.200000000000000000e+01 3.520000000000000000e+02 9.920000000000000000e+02
1.178000000000000000e+04 -7.200000000000000000e+01 3.440000000000000000e+02 9.680000000000000000e+02
1.182000000000000000e+04 -7.200000000000000000e+01 3.360000000000000000e+02 9.520000000000000000e+02
1.186000000000000000e+04 -7.200000000000000000e+01 3.360000000000000000e+02 9.680000000000000000e+02
1.190000000000000000e+04 -7.200000000000000000e+01 3.280000000000000000e+02 9.440000000000000000e+02
1.193200000000000000e+04 -8.000000000000000000e+01 3.280000000000000000e+02 9.840000000000000000e+02
1.197200000000000000e+04 -7.200000000000000000e+01 3.360000000000000000e+02 9.680000000000000000e+02
1.201200000000000000e+04 -8.000000000000000000e+01 3.360000000000000000e+02 9.840000000000000000e+02
1.205200000000000000e+04 -8.800000000000000000e+01 3.360000000000000000e+02 9.600000000000000000e+02
1.209200000000000000e+04 -8.800000000000000000e+01 3.520000000000000000e+02 9.520000000000000000e+02
1.213200000000000000e+04 -8.000000000000000000e+01 3.520000000000000000e+02 9.680000000000000000e+02
1.217200000000000000e+04 -6.400000000000000000e+01 3.680000000000000000e+02 9.200000000000000000e+02
1.221200000000000000e+04 -5.600000000000000000e+01 3.520000000000000000e+02 9.440000000000000000e+02
1.225200000000000000e+04 -7.200000000000000000e+01 3.680000000000000000e+02 9.840000000000000000e+02
1.229200000000000000e+04 -7.200000000000000000e+01 3.440000000000000000e+02 9.440000000000000000e+02
1.233200000000000000e+04 -8.000000000000000000e+01 3.680000000000000000e+02 9.600000000000000000e+02
1.237200000000000000e+04 -8.000000000000000000e+01 3.600000000000000000e+02 9.680000000000000000e+02
1.241200000000000000e+04 -7.200000000000000000e+01 3.680000000000000000e+02 9.440000000000000000e+02
1.245200000000000000e+04 -8.800000000000000000e+01 3.600000000000000000e+02 9.600000000000000000e+02
1.249200000000000000e+04 -6.400000000000000000e+01 3.600000000000000000e+02 9.440000000000000000e+02
1.253200000000000000e+04 -6.400000000000000000e+01 3.600000000000000000e+02 9.840000000000000000e+02
1.257200000000000000e+04 -6.400000000000000000e+01 3.600000000000000000e+02 9.520000000000000000e+02
1.261200000000000000e+04 -7.200000000000000000e+01 3.760000000000000000e+02 9.600000000000000000e+02
1.265200000000000000e+04 -6.400000000000000000e+01 3.760000000000000000e+02 9.680000000000000000e+02
1.269200000000000000e+04 -7.200000000000000000e+01 3.600000000000000000e+02 9.440000000000000000e+02
1.273200000000000000e+04 -7.200000000000000000e+01 3.760000000000000000e+02 9.840000000000000000e+02
1.277200000000000000e+04 -7.200000000000000000e+01 3.840000000000000000e+02 9.760000000000000000e+02
1.281200000000000000e+04 -8.000000000000000000e+01 3.920000000000000000e+02 9.200000000000000000e+02
1.285200000000000000e+04 -7.200000000000000000e+01 4.000000000000000000e+02 9.280000000000000000e+02
1.289200000000000000e+04 -8.800000000000000000e+01 4.000000000000000000e+02 9.520000000000000000e+02
1.292400000000000000e+04 -8.000000000000000000e+01 4.160000000000000000e+02 9.120000000000000000e+02
1.296400000000000000e+04 -8.000000000000000000e+01 4.400000000000000000e+02 9.760000000000000000e+02
1.300400000000000000e+04 -1.120000000000000000e+02 5.040000000000000000e+02 8.960000000000000000e+02
1.304400000000000000e+04 -8.800000000000000000e+01 4.880000000000000000e+02 8.640000000000000000e+02
1.308400000000000000e+04 -8.800000000000000000e+01 5.040000000000000000e+02 8.880000000000000000e+02
1.312400000000000000e+04 -8.800000000000000000e+01 5.280000000000000000e+02 8.720000000000000000e+02
1.316400000000000000e+04 -1.120000000000000000e+02 5.520000000000000000e+02 8.400000000000000000e+02
1.320400000000000000e+04 -1.040000000000000000e+02 5.600000000000000000e+02 8.160000000000000000e+02
1.324400000000000000e+04 -1.200000000000000000e+02 5.760000000000000000e+02 8.080000000000000000e+02
1.328400000000000000e+04 -1.120000000000000000e+02 6.240000000000000000e+02 7.840000000000000000e+02
1.332400000000000000e+04 -9.600000000000000000e+01 6.160000000000000000e+02 7.360000000000000000e+02
1.336400000000000000e+04 -9.600000000000000000e+01 6.800000000000000000e+02 7.920000000000000000e+02
1.340400000000000000e+04 -9.600000000000000000e+01 6.720000000000000000e+02 7.760000000000000000e+02
1.344400000000000000e+04 -9.600000000000000000e+01 6.800000000000000000e+02 7.600000000000000000e+02
1.348400000000000000e+04 -9.600000000000000000e+01 6.640000000000000000e+02 7.920000000000000000e+02
1.352400000000000000e+04 -9.600000000000000000e+01 6.640000000000000000e+02 7.920000000000000000e+02
1.356400000000000000e+04 -8.800000000000000000e+01 6.640000000000000000e+02 7.440000000000000000e+02
1.360400000000000000e+04 -9.600000000000000000e+01 6.720000000000000000e+02 8.000000000000000000e+02
1.364400000000000000e+04 -8.000000000000000000e+01 6.720000000000000000e+02 7.440000000000000000e+02
1.368400000000000000e+04 -9.600000000000000000e+01 6.800000000000000000e+02 7.680000000000000000e+02
1.372400000000000000e+04 -8.800000000000000000e+01 6.880000000000000000e+02 8.000000000000000000e+02
1.376400000000000000e+04 -9.600000000000000000e+01 6.720000000000000000e+02 7.600000000000000000e+02
1.380400000000000000e+04 -1.040000000000000000e+02 6.800000000000000000e+02 7.680000000000000000e+02
1.384400000000000000e+04 -8.800000000000000000e+01 6.640000000000000000e+02 7.440000000000000000e+02
1.388400000000000000e+04 -8.800000000000000000e+01 6.720000000000000000e+02 7.680000000000000000e+02
1.391600000000000000e+04 -9.600000000000000000e+01 6.800000000000000000e+02 7.920000000000000000e+02
1.395600000000000000e+04 -8.800000000000000000e+01 6.800000000000000000e+02 7.680000000000000000e+02
1.399600000000000000e+04 -8.800000000000000000e+01 6.560000000000000000e+02 7.600000000000000000e+02
1.403600000000000000e+04 -9.600000000000000000e+01 6.560000000000000000e+02 7.600000000000000000e+02
1.407600000000000000e+04 -8.800000000000000000e+01 6.480000000000000000e+02 8.000000000000000000e+02
1.411600000000000000e+04 -8.000000000000000000e+01 6.320000000000000000e+02 8.080000000000000000e+02
1.415600000000000000e+04 -8.000000000000000000e+01 6.080000000000000000e+02 8.080000000000000000e+02
1.419600000000000000e+04 -6.400000000000000000e+01 6.320000000000000000e+02 8.000000000000000000e+02
1.423600000000000000e+04 -7.200000000000000000e+01 6.320000000000000000e+02 7.520000000000000000e+02
1.427600000000000000e+04 -7.200000000000000000e+01 6.000000000000000000e+02 8.560000000000000000e+02
1.431600000000000000e+04 -6.400000000000000000e+01 6.080000000000000000e+02 7.680000000000000000e+02
1.435600000000000000e+04 -7.200000000000000000e+01 6.160000000000000000e+02 8.320000000000000000e+02
1.439600000000000000e+04 -8.000000000000000000e+01 5.920000000000000000e+02 8.240000000000000000e+02
1.443600000000000000e+04 -7.200000000000000000e+01 5.920000000000000000e+02 8.480000000000000000e+02
1.447600000000000000e+04 -7.200000000000000000e+01 5.680000000000000000e+02 8.720000000000000000e+02
1.451600000000000000e+04 -7.200000000000000000e+01 5.680000000000000000e+02 8.560000000000000000e+02
1.455600000000000000e+04 -7.200000000000000000e+01 5.680000000000000000e+02 8.880000000000000000e+02
1.459600000000000000e+04 -6.400000000000000000e+01 5.520000000000000000e+02 8.480000000000000000e+02
1.463600000000000000e+04 -7.200000000000000000e+01 5.360000000000000000e+02 8.720000000000000000e+02
1.467600000000000000e+04 -5.600000000000000000e+01 5.360000000000000000e+02 8.880000000000000000e+02
1.471600000000000000e+04 -4.800000000000000000e+01 5.520000000000000000e+02 8.240000000000000000e+02
1.475600000000000000e+04 -7.200000000000000000e+01 5.440000000000000000e+02 8.720000000000000000e+02
1.479600000000000000e+04 -6.400000000000000000e+01 5.360000000000000000e+02 8.480000000000000000e+02
1.483600000000000000e+04 -6.400000000000000000e+01 5.280000000000000000e+02 8.960000000000000000e+02
1.487600000000000000e+04 -6.400000000000000000e+01 5.360000000000000000e+02 8.800000000000000000e+02
1.490900000000000000e+04 -6.400000000000000000e+01 5.360000000000000000e+02 8.640000000000000000e+02
1.494900000000000000e+04 -7.200000000000000000e+01 5.280000000000000000e+02 8.640000000000000000e+02
1.498900000000000000e+04 -8.800000000000000000e+01 5.360000000000000000e+02 8.320000000000000000e+02
1.502900000000000000e+04 -6.400000000000000000e+01 5.200000000000000000e+02 8.880000000000000000e+02
1.506900000000000000e+04 -6.400000000000000000e+01 5.280000000000000000e+02 8.640000000000000000e+02
1.510900000000000000e+04 -8.000000000000000000e+01 5.360000000000000000e+02 8.880000000000000000e+02
1.514900000000000000e+04 -5.600000000000000000e+01 5.200000000000000000e+02 8.640000000000000000e+02
1.518900000000000000e+04 -7.200000000000000000e+01 5.280000000000000000e+02 9.200000000000000000e+02
1.522900000000000000e+04 -6.400000000000000000e+01 5.440000000000000000e+02 8.880000000000000000e+02
1.526900000000000000e+04 -6.400000000000000000e+01 5.360000000000000000e+02 8.800000000000000000e+02
1.530900000000000000e+04 -7.200000000000000000e+01 5.360000000000000000e+02 8.720000000000000000e+02
1.534900000000000000e+04 -8.800000000000000000e+01 5.360000000000000000e+02 8.640000000000000000e+02
1.538900000000000000e+04 -8.000000000000000000e+01 5.120000000000000000e+02 8.480000000000000000e+02
1.542900000000000000e+04 -7.200000000000000000e+01 5.200000000000000000e+02 8.960000000000000000e+02
1.546900000000000000e+04 -5.600000000000000000e+01 5.120000000000000000e+02 8.640000000000000000e+02
1.550900000000000000e+04 -7.200000000000000000e+01 5.280000000000000000e+02 8.720000000000000000e+02
1.554900000000000000e+04 -7.200000000000000000e+01 5.440000000000000000e+02 8.800000000000000000e+02
1.558900000000000000e+04 -6.400000000000000000e+01 5.280000000000000000e+02 8.640000000000000000e+02
1.562900000000000000e+04 -7.200000000000000000e+01 5.280000000000000000e+02 8.800000000000000000e+02
1.566900000000000000e+04 -9.600000000000000000e+01 5.200000000000000000e+02 8.720000000000000000e+02
1.570900000000000000e+04 -5.600000000000000000e+01 5.200000000000000000e+02 9.040000000000000000e+02
1.574900000000000000e+04 -8.000000000000000000e+01 5.200000000000000000e+02 8.720000000000000000e+02
1.578900000000000000e+04 -7.200000000000000000e+01 5.200000000000000000e+02 8.880000000000000000e+02
1.582900000000000000e+04 -8.000000000000000000e+01 5.200000000000000000e+02 8.800000000000000000e+02
1.586900000000000000e+04 -8.800000000000000000e+01 5.120000000000000000e+02 8.960000000000000000e+02
1.590200000000000000e+04 -8.800000000000000000e+01 5.120000000000000000e+02 8.960000000000000000e+02
1.594200000000000000e+04 -8.000000000000000000e+01 5.120000000000000000e+02 8.800000000000000000e+02
1.598200000000000000e+04 -9.600000000000000000e+01 5.120000000000000000e+02 9.120000000000000000e+02
1.602200000000000000e+04 -5.600000000000000000e+01 5.120000000000000000e+02 8.480000000000000000e+02
1.606200000000000000e+04 -6.400000000000000000e+01 5.120000000000000000e+02 8.800000000000000000e+02
1.610200000000000000e+04 -7.200000000000000000e+01 5.200000000000000000e+02 8.480000000000000000e+02
1.614200000000000000e+04 -6.400000000000000000e+01 5.040000000000000000e+02 8.720000000000000000e+02
1.618200000000000000e+04 -9.600000000000000000e+01 4.800000000000000000e+02 8.960000000000000000e+02
1.622200000000000000e+04 -1.040000000000000000e+02 4.960000000000000000e+02 9.040000000000000000e+02
1.626200000000000000e+04 -9.600000000000000000e+01 5.280000000000000000e+02 8.720000000000000000e+02
1.630200000000000000e+04 -8.800000000000000000e+01 5.200000000000000000e+02 8.880000000000000000e+02
1.634200000000000000e+04 -8.800000000000000000e+01 5.200000000000000000e+02 9.360000000000000000e+02
1.638200000000000000e+04 -8.800000000000000000e+01 5.120000000000000000e+02 8.800000000000000000e+02
1.642200000000000000e+04 -8.000000000000000000e+01 5.120000000000000000e+02 8.880000000000000000e+02
1.646200000000000000e+04 -7.200000000000000000e+01 5.120000000000000000e+02 8.880000000000000000e+02
1.650200000000000000e+04 -8.000000000000000000e+01 5.120000000000000000e+02 8.720000000000000000e+02
1.654200000000000000e+04 -8.000000000000000000e+01 5.200000000000000000e+02 8.880000000000000000e+02
1.658200000000000000e+04 -8.000000000000000000e+01 5.200000000000000000e+02 9.200000000000000000e+02
1.662200000000000000e+04 -8.000000000000000000e+01 5.120000000000000000e+02 8.960000000000000000e+02
1.666200000000000000e+04 -7.200000000000000000e+01 5.040000000000000000e+02 8.880000000000000000e+02
1.670200000000000000e+04 -7.200000000000000000e+01 5.200000000000000000e+02 8.960000000000000000e+02
1.674200000000000000e+04 -7.200000000000000000e+01 5.120000000000000000e+02 8.720000000000000000e+02
1.678200000000000000e+04 -7.200000000000000000e+01 5.120000000000000000e+02 9.200000000000000000e+02
1.682200000000000000e+04 -7.200000000000000000e+01 5.120000000000000000e+02 8.960000000000000000e+02
1.686200000000000000e+04 -8.000000000000000000e+01 5.040000000000000000e+02 8.880000000000000000e+02
1.689500000000000000e+04 -8.000000000000000000e+01 5.120000000000000000e+02 9.440000000000000000e+02
1.693500000000000000e+04 -7.200000000000000000e+01 5.120000000000000000e+02 8.960000000000000000e+02
1.697500000000000000e+04 -6.400000000000000000e+01 5.040000000000000000e+02 8.560000000000000000e+02
1.701500000000000000e+04 -7.200000000000000000e+01 5.040000000000000000e+02 8.960000000000000000e+02
1.705500000000000000e+04 -8.000000000000000000e+01 5.120000000000000000e+02 8.960000000000000000e+02
1.709500000000000000e+04 -5.600000000000000000e+01 5.200000000000000000e+02 9.280000000000000000e+02
1.713500000000000000e+04 -6.400000000000000000e+01 5.120000000000000000e+02 8.640000000000000000e+02
1.717500000000000000e+04 -7.200000000000000000e+01 4.960000000000000000e+02 8.800000000000000000e+02
1.721500000000000000e+04 -7.200000000000000000e+01 4.800000000000000000e+02 8.960000000000000000e+02
1.725500000000000000e+04 -8.000000000000000000e+01 5.120000000000000000e+02 9.120000000000000000e+02
1.729500000000000000e+04 -8.800000000000000000e+01 4.960000000000000000e+02 8.880000000000000000e+02
1.733500000000000000e+04 -8.800000000000000000e+01 5.040000000000000000e+02 8.960000000000000000e+02
1.737500000000000000e+04 -8.000000000000000000e+01 5.040000000000000000e+02 9.120000000000000000e+02
1.741500000000000000e+04 -7.200000000000000000e+01 4.880000000000000000e+02 9.120000000000000000e+02
1.745500000000000000e+04 -7.200000000000000000e+01 4.960000000000000000e+02 9.040000000000000000e+02
1.749500000000000000e+04 -7.200000000000000000e+01 5.040000000000000000e+02 8.960000000000000000e+02
1.753500000000000000e+04 -6.400000000000000000e+01 4.800000000000000000e+02 8.880000000000000000e+02
1.757500000000000000e+04 -7.200000000000000000e+01 4.960000000000000000e+02 8.960000000000000000e+02
1.761500000000000000e+04 -7.200000000000000000e+01 4.960000000000000000e+02 8.960000000000000000e+02
1.765500000000000000e+04 -6.400000000000000000e+01 5.040000000000000000e+02 9.040000000000000000e+02
1.769500000000000000e+04 -6.400000000000000000e+01 4.960000000000000000e+02 9.040000000000000000e+02
1.773500000000000000e+04 -6.400000000000000000e+01 5.120000000000000000e+02 9.200000000000000000e+02
1.777500000000000000e+04 -7.200000000000000000e+01 5.120000000000000000e+02 9.040000000000000000e+02
1.781500000000000000e+04 -6.400000000000000000e+01 5.040000000000000000e+02 8.880000000000000000e+02
1.785500000000000000e+04 -7.200000000000000000e+01 5.040000000000000000e+02 8.960000000000000000e+02
1.788700000000000000e+04 -7.200000000000000000e+01 5.040000000000000000e+02 8.880000000000000000e+02
1.792700000000000000e+04 -6.400000000000000000e+01 4.960000000000000000e+02 9.200000000000000000e+02
1.796700000000000000e+04 -7.200000000000000000e+01 5.040000000000000000e+02 8.560000000000000000e+02
1.800700000000000000e+04 -7.200000000000000000e+01 4.960000000000000000e+02 9.360000000000000000e+02
1.804700000000000000e+04 -8.000000000000000000e+01 5.040000000000000000e+02 8.800000000000000000e+02
1.808700000000000000e+04 -7.200000000000000000e+01 5.120000000000000000e+02 9.120000000000000000e+02
1.812700000000000000e+04 -8.000000000000000000e+01 5.040000000000000000e+02 9.120000000000000000e+02
1.816700000000000000e+04 -7.200000000000000000e+01 5.040000000000000000e+02 8.960000000000000000e+02
1.820700000000000000e+04 -7.200000000000000000e+01 5.040000000000000000e+02 8.960000000000000000e+02
1.824700000000000000e+04 -7.200000000000000000e+01 4.960000000000000000e+02 9.120000000000000000e+02
1.828700000000000000e+04 -7.200000000000000000e+01 4.960000000000000000e+02 8.880000000000000000e+02
1.832700000000000000e+04 -7.200000000000000000e+01 5.040000000000000000e+02 9.040000000000000000e+02
1.836700000000000000e+04 -7.200000000000000000e+01 4.960000000000000000e+02 9.120000000000000000e+02
1.840700000000000000e+04 -7.200000000000000000e+01 5.040000000000000000e+02 8.960000000000000000e+02
1.844700000000000000e+04 -8.000000000000000000e+01 5.040000000000000000e+02 8.800000000000000000e+02
1.848700000000000000e+04 -7.200000000000000000e+01 5.120000000000000000e+02 9.280000000000000000e+02
1.852700000000000000e+04 -7.200000000000000000e+01 5.120000000000000000e+02 8.560000000000000000e+02
1.856700000000000000e+04 -7.200000000000000000e+01 5.120000000000000000e+02 8.960000000000000000e+02
1.860700000000000000e+04 -8.000000000000000000e+01 5.040000000000000000e+02 9.040000000000000000e+02
1.864700000000000000e+04 -7.200000000000000000e+01 5.040000000000000000e+02 9.120000000000000000e+02
1.868700000000000000e+04 -8.000000000000000000e+01 4.800000000000000000e+02 8.720000000000000000e+02
1.872700000000000000e+04 -9.600000000000000000e+01 4.880000000000000000e+02 8.960000000000000000e+02
1.876700000000000000e+04 -8.800000000000000000e+01 4.960000000000000000e+02 8.800000000000000000e+02
1.880700000000000000e+04 -8.000000000000000000e+01 5.200000000000000000e+02 8.960000000000000000e+02
1.884700000000000000e+04 -9.600000000000000000e+01 5.040000000000000000e+02 8.800000000000000000e+02
1.887900000000000000e+04 -8.800000000000000000e+01 5.040000000000000000e+02 8.720000000000000000e+02
1.891900000000000000e+04 -8.000000000000000000e+01 5.040000000000000000e+02 8.640000000000000000e+02
1.895900000000000000e+04 -8.000000000000000000e+01 4.960000000000000000e+02 8.880000000000000000e+02
1.899900000000000000e+04 -6.400000000000000000e+01 5.040000000000000000e+02 9.520000000000000000e+02
1.903900000000000000e+04 -4.800000000000000000e+01 4.960000000000000000e+02 9.360000000000000000e+02
1.907900000000000000e+04 -7.200000000000000000e+01 4.960000000000000000e+02 8.880000000000000000e+02
1.911900000000000000e+04 -8.000000000000000000e+01 5.040000000000000000e+02 8.960000000000000000e+02
1.915900000000000000e+04 -8.000000000000000000e+01 4.880000000000000000e+02 9.040000000000000000e+02
1.919900000000000000e+04 -8.000000000000000000e+01 4.960000000000000000e+02 8.800000000000000000e+02
1.923900000000000000e+04 -8.800000000000000000e+01 4.880000000000000000e+02 9.040000000000000000e+02
1.927900000000000000e+04 -8.000000000000000000e+01 4.960000000000000000e+02 9.360000000000000000e+02
1.931900000000000000e+04 -7.200000000000000000e+01 4.960000000000000000e+02 8.880000000000000000e+02
1.935900000000000000e+04 -8.000000000000000000e+01 4.960000000000000000e+02 9.040000000000000000e+02
1.939900000000000000e+04 -7.200000000000000000e+01 5.040000000000000000e+02 8.880000000000000000e+02
1.943900000000000000e+04 -8.000000000000000000e+01 5.040000000000000000e+02 8.800000000000000000e+02
1.947900000000000000e+04 -8.000000000000000000e+01 5.040000000000000000e+02 8.960000000000000000e+02
1.951900000000000000e+04 -6.400000000000000000e+01 5.040000000000000000e+02 8.560000000000000000e+02
1.955900000000000000e+04 -7.200000000000000000e+01 5.200000000000000000e+02 9.120000000000000000e+02
1.959900000000000000e+04 -7.200000000000000000e+01 5.120000000000000000e+02 8.960000000000000000e+02
1.963900000000000000e+04 -7.200000000000000000e+01 5.280000000000000000e+02 9.120000000000000000e+02
1.967900000000000000e+04 -8.000000000000000000e+01 5.120000000000000000e+02 8.960000000000000000e+02
1.971900000000000000e+04 -8.000000000000000000e+01 5.120000000000000000e+02 9.120000000000000000e+02
1.975900000000000000e+04 -8.000000000000000000e+01 5.040000000000000000e+02 9.520000000000000000e+02
1.979900000000000000e+04 -8.800000000000000000e+01 4.960000000000000000e+02 9.120000000000000000e+02
1.983900000000000000e+04 -8.800000000000000000e+01 4.960000000000000000e+02 8.960000000000000000e+02
