7.300000000000000000e+01 -8.000000000000000000e+01 4.000000000000000000e+02 -9.520000000000000000e+02
1.130000000000000000e+02 -8.000000000000000000e+01 4.080000000000000000e+02 -9.520000000000000000e+02
1.530000000000000000e+02 -6.400000000000000000e+01 4.240000000000000000e+02 -9.200000000000000000e+02
1.930000000000000000e+02 -6.400000000000000000e+01 4.640000000000000000e+02 -8.720000000000000000e+02
2.330000000000000000e+02 -8.000000000000000000e+01 4.480000000000000000e+02 -9.200000000000000000e+02
2.730000000000000000e+02 -8.800000000000000000e+01 4.160000000000000000e+02 -9.440000000000000000e+02
3.130000000000000000e+02 -1.120000000000000000e+02 4.000000000000000000e+02 -9.520000000000000000e+02
3.530000000000000000e+02 -1.040000000000000000e+02 4.160000000000000000e+02 -9.280000000000000000e+02
3.930000000000000000e+02 -1.120000000000000000e+02 4.240000000000000000e+02 -9.680000000000000000e+02
4.330000000000000000e+02 -1.040000000000000000e+02 4.240000000000000000e+02 -9.040000000000000000e+02
4.730000000000000000e+02 -9.600000000000000000e+01 4.080000000000000000e+02 -9.280000000000000000e+02
5.130000000000000000e+02 -1.040000000000000000e+02 4.000000000000000000e+02 -9.440000000000000000e+02
5.530000000000000000e+02 -8.800000000000000000e+01 4.000000000000000000e+02 -9.280000000000000000e+02
5.930000000000000000e+02 -8.000000000000000000e+01 4.080000000000000000e+02 -9.280000000000000000e+02
6.330000000000000000e+02 -7.200000000000000000e+01 4.080000000000000000e+02 -9.520000000000000000e+02
6.730000000000000000e+02 -8.000000000000000000e+01 4.160000000000000000e+02 -9.280000000000000000e+02
7.130000000000000000e+02 -8.000000000000000000e+01 4.080000000000000000e+02 -9.520000000000000000e+02
7.530000000000000000e+02 -8.000000000000000000e+01 4.000000000000000000e+02 -9.360000000000000000e+02
7.930000000000000000e+02 -7.200000000000000000e+01 4.000000000000000000e+02 -9.200000000000000000e+02
8.330000000000000000e+02 -7.200000000000000000e+01 4.240000000000000000e+02 -9.040000000000000000e+02
8.730000000000000000e+02 -7.200000000000000000e+01 4.480000000000000000e+02 -8.960000000000000000e+02
9.130000000000000000e+02 -7.200000000000000000e+01 4.400000000000000000e+02 -9.280000000000000000e+02
9.530000000000000000e+02 -7.200000000000000000e+01 4.240000000000000000e+02 -9.600000000000000000e+02
9.930000000000000000e+02 -6.400000000000000000e+01 4.160000000000000000e+02 -9.600000000000000000e+02
1.033000000000000000e+03 -6.400000000000000000e+01 4.160000000000000000e+02 -9.520000000000000000e+02
1.065000000000000000e+03 -8.800000000000000000e+01 4.400000000000000000e+02 -8.880000000000000000e+02
1.105000000000000000e+03 -5.600000000000000000e+01 4.640000000000000000e+02 -8.320000000000000000e+02
1.145000000000000000e+03 -6.400000000000000000e+01 4.720000000000000000e+02 -9.120000000000000000e+02
1.185000000000000000e+03 -9.600000000000000000e+01 4.160000000000000000e+02 -9.200000000000000000e+02
1.225000000000000000e+03 -9.600000000000000000e+01 4.160000000000000000e+02 -9.040000000000000000e+02
1.265000000000000000e+03 -1.040000000000000000e+02 4.480000000000000000e+02 -9.280000000000000000e+02
1.305000000000000000e+03 -1.120000000000000000e+02 4.240000000000000000e+02 -9.040000000000000000e+02
1.345000000000000000e+03 -1.040000000000000000e+02 4.560000000000000000e+02 -8.880000000000000000e+02
1.385000000000000000e+03 -8.800000000000000000e+01 4.480000000000000000e+02 -8.960000000000000000e+02
1.425000000000000000e+03 -7.200000000000000000e+01 4.240000000000000000e+02 -9.440000000000000000e+02
1.465000000000000000e+03 -8.800000000000000000e+01 4.160000000000000000e+02 -9.040000000000000000e+02
1.505000000000000000e+03 -8.000000000000000000e+01 4.240000000000000000e+02 -9.440000000000000000e+02
1.545000000000000000e+03 -9.600000000000000000e+01 4.160000000000000000e+02 -8.480000000000000000e+02
1.585000000000000000e+03 -9.600000000000000000e+01 4.400000000000000000e+02 -8.160000000000000000e+02
1.625000000000000000e+03 -8.800000000000000000e+01 4.720000000000000000e+02 -8.480000000000000000e+02
1.665000000000000000e+03 -8.800000000000000000e+01 4.000000000000000000e+02 -8.880000000000000000e+02
1.705000000000000000e+03 -8.800000000000000000e+01 4.240000000000000000e+02 -8.720000000000000000e+02
1.745000000000000000e+03 -8.000000000000000000e+01 4.480000000000000000e+02 -9.200000000000000000e+02
1.785000000000000000e+03 -8.000000000000000000e+01 4.240000000000000000e+02 -9.600000000000000000e+02
1.825000000000000000e+03 -8.000000000000000000e+01 4.480000000000000000e+02 -8.800000000000000000e+02
1.865000000000000000e+03 -8.000000000000000000e+01 4.480000000000000000e+02 -9.120000000000000000e+02
1.905000000000000000e+03 -8.800000000000000000e+01 4.240000000000000000e+02 -9.440000000000000000e+02
1.945000000000000000e+03 -7.200000000000000000e+01 4.480000000000000000e+02 -9.360000000000000000e+02
1.985000000000000000e+03 -6.400000000000000000e+01 4.400000000000000000e+02 -9.360000000000000000e+02
2.025000000000000000e+03 -6.400000000000000000e+01 4.480000000000000000e+02 -9.040000000000000000e+02
2.058000000000000000e+03 -6.400000000000000000e+01 4.560000000000000000e+02 -9.120000000000000000e+02
2.098000000000000000e+03 -8.000000000000000000e+01 4.560000000000000000e+02 -9.520000000000000000e+02
2.138000000000000000e+03 -7.200000000000000000e+01 4.560000000000000000e+02 -9.360000000000000000e+02
2.178000000000000000e+03 -8.800000000000000000e+01 4.400000000000000000e+02 -9.280000000000000000e+02
2.218000000000000000e+03 -8.000000000000000000e+01 4.400000000000000000e+02 -8.960000000000000000e+02
2.258000000000000000e+03 -8.000000000000000000e+01 4.480000000000000000e+02 -9.200000000000000000e+02
2.298000000000000000e+03 -8.800000000000000000e+01 4.480000000000000000e+02 -9.200000000000000000e+02
2.338000000000000000e+03 -8.000000000000000000e+01 4.400000000000000000e+02 -1.000000000000000000e+03
2.378000000000000000e+03 -1.040000000000000000e+02 4.560000000000000000e+02 -9.200000000000000000e+02
2.418000000000000000e+03 -8.800000000000000000e+01 4.640000000000000000e+02 -9.360000000000000000e+02
2.458000000000000000e+03 -8.800000000000000000e+01 4.480000000000000000e+02 -8.640000000000000000e+02
2.498000000000000000e+03 -8.000000000000000000e+01 4.480000000000000000e+02 -9.120000000000000000e+02
2.538000000000000000e+03 -9.600000000000000000e+01 4.240000000000000000e+02 -9.600000000000000000e+02
2.578000000000000000e+03 -8.000000000000000000e+01 4.320000000000000000e+02 -9.360000000000000000e+02
2.618000000000000000e+03 -7.200000000000000000e+01 4.400000000000000000e+02 -9.280000000000000000e+02
2.658000000000000000e+03 -6.400000000000000000e+01 4.560000000000000000e+02 -9.040000000000000000e+02
2.698000000000000000e+03 -6.400000000000000000e+01 4.640000000000000000e+02 -9.040000000000000000e+02
2.738000000000000000e+03 -7.200000000000000000e+01 4.400000000000000000e+02 -9.360000000000000000e+02
2.778000000000000000e+03 -8.000000000000000000e+01 4.400000000000000000e+02 -8.640000000000000000e+02
2.818000000000000000e+03 -8.000000000000000000e+01 4.560000000000000000e+02 -9.200000000000000000e+02
2.858000000000000000e+03 -8.000000000000000000e+01 4.320000000000000000e+02 -9.360000000000000000e+02
2.898000000000000000e+03 -8.000000000000000000e+01 4.400000000000000000e+02 -9.360000000000000000e+02
2.938000000000000000e+03 -8.800000000000000000e+01 4.400000000000000000e+02 -9.200000000000000000e+02
2.978000000000000000e+03 -5.600000000000000000e+01 4.560000000000000000e+02 -9.200000000000000000e+02
3.018000000000000000e+03 -6.400000000000000000e+01 4.480000000000000000e+02 -9.200000000000000000e+02
3.050000000000000000e+03 -7.200000000000000000e+01 4.400000000000000000e+02 -9.280000000000000000e+02
3.090000000000000000e+03 -8.000000000000000000e+01 4.400000000000000000e+02 -9.200000000000000000e+02
3.130000000000000000e+03 -8.000000000000000000e+01 4.560000000000000000e+02 -9.200000000000000000e+02
3.170000000000000000e+03 -9.600000000000000000e+01 4.480000000000000000e+02 -9.120000000000000000e+02
3.210000000000000000e+03 -9.600000000000000000e+01 4.400000000000000000e+02 -8.880000000000000000e+02
3.250000000000000000e+03 -8.000000000000000000e+01 4.400000000000000000e+02 -9.040000000000000000e+02
3.290000000000000000e+03 -8.800000000000000000e+01 4.400000000000000000e+02 -9.040000000000000000e+02
3.330000000000000000e+03 -8.000000000000000000e+01 4.400000000000000000e+02 -9.440000000000000000e+02
3.370000000000000000e+03 -1.040000000000000000e+02 4.240000000000000000e+02 -9.360000000000000000e+02
3.410000000000000000e+03 -8.800000000000000000e+01 4.400000000000000000e+02 -9.440000000000000000e+02
3.450000000000000000e+03 -8.000000000000000000e+01 4.480000000000000000e+02 -9.120000000000000000e+02
3.490000000000000000e+03 -8.000000000000000000e+01 4.480000000000000000e+02 -9.200000000000000000e+02
3.530000000000000000e+03 -8.800000000000000000e+01 4.400000000000000000e+02 -9.040000000000000000e+02
3.570000000000000000e+03 -8.800000000000000000e+01 4.400000000000000000e+02 -9.200000000000000000e+02
3.610000000000000000e+03 -8.800000000000000000e+01 4.480000000000000000e+02 -9.200000000000000000e+02
3.650000000000000000e+03 -7.200000000000000000e+01 4.400000000000000000e+02 -9.520000000000000000e+02
3.690000000000000000e+03 -8.800000000000000000e+01 4.560000000000000000e+02 -9.360000000000000000e+02
3.730000000000000000e+03 -8.000000000000000000e+01 4.320000000000000000e+02 -9.200000000000000000e+02
3.770000000000000000e+03 -8.800000000000000000e+01 4.320000000000000000e+02 -9.280000000000000000e+02
3.810000000000000000e+03 -8.000000000000000000e+01 4.400000000000000000e+02 -8.560000000000000000e+02
3.850000000000000000e+03 -7.200000000000000000e+01 4.400000000000000000e+02 -9.360000000000000000e+02
3.890000000000000000e+03 -8.000000000000000000e+01 4.240000000000000000e+02 -9.120000000000000000e+02
3.930000000000000000e+03 -7.200000000000000000e+01 4.160000000000000000e+02 -9.040000000000000000e+02
3.970000000000000000e+03 -7.200000000000000000e+01 4.320000000000000000e+02 -9.200000000000000000e+02
4.010000000000000000e+03 -8.000000000000000000e+01 4.400000000000000000e+02 -9.200000000000000000e+02
4.042000000000000000e+03 -7.200000000000000000e+01 4.400000000000000000e+02 -9.520000000000000000e+02
4.082000000000000000e+03 -8.000000000000000000e+01 4.480000000000000000e+02 -8.960000000000000000e+02
4.122000000000000000e+03 -7.200000000000000000e+01 4.720000000000000000e+02 -9.200000000000000000e+02
4.162000000000000000e+03 -9.600000000000000000e+01 4.560000000000000000e+02 -9.440000000000000000e+02
4.202000000000000000e+03 -8.000000000000000000e+01 4.720000000000000000e+02 -9.280000000000000000e+02
4.242000000000000000e+03 -8.000000000000000000e+01 4.480000000000000000e+02 -9.920000000000000000e+02
4.282000000000000000e+03 -1.040000000000000000e+02 4.720000000000000000e+02 -9.280000000000000000e+02
4.322000000000000000e+03 -8.800000000000000000e+01 4.800000000000000000e+02 -8.400000000000000000e+02
4.362000000000000000e+03 -8.000000000000000000e+01 4.720000000000000000e+02 -9.040000000000000000e+02
4.402000000000000000e+03 -8.000000000000000000e+01 4.720000000000000000e+02 -9.520000000000000000e+02
4.442000000000000000e+03 -6.400000000000000000e+01 4.560000000000000000e+02 -9.600000000000000000e+02
4.482000000000000000e+03 -8.800000000000000000e+01 4.160000000000000000e+02 -9.840000000000000000e+02
4.522000000000000000e+03 -8.800000000000000000e+01 4.320000000000000000e+02 -9.600000000000000000e+02
4.562000000000000000e+03 -8.800000000000000000e+01 4.320000000000000000e+02 -8.880000000000000000e+02
4.602000000000000000e+03 -8.800000000000000000e+01 4.480000000000000000e+02 -8.480000000000000000e+02
4.642000000000000000e+03 -7.200000000000000000e+01 4.480000000000000000e+02 -9.200000000000000000e+02
4.682000000000000000e+03 -8.000000000000000000e+01 4.560000000000000000e+02 -9.760000000000000000e+02
4.722000000000000000e+03 -7.200000000000000000e+01 4.160000000000000000e+02 -9.200000000000000000e+02
4.762000000000000000e+03 -5.600000000000000000e+01 4.400000000000000000e+02 -9.040000000000000000e+02
4.802000000000000000e+03 -7.200000000000000000e+01 4.480000000000000000e+02 -9.440000000000000000e+02
4.842000000000000000e+03 -1.040000000000000000e+02 4.320000000000000000e+02 -9.360000000000000000e+02
4.882000000000000000e+03 -9.600000000000000000e+01 4.640000000000000000e+02 -9.200000000000000000e+02
4.922000000000000000e+03 -9.600000000000000000e+01 4.320000000000000000e+02 -9.120000000000000000e+02
4.962000000000000000e+03 -8.000000000000000000e+01 4.240000000000000000e+02 -9.440000000000000000e+02
5.002000000000000000e+03 -5.600000000000000000e+01 4.240000000000000000e+02 -9.200000000000000000e+02
5.035000000000000000e+03 -5.600000000000000000e+01 4.160000000000000000e+02 -8.960000000000000000e+02
5.075000000000000000e+03 -8.000000000000000000e+01 4.000000000000000000e+02 -9.200000000000000000e+02
5.115000000000000000e+03 -1.120000000000000000e+02 3.920000000000000000e+02 -9.520000000000000000e+02
5.155000000000000000e+03 -8.800000000000000000e+01 3.840000000000000000e+02 -9.440000000000000000e+02
5.195000000000000000e+03 -8.000000000000000000e+01 4.080000000000000000e+02 -9.360000000000000000e+02
5.235000000000000000e+03 -8.000000000000000000e+01 4.160000000000000000e+02 -9.360000000000000000e+02
5.275000000000000000e+03 -8.000000000000000000e+01 4.320000000000000000e+02 -9.040000000000000000e+02
5.315000000000000000e+03 -7.200000000000000000e+01 4.240000000000000000e+02 -9.520000000000000000e+02
5.355000000000000000e+03 -7.200000000000000000e+01 4.160000000000000000e+02 -9.360000000000000000e+02
5.395000000000000000e+03 -4.800000000000000000e+01 4.240000000000000000e+02 -9.360000000000000000e+02
5.435000000000000000e+03 -5.600000000000000000e+01 3.920000000000000000e+02 -9.280000000000000000e+02
5.475000000000000000e+03 -6.400000000000000000e+01 4.080000000000000000e+02 -9.120000000000000000e+02
5.515000000000000000e+03 -7.200000000000000000e+01 4.080000000000000000e+02 -9.440000000000000000e+02
5.555000000000000000e+03 -7.200000000000000000e+01 4.000000000000000000e+02 -9.280000000000000000e+02
5.595000000000000000e+03 -4.800000000000000000e+01 4.080000000000000000e+02 -9.360000000000000000e+02
5.635000000000000000e+03 -6.400000000000000000e+01 4.080000000000000000e+02 -9.360000000000000000e+02
5.675000000000000000e+03 -6.400000000000000000e+01 4.160000000000000000e+02 -9.200000000000000000e+02
5.715000000000000000e+03 -5.600000000000000000e+01 3.920000000000000000e+02 -9.600000000000000000e+02
5.755000000000000000e+03 -7.200000000000000000e+01 3.360000000000000000e+02 -1.032000000000000000e+03
5.795000000000000000e+03 -6.400000000000000000e+01 4.160000000000000000e+02 -8.160000000000000000e+02
5.835000000000000000e+03 -5.600000000000000000e+01 4.880000000000000000e+02 -8.560000000000000000e+02
5.875000000000000000e+03 -4.000000000000000000e+01 4.880000000000000000e+02 -9.200000000000000000e+02
5.915000000000000000e+03 -6.400000000000000000e+01 4.640000000000000000e+02 -9.200000000000000000e+02
5.955000000000000000e+03 -4.800000000000000000e+01 4.000000000000000000e+02 -9.600000000000000000e+02
5.995000000000000000e+03 -3.200000000000000000e+01 3.680000000000000000e+02 -9.840000000000000000e+02
6.027000000000000000e+03 -4.000000000000000000e+01 3.920000000000000000e+02 -8.560000000000000000e+02
6.067000000000000000e+03 -4.800000000000000000e+01 4.000000000000000000e+02 -9.360000000000000000e+02
6.107000000000000000e+03 -4.800000000000000000e+01 4.400000000000000000e+02 -8.160000000000000000e+02
6.147000000000000000e+03 -4.000000000000000000e+01 4.640000000000000000e+02 -9.440000000000000000e+02
6.187000000000000000e+03 -5.600000000000000000e+01 4.320000000000000000e+02 -1.096000000000000000e+03
6.227000000000000000e+03 -4.000000000000000000e+01 4.320000000000000000e+02 -9.040000000000000000e+02
6.267000000000000000e+03 -4.800000000000000000e+01 4.160000000000000000e+02 -9.200000000000000000e+02
6.307000000000000000e+03 -4.800000000000000000e+01 4.400000000000000000e+02 -9.360000000000000000e+02
6.347000000000000000e+03 -2.400000000000000000e+01 3.200000000000000000e+02 -1.112000000000000000e+03
6.387000000000000000e+03 -4.000000000000000000e+01 4.000000000000000000e+02 -8.800000000000000000e+02
6.427000000000000000e+03 -2.400000000000000000e+01 4.320000000000000000e+02 -9.040000000000000000e+02
6.467000000000000000e+03 -3.200000000000000000e+01 4.560000000000000000e+02 -8.400000000000000000e+02
6.507000000000000000e+03 -2.400000000000000000e+01 4.160000000000000000e+02 -9.600000000000000000e+02
6.547000000000000000e+03 -3.200000000000000000e+01 4.000000000000000000e+02 -9.440000000000000000e+02
6.587000000000000000e+03 -3.200000000000000000e+01 4.160000000000000000e+02 -8.640000000000000000e+02
6.627000000000000000e+03 -2.400000000000000000e+01 4.400000000000000000e+02 -9.280000000000000000e+02
6.667000000000000000e+03 -2.400000000000000000e+01 4.480000000000000000e+02 -8.960000000000000000e+02
6.707000000000000000e+03 -2.400000000000000000e+01 4.080000000000000000e+02 -9.680000000000000000e+02
6.747000000000000000e+03 -3.200000000000000000e+01 4.160000000000000000e+02 -9.280000000000000000e+02
6.787000000000000000e+03 -2.400000000000000000e+01 4.160000000000000000e+02 -9.440000000000000000e+02
6.827000000000000000e+03 -4.000000000000000000e+01 4.160000000000000000e+02 -9.760000000000000000e+02
6.867000000000000000e+03 -3.200000000000000000e+01 4.560000000000000000e+02 -8.960000000000000000e+02
6.907000000000000000e+03 -4.000000000000000000e+01 4.800000000000000000e+02 -8.720000000000000000e+02
6.947000000000000000e+03 -4.000000000000000000e+01 4.640000000000000000e+02 -8.960000000000000000e+02
6.987000000000000000e+03 -4.000000000000000000e+01 4.160000000000000000e+02 -9.680000000000000000e+02
7.019000000000000000e+03 -4.000000000000000000e+01 3.840000000000000000e+02 -9.200000000000000000e+02
7.059000000000000000e+03 -3.200000000000000000e+01 4.080000000000000000e+02 -9.440000000000000000e+02
7.099000000000000000e+03 -3.200000000000000000e+01 4.160000000000000000e+02 -9.440000000000000000e+02
7.139000000000000000e+03 -3.200000000000000000e+01 4.080000000000000000e+02 -9.600000000000000000e+02
7.179000000000000000e+03 -3.200000000000000000e+01 4.080000000000000000e+02 -9.440000000000000000e+02
7.219000000000000000e+03 -3.200000000000000000e+01 3.840000000000000000e+02 -9.680000000000000000e+02
7.259000000000000000e+03 -4.000000000000000000e+01 3.920000000000000000e+02 -9.200000000000000000e+02
7.299000000000000000e+03 -2.400000000000000000e+01 4.000000000000000000e+02 -9.440000000000000000e+02
7.339000000000000000e+03 -2.400000000000000000e+01 4.160000000000000000e+02 -9.440000000000000000e+02
7.379000000000000000e+03 -3.200000000000000000e+01 4.080000000000000000e+02 -9.680000000000000000e+02
7.419000000000000000e+03 -4.000000000000000000e+01 4.000000000000000000e+02 -9.200000000000000000e+02
7.459000000000000000e+03 -2.400000000000000000e+01 4.000000000000000000e+02 -9.200000000000000000e+02
7.499000000000000000e+03 -2.400000000000000000e+01 3.920000000000000000e+02 -9.520000000000000000e+02
7.539000000000000000e+03 -2.400000000000000000e+01 3.920000000000000000e+02 -9.360000000000000000e+02
7.579000000000000000e+03 -3.200000000000000000e+01 3.840000000000000000e+02 -9.600000000000000000e+02
7.619000000000000000e+03 -3.200000000000000000e+01 4.000000000000000000e+02 -9.680000000000000000e+02
7.659000000000000000e+03 -3.200000000000000000e+01 3.920000000000000000e+02 -9.360000000000000000e+02
7.699000000000000000e+03 -2.400000000000000000e+01 3.920000000000000000e+02 -9.920000000000000000e+02
7.739000000000000000e+03 -2.400000000000000000e+01 3.760000000000000000e+02 -9.520000000000000000e+02
7.779000000000000000e+03 -2.400000000000000000e+01 3.760000000000000000e+02 -9.520000000000000000e+02
7.819000000000000000e+03 -4.000000000000000000e+01 3.760000000000000000e+02 -9.360000000000000000e+02
7.859000000000000000e+03 -1.600000000000000000e+01 4.240000000000000000e+02 -8.960000000000000000e+02
7.899000000000000000e+03 -4.000000000000000000e+01 4.160000000000000000e+02 -8.560000000000000000e+02
7.939000000000000000e+03 -4.800000000000000000e+01 3.760000000000000000e+02 -9.360000000000000000e+02
7.979000000000000000e+03 -4.000000000000000000e+01 3.920000000000000000e+02 -1.024000000000000000e+03
8.011000000000000000e+03 -2.400000000000000000e+01 4.000000000000000000e+02 -9.120000000000000000e+02
8.051000000000000000e+03 -8.000000000000000000e+00 4.160000000000000000e+02 -9.040000000000000000e+02
8.091000000000000000e+03 -4.000000000000000000e+01 4.160000000000000000e+02 -9.120000000000000000e+02
8.131000000000000000e+03 -8.000000000000000000e+00 3.920000000000000000e+02 -9.200000000000000000e+02
8.171000000000000000e+03 -2.400000000000000000e+01 3.520000000000000000e+02 -9.440000000000000000e+02
8.211000000000000000e+03 -3.200000000000000000e+01 3.840000000000000000e+02 -8.960000000000000000e+02
8.251000000000000000e+03 -4.800000000000000000e+01 3.680000000000000000e+02 -9.360000000000000000e+02
8.291000000000000000e+03 -4.000000000000000000e+01 4.000000000000000000e+02 -9.600000000000000000e+02
8.331000000000000000e+03 -4.800000000000000000e+01 4.080000000000000000e+02 -9.680000000000000000e+02
8.371000000000000000e+03 -2.400000000000000000e+01 3.840000000000000000e+02 -8.080000000000000000e+02
8.411000000000000000e+03 -4.000000000000000000e+01 4.080000000000000000e+02 -9.200000000000000000e+02
8.451000000000000000e+03 -4.000000000000000000e+01 3.760000000000000000e+02 -9.360000000000000000e+02
8.491000000000000000e+03 -3.200000000000000000e+01 4.080000000000000000e+02 -9.360000000000000000e+02
8.531000000000000000e+03 -3.200000000000000000e+01 4.320000000000000000e+02 -8.960000000000000000e+02
8.571000000000000000e+03 -2.400000000000000000e+01 4.480000000000000000e+02 -9.680000000000000000e+02
8.611000000000000000e+03 -2.400000000000000000e+01 4.400000000000000000e+02 -9.200000000000000000e+02
8.651000000000000000e+03 -3.200000000000000000e+01 3.920000000000000000e+02 -1.040000000000000000e+03
8.691000000000000000e+03 -4.000000000000000000e+01 4.080000000000000000e+02 -8.960000000000000000e+02
8.731000000000000000e+03 -2.400000000000000000e+01 4.320000000000000000e+02 -9.760000000000000000e+02
8.771000000000000000e+03 -4.000000000000000000e+01 4.400000000000000000e+02 -7.920000000000000000e+02
8.811000000000000000e+03 -3.200000000000000000e+01 4.480000000000000000e+02 -9.920000000000000000e+02
8.851000000000000000e+03 -4.800000000000000000e+01 4.160000000000000000e+02 -9.040000000000000000e+02
8.891000000000000000e+03 -5.600000000000000000e+01 4.080000000000000000e+02 -9.600000000000000000e+02
8.931000000000000000e+03 -4.800000000000000000e+01 4.560000000000000000e+02 -9.120000000000000000e+02
8.971000000000000000e+03 -3.200000000000000000e+01 4.400000000000000000e+02 -9.360000000000000000e+02
9.003000000000000000e+03 -2.400000000000000000e+01 4.080000000000000000e+02 -9.520000000000000000e+02
9.043000000000000000e+03 -2.400000000000000000e+01 4.080000000000000000e+02 -9.200000000000000000e+02
9.083000000000000000e+03 -8.000000000000000000e+00 4.080000000000000000e+02 -9.440000000000000000e+02
9.123000000000000000e+03 -8.000000000000000000e+00 4.000000000000000000e+02 -9.200000000000000000e+02
9.163000000000000000e+03 -1.600000000000000000e+01 4.240000000000000000e+02 -9.280000000000000000e+02
9.203000000000000000e+03 -1.600000000000000000e+01 4.160000000000000000e+02 -9.600000000000000000e+02
9.243000000000000000e+03 -2.400000000000000000e+01 4.000000000000000000e+02 -9.200000000000000000e+02
9.283000000000000000e+03 -3.200000000000000000e+01 4.000000000000000000e+02 -9.280000000000000000e+02
9.323000000000000000e+03 -3.200000000000000000e+01 3.920000000000000000e+02 -9.600000000000000000e+02
9.363000000000000000e+03 -4.000000000000000000e+01 4.000000000000000000e+02 -9.360000000000000000e+02
9.403000000000000000e+03 -3.200000000000000000e+01 4.000000000000000000e+02 -9.440000000000000000e+02
9.443000000000000000e+03 -4.000000000000000000e+01 4.000000000000000000e+02 -9.600000000000000000e+02
9.483000000000000000e+03 -4.800000000000000000e+01 3.920000000000000000e+02 -9.760000000000000000e+02
9.523000000000000000e+03 -5.600000000000000000e+01 4.160000000000000000e+02 -9.440000000000000000e+02
9.563000000000000000e+03 -6.400000000000000000e+01 4.080000000000000000e+02 -9.360000000000000000e+02
9.603000000000000000e+03 -4.800000000000000000e+01 4.000000000000000000e+02 -9.440000000000000000e+02
9.643000000000000000e+03 -3.200000000000000000e+01 4.000000000000000000e+02 -9.360000000000000000e+02
9.683000000000000000e+03 -2.400000000000000000e+01 4.000000000000000000e+02 -8.960000000000000000e+02
9.723000000000000000e+03 -3.200000000000000000e+01 4.000000000000000000e+02 -9.360000000000000000e+02
9.763000000000000000e+03 -3.200000000000000000e+01 4.080000000000000000e+02 -9.680000000000000000e+02
9.803000000000000000e+03 -3.200000000000000000e+01 3.920000000000000000e+02 -9.360000000000000000e+02
9.843000000000000000e+03 -4.000000000000000000e+01 4.160000000000000000e+02 -8.880000000000000000e+02
9.883000000000000000e+03 -2.400000000000000000e+01 4.240000000000000000e+02 -9.840000000000000000e+02
9.923000000000000000e+03 -4.000000000000000000e+01 3.360000000000000000e+02 -9.840000000000000000e+02
9.963000000000000000e+03 -4.800000000000000000e+01 3.520000000000000000e+02 -9.280000000000000000e+02
9.997000000000000000e+03 -4.000000000000000000e+01 4.080000000000000000e+02 -9.120000000000000000e+02
1.003700000000000000e+04 -5.600000000000000000e+01 4.480000000000000000e+02 -9.360000000000000000e+02
1.007700000000000000e+04 -8.000000000000000000e+01 4.320000000000000000e+02 -9.040000000000000000e+02
1.011700000000000000e+04 -7.200000000000000000e+01 4.480000000000000000e+02 -8.960000000000000000e+02
1.015700000000000000e+04 -4.800000000000000000e+01 4.080000000000000000e+02 -9.760000000000000000e+02
1.019700000000000000e+04 -5.600000000000000000e+01 4.320000000000000000e+02 -9.120000000000000000e+02
1.023700000000000000e+04 -7.200000000000000000e+01 4.160000000000000000e+02 -9.440000000000000000e+02
1.027700000000000000e+04 -5.600000000000000000e+01 4.240000000000000000e+02 -8.800000000000000000e+02
1.031700000000000000e+04 -4.000000000000000000e+01 3.920000000000000000e+02 -9.440000000000000000e+02
1.035700000000000000e+04 -4.000000000000000000e+01 4.000000000000000000e+02 -9.120000000000000000e+02
1.039700000000000000e+04 -4.800000000000000000e+01 4.160000000000000000e+02 -9.200000000000000000e+02
1.043700000000000000e+04 -4.000000000000000000e+01 4.240000000000000000e+02 -8.960000000000000000e+02
1.047700000000000000e+04 -4.000000000000000000e+01 4.240000000000000000e+02 -9.280000000000000000e+02
1.051700000000000000e+04 -3.200000000000000000e+01 3.840000000000000000e+02 -9.600000000000000000e+02
1.055700000000000000e+04 -3.200000000000000000e+01 3.920000000000000000e+02 -9.600000000000000000e+02
1.059700000000000000e+04 -3.200000000000000000e+01 3.840000000000000000e+02 -1.000000000000000000e+03
1.063700000000000000e+04 -4.800000000000000000e+01 3.920000000000000000e+02 -9.680000000000000000e+02
1.067700000000000000e+04 -4.000000000000000000e+01 4.080000000000000000e+02 -9.600000000000000000e+02
1.071700000000000000e+04 -2.400000000000000000e+01 3.920000000000000000e+02 -9.440000000000000000e+02
1.075700000000000000e+04 -3.200000000000000000e+01 3.920000000000000000e+02 -8.320000000000000000e+02
1.079700000000000000e+04 -4.000000000000000000e+01 4.240000000000000000e+02 -8.960000000000000000e+02
1.083700000000000000e+04 -3.200000000000000000e+01 4.080000000000000000e+02 -9.360000000000000000e+02
1.087700000000000000e+04 -4.800000000000000000e+01 4.080000000000000000e+02 -9.040000000000000000e+02
1.091700000000000000e+04 -4.000000000000000000e+01 3.600000000000000000e+02 -1.040000000000000000e+03
1.095700000000000000e+04 -4.800000000000000000e+01 3.920000000000000000e+02 -9.360000000000000000e+02
1.098800000000000000e+04 -4.800000000000000000e+01 4.000000000000000000e+02 -9.440000000000000000e+02
1.102800000000000000e+04 -6.400000000000000000e+01 3.520000000000000000e+02 -9.440000000000000000e+02
1.106800000000000000e+04 -4.000000000000000000e+01 3.600000000000000000e+02 -9.360000000000000000e+02
1.110800000000000000e+04 -3.200000000000000000e+01 4.240000000000000000e+02 -8.880000000000000000e+02
1.114800000000000000e+04 -1.600000000000000000e+01 4.400000000000000000e+02 -9.120000000000000000e+02
1.118800000000000000e+04 -3.200000000000000000e+01 3.680000000000000000e+02 -9.680000000000000000e+02
1.122800000000000000e+04 -4.000000000000000000e+01 3.760000000000000000e+02 -9.440000000000000000e+02
1.126800000000000000e+04 -3.200000000000000000e+01 4.320000000000000000e+02 -9.520000000000000000e+02
1.130800000000000000e+04 -3.200000000000000000e+01 4.240000000000000000e+02 -9.520000000000000000e+02
1.134800000000000000e+04 -6.400000000000000000e+01 4.080000000000000000e+02 -9.680000000000000000e+02
1.138800000000000000e+04 -6.400000000000000000e+01 4.080000000000000000e+02 -9.360000000000000000e+02
1.142800000000000000e+04 -3.200000000000000000e+01 4.240000000000000000e+02 -9.600000000000000000e+02
1.146800000000000000e+04 -1.600000000000000000e+01 4.160000000000000000e+02 -1.040000000000000000e+03
1.150800000000000000e+04 -4.800000000000000000e+01 4.160000000000000000e+02 -9.360000000000000000e+02
1.154800000000000000e+04 -3.200000000000000000e+01 4.560000000000000000e+02 -8.400000000000000000e+02
1.158800000000000000e+04 -4.000000000000000000e+01 3.920000000000000000e+02 -9.040000000000000000e+02
1.162800000000000000e+04 -4.800000000000000000e+01 3.760000000000000000e+02 -8.640000000000000000e+02
1.166800000000000000e+04 -4.800000000000000000e+01 4.080000000000000000e+02 -9.280000000000000000e+02
1.170800000000000000e+04 -4.000000000000000000e+01 3.680000000000000000e+02 -9.280000000000000000e+02
1.174800000000000000e+04 -4.000000000000000000e+01 3.920000000000000000e+02 -9.040000000000000000e+02
1.178800000000000000e+04 -3.200000000000000000e+01 4.560000000000000000e+02 -9.680000000000000000e+02
1.182800000000000000e+04 -2.400000000000000000e+01 4.720000000000000000e+02 -9.280000000000000000e+02
1.186800000000000000e+04 -1.600000000000000000e+01 5.280000000000000000e+02 -9.200000000000000000e+02
1.190800000000000000e+04 -1.600000000000000000e+01 4.800000000000000000e+02 -9.440000000000000000e+02
1.194800000000000000e+04 -1.600000000000000000e+01 4.800000000000000000e+02 -9.520000000000000000e+02
1.198100000000000000e+04 -3.200000000000000000e+01 4.320000000000000000e+02 -9.280000000000000000e+02
1.202100000000000000e+04 -4.000000000000000000e+01 4.400000000000000000e+02 -8.240000000000000000e+02
1.206100000000000000e+04 -4.800000000000000000e+01 4.720000000000000000e+02 -8.720000000000000000e+02
1.210100000000000000e+04 -4.800000000000000000e+01 4.400000000000000000e+02 -9.120000000000000000e+02
1.214100000000000000e+04 -3.200000000000000000e+01 4.320000000000000000e+02 -9.600000000000000000e+02
1.218100000000000000e+04 -4.000000000000000000e+01 4.080000000000000000e+02 -9.520000000000000000e+02
1.222100000000000000e+04 -4.000000000000000000e+01 3.920000000000000000e+02 -9.600000000000000000e+02
1.226100000000000000e+04 -5.600000000000000000e+01 4.240000000000000000e+02 -9.280000000000000000e+02
1.230100000000000000e+04 -4.800000000000000000e+01 4.000000000000000000e+02 -1.000000000000000000e+03
1.234100000000000000e+04 -4.800000000000000000e+01 3.920000000000000000e+02 -9.520000000000000000e+02
1.238100000000000000e+04 -3.200000000000000000e+01 4.560000000000000000e+02 -9.280000000000000000e+02
1.242100000000000000e+04 -2.400000000000000000e+01 4.480000000000000000e+02 -8.560000000000000000e+02
1.246100000000000000e+04 -2.400000000000000000e+01 4.320000000000000000e+02 -9.440000000000000000e+02
1.250100000000000000e+04 -2.400000000000000000e+01 3.760000000000000000e+02 -1.040000000000000000e+03
1.254100000000000000e+04 -5.600000000000000000e+01 4.320000000000000000e+02 -9.200000000000000000e+02
1.258100000000000000e+04 -4.000000000000000000e+01 3.840000000000000000e+02 -9.200000000000000000e+02
1.262100000000000000e+04 -4.000000000000000000e+01 3.920000000000000000e+02 -1.000000000000000000e+03
1.266100000000000000e+04 -4.000000000000000000e+01 4.240000000000000000e+02 -8.800000000000000000e+02
1.270100000000000000e+04 -3.200000000000000000e+01 4.240000000000000000e+02 -9.440000000000000000e+02
1.274100000000000000e+04 -4.000000000000000000e+01 3.840000000000000000e+02 -9.440000000000000000e+02
1.278100000000000000e+04 -4.000000000000000000e+01 3.600000000000000000e+02 -9.840000000000000000e+02
1.282100000000000000e+04 -5.600000000000000000e+01 4.080000000000000000e+02 -8.720000000000000000e+02
1.286100000000000000e+04 -4.000000000000000000e+01 4.160000000000000000e+02 -9.200000000000000000e+02
1.290100000000000000e+04 -3.200000000000000000e+01 3.920000000000000000e+02 -9.680000000000000000e+02
1.294100000000000000e+04 -4.000000000000000000e+01 4.000000000000000000e+02 -9.520000000000000000e+02
1.297300000000000000e+04 -4.000000000000000000e+01 4.080000000000000000e+02 -9.200000000000000000e+02
1.301300000000000000e+04 -4.000000000000000000e+01 4.240000000000000000e+02 -9.280000000000000000e+02
1.305300000000000000e+04 -5.600000000000000000e+01 4.240000000000000000e+02 -9.520000000000000000e+02
1.309300000000000000e+04 -8.000000000000000000e+01 3.760000000000000000e+02 -9.280000000000000000e+02
1.313300000000000000e+04 -5.600000000000000000e+01 4.000000000000000000e+02 -9.040000000000000000e+02
1.317300000000000000e+04 -6.400000000000000000e+01 3.760000000000000000e+02 -9.840000000000000000e+02
1.321300000000000000e+04 -6.400000000000000000e+01 3.920000000000000000e+02 -8.560000000000000000e+02
1.325300000000000000e+04 -4.800000000000000000e+01 4.320000000000000000e+02 -9.280000000000000000e+02
1.329300000000000000e+04 -4.800000000000000000e+01 4.400000000000000000e+02 -9.200000000000000000e+02
1.333300000000000000e+04 -4.800000000000000000e+01 4.240000000000000000e+02 -9.440000000000000000e+02
1.337300000000000000e+04 -4.000000000000000000e+01 3.840000000000000000e+02 -9.680000000000000000e+02
1.341300000000000000e+04 -4.800000000000000000e+01 3.680000000000000000e+02 -9.600000000000000000e+02
1.345300000000000000e+04 -5.600000000000000000e+01 3.520000000000000000e+02 -9.680000000000000000e+02
1.349300000000000000e+04 -4.000000000000000000e+01 4.000000000000000000e+02 -9.040000000000000000e+02
1.353300000000000000e+04 -4.800000000000000000e+01 4.720000000000000000e+02 -8.960000000000000000e+02
1.357300000000000000e+04 -4.800000000000000000e+01 4.320000000000000000e+02 -9.760000000000000000e+02
1.361300000000000000e+04 -5.600000000000000000e+01 4.160000000000000000e+02 -9.040000000000000000e+02
1.365300000000000000e+04 -5.600000000000000000e+01 4.240000000000000000e+02 -9.120000000000000000e+02
1.369300000000000000e+04 -4.800000000000000000e+01 4.240000000000000000e+02 -9.280000000000000000e+02
1.373300000000000000e+04 -4.800000000000000000e+01 4.400000000000000000e+02 -9.600000000000000000e+02
1.377300000000000000e+04 -4.800000000000000000e+01 4.320000000000000000e+02 -9.760000000000000000e+02
1.381300000000000000e+04 -4.800000000000000000e+01 4.240000000000000000e+02 -9.200000000000000000e+02
1.385300000000000000e+04 -4.800000000000000000e+01 4.080000000000000000e+02 -9.440000000000000000e+02
1.389300000000000000e+04 -4.800000000000000000e+01 4.000000000000000000e+02 -9.200000000000000000e+02
1.393300000000000000e+04 -5.600000000000000000e+01 4.000000000000000000e+02 -9.120000000000000000e+02
1.396500000000000000e+04 -5.600000000000000000e+01 4.000000000000000000e+02 -9.440000000000000000e+02
1.400500000000000000e+04 -6.400000000000000000e+01 4.240000000000000000e+02 -8.640000000000000000e+02
1.404500000000000000e+04 -5.600000000000000000e+01 4.240000000000000000e+02 -9.760000000000000000e+02
1.408500000000000000e+04 -7.200000000000000000e+01 4.080000000000000000e+02 -9.760000000000000000e+02
1.412500000000000000e+04 -8.000000000000000000e+01 4.320000000000000000e+02 -9.680000000000000000e+02
1.416500000000000000e+04 -8.000000000000000000e+01 4.160000000000000000e+02 -9.200000000000000000e+02
1.420500000000000000e+04 -6.400000000000000000e+01 4.080000000000000000e+02 -9.440000000000000000e+02
1.424500000000000000e+04 -4.800000000000000000e+01 4.080000000000000000e+02 -9.440000000000000000e+02
1.428500000000000000e+04 -4.800000000000000000e+01 4.080000000000000000e+02 -9.440000000000000000e+02
1.432500000000000000e+04 -4.800000000000000000e+01 4.080000000000000000e+02 -9.280000000000000000e+02
1.436500000000000000e+04 -5.600000000000000000e+01 4.160000000000000000e+02 -9.520000000000000000e+02
1.440500000000000000e+04 -4.800000000000000000e+01 4.320000000000000000e+02 -9.440000000000000000e+02
1.444500000000000000e+04 -7.200000000000000000e+01 4.240000000000000000e+02 -9.520000000000000000e+02
1.448500000000000000e+04 -6.400000000000000000e+01 4.320000000000000000e+02 -9.440000000000000000e+02
1.452500000000000000e+04 -7.200000000000000000e+01 4.160000000000000000e+02 -9.280000000000000000e+02
1.456500000000000000e+04 -6.400000000000000000e+01 4.000000000000000000e+02 -9.360000000000000000e+02
1.460500000000000000e+04 -6.400000000000000000e+01 4.000000000000000000e+02 -9.440000000000000000e+02
1.464500000000000000e+04 -5.600000000000000000e+01 4.000000000000000000e+02 -9.280000000000000000e+02
1.468500000000000000e+04 -4.000000000000000000e+01 3.920000000000000000e+02 -9.520000000000000000e+02
1.472500000000000000e+04 -4.800000000000000000e+01 4.160000000000000000e+02 -9.360000000000000000e+02
1.476500000000000000e+04 -4.800000000000000000e+01 4.160000000000000000e+02 -9.360000000000000000e+02
1.480500000000000000e+04 -5.600000000000000000e+01 4.160000000000000000e+02 -9.600000000000000000e+02
1.484500000000000000e+04 -4.800000000000000000e+01 4.000000000000000000e+02 -9.600000000000000000e+02
1.488500000000000000e+04 -5.600000000000000000e+01 4.080000000000000000e+02 -1.008000000000000000e+03
1.492500000000000000e+04 -5.600000000000000000e+01 4.080000000000000000e+02 -9.440000000000000000e+02
1.495800000000000000e+04 -5.600000000000000000e+01 4.000000000000000000e+02 -9.440000000000000000e+02
1.499800000000000000e+04 -4.800000000000000000e+01 4.240000000000000000e+02 -9.680000000000000000e+02
1.503800000000000000e+04 -5.600000000000000000e+01 4.080000000000000000e+02 -9.520000000000000000e+02
1.507800000000000000e+04 -7.200000000000000000e+01 4.080000000000000000e+02 -9.520000000000000000e+02
1.511800000000000000e+04 -6.400000000000000000e+01 4.080000000000000000e+02 -9.440000000000000000e+02
1.515800000000000000e+04 -5.600000000000000000e+01 4.080000000000000000e+02 -9.360000000000000000e+02
1.519800000000000000e+04 -5.600000000000000000e+01 3.840000000000000000e+02 -9.440000000000000000e+02
1.523800000000000000e+04 -5.600000000000000000e+01 3.840000000000000000e+02 -9.440000000000000000e+02
1.527800000000000000e+04 -4.800000000000000000e+01 3.840000000000000000e+02 -9.680000000000000000e+02
1.531800000000000000e+04 -5.600000000000000000e+01 4.000000000000000000e+02 -9.360000000000000000e+02
1.535800000000000000e+04 -6.400000000000000000e+01 4.000000000000000000e+02 -9.360000000000000000e+02
1.539800000000000000e+04 -5.600000000000000000e+01 4.160000000000000000e+02 -9.840000000000000000e+02
1.543800000000000000e+04 -4.000000000000000000e+01 4.000000000000000000e+02 -9.600000000000000000e+02
1.547800000000000000e+04 -4.000000000000000000e+01 4.080000000000000000e+02 -9.280000000000000000e+02
1.551800000000000000e+04 -5.600000000000000000e+01 4.240000000000000000e+02 -9.920000000000000000e+02
1.555800000000000000e+04 -5.600000000000000000e+01 4.160000000000000000e+02 -9.360000000000000000e+02
1.559800000000000000e+04 -5.600000000000000000e+01 4.160000000000000000e+02 -9.280000000000000000e+02
1.563800000000000000e+04 -5.600000000000000000e+01 4.080000000000000000e+02 -9.440000000000000000e+02
1.567800000000000000e+04 -5.600000000000000000e+01 4.080000000000000000e+02 -9.360000000000000000e+02
1.571800000000000000e+04 -6.400000000000000000e+01 4.080000000000000000e+02 -9.120000000000000000e+02
1.575800000000000000e+04 -5.600000000000000000e+01 4.000000000000000000e+02 -9.120000000000000000e+02
1.579800000000000000e+04 -6.400000000000000000e+01 4.000000000000000000e+02 -9.280000000000000000e+02
1.583800000000000000e+04 -4.800000000000000000e+01 4.000000000000000000e+02 -9.280000000000000000e+02
1.587800000000000000e+04 -4.800000000000000000e+01 4.000000000000000000e+02 -9.440000000000000000e+02
1.591800000000000000e+04 -6.400000000000000000e+01 4.000000000000000000e+02 -9.440000000000000000e+02
1.595000000000000000e+04 -5.600000000000000000e+01 4.160000000000000000e+02 -9.680000000000000000e+02
1.599000000000000000e+04 -5.600000000000000000e+01 3.840000000000000000e+02 -9.600000000000000000e+02
1.603000000000000000e+04 -3.200000000000000000e+01 4.000000000000000000e+02 -9.040000000000000000e+02
1.607000000000000000e+04 -4.000000000000000000e+01 4.160000000000000000e+02 -9.360000000000000000e+02
1.611000000000000000e+04 -4.800000000000000000e+01 4.160000000000000000e+02 -8.960000000000000000e+02
1.615000000000000000e+04 -5.600000000000000000e+01 4.080000000000000000e+02 -9.360000000000000000e+02
1.619000000000000000e+04 -6.400000000000000000e+01 4.080000000000000000e+02 -9.440000000000000000e+02
1.623000000000000000e+04 -5.600000000000000000e+01 4.080000000000000000e+02 -9.440000000000000000e+02
1.627000000000000000e+04 -6.400000000000000000e+01 4.080000000000000000e+02 -9.280000000000000000e+02
1.631000000000000000e+04 -5.600000000000000000e+01 4.080000000000000000e+02 -9.680000000000000000e+02
1.635000000000000000e+04 -5.600000000000000000e+01 4.000000000000000000e+02 -8.880000000000000000e+02
1.639000000000000000e+04 -5.600000000000000000e+01 4.080000000000000000e+02 -9.280000000000000000e+02
1.643000000000000000e+04 -6.400000000000000000e+01 4.080000000000000000e+02 -9.120000000000000000e+02
1.647000000000000000e+04 -6.400000000000000000e+01 4.080000000000000000e+02 -9.200000000000000000e+02
1.651000000000000000e+04 -5.600000000000000000e+01 4.000000000000000000e+02 -9.520000000000000000e+02
1.655000000000000000e+04 -5.600000000000000000e+01 4.320000000000000000e+02 -9.360000000000000000e+02
1.659000000000000000e+04 -5.600000000000000000e+01 4.240000000000000000e+02 -9.040000000000000000e+02
1.663000000000000000e+04 -4.000000000000000000e+01 4.080000000000000000e+02 -9.200000000000000000e+02
1.667000000000000000e+04 -7.200000000000000000e+01 4.080000000000000000e+02 -9.760000000000000000e+02
1.671000000000000000e+04 -5.600000000000000000e+01 4.160000000000000000e+02 -8.640000000000000000e+02
1.675000000000000000e+04 -7.200000000000000000e+01 4.560000000000000000e+02 -8.240000000000000000e+02
1.679000000000000000e+04 -6.400000000000000000e+01 4.320000000000000000e+02 -9.120000000000000000e+02
1.683000000000000000e+04 -5.600000000000000000e+01 4.240000000000000000e+02 -9.360000000000000000e+02
1.687000000000000000e+04 -5.600000000000000000e+01 4.480000000000000000e+02 -9.280000000000000000e+02
1.691000000000000000e+04 -6.400000000000000000e+01 3.920000000000000000e+02 -9.600000000000000000e+02
1.694200000000000000e+04 -7.200000000000000000e+01 4.080000000000000000e+02 -9.040000000000000000e+02
1.698200000000000000e+04 -6.400000000000000000e+01 3.920000000000000000e+02 -9.200000000000000000e+02
1.702200000000000000e+04 -6.400000000000000000e+01 3.920000000000000000e+02 -9.440000000000000000e+02
1.706200000000000000e+04 -5.600000000000000000e+01 4.000000000000000000e+02 -9.440000000000000000e+02
1.710200000000000000e+04 -5.600000000000000000e+01 4.320000000000000000e+02 -9.360000000000000000e+02
1.714200000000000000e+04 -5.600000000000000000e+01 4.400000000000000000e+02 -9.200000000000000000e+02
1.718200000000000000e+04 -4.000000000000000000e+01 4.320000000000000000e+02 -8.960000000000000000e+02
1.722200000000000000e+04 -4.800000000000000000e+01 4.240000000000000000e+02 -9.120000000000000000e+02
1.726200000000000000e+04 -5.600000000000000000e+01 4.000000000000000000e+02 -9.600000000000000000e+02
1.730200000000000000e+04 -4.800000000000000000e+01 3.840000000000000000e+02 -9.280000000000000000e+02
1.734200000000000000e+04 -4.800000000000000000e+01 4.000000000000000000e+02 -9.120000000000000000e+02
1.738200000000000000e+04 -4.000000000000000000e+01 4.080000000000000000e+02 -9.280000000000000000e+02
1.742200000000000000e+04 -5.600000000000000000e+01 3.920000000000000000e+02 -9.680000000000000000e+02
1.746200000000000000e+04 -2.400000000000000000e+01 4.320000000000000000e+02 -9.920000000000000000e+02
1.750200000000000000e+04 -2.400000000000000000e+01 4.560000000000000000e+02 -9.520000000000000000e+02
1.754200000000000000e+04 -4.000000000000000000e+01 4.240000000000000000e+02 -9.360000000000000000e+02
1.758200000000000000e+04 -4.000000000000000000e+01 4.480000000000000000e+02 -9.200000000000000000e+02
1.762200000000000000e+04 -4.000000000000000000e+01 4.560000000000000000e+02 -9.200000000000000000e+02
1.766200000000000000e+04 -3.200000000000000000e+01 4.160000000000000000e+02 -9.440000000000000000e+02
1.770200000000000000e+04 -5.600000000000000000e+01 4.000000000000000000e+02 -9.280000000000000000e+02
1.774200000000000000e+04 -5.600000000000000000e+01 3.920000000000000000e+02 -9.360000000000000000e+02
1.778200000000000000e+04 -6.400000000000000000e+01 4.080000000000000000e+02 -9.120000000000000000e+02
1.782200000000000000e+04 -6.400000000000000000e+01 4.160000000000000000e+02 -9.200000000000000000e+02
1.786200000000000000e+04 -4.000000000000000000e+01 4.080000000000000000e+02 -9.680000000000000000e+02
1.790200000000000000e+04 -5.600000000000000000e+01 4.320000000000000000e+02 -9.040000000000000000e+02
1.793400000000000000e+04 -5.600000000000000000e+01 4.560000000000000000e+02 -9.040000000000000000e+02
1.797400000000000000e+04 -6.400000000000000000e+01 4.560000000000000000e+02 -9.120000000000000000e+02
1.801400000000000000e+04 -6.400000000000000000e+01 4.480000000000000000e+02 -9.200000000000000000e+02
1.805400000000000000e+04 -8.800000000000000000e+01 4.240000000000000000e+02 -9.680000000000000000e+02
1.809400000000000000e+04 -7.200000000000000000e+01 4.000000000000000000e+02 -9.200000000000000000e+02
1.813400000000000000e+04 -6.400000000000000000e+01 4.320000000000000000e+02 -9.440000000000000000e+02
1.817400000000000000e+04 -5.600000000000000000e+01 4.800000000000000000e+02 -9.040000000000000000e+02
1.821400000000000000e+04 -5.600000000000000000e+01 4.640000000000000000e+02 -9.600000000000000000e+02
1.825400000000000000e+04 -6.400000000000000000e+01 4.240000000000000000e+02 -9.440000000000000000e+02
1.829400000000000000e+04 -4.800000000000000000e+01 3.920000000000000000e+02 -1.000000000000000000e+03
1.833400000000000000e+04 -8.000000000000000000e+01 3.840000000000000000e+02 -8.880000000000000000e+02
1.837400000000000000e+04 -6.400000000000000000e+01 3.840000000000000000e+02 -9.520000000000000000e+02
1.841400000000000000e+04 -5.600000000000000000e+01 3.680000000000000000e+02 -9.200000000000000000e+02
1.845400000000000000e+04 -5.600000000000000000e+01 3.920000000000000000e+02 -9.200000000000000000e+02
1.849400000000000000e+04 -4.800000000000000000e+01 4.640000000000000000e+02 -8.880000000000000000e+02
1.853400000000000000e+04 -4.000000000000000000e+01 4.400000000000000000e+02 -8.800000000000000000e+02
1.857400000000000000e+04 -4.000000000000000000e+01 4.160000000000000000e+02 -9.840000000000000000e+02
1.861400000000000000e+04 -4.000000000000000000e+01 4.800000000000000000e+02 -8.720000000000000000e+02
1.865400000000000000e+04 -5.600000000000000000e+01 4.640000000000000000e+02 -8.960000000000000000e+02
1.869400000000000000e+04 -4.000000000000000000e+01 4.480000000000000000e+02 -9.120000000000000000e+02
1.873400000000000000e+04 -5.600000000000000000e+01 4.640000000000000000e+02 -9.120000000000000000e+02
1.877400000000000000e+04 -4.000000000000000000e+01 4.640000000000000000e+02 -9.520000000000000000e+02
1.881400000000000000e+04 -4.000000000000000000e+01 4.320000000000000000e+02 -9.440000000000000000e+02
1.885400000000000000e+04 -1.600000000000000000e+01 4.240000000000000000e+02 -1.056000000000000000e+03
1.889400000000000000e+04 -8.000000000000000000e+00 4.080000000000000000e+02 -9.920000000000000000e+02
1.892600000000000000e+04 -1.600000000000000000e+01 3.920000000000000000e+02 -9.440000000000000000e+02
1.896600000000000000e+04 -4.000000000000000000e+01 4.400000000000000000e+02 -8.720000000000000000e+02
1.900600000000000000e+04 -2.400000000000000000e+01 4.800000000000000000e+02 -9.520000000000000000e+02
1.904600000000000000e+04 -2.400000000000000000e+01 4.160000000000000000e+02 -1.000000000000000000e+03
1.908600000000000000e+04 -4.000000000000000000e+01 4.480000000000000000e+02 -9.440000000000000000e+02
1.912600000000000000e+04 -4.800000000000000000e+01 4.000000000000000000e+02 -9.360000000000000000e+02
1.916600000000000000e+04 -4.000000000000000000e+01 3.760000000000000000e+02 -9.520000000000000000e+02
1.920600000000000000e+04 -5.600000000000000000e+01 3.920000000000000000e+02 -9.360000000000000000e+02
1.924600000000000000e+04 -5.600000000000000000e+01 4.320000000000000000e+02 -9.120000000000000000e+02
1.928600000000000000e+04 -2.400000000000000000e+01 4.320000000000000000e+02 -9.600000000000000000e+02
1.932600000000000000e+04 -4.000000000000000000e+01 4.240000000000000000e+02 -8.480000000000000000e+02
1.936600000000000000e+04 -4.000000000000000000e+01 3.840000000000000000e+02 -9.280000000000000000e+02
1.940600000000000000e+04 -3.200000000000000000e+01 4.160000000000000000e+02 -9.600000000000000000e+02
1.944600000000000000e+04 -3.200000000000000000e+01 4.320000000000000000e+02 -8.800000000000000000e+02
1.948600000000000000e+04 -1.600000000000000000e+01 4.000000000000000000e+02 -9.360000000000000000e+02
1.952600000000000000e+04 -1.600000000000000000e+01 3.920000000000000000e+02 -9.600000000000000000e+02
1.956600000000000000e+04 -3.200000000000000000e+01 3.920000000000000000e+02 -9.200000000000000000e+02
1.960600000000000000e+04 -2.400000000000000000e+01 4.160000000000000000e+02 -9.680000000000000000e+02
1.964600000000000000e+04 -1.600000000000000000e+01 4.240000000000000000e+02 -9.280000000000000000e+02
1.968600000000000000e+04 -1.600000000000000000e+01 4.000000000000000000e+02 -8.480000000000000000e+02
1.972600000000000000e+04 -1.600000000000000000e+01 4.320000000000000000e+02 -9.680000000000000000e+02
1.976600000000000000e+04 -2.400000000000000000e+01 4.000000000000000000e+02 -9.120000000000000000e+02
1.980600000000000000e+04 -3.200000000000000000e+01 3.520000000000000000e+02 -1.032000000000000000e+03
1.984600000000000000e+04 -2.400000000000000000e+01 4.400000000000000000e+02 -9.200000000000000000e+02
1.988600000000000000e+04 -4.000000000000000000e+01 3.920000000000000000e+02 -9.760000000000000000e+02
