7.209600000000000000e+05 1.600000000000000000e+01 -8.000000000000000000e+00 -1.024000000000000000e+03
7.210000000000000000e+05 0.000000000000000000e+00 0.000000000000000000e+00 -1.032000000000000000e+03
7.210400000000000000e+05 0.000000000000000000e+00 0.000000000000000000e+00 -1.024000000000000000e+03
7.210800000000000000e+05 0.000000000000000000e+00 -3.200000000000000000e+01 -1.032000000000000000e+03
7.211200000000000000e+05 8.000000000000000000e+00 -3.200000000000000000e+01 -1.032000000000000000e+03
7.211600000000000000e+05 0.000000000000000000e+00 -2.400000000000000000e+01 -1.064000000000000000e+03
7.212000000000000000e+05 -8.000000000000000000e+00 -2.400000000000000000e+01 -1.040000000000000000e+03
7.212400000000000000e+05 8.000000000000000000e+00 -2.400000000000000000e+01 -1.048000000000000000e+03
7.212800000000000000e+05 8.000000000000000000e+00 -2.400000000000000000e+01 -1.024000000000000000e+03
7.213200000000000000e+05 1.600000000000000000e+01 -1.600000000000000000e+01 -1.040000000000000000e+03
7.213600000000000000e+05 1.600000000000000000e+01 -1.600000000000000000e+01 -1.032000000000000000e+03
7.214000000000000000e+05 1.600000000000000000e+01 -2.400000000000000000e+01 -1.032000000000000000e+03
7.214400000000000000e+05 1.600000000000000000e+01 -2.400000000000000000e+01 -1.032000000000000000e+03
7.214800000000000000e+05 8.000000000000000000e+00 -2.400000000000000000e+01 -1.016000000000000000e+03
7.215200000000000000e+05 8.000000000000000000e+00 -2.400000000000000000e+01 -1.024000000000000000e+03
7.215600000000000000e+05 8.000000000000000000e+00 -2.400000000000000000e+01 -1.048000000000000000e+03
7.216000000000000000e+05 1.600000000000000000e+01 -2.400000000000000000e+01 -1.040000000000000000e+03
7.216400000000000000e+05 8.000000000000000000e+00 -3.200000000000000000e+01 -1.024000000000000000e+03
7.216800000000000000e+05 8.000000000000000000e+00 -2.400000000000000000e+01 -1.008000000000000000e+03
7.217200000000000000e+05 8.000000000000000000e+00 -3.200000000000000000e+01 -1.032000000000000000e+03
7.217600000000000000e+05 1.600000000000000000e+01 -2.400000000000000000e+01 -1.024000000000000000e+03
7.218000000000000000e+05 1.600000000000000000e+01 -2.400000000000000000e+01 -1.016000000000000000e+03
7.218400000000000000e+05 1.600000000000000000e+01 -2.400000000000000000e+01 -1.032000000000000000e+03
7.218800000000000000e+05 1.600000000000000000e+01 -2.400000000000000000e+01 -1.024000000000000000e+03
7.219200000000000000e+05 1.600000000000000000e+01 -2.400000000000000000e+01 -1.024000000000000000e+03
7.249250000000000000e+05 1.600000000000000000e+01 -2.400000000000000000e+01 -1.032000000000000000e+03
7.249650000000000000e+05 1.600000000000000000e+01 -4.800000000000000000e+01 -1.032000000000000000e+03
7.250050000000000000e+05 1.600000000000000000e+01 -4.000000000000000000e+01 -1.032000000000000000e+03
7.250450000000000000e+05 2.400000000000000000e+01 -3.200000000000000000e+01 -1.048000000000000000e+03
7.250850000000000000e+05 1.600000000000000000e+01 -2.400000000000000000e+01 -1.032000000000000000e+03
7.251250000000000000e+05 1.600000000000000000e+01 -2.400000000000000000e+01 -1.032000000000000000e+03
7.251650000000000000e+05 8.000000000000000000e+00 -2.400000000000000000e+01 -1.016000000000000000e+03
7.252050000000000000e+05 8.000000000000000000e+00 -1.600000000000000000e+01 -1.032000000000000000e+03
7.252450000000000000e+05 1.600000000000000000e+01 -1.600000000000000000e+01 -1.024000000000000000e+03
7.252850000000000000e+05 3.200000000000000000e+01 -2.400000000000000000e+01 -1.040000000000000000e+03
7.253250000000000000e+05 3.200000000000000000e+01 -1.600000000000000000e+01 -1.040000000000000000e+03
7.253650000000000000e+05 2.400000000000000000e+01 -1.600000000000000000e+01 -1.032000000000000000e+03
7.254050000000000000e+05 2.400000000000000000e+01 -2.400000000000000000e+01 -1.024000000000000000e+03
7.254450000000000000e+05 2.400000000000000000e+01 -2.400000000000000000e+01 -1.032000000000000000e+03
7.254850000000000000e+05 2.400000000000000000e+01 -2.400000000000000000e+01 -1.040000000000000000e+03
7.255250000000000000e+05 2.400000000000000000e+01 -2.400000000000000000e+01 -1.016000000000000000e+03
7.255650000000000000e+05 1.600000000000000000e+01 -1.600000000000000000e+01 -9.920000000000000000e+02
7.256050000000000000e+05 2.400000000000000000e+01 -2.400000000000000000e+01 -1.024000000000000000e+03
7.256450000000000000e+05 0.000000000000000000e+00 -2.400000000000000000e+01 -1.032000000000000000e+03
7.256850000000000000e+05 1.600000000000000000e+01 -2.400000000000000000e+01 -1.024000000000000000e+03
7.257250000000000000e+05 1.600000000000000000e+01 -3.200000000000000000e+01 -1.040000000000000000e+03
7.257650000000000000e+05 2.400000000000000000e+01 -3.200000000000000000e+01 -1.048000000000000000e+03
7.258050000000000000e+05 2.400000000000000000e+01 -2.400000000000000000e+01 -1.040000000000000000e+03
7.258450000000000000e+05 1.600000000000000000e+01 -2.400000000000000000e+01 -1.024000000000000000e+03
7.258850000000000000e+05 2.400000000000000000e+01 -1.600000000000000000e+01 -1.016000000000000000e+03
7.288900000000000000e+05 1.600000000000000000e+01 -2.400000000000000000e+01 -1.032000000000000000e+03
7.289300000000000000e+05 0.000000000000000000e+00 -2.400000000000000000e+01 -1.032000000000000000e+03
7.289700000000000000e+05 1.600000000000000000e+01 -1.600000000000000000e+01 -1.016000000000000000e+03
7.290100000000000000e+05 8.000000000000000000e+00 -2.400000000000000000e+01 -1.024000000000000000e+03
7.290500000000000000e+05 1.600000000000000000e+01 -2.400000000000000000e+01 -1.016000000000000000e+03
7.290900000000000000e+05 1.600000000000000000e+01 -2.400000000000000000e+01 -1.024000000000000000e+03
7.291300000000000000e+05 1.600000000000000000e+01 -2.400000000000000000e+01 -1.032000000000000000e+03
7.291700000000000000e+05 1.600000000000000000e+01 -2.400000000000000000e+01 -1.016000000000000000e+03
7.292100000000000000e+05 2.400000000000000000e+01 -2.400000000000000000e+01 -1.048000000000000000e+03
7.292500000000000000e+05 1.600000000000000000e+01 -2.400000000000000000e+01 -1.032000000000000000e+03
7.292900000000000000e+05 1.600000000000000000e+01 -2.400000000000000000e+01 -1.024000000000000000e+03
7.293300000000000000e+05 3.200000000000000000e+01 -3.200000000000000000e+01 -1.048000000000000000e+03
7.293700000000000000e+05 3.200000000000000000e+01 -3.200000000000000000e+01 -1.048000000000000000e+03
7.294100000000000000e+05 2.400000000000000000e+01 -3.200000000000000000e+01 -1.040000000000000000e+03
7.294500000000000000e+05 1.600000000000000000e+01 -2.400000000000000000e+01 -1.024000000000000000e+03
7.294900000000000000e+05 1.600000000000000000e+01 -2.400000000000000000e+01 -1.040000000000000000e+03
7.295300000000000000e+05 1.600000000000000000e+01 -2.400000000000000000e+01 -1.024000000000000000e+03
7.295700000000000000e+05 1.600000000000000000e+01 -2.400000000000000000e+01 -1.016000000000000000e+03
7.296100000000000000e+05 1.600000000000000000e+01 -3.200000000000000000e+01 -1.024000000000000000e+03
7.296500000000000000e+05 8.000000000000000000e+00 -3.200000000000000000e+01 -1.032000000000000000e+03
7.296900000000000000e+05 8.000000000000000000e+00 -3.200000000000000000e+01 -1.032000000000000000e+03
7.297300000000000000e+05 1.600000000000000000e+01 -1.600000000000000000e+01 -1.032000000000000000e+03
7.297700000000000000e+05 1.600000000000000000e+01 -2.400000000000000000e+01 -1.032000000000000000e+03
7.298100000000000000e+05 8.000000000000000000e+00 -2.400000000000000000e+01 -1.032000000000000000e+03
7.298500000000000000e+05 1.600000000000000000e+01 -2.400000000000000000e+01 -1.032000000000000000e+03
7.328560000000000000e+05 1.600000000000000000e+01 -2.400000000000000000e+01 -1.024000000000000000e+03
7.328960000000000000e+05 8.000000000000000000e+00 -2.400000000000000000e+01 -1.064000000000000000e+03
7.329360000000000000e+05 8.000000000000000000e+00 -1.600000000000000000e+01 -1.016000000000000000e+03
7.329760000000000000e+05 1.600000000000000000e+01 -2.400000000000000000e+01 -1.032000000000000000e+03
7.330160000000000000e+05 1.600000000000000000e+01 -2.400000000000000000e+01 -1.032000000000000000e+03
7.330560000000000000e+05 1.600000000000000000e+01 -2.400000000000000000e+01 -1.032000000000000000e+03
7.330960000000000000e+05 1.600000000000000000e+01 -2.400000000000000000e+01 -1.024000000000000000e+03
7.331360000000000000e+05 1.600000000000000000e+01 -3.200000000000000000e+01 -1.040000000000000000e+03
7.331760000000000000e+05 1.600000000000000000e+01 -1.600000000000000000e+01 -1.024000000000000000e+03
7.332160000000000000e+05 2.400000000000000000e+01 -2.400000000000000000e+01 -1.032000000000000000e+03
7.332560000000000000e+05 2.400000000000000000e+01 -2.400000000000000000e+01 -1.024000000000000000e+03
7.332960000000000000e+05 1.600000000000000000e+01 -2.400000000000000000e+01 -1.040000000000000000e+03
7.333360000000000000e+05 2.400000000000000000e+01 -2.400000000000000000e+01 -1.040000000000000000e+03
7.333760000000000000e+05 2.400000000000000000e+01 -2.400000000000000000e+01 -1.024000000000000000e+03
7.334160000000000000e+05 2.400000000000000000e+01 -2.400000000000000000e+01 -1.032000000000000000e+03
7.334560000000000000e+05 8.000000000000000000e+00 -2.400000000000000000e+01 -1.032000000000000000e+03
7.334960000000000000e+05 8.000000000000000000e+00 -2.400000000000000000e+01 -1.032000000000000000e+03
7.335360000000000000e+05 2.400000000000000000e+01 -3.200000000000000000e+01 -1.024000000000000000e+03
7.335760000000000000e+05 2.400000000000000000e+01 -2.400000000000000000e+01 -1.032000000000000000e+03
7.336160000000000000e+05 2.400000000000000000e+01 -2.400000000000000000e+01 -1.048000000000000000e+03
7.336560000000000000e+05 2.400000000000000000e+01 -2.400000000000000000e+01 -1.048000000000000000e+03
7.336960000000000000e+05 1.600000000000000000e+01 -1.600000000000000000e+01 -1.008000000000000000e+03
7.337360000000000000e+05 1.600000000000000000e+01 -1.600000000000000000e+01 -1.016000000000000000e+03
7.337760000000000000e+05 1.600000000000000000e+01 -2.400000000000000000e+01 -1.032000000000000000e+03
7.338160000000000000e+05 1.600000000000000000e+01 -2.400000000000000000e+01 -1.040000000000000000e+03
7.368220000000000000e+05 1.600000000000000000e+01 -2.400000000000000000e+01 -1.040000000000000000e+03
7.368620000000000000e+05 2.400000000000000000e+01 -2.400000000000000000e+01 -1.048000000000000000e+03
7.369020000000000000e+05 2.400000000000000000e+01 -2.400000000000000000e+01 -1.032000000000000000e+03
7.369420000000000000e+05 2.400000000000000000e+01 -2.400000000000000000e+01 -1.056000000000000000e+03
7.369820000000000000e+05 1.600000000000000000e+01 -2.400000000000000000e+01 -1.024000000000000000e+03
7.370220000000000000e+05 1.600000000000000000e+01 -2.400000000000000000e+01 -1.016000000000000000e+03
7.370620000000000000e+05 1.600000000000000000e+01 -2.400000000000000000e+01 -1.032000000000000000e+03
7.371020000000000000e+05 1.600000000000000000e+01 -1.600000000000000000e+01 -1.032000000000000000e+03
7.371420000000000000e+05 1.600000000000000000e+01 -1.600000000000000000e+01 -1.048000000000000000e+03
7.371820000000000000e+05 1.600000000000000000e+01 -1.600000000000000000e+01 -1.032000000000000000e+03
7.372220000000000000e+05 1.600000000000000000e+01 -2.400000000000000000e+01 -1.032000000000000000e+03
7.372620000000000000e+05 1.600000000000000000e+01 -1.600000000000000000e+01 -1.032000000000000000e+03
7.373020000000000000e+05 1.600000000000000000e+01 -2.400000000000000000e+01 -1.032000000000000000e+03
7.373420000000000000e+05 2.400000000000000000e+01 -2.400000000000000000e+01 -1.024000000000000000e+03
7.373820000000000000e+05 2.400000000000000000e+01 -2.400000000000000000e+01 -1.040000000000000000e+03
7.374220000000000000e+05 2.400000000000000000e+01 -1.600000000000000000e+01 -1.032000000000000000e+03
7.374620000000000000e+05 1.600000000000000000e+01 -2.400000000000000000e+01 -1.024000000000000000e+03
7.375020000000000000e+05 2.400000000000000000e+01 -2.400000000000000000e+01 -1.032000000000000000e+03
7.375420000000000000e+05 1.600000000000000000e+01 -2.400000000000000000e+01 -1.048000000000000000e+03
7.375820000000000000e+05 8.000000000000000000e+00 -2.400000000000000000e+01 -1.032000000000000000e+03
7.376220000000000000e+05 1.600000000000000000e+01 -2.400000000000000000e+01 -1.032000000000000000e+03
7.376620000000000000e+05 1.600000000000000000e+01 -3.200000000000000000e+01 -1.032000000000000000e+03
7.377020000000000000e+05 1.600000000000000000e+01 -2.400000000000000000e+01 -1.056000000000000000e+03
7.377420000000000000e+05 8.000000000000000000e+00 -1.600000000000000000e+01 -1.024000000000000000e+03
7.377820000000000000e+05 1.600000000000000000e+01 -2.400000000000000000e+01 -1.032000000000000000e+03
7.407880000000000000e+05 1.600000000000000000e+01 -2.400000000000000000e+01 -1.032000000000000000e+03
7.408280000000000000e+05 1.600000000000000000e+01 -1.600000000000000000e+01 -1.024000000000000000e+03
7.408680000000000000e+05 2.400000000000000000e+01 -2.400000000000000000e+01 -1.024000000000000000e+03
7.409080000000000000e+05 1.600000000000000000e+01 -2.400000000000000000e+01 -1.024000000000000000e+03
7.409480000000000000e+05 2.400000000000000000e+01 -2.400000000000000000e+01 -1.048000000000000000e+03
7.409880000000000000e+05 2.400000000000000000e+01 -2.400000000000000000e+01 -1.032000000000000000e+03
7.410280000000000000e+05 1.600000000000000000e+01 -2.400000000000000000e+01 -1.016000000000000000e+03
7.410680000000000000e+05 1.600000000000000000e+01 -2.400000000000000000e+01 -1.032000000000000000e+03
7.411080000000000000e+05 1.600000000000000000e+01 -2.400000000000000000e+01 -1.032000000000000000e+03
7.411480000000000000e+05 1.600000000000000000e+01 -2.400000000000000000e+01 -1.032000000000000000e+03
7.411880000000000000e+05 1.600000000000000000e+01 -2.400000000000000000e+01 -1.032000000000000000e+03
7.412280000000000000e+05 1.600000000000000000e+01 -2.400000000000000000e+01 -1.032000000000000000e+03
7.412680000000000000e+05 2.400000000000000000e+01 -1.600000000000000000e+01 -1.016000000000000000e+03
7.413080000000000000e+05 1.600000000000000000e+01 -1.600000000000000000e+01 -1.048000000000000000e+03
7.413480000000000000e+05 1.600000000000000000e+01 -1.600000000000000000e+01 -1.048000000000000000e+03
7.413880000000000000e+05 1.600000000000000000e+01 -3.200000000000000000e+01 -1.024000000000000000e+03
7.414280000000000000e+05 1.600000000000000000e+01 -2.400000000000000000e+01 -1.032000000000000000e+03
7.414680000000000000e+05 2.400000000000000000e+01 -2.400000000000000000e+01 -1.040000000000000000e+03
7.415080000000000000e+05 2.400000000000000000e+01 -2.400000000000000000e+01 -1.024000000000000000e+03
7.415480000000000000e+05 1.600000000000000000e+01 -2.400000000000000000e+01 -1.024000000000000000e+03
7.415880000000000000e+05 2.400000000000000000e+01 -2.400000000000000000e+01 -1.040000000000000000e+03
7.416280000000000000e+05 1.600000000000000000e+01 -2.400000000000000000e+01 -1.024000000000000000e+03
7.416680000000000000e+05 2.400000000000000000e+01 -2.400000000000000000e+01 -1.024000000000000000e+03
7.417080000000000000e+05 2.400000000000000000e+01 -3.200000000000000000e+01 -1.040000000000000000e+03
7.417480000000000000e+05 2.400000000000000000e+01 -2.400000000000000000e+01 -1.024000000000000000e+03
