7.400000000000000000e+01 -5.600000000000000000e+01 4.800000000000000000e+02 -8.880000000000000000e+02
1.140000000000000000e+02 -4.800000000000000000e+01 4.560000000000000000e+02 -8.960000000000000000e+02
1.540000000000000000e+02 -4.800000000000000000e+01 4.480000000000000000e+02 -9.200000000000000000e+02
1.940000000000000000e+02 -4.800000000000000000e+01 4.480000000000000000e+02 -8.880000000000000000e+02
2.340000000000000000e+02 -2.400000000000000000e+01 4.640000000000000000e+02 -8.960000000000000000e+02
2.740000000000000000e+02 -3.200000000000000000e+01 4.960000000000000000e+02 -8.160000000000000000e+02
3.140000000000000000e+02 -6.400000000000000000e+01 5.040000000000000000e+02 -9.680000000000000000e+02
3.540000000000000000e+02 -4.000000000000000000e+01 4.880000000000000000e+02 -9.120000000000000000e+02
3.940000000000000000e+02 -4.800000000000000000e+01 4.720000000000000000e+02 -9.200000000000000000e+02
4.340000000000000000e+02 -6.400000000000000000e+01 4.400000000000000000e+02 -9.920000000000000000e+02
4.740000000000000000e+02 -9.600000000000000000e+01 4.160000000000000000e+02 -8.960000000000000000e+02
5.140000000000000000e+02 -7.200000000000000000e+01 4.880000000000000000e+02 -8.160000000000000000e+02
5.540000000000000000e+02 -5.600000000000000000e+01 4.960000000000000000e+02 -9.120000000000000000e+02
5.940000000000000000e+02 -5.600000000000000000e+01 4.720000000000000000e+02 -9.280000000000000000e+02
6.340000000000000000e+02 -4.000000000000000000e+01 4.560000000000000000e+02 -9.520000000000000000e+02
6.740000000000000000e+02 -5.600000000000000000e+01 4.640000000000000000e+02 -8.720000000000000000e+02
7.140000000000000000e+02 -3.200000000000000000e+01 4.160000000000000000e+02 -1.008000000000000000e+03
7.540000000000000000e+02 -6.400000000000000000e+01 3.920000000000000000e+02 -8.560000000000000000e+02
7.940000000000000000e+02 -4.800000000000000000e+01 4.640000000000000000e+02 -8.720000000000000000e+02
8.340000000000000000e+02 -4.000000000000000000e+01 4.800000000000000000e+02 -8.960000000000000000e+02
8.740000000000000000e+02 -5.600000000000000000e+01 4.160000000000000000e+02 -9.280000000000000000e+02
9.140000000000000000e+02 -4.800000000000000000e+01 5.040000000000000000e+02 -8.720000000000000000e+02
9.540000000000000000e+02 -6.400000000000000000e+01 4.560000000000000000e+02 -9.120000000000000000e+02
9.940000000000000000e+02 -5.600000000000000000e+01 4.800000000000000000e+02 -8.960000000000000000e+02
1.034000000000000000e+03 -1.600000000000000000e+01 4.400000000000000000e+02 -9.120000000000000000e+02
1.066000000000000000e+03 -3.200000000000000000e+01 4.240000000000000000e+02 -8.640000000000000000e+02
1.106000000000000000e+03 -4.000000000000000000e+01 4.960000000000000000e+02 -8.800000000000000000e+02
1.146000000000000000e+03 -3.200000000000000000e+01 4.960000000000000000e+02 -9.200000000000000000e+02
1.186000000000000000e+03 -4.000000000000000000e+01 4.160000000000000000e+02 -9.760000000000000000e+02
1.226000000000000000e+03 -3.200000000000000000e+01 3.600000000000000000e+02 -9.680000000000000000e+02
1.266000000000000000e+03 -8.000000000000000000e+00 4.320000000000000000e+02 -1.024000000000000000e+03
1.306000000000000000e+03 -8.000000000000000000e+00 4.400000000000000000e+02 -8.400000000000000000e+02
1.346000000000000000e+03 -1.600000000000000000e+01 4.000000000000000000e+02 -9.440000000000000000e+02
1.386000000000000000e+03 0.000000000000000000e+00 4.320000000000000000e+02 -9.280000000000000000e+02
1.426000000000000000e+03 3.200000000000000000e+01 5.280000000000000000e+02 -9.280000000000000000e+02
1.466000000000000000e+03 -1.600000000000000000e+01 4.400000000000000000e+02 -9.440000000000000000e+02
1.506000000000000000e+03 -2.400000000000000000e+01 3.120000000000000000e+02 -9.520000000000000000e+02
1.546000000000000000e+03 -2.400000000000000000e+01 2.560000000000000000e+02 -1.088000000000000000e+03
1.586000000000000000e+03 -8.000000000000000000e+01 2.240000000000000000e+02 -1.096000000000000000e+03
1.626000000000000000e+03 -9.600000000000000000e+01 3.360000000000000000e+02 -8.880000000000000000e+02
1.666000000000000000e+03 -8.800000000000000000e+01 2.960000000000000000e+02 -9.760000000000000000e+02
1.706000000000000000e+03 -5.600000000000000000e+01 3.200000000000000000e+02 -9.200000000000000000e+02
1.746000000000000000e+03 -4.800000000000000000e+01 3.280000000000000000e+02 -9.840000000000000000e+02
1.786000000000000000e+03 -6.400000000000000000e+01 3.280000000000000000e+02 -9.360000000000000000e+02
1.826000000000000000e+03 -5.600000000000000000e+01 3.280000000000000000e+02 -9.920000000000000000e+02
1.866000000000000000e+03 -6.400000000000000000e+01 3.040000000000000000e+02 -9.760000000000000000e+02
1.906000000000000000e+03 -4.000000000000000000e+01 2.560000000000000000e+02 -9.440000000000000000e+02
1.946000000000000000e+03 -4.000000000000000000e+01 2.880000000000000000e+02 -9.680000000000000000e+02
1.986000000000000000e+03 -2.400000000000000000e+01 2.880000000000000000e+02 -9.680000000000000000e+02
2.026000000000000000e+03 -1.600000000000000000e+01 2.720000000000000000e+02 -1.032000000000000000e+03
2.058000000000000000e+03 -2.400000000000000000e+01 3.120000000000000000e+02 -9.600000000000000000e+02
2.098000000000000000e+03 -8.000000000000000000e+00 3.280000000000000000e+02 -1.008000000000000000e+03
2.138000000000000000e+03 -3.200000000000000000e+01 3.280000000000000000e+02 -9.520000000000000000e+02
2.178000000000000000e+03 8.000000000000000000e+00 3.360000000000000000e+02 -8.960000000000000000e+02
2.218000000000000000e+03 0.000000000000000000e+00 3.600000000000000000e+02 -9.600000000000000000e+02
2.258000000000000000e+03 0.000000000000000000e+00 3.680000000000000000e+02 -9.520000000000000000e+02
2.298000000000000000e+03 0.000000000000000000e+00 3.760000000000000000e+02 -9.280000000000000000e+02
2.338000000000000000e+03 1.600000000000000000e+01 3.760000000000000000e+02 -9.920000000000000000e+02
2.378000000000000000e+03 0.000000000000000000e+00 4.080000000000000000e+02 -8.960000000000000000e+02
2.418000000000000000e+03 0.000000000000000000e+00 4.000000000000000000e+02 -9.200000000000000000e+02
2.458000000000000000e+03 8.000000000000000000e+00 3.760000000000000000e+02 -9.520000000000000000e+02
2.498000000000000000e+03 -8.000000000000000000e+00 3.360000000000000000e+02 -9.760000000000000000e+02
2.538000000000000000e+03 0.000000000000000000e+00 3.600000000000000000e+02 -9.600000000000000000e+02
2.578000000000000000e+03 -8.000000000000000000e+00 3.520000000000000000e+02 -9.440000000000000000e+02
2.618000000000000000e+03 -1.600000000000000000e+01 3.680000000000000000e+02 -9.520000000000000000e+02
2.658000000000000000e+03 -8.000000000000000000e+00 3.680000000000000000e+02 -9.120000000000000000e+02
2.698000000000000000e+03 -8.000000000000000000e+00 3.840000000000000000e+02 -9.600000000000000000e+02
2.738000000000000000e+03 -8.000000000000000000e+00 3.680000000000000000e+02 -9.360000000000000000e+02
2.778000000000000000e+03 -8.000000000000000000e+00 3.680000000000000000e+02 -9.520000000000000000e+02
2.818000000000000000e+03 -8.000000000000000000e+00 3.600000000000000000e+02 -9.520000000000000000e+02
2.858000000000000000e+03 -8.000000000000000000e+00 3.520000000000000000e+02 -9.760000000000000000e+02
2.898000000000000000e+03 -8.000000000000000000e+00 3.600000000000000000e+02 -9.520000000000000000e+02
2.938000000000000000e+03 -8.000000000000000000e+00 3.600000000000000000e+02 -9.760000000000000000e+02
2.978000000000000000e+03 -8.000000000000000000e+00 3.680000000000000000e+02 -9.520000000000000000e+02
3.018000000000000000e+03 1.600000000000000000e+01 3.760000000000000000e+02 -9.600000000000000000e+02
3.050000000000000000e+03 0.000000000000000000e+00 3.680000000000000000e+02 -9.760000000000000000e+02
3.090000000000000000e+03 0.000000000000000000e+00 3.520000000000000000e+02 -9.120000000000000000e+02
3.130000000000000000e+03 0.000000000000000000e+00 3.600000000000000000e+02 -8.880000000000000000e+02
3.170000000000000000e+03 -8.000000000000000000e+00 3.600000000000000000e+02 -9.360000000000000000e+02
3.210000000000000000e+03 0.000000000000000000e+00 3.680000000000000000e+02 -9.280000000000000000e+02
3.250000000000000000e+03 -8.000000000000000000e+00 3.680000000000000000e+02 -9.440000000000000000e+02
3.290000000000000000e+03 -2.400000000000000000e+01 3.520000000000000000e+02 -9.440000000000000000e+02
3.330000000000000000e+03 -2.400000000000000000e+01 3.920000000000000000e+02 -9.120000000000000000e+02
3.370000000000000000e+03 -1.600000000000000000e+01 3.760000000000000000e+02 -9.520000000000000000e+02
3.410000000000000000e+03 -8.000000000000000000e+00 3.600000000000000000e+02 -9.680000000000000000e+02
3.450000000000000000e+03 -1.600000000000000000e+01 3.680000000000000000e+02 -9.120000000000000000e+02
3.490000000000000000e+03 -1.600000000000000000e+01 3.600000000000000000e+02 -9.760000000000000000e+02
3.530000000000000000e+03 -8.000000000000000000e+00 3.600000000000000000e+02 -9.520000000000000000e+02
3.570000000000000000e+03 -8.000000000000000000e+00 3.520000000000000000e+02 -9.840000000000000000e+02
3.610000000000000000e+03 -2.400000000000000000e+01 3.440000000000000000e+02 -9.520000000000000000e+02
3.650000000000000000e+03 -8.000000000000000000e+00 3.520000000000000000e+02 -9.680000000000000000e+02
3.690000000000000000e+03 -8.000000000000000000e+00 3.360000000000000000e+02 -8.960000000000000000e+02
3.730000000000000000e+03 0.000000000000000000e+00 3.840000000000000000e+02 -9.440000000000000000e+02
3.770000000000000000e+03 8.000000000000000000e+00 3.680000000000000000e+02 -9.520000000000000000e+02
3.810000000000000000e+03 0.000000000000000000e+00 3.680000000000000000e+02 -9.200000000000000000e+02
3.850000000000000000e+03 0.000000000000000000e+00 3.920000000000000000e+02 -9.600000000000000000e+02
3.890000000000000000e+03 -8.000000000000000000e+00 3.760000000000000000e+02 -9.360000000000000000e+02
3.930000000000000000e+03 -1.600000000000000000e+01 4.000000000000000000e+02 -8.880000000000000000e+02
3.970000000000000000e+03 -1.600000000000000000e+01 4.240000000000000000e+02 -9.600000000000000000e+02
4.010000000000000000e+03 -1.600000000000000000e+01 4.160000000000000000e+02 -9.120000000000000000e+02
4.042000000000000000e+03 -2.400000000000000000e+01 4.240000000000000000e+02 -9.040000000000000000e+02
4.082000000000000000e+03 -2.400000000000000000e+01 4.160000000000000000e+02 -9.120000000000000000e+02
4.122000000000000000e+03 0.000000000000000000e+00 4.160000000000000000e+02 -9.360000000000000000e+02
4.162000000000000000e+03 -4.800000000000000000e+01 4.400000000000000000e+02 -9.360000000000000000e+02
4.202000000000000000e+03 -1.600000000000000000e+01 4.160000000000000000e+02 -1.016000000000000000e+03
4.242000000000000000e+03 -8.000000000000000000e+00 3.680000000000000000e+02 -9.680000000000000000e+02
4.282000000000000000e+03 -8.000000000000000000e+00 3.680000000000000000e+02 -9.200000000000000000e+02
4.322000000000000000e+03 -3.200000000000000000e+01 3.760000000000000000e+02 -9.680000000000000000e+02
4.362000000000000000e+03 -1.600000000000000000e+01 3.840000000000000000e+02 -9.520000000000000000e+02
4.402000000000000000e+03 -1.600000000000000000e+01 3.920000000000000000e+02 -9.600000000000000000e+02
4.442000000000000000e+03 -8.000000000000000000e+00 4.240000000000000000e+02 -9.120000000000000000e+02
4.482000000000000000e+03 -8.000000000000000000e+00 4.560000000000000000e+02 -9.280000000000000000e+02
4.522000000000000000e+03 -8.000000000000000000e+00 4.800000000000000000e+02 -8.960000000000000000e+02
4.562000000000000000e+03 -8.000000000000000000e+00 4.800000000000000000e+02 -8.960000000000000000e+02
4.602000000000000000e+03 -8.000000000000000000e+00 4.480000000000000000e+02 -9.440000000000000000e+02
4.642000000000000000e+03 -1.600000000000000000e+01 4.400000000000000000e+02 -9.120000000000000000e+02
4.682000000000000000e+03 -1.600000000000000000e+01 4.480000000000000000e+02 -9.120000000000000000e+02
4.722000000000000000e+03 0.000000000000000000e+00 4.640000000000000000e+02 -9.200000000000000000e+02
4.762000000000000000e+03 -8.000000000000000000e+00 4.480000000000000000e+02 -9.440000000000000000e+02
4.802000000000000000e+03 -8.000000000000000000e+00 4.640000000000000000e+02 -9.200000000000000000e+02
4.842000000000000000e+03 -2.400000000000000000e+01 4.560000000000000000e+02 -9.520000000000000000e+02
4.882000000000000000e+03 -1.600000000000000000e+01 4.320000000000000000e+02 -9.840000000000000000e+02
4.922000000000000000e+03 -1.600000000000000000e+01 4.880000000000000000e+02 -8.560000000000000000e+02
4.962000000000000000e+03 -8.000000000000000000e+00 5.120000000000000000e+02 -8.640000000000000000e+02
5.002000000000000000e+03 -2.400000000000000000e+01 4.000000000000000000e+02 -9.840000000000000000e+02
5.034000000000000000e+03 -5.600000000000000000e+01 3.600000000000000000e+02 -9.680000000000000000e+02
5.074000000000000000e+03 -4.800000000000000000e+01 3.200000000000000000e+02 -9.200000000000000000e+02
5.114000000000000000e+03 -3.200000000000000000e+01 3.040000000000000000e+02 -1.016000000000000000e+03
5.154000000000000000e+03 -4.000000000000000000e+01 3.280000000000000000e+02 -9.520000000000000000e+02
5.194000000000000000e+03 -5.600000000000000000e+01 3.760000000000000000e+02 -9.760000000000000000e+02
5.234000000000000000e+03 -4.000000000000000000e+01 3.840000000000000000e+02 -9.040000000000000000e+02
5.274000000000000000e+03 -4.000000000000000000e+01 3.920000000000000000e+02 -8.800000000000000000e+02
5.314000000000000000e+03 -4.800000000000000000e+01 4.080000000000000000e+02 -9.520000000000000000e+02
5.354000000000000000e+03 -4.800000000000000000e+01 3.920000000000000000e+02 -9.440000000000000000e+02
5.394000000000000000e+03 -4.000000000000000000e+01 3.680000000000000000e+02 -9.360000000000000000e+02
5.434000000000000000e+03 -3.200000000000000000e+01 3.600000000000000000e+02 -1.008000000000000000e+03
5.474000000000000000e+03 -2.400000000000000000e+01 3.360000000000000000e+02 -1.032000000000000000e+03
5.514000000000000000e+03 -3.200000000000000000e+01 3.840000000000000000e+02 -8.400000000000000000e+02
5.554000000000000000e+03 -4.000000000000000000e+01 3.920000000000000000e+02 -8.880000000000000000e+02
5.594000000000000000e+03 -3.200000000000000000e+01 3.840000000000000000e+02 -9.760000000000000000e+02
5.634000000000000000e+03 -1.600000000000000000e+01 3.920000000000000000e+02 -9.280000000000000000e+02
5.674000000000000000e+03 -8.000000000000000000e+00 4.000000000000000000e+02 -1.016000000000000000e+03
5.714000000000000000e+03 -1.600000000000000000e+01 3.760000000000000000e+02 -9.200000000000000000e+02
5.754000000000000000e+03 -8.000000000000000000e+00 3.920000000000000000e+02 -9.360000000000000000e+02
5.794000000000000000e+03 -2.400000000000000000e+01 3.920000000000000000e+02 -8.720000000000000000e+02
5.834000000000000000e+03 -3.200000000000000000e+01 3.920000000000000000e+02 -9.200000000000000000e+02
5.874000000000000000e+03 8.000000000000000000e+00 4.480000000000000000e+02 -9.200000000000000000e+02
5.914000000000000000e+03 0.000000000000000000e+00 4.400000000000000000e+02 -9.840000000000000000e+02
5.954000000000000000e+03 -1.600000000000000000e+01 4.000000000000000000e+02 -8.560000000000000000e+02
5.994000000000000000e+03 -8.000000000000000000e+00 3.600000000000000000e+02 -1.040000000000000000e+03
6.026000000000000000e+03 -1.600000000000000000e+01 3.840000000000000000e+02 -8.480000000000000000e+02
6.066000000000000000e+03 -1.600000000000000000e+01 4.320000000000000000e+02 -8.720000000000000000e+02
6.106000000000000000e+03 -1.600000000000000000e+01 4.240000000000000000e+02 -1.096000000000000000e+03
6.146000000000000000e+03 -4.000000000000000000e+01 4.480000000000000000e+02 -9.360000000000000000e+02
6.186000000000000000e+03 -2.400000000000000000e+01 4.240000000000000000e+02 -8.880000000000000000e+02
6.226000000000000000e+03 0.000000000000000000e+00 3.840000000000000000e+02 -1.032000000000000000e+03
6.266000000000000000e+03 -2.400000000000000000e+01 4.720000000000000000e+02 -8.320000000000000000e+02
6.306000000000000000e+03 0.000000000000000000e+00 4.800000000000000000e+02 -8.240000000000000000e+02
6.346000000000000000e+03 8.000000000000000000e+00 4.800000000000000000e+02 -9.600000000000000000e+02
6.386000000000000000e+03 1.600000000000000000e+01 3.920000000000000000e+02 -1.016000000000000000e+03
6.426000000000000000e+03 -1.600000000000000000e+01 3.840000000000000000e+02 -9.200000000000000000e+02
6.466000000000000000e+03 0.000000000000000000e+00 4.000000000000000000e+02 -9.440000000000000000e+02
6.506000000000000000e+03 0.000000000000000000e+00 4.160000000000000000e+02 -9.120000000000000000e+02
6.546000000000000000e+03 0.000000000000000000e+00 4.160000000000000000e+02 -9.040000000000000000e+02
6.586000000000000000e+03 -1.600000000000000000e+01 4.400000000000000000e+02 -9.280000000000000000e+02
6.626000000000000000e+03 -1.600000000000000000e+01 4.400000000000000000e+02 -9.200000000000000000e+02
6.666000000000000000e+03 -1.600000000000000000e+01 4.560000000000000000e+02 -9.280000000000000000e+02
6.706000000000000000e+03 -1.600000000000000000e+01 4.560000000000000000e+02 -8.800000000000000000e+02
6.746000000000000000e+03 -8.000000000000000000e+00 4.560000000000000000e+02 -9.120000000000000000e+02
6.786000000000000000e+03 -8.000000000000000000e+00 4.480000000000000000e+02 -9.040000000000000000e+02
6.826000000000000000e+03 -8.000000000000000000e+00 4.400000000000000000e+02 -9.120000000000000000e+02
6.866000000000000000e+03 -1.600000000000000000e+01 4.560000000000000000e+02 -9.280000000000000000e+02
6.906000000000000000e+03 -1.600000000000000000e+01 4.560000000000000000e+02 -9.200000000000000000e+02
6.946000000000000000e+03 -8.000000000000000000e+00 4.560000000000000000e+02 -9.280000000000000000e+02
6.986000000000000000e+03 -8.000000000000000000e+00 4.560000000000000000e+02 -9.200000000000000000e+02
7.017000000000000000e+03 -8.000000000000000000e+00 4.560000000000000000e+02 -9.120000000000000000e+02
7.057000000000000000e+03 -8.000000000000000000e+00 4.560000000000000000e+02 -8.960000000000000000e+02
7.097000000000000000e+03 -1.600000000000000000e+01 4.480000000000000000e+02 -9.120000000000000000e+02
7.137000000000000000e+03 0.000000000000000000e+00 4.480000000000000000e+02 -8.960000000000000000e+02
7.177000000000000000e+03 -8.000000000000000000e+00 4.400000000000000000e+02 -9.200000000000000000e+02
7.217000000000000000e+03 -8.000000000000000000e+00 4.480000000000000000e+02 -9.200000000000000000e+02
7.257000000000000000e+03 -8.000000000000000000e+00 4.480000000000000000e+02 -9.120000000000000000e+02
7.297000000000000000e+03 -1.600000000000000000e+01 4.480000000000000000e+02 -9.120000000000000000e+02
7.337000000000000000e+03 -1.600000000000000000e+01 4.480000000000000000e+02 -9.120000000000000000e+02
7.377000000000000000e+03 -1.600000000000000000e+01 4.480000000000000000e+02 -9.120000000000000000e+02
7.417000000000000000e+03 -1.600000000000000000e+01 4.560000000000000000e+02 -9.200000000000000000e+02
7.457000000000000000e+03 -1.600000000000000000e+01 4.640000000000000000e+02 -9.280000000000000000e+02
7.497000000000000000e+03 -1.600000000000000000e+01 4.480000000000000000e+02 -9.200000000000000000e+02
7.537000000000000000e+03 -1.600000000000000000e+01 4.560000000000000000e+02 -9.200000000000000000e+02
7.577000000000000000e+03 -1.600000000000000000e+01 4.720000000000000000e+02 -9.120000000000000000e+02
7.617000000000000000e+03 -8.000000000000000000e+00 4.720000000000000000e+02 -9.040000000000000000e+02
7.657000000000000000e+03 -1.600000000000000000e+01 4.720000000000000000e+02 -9.120000000000000000e+02
7.697000000000000000e+03 -1.600000000000000000e+01 4.320000000000000000e+02 -9.200000000000000000e+02
7.737000000000000000e+03 0.000000000000000000e+00 4.560000000000000000e+02 -9.280000000000000000e+02
7.777000000000000000e+03 -8.000000000000000000e+00 4.640000000000000000e+02 -8.880000000000000000e+02
7.817000000000000000e+03 -8.000000000000000000e+00 4.560000000000000000e+02 -9.200000000000000000e+02
7.857000000000000000e+03 -8.000000000000000000e+00 4.560000000000000000e+02 -8.960000000000000000e+02
7.897000000000000000e+03 -8.000000000000000000e+00 4.560000000000000000e+02 -9.040000000000000000e+02
7.937000000000000000e+03 -1.600000000000000000e+01 4.640000000000000000e+02 -9.040000000000000000e+02
7.977000000000000000e+03 -1.600000000000000000e+01 4.480000000000000000e+02 -9.040000000000000000e+02
8.010000000000000000e+03 -8.000000000000000000e+00 4.640000000000000000e+02 -8.960000000000000000e+02
8.050000000000000000e+03 -8.000000000000000000e+00 4.560000000000000000e+02 -9.200000000000000000e+02
8.090000000000000000e+03 -1.600000000000000000e+01 4.880000000000000000e+02 -8.800000000000000000e+02
8.130000000000000000e+03 8.000000000000000000e+00 4.880000000000000000e+02 -9.680000000000000000e+02
8.170000000000000000e+03 0.000000000000000000e+00 4.640000000000000000e+02 -8.960000000000000000e+02
8.210000000000000000e+03 0.000000000000000000e+00 4.320000000000000000e+02 -9.280000000000000000e+02
8.250000000000000000e+03 0.000000000000000000e+00 4.400000000000000000e+02 -9.280000000000000000e+02
8.290000000000000000e+03 -1.600000000000000000e+01 4.400000000000000000e+02 -9.200000000000000000e+02
8.330000000000000000e+03 -1.600000000000000000e+01 4.480000000000000000e+02 -9.200000000000000000e+02
8.370000000000000000e+03 -8.000000000000000000e+00 4.560000000000000000e+02 -9.440000000000000000e+02
8.410000000000000000e+03 -3.200000000000000000e+01 4.560000000000000000e+02 -9.360000000000000000e+02
8.450000000000000000e+03 -2.400000000000000000e+01 4.800000000000000000e+02 -9.120000000000000000e+02
8.490000000000000000e+03 -8.000000000000000000e+00 5.120000000000000000e+02 -9.120000000000000000e+02
8.530000000000000000e+03 -4.000000000000000000e+01 5.200000000000000000e+02 -9.200000000000000000e+02
8.570000000000000000e+03 -9.600000000000000000e+01 5.200000000000000000e+02 -8.720000000000000000e+02
8.610000000000000000e+03 -6.400000000000000000e+01 4.480000000000000000e+02 -9.360000000000000000e+02
8.650000000000000000e+03 -4.800000000000000000e+01 4.240000000000000000e+02 -9.120000000000000000e+02
8.690000000000000000e+03 -5.600000000000000000e+01 4.160000000000000000e+02 -8.720000000000000000e+02
8.730000000000000000e+03 -8.000000000000000000e+01 4.320000000000000000e+02 -8.880000000000000000e+02
8.770000000000000000e+03 -4.000000000000000000e+01 4.160000000000000000e+02 -9.200000000000000000e+02
8.810000000000000000e+03 -4.800000000000000000e+01 4.800000000000000000e+02 -9.120000000000000000e+02
8.850000000000000000e+03 -6.400000000000000000e+01 4.800000000000000000e+02 -8.880000000000000000e+02
8.890000000000000000e+03 -7.200000000000000000e+01 5.440000000000000000e+02 -7.600000000000000000e+02
8.930000000000000000e+03 -8.000000000000000000e+01 6.000000000000000000e+02 -8.560000000000000000e+02
8.970000000000000000e+03 -6.400000000000000000e+01 5.840000000000000000e+02 -8.400000000000000000e+02
9.002000000000000000e+03 -6.400000000000000000e+01 5.440000000000000000e+02 -8.720000000000000000e+02
9.042000000000000000e+03 -4.000000000000000000e+01 4.800000000000000000e+02 -9.360000000000000000e+02
9.082000000000000000e+03 -4.800000000000000000e+01 4.640000000000000000e+02 -9.280000000000000000e+02
9.122000000000000000e+03 -4.800000000000000000e+01 4.640000000000000000e+02 -9.040000000000000000e+02
9.162000000000000000e+03 -5.600000000000000000e+01 4.880000000000000000e+02 -8.880000000000000000e+02
9.202000000000000000e+03 -6.400000000000000000e+01 4.640000000000000000e+02 -8.960000000000000000e+02
9.242000000000000000e+03 -5.600000000000000000e+01 4.560000000000000000e+02 -9.280000000000000000e+02
9.282000000000000000e+03 -4.000000000000000000e+01 4.640000000000000000e+02 -8.960000000000000000e+02
9.322000000000000000e+03 -4.800000000000000000e+01 4.640000000000000000e+02 -9.040000000000000000e+02
9.362000000000000000e+03 -4.800000000000000000e+01 4.640000000000000000e+02 -9.200000000000000000e+02
9.402000000000000000e+03 -4.800000000000000000e+01 4.720000000000000000e+02 -9.200000000000000000e+02
9.442000000000000000e+03 -4.000000000000000000e+01 4.640000000000000000e+02 -9.200000000000000000e+02
9.482000000000000000e+03 -3.200000000000000000e+01 4.480000000000000000e+02 -8.960000000000000000e+02
9.522000000000000000e+03 -3.200000000000000000e+01 4.560000000000000000e+02 -8.960000000000000000e+02
9.562000000000000000e+03 -3.200000000000000000e+01 4.640000000000000000e+02 -9.120000000000000000e+02
9.602000000000000000e+03 -2.400000000000000000e+01 4.560000000000000000e+02 -9.280000000000000000e+02
9.642000000000000000e+03 -1.600000000000000000e+01 4.400000000000000000e+02 -9.120000000000000000e+02
9.682000000000000000e+03 -2.400000000000000000e+01 4.400000000000000000e+02 -9.120000000000000000e+02
9.722000000000000000e+03 -3.200000000000000000e+01 4.480000000000000000e+02 -9.120000000000000000e+02
9.762000000000000000e+03 -4.000000000000000000e+01 4.480000000000000000e+02 -9.280000000000000000e+02
9.802000000000000000e+03 -4.000000000000000000e+01 4.640000000000000000e+02 -9.280000000000000000e+02
9.842000000000000000e+03 -3.200000000000000000e+01 4.640000000000000000e+02 -9.280000000000000000e+02
9.882000000000000000e+03 -3.200000000000000000e+01 4.400000000000000000e+02 -9.200000000000000000e+02
9.922000000000000000e+03 -4.800000000000000000e+01 4.320000000000000000e+02 -9.120000000000000000e+02
9.962000000000000000e+03 -4.000000000000000000e+01 4.320000000000000000e+02 -9.360000000000000000e+02
9.993000000000000000e+03 -4.000000000000000000e+01 4.480000000000000000e+02 -9.280000000000000000e+02
1.003300000000000000e+04 -4.000000000000000000e+01 4.560000000000000000e+02 -9.200000000000000000e+02
1.007300000000000000e+04 -4.800000000000000000e+01 4.640000000000000000e+02 -9.200000000000000000e+02
1.011300000000000000e+04 -4.800000000000000000e+01 4.720000000000000000e+02 -9.200000000000000000e+02
1.015300000000000000e+04 -4.800000000000000000e+01 4.560000000000000000e+02 -9.520000000000000000e+02
1.019300000000000000e+04 -4.800000000000000000e+01 4.560000000000000000e+02 -9.280000000000000000e+02
1.023300000000000000e+04 -3.200000000000000000e+01 4.400000000000000000e+02 -9.360000000000000000e+02
1.027300000000000000e+04 -3.200000000000000000e+01 4.320000000000000000e+02 -9.120000000000000000e+02
1.031300000000000000e+04 -2.400000000000000000e+01 4.560000000000000000e+02 -9.040000000000000000e+02
1.035300000000000000e+04 -3.200000000000000000e+01 4.480000000000000000e+02 -8.880000000000000000e+02
1.039300000000000000e+04 -3.200000000000000000e+01 4.400000000000000000e+02 -9.120000000000000000e+02
1.043300000000000000e+04 -4.800000000000000000e+01 4.560000000000000000e+02 -9.200000000000000000e+02
1.047300000000000000e+04 -4.800000000000000000e+01 4.400000000000000000e+02 -9.440000000000000000e+02
1.051300000000000000e+04 -3.200000000000000000e+01 4.240000000000000000e+02 -9.200000000000000000e+02
1.055300000000000000e+04 -1.600000000000000000e+01 4.160000000000000000e+02 -9.040000000000000000e+02
1.059300000000000000e+04 -3.200000000000000000e+01 4.160000000000000000e+02 -9.360000000000000000e+02
1.063300000000000000e+04 -4.000000000000000000e+01 4.400000000000000000e+02 -9.120000000000000000e+02
1.067300000000000000e+04 -3.200000000000000000e+01 4.320000000000000000e+02 -9.520000000000000000e+02
1.071300000000000000e+04 -4.000000000000000000e+01 4.080000000000000000e+02 -9.520000000000000000e+02
1.075300000000000000e+04 -5.600000000000000000e+01 4.160000000000000000e+02 -9.360000000000000000e+02
1.079300000000000000e+04 -4.800000000000000000e+01 4.240000000000000000e+02 -9.360000000000000000e+02
1.083300000000000000e+04 -4.800000000000000000e+01 4.240000000000000000e+02 -9.200000000000000000e+02
1.087300000000000000e+04 -4.000000000000000000e+01 4.400000000000000000e+02 -8.880000000000000000e+02
1.091300000000000000e+04 -4.000000000000000000e+01 4.400000000000000000e+02 -9.360000000000000000e+02
1.095300000000000000e+04 -6.400000000000000000e+01 4.240000000000000000e+02 -9.360000000000000000e+02
1.098500000000000000e+04 -4.800000000000000000e+01 4.240000000000000000e+02 -9.440000000000000000e+02
1.102500000000000000e+04 -4.800000000000000000e+01 4.480000000000000000e+02 -9.440000000000000000e+02
1.106500000000000000e+04 -4.000000000000000000e+01 4.400000000000000000e+02 -9.360000000000000000e+02
1.110500000000000000e+04 -3.200000000000000000e+01 4.400000000000000000e+02 -9.120000000000000000e+02
1.114500000000000000e+04 -5.600000000000000000e+01 4.480000000000000000e+02 -9.680000000000000000e+02
1.118500000000000000e+04 -4.800000000000000000e+01 4.400000000000000000e+02 -9.120000000000000000e+02
1.122500000000000000e+04 -5.600000000000000000e+01 4.400000000000000000e+02 -9.280000000000000000e+02
1.126500000000000000e+04 -4.800000000000000000e+01 4.240000000000000000e+02 -9.440000000000000000e+02
1.130500000000000000e+04 -4.000000000000000000e+01 4.320000000000000000e+02 -9.520000000000000000e+02
1.134500000000000000e+04 -4.000000000000000000e+01 4.320000000000000000e+02 -9.440000000000000000e+02
1.138500000000000000e+04 -4.000000000000000000e+01 4.240000000000000000e+02 -9.200000000000000000e+02
1.142500000000000000e+04 -5.600000000000000000e+01 4.080000000000000000e+02 -9.280000000000000000e+02
1.146500000000000000e+04 -4.800000000000000000e+01 4.160000000000000000e+02 -9.520000000000000000e+02
1.150500000000000000e+04 -4.000000000000000000e+01 4.240000000000000000e+02 -9.120000000000000000e+02
1.154500000000000000e+04 -4.800000000000000000e+01 3.520000000000000000e+02 -9.520000000000000000e+02
1.158500000000000000e+04 -4.800000000000000000e+01 3.120000000000000000e+02 -9.920000000000000000e+02
1.162500000000000000e+04 -4.000000000000000000e+01 2.720000000000000000e+02 -9.920000000000000000e+02
1.166500000000000000e+04 -3.200000000000000000e+01 2.640000000000000000e+02 -9.920000000000000000e+02
1.170500000000000000e+04 -4.000000000000000000e+01 2.640000000000000000e+02 -9.520000000000000000e+02
1.174500000000000000e+04 -4.000000000000000000e+01 2.800000000000000000e+02 -1.016000000000000000e+03
1.178500000000000000e+04 -3.200000000000000000e+01 2.800000000000000000e+02 -9.200000000000000000e+02
1.182500000000000000e+04 -4.000000000000000000e+01 3.200000000000000000e+02 -1.008000000000000000e+03
1.186500000000000000e+04 -7.200000000000000000e+01 3.520000000000000000e+02 -9.280000000000000000e+02
1.190500000000000000e+04 -6.400000000000000000e+01 4.000000000000000000e+02 -8.320000000000000000e+02
1.194500000000000000e+04 -1.600000000000000000e+01 4.240000000000000000e+02 -8.800000000000000000e+02
1.197700000000000000e+04 0.000000000000000000e+00 4.080000000000000000e+02 -1.008000000000000000e+03
1.201700000000000000e+04 -3.200000000000000000e+01 4.080000000000000000e+02 -9.440000000000000000e+02
1.205700000000000000e+04 -3.200000000000000000e+01 4.480000000000000000e+02 -9.360000000000000000e+02
1.209700000000000000e+04 -3.200000000000000000e+01 4.800000000000000000e+02 -8.880000000000000000e+02
1.213700000000000000e+04 -4.000000000000000000e+01 4.800000000000000000e+02 -9.440000000000000000e+02
1.217700000000000000e+04 -1.600000000000000000e+01 4.560000000000000000e+02 -9.200000000000000000e+02
1.221700000000000000e+04 -2.400000000000000000e+01 4.880000000000000000e+02 -8.800000000000000000e+02
1.225700000000000000e+04 -2.400000000000000000e+01 5.200000000000000000e+02 -8.720000000000000000e+02
1.229700000000000000e+04 -2.400000000000000000e+01 4.720000000000000000e+02 -9.360000000000000000e+02
1.233700000000000000e+04 -3.200000000000000000e+01 4.560000000000000000e+02 -8.800000000000000000e+02
1.237700000000000000e+04 -4.000000000000000000e+01 4.640000000000000000e+02 -9.120000000000000000e+02
1.241700000000000000e+04 -3.200000000000000000e+01 4.560000000000000000e+02 -8.880000000000000000e+02
1.245700000000000000e+04 -4.000000000000000000e+01 4.320000000000000000e+02 -9.360000000000000000e+02
1.249700000000000000e+04 -4.000000000000000000e+01 4.240000000000000000e+02 -9.200000000000000000e+02
1.253700000000000000e+04 -2.400000000000000000e+01 4.800000000000000000e+02 -8.960000000000000000e+02
1.257700000000000000e+04 -1.600000000000000000e+01 4.560000000000000000e+02 -9.760000000000000000e+02
1.261700000000000000e+04 -4.800000000000000000e+01 4.000000000000000000e+02 -9.840000000000000000e+02
1.265700000000000000e+04 -4.800000000000000000e+01 2.560000000000000000e+02 -1.016000000000000000e+03
1.269700000000000000e+04 -5.600000000000000000e+01 2.800000000000000000e+02 -1.008000000000000000e+03
1.273700000000000000e+04 -2.400000000000000000e+01 2.720000000000000000e+02 -9.680000000000000000e+02
1.277700000000000000e+04 -4.800000000000000000e+01 3.200000000000000000e+02 -9.520000000000000000e+02
1.281700000000000000e+04 -4.800000000000000000e+01 3.360000000000000000e+02 -9.520000000000000000e+02
1.285700000000000000e+04 -5.600000000000000000e+01 3.200000000000000000e+02 -9.600000000000000000e+02
1.289700000000000000e+04 -5.600000000000000000e+01 3.200000000000000000e+02 -9.680000000000000000e+02
1.293700000000000000e+04 -4.800000000000000000e+01 3.120000000000000000e+02 -9.440000000000000000e+02
1.297000000000000000e+04 -5.600000000000000000e+01 3.120000000000000000e+02 -1.024000000000000000e+03
1.301000000000000000e+04 -7.200000000000000000e+01 2.640000000000000000e+02 -9.920000000000000000e+02
1.305000000000000000e+04 -7.200000000000000000e+01 3.120000000000000000e+02 -9.680000000000000000e+02
1.309000000000000000e+04 -2.400000000000000000e+01 3.680000000000000000e+02 -9.760000000000000000e+02
1.313000000000000000e+04 0.000000000000000000e+00 3.600000000000000000e+02 -9.520000000000000000e+02
1.317000000000000000e+04 1.600000000000000000e+01 3.520000000000000000e+02 -9.520000000000000000e+02
1.321000000000000000e+04 3.200000000000000000e+01 3.520000000000000000e+02 -1.016000000000000000e+03
1.325000000000000000e+04 4.800000000000000000e+01 3.600000000000000000e+02 -9.200000000000000000e+02
1.329000000000000000e+04 8.000000000000000000e+00 3.600000000000000000e+02 -9.440000000000000000e+02
1.333000000000000000e+04 8.000000000000000000e+00 3.520000000000000000e+02 -9.840000000000000000e+02
1.337000000000000000e+04 0.000000000000000000e+00 3.680000000000000000e+02 -9.040000000000000000e+02
1.341000000000000000e+04 0.000000000000000000e+00 3.600000000000000000e+02 -9.200000000000000000e+02
1.345000000000000000e+04 0.000000000000000000e+00 3.840000000000000000e+02 -9.120000000000000000e+02
1.349000000000000000e+04 5.600000000000000000e+01 3.360000000000000000e+02 -9.760000000000000000e+02
1.353000000000000000e+04 -8.000000000000000000e+00 3.600000000000000000e+02 -9.360000000000000000e+02
1.357000000000000000e+04 8.000000000000000000e+00 3.360000000000000000e+02 -9.840000000000000000e+02
1.361000000000000000e+04 8.000000000000000000e+00 3.360000000000000000e+02 -1.008000000000000000e+03
1.365000000000000000e+04 1.600000000000000000e+01 3.520000000000000000e+02 -9.520000000000000000e+02
1.369000000000000000e+04 -8.000000000000000000e+00 4.000000000000000000e+02 -9.040000000000000000e+02
1.373000000000000000e+04 -8.000000000000000000e+00 4.240000000000000000e+02 -8.800000000000000000e+02
1.377000000000000000e+04 0.000000000000000000e+00 4.160000000000000000e+02 -8.880000000000000000e+02
1.381000000000000000e+04 2.400000000000000000e+01 4.080000000000000000e+02 -9.680000000000000000e+02
1.385000000000000000e+04 2.400000000000000000e+01 3.760000000000000000e+02 -9.920000000000000000e+02
1.389000000000000000e+04 1.600000000000000000e+01 3.680000000000000000e+02 -9.360000000000000000e+02
1.393000000000000000e+04 8.000000000000000000e+00 3.760000000000000000e+02 -9.200000000000000000e+02
1.396100000000000000e+04 1.600000000000000000e+01 3.760000000000000000e+02 -9.520000000000000000e+02
1.400100000000000000e+04 3.200000000000000000e+01 3.680000000000000000e+02 -9.360000000000000000e+02
1.404100000000000000e+04 1.600000000000000000e+01 3.440000000000000000e+02 -9.840000000000000000e+02
1.408100000000000000e+04 1.600000000000000000e+01 3.600000000000000000e+02 -9.440000000000000000e+02
1.412100000000000000e+04 2.400000000000000000e+01 3.680000000000000000e+02 -9.440000000000000000e+02
1.416100000000000000e+04 1.600000000000000000e+01 3.600000000000000000e+02 -9.360000000000000000e+02
1.420100000000000000e+04 1.600000000000000000e+01 3.600000000000000000e+02 -9.680000000000000000e+02
1.424100000000000000e+04 2.400000000000000000e+01 3.680000000000000000e+02 -1.024000000000000000e+03
1.428100000000000000e+04 2.400000000000000000e+01 3.600000000000000000e+02 -9.680000000000000000e+02
1.432100000000000000e+04 2.400000000000000000e+01 3.600000000000000000e+02 -9.680000000000000000e+02
1.436100000000000000e+04 1.600000000000000000e+01 3.680000000000000000e+02 -9.440000000000000000e+02
1.440100000000000000e+04 1.600000000000000000e+01 3.600000000000000000e+02 -9.520000000000000000e+02
1.444100000000000000e+04 1.600000000000000000e+01 3.680000000000000000e+02 -9.280000000000000000e+02
1.448100000000000000e+04 1.600000000000000000e+01 3.600000000000000000e+02 -9.680000000000000000e+02
1.452100000000000000e+04 3.200000000000000000e+01 3.760000000000000000e+02 -9.600000000000000000e+02
1.456100000000000000e+04 2.400000000000000000e+01 3.680000000000000000e+02 -9.280000000000000000e+02
1.460100000000000000e+04 1.600000000000000000e+01 3.840000000000000000e+02 -9.200000000000000000e+02
1.464100000000000000e+04 1.600000000000000000e+01 3.680000000000000000e+02 -9.680000000000000000e+02
1.468100000000000000e+04 8.000000000000000000e+00 3.760000000000000000e+02 -9.680000000000000000e+02
1.472100000000000000e+04 1.600000000000000000e+01 3.760000000000000000e+02 -9.760000000000000000e+02
1.476100000000000000e+04 4.000000000000000000e+01 3.680000000000000000e+02 -9.760000000000000000e+02
1.480100000000000000e+04 2.400000000000000000e+01 3.680000000000000000e+02 -9.440000000000000000e+02
1.484100000000000000e+04 8.000000000000000000e+00 4.000000000000000000e+02 -9.440000000000000000e+02
1.488100000000000000e+04 1.600000000000000000e+01 4.480000000000000000e+02 -8.960000000000000000e+02
1.492100000000000000e+04 8.000000000000000000e+00 4.560000000000000000e+02 -1.008000000000000000e+03
1.495300000000000000e+04 1.600000000000000000e+01 4.160000000000000000e+02 -9.680000000000000000e+02
1.499300000000000000e+04 4.800000000000000000e+01 3.440000000000000000e+02 -9.760000000000000000e+02
1.503300000000000000e+04 2.400000000000000000e+01 4.080000000000000000e+02 -9.520000000000000000e+02
1.507300000000000000e+04 8.000000000000000000e+00 4.160000000000000000e+02 -9.040000000000000000e+02
1.511300000000000000e+04 0.000000000000000000e+00 3.840000000000000000e+02 -1.016000000000000000e+03
1.515300000000000000e+04 1.600000000000000000e+01 3.920000000000000000e+02 -1.016000000000000000e+03
1.519300000000000000e+04 -8.000000000000000000e+00 4.000000000000000000e+02 -9.280000000000000000e+02
1.523300000000000000e+04 2.400000000000000000e+01 4.000000000000000000e+02 -9.680000000000000000e+02
1.527300000000000000e+04 8.000000000000000000e+00 3.520000000000000000e+02 -9.760000000000000000e+02
1.531300000000000000e+04 1.600000000000000000e+01 3.440000000000000000e+02 -9.840000000000000000e+02
1.535300000000000000e+04 3.200000000000000000e+01 3.360000000000000000e+02 -1.016000000000000000e+03
1.539300000000000000e+04 1.600000000000000000e+01 3.440000000000000000e+02 -9.200000000000000000e+02
1.543300000000000000e+04 2.400000000000000000e+01 3.600000000000000000e+02 -8.400000000000000000e+02
1.547300000000000000e+04 0.000000000000000000e+00 3.680000000000000000e+02 -1.040000000000000000e+03
1.551300000000000000e+04 -4.000000000000000000e+01 4.000000000000000000e+02 -9.520000000000000000e+02
1.555300000000000000e+04 -1.600000000000000000e+01 2.640000000000000000e+02 -1.024000000000000000e+03
1.559300000000000000e+04 1.600000000000000000e+01 2.800000000000000000e+02 -8.800000000000000000e+02
1.563300000000000000e+04 8.000000000000000000e+00 3.760000000000000000e+02 -9.040000000000000000e+02
1.567300000000000000e+04 0.000000000000000000e+00 3.360000000000000000e+02 -9.440000000000000000e+02
1.571300000000000000e+04 3.200000000000000000e+01 3.200000000000000000e+02 -1.000000000000000000e+03
1.575300000000000000e+04 2.400000000000000000e+01 3.280000000000000000e+02 -9.840000000000000000e+02
1.579300000000000000e+04 1.600000000000000000e+01 3.520000000000000000e+02 -9.200000000000000000e+02
1.583300000000000000e+04 2.400000000000000000e+01 4.480000000000000000e+02 -8.880000000000000000e+02
1.587300000000000000e+04 8.000000000000000000e+00 4.640000000000000000e+02 -8.800000000000000000e+02
1.591300000000000000e+04 -8.000000000000000000e+00 4.160000000000000000e+02 -9.600000000000000000e+02
1.594500000000000000e+04 -8.000000000000000000e+00 3.920000000000000000e+02 -9.520000000000000000e+02
1.598500000000000000e+04 8.000000000000000000e+00 3.840000000000000000e+02 -1.016000000000000000e+03
1.602500000000000000e+04 0.000000000000000000e+00 3.760000000000000000e+02 -9.360000000000000000e+02
1.606500000000000000e+04 -8.000000000000000000e+00 3.600000000000000000e+02 -9.360000000000000000e+02
1.610500000000000000e+04 -8.000000000000000000e+00 3.600000000000000000e+02 -9.440000000000000000e+02
1.614500000000000000e+04 0.000000000000000000e+00 3.440000000000000000e+02 -9.360000000000000000e+02
1.618500000000000000e+04 -8.000000000000000000e+00 3.600000000000000000e+02 -9.600000000000000000e+02
1.622500000000000000e+04 8.000000000000000000e+00 3.520000000000000000e+02 -9.520000000000000000e+02
1.626500000000000000e+04 8.000000000000000000e+00 3.600000000000000000e+02 -9.600000000000000000e+02
1.630500000000000000e+04 -8.000000000000000000e+00 3.680000000000000000e+02 -9.600000000000000000e+02
1.634500000000000000e+04 -8.000000000000000000e+00 3.680000000000000000e+02 -9.360000000000000000e+02
1.638500000000000000e+04 0.000000000000000000e+00 3.600000000000000000e+02 -9.760000000000000000e+02
1.642500000000000000e+04 8.000000000000000000e+00 3.520000000000000000e+02 -9.440000000000000000e+02
1.646500000000000000e+04 0.000000000000000000e+00 3.520000000000000000e+02 -9.440000000000000000e+02
1.650500000000000000e+04 0.000000000000000000e+00 3.680000000000000000e+02 -9.440000000000000000e+02
1.654500000000000000e+04 8.000000000000000000e+00 3.840000000000000000e+02 -9.680000000000000000e+02
1.658500000000000000e+04 0.000000000000000000e+00 3.680000000000000000e+02 -9.680000000000000000e+02
1.662500000000000000e+04 0.000000000000000000e+00 3.600000000000000000e+02 -9.600000000000000000e+02
1.666500000000000000e+04 0.000000000000000000e+00 3.760000000000000000e+02 -9.680000000000000000e+02
1.670500000000000000e+04 -1.600000000000000000e+01 3.600000000000000000e+02 -9.440000000000000000e+02
1.674500000000000000e+04 -8.000000000000000000e+00 3.520000000000000000e+02 -9.360000000000000000e+02
1.678500000000000000e+04 -1.600000000000000000e+01 3.360000000000000000e+02 -9.600000000000000000e+02
1.682500000000000000e+04 -8.000000000000000000e+00 3.440000000000000000e+02 -9.600000000000000000e+02
1.686500000000000000e+04 -1.600000000000000000e+01 3.520000000000000000e+02 -9.680000000000000000e+02
1.690500000000000000e+04 -8.000000000000000000e+00 3.520000000000000000e+02 -9.680000000000000000e+02
1.693700000000000000e+04 0.000000000000000000e+00 3.520000000000000000e+02 -9.600000000000000000e+02
1.697700000000000000e+04 -3.200000000000000000e+01 3.520000000000000000e+02 -9.440000000000000000e+02
1.701700000000000000e+04 -3.200000000000000000e+01 3.440000000000000000e+02 -9.280000000000000000e+02
1.705700000000000000e+04 -1.600000000000000000e+01 3.440000000000000000e+02 -9.920000000000000000e+02
1.709700000000000000e+04 -2.400000000000000000e+01 3.520000000000000000e+02 -9.760000000000000000e+02
1.713700000000000000e+04 -8.000000000000000000e+00 3.360000000000000000e+02 -9.520000000000000000e+02
1.717700000000000000e+04 -8.000000000000000000e+00 3.440000000000000000e+02 -1.024000000000000000e+03
1.721700000000000000e+04 -8.000000000000000000e+00 3.440000000000000000e+02 -9.600000000000000000e+02
1.725700000000000000e+04 0.000000000000000000e+00 3.440000000000000000e+02 -9.600000000000000000e+02
1.729700000000000000e+04 -8.000000000000000000e+00 3.520000000000000000e+02 -9.520000000000000000e+02
1.733700000000000000e+04 0.000000000000000000e+00 3.440000000000000000e+02 -9.360000000000000000e+02
1.737700000000000000e+04 0.000000000000000000e+00 3.520000000000000000e+02 -9.200000000000000000e+02
1.741700000000000000e+04 0.000000000000000000e+00 3.520000000000000000e+02 -9.520000000000000000e+02
1.745700000000000000e+04 -8.000000000000000000e+00 3.600000000000000000e+02 -9.520000000000000000e+02
1.749700000000000000e+04 -8.000000000000000000e+00 3.760000000000000000e+02 -9.680000000000000000e+02
1.753700000000000000e+04 -1.600000000000000000e+01 3.360000000000000000e+02 -9.680000000000000000e+02
1.757700000000000000e+04 0.000000000000000000e+00 2.960000000000000000e+02 -1.032000000000000000e+03
1.761700000000000000e+04 -1.600000000000000000e+01 2.640000000000000000e+02 -9.680000000000000000e+02
1.765700000000000000e+04 -2.400000000000000000e+01 2.480000000000000000e+02 -1.000000000000000000e+03
1.769700000000000000e+04 -2.400000000000000000e+01 2.320000000000000000e+02 -1.016000000000000000e+03
1.773700000000000000e+04 -3.200000000000000000e+01 2.400000000000000000e+02 -9.760000000000000000e+02
1.777700000000000000e+04 -3.200000000000000000e+01 2.320000000000000000e+02 -1.008000000000000000e+03
1.781700000000000000e+04 -1.600000000000000000e+01 2.240000000000000000e+02 -9.120000000000000000e+02
1.785700000000000000e+04 -1.600000000000000000e+01 2.640000000000000000e+02 -9.440000000000000000e+02
1.789700000000000000e+04 -1.600000000000000000e+01 2.880000000000000000e+02 -9.360000000000000000e+02
1.792900000000000000e+04 -4.000000000000000000e+01 2.960000000000000000e+02 -9.520000000000000000e+02
1.796900000000000000e+04 -3.200000000000000000e+01 2.960000000000000000e+02 -1.024000000000000000e+03
1.800900000000000000e+04 -3.200000000000000000e+01 2.560000000000000000e+02 -9.920000000000000000e+02
1.804900000000000000e+04 -1.600000000000000000e+01 3.040000000000000000e+02 -9.840000000000000000e+02
1.808900000000000000e+04 -3.200000000000000000e+01 3.520000000000000000e+02 -1.048000000000000000e+03
1.812900000000000000e+04 -1.600000000000000000e+01 3.200000000000000000e+02 -8.800000000000000000e+02
1.816900000000000000e+04 0.000000000000000000e+00 3.440000000000000000e+02 -9.600000000000000000e+02
1.820900000000000000e+04 -8.000000000000000000e+00 4.240000000000000000e+02 -1.000000000000000000e+03
1.824900000000000000e+04 -1.200000000000000000e+02 5.680000000000000000e+02 -8.480000000000000000e+02
1.828900000000000000e+04 2.400000000000000000e+01 3.840000000000000000e+02 -9.840000000000000000e+02
1.832900000000000000e+04 -3.200000000000000000e+01 4.640000000000000000e+02 -8.560000000000000000e+02
1.836900000000000000e+04 -2.400000000000000000e+01 4.800000000000000000e+02 -7.840000000000000000e+02
1.840900000000000000e+04 -5.600000000000000000e+01 5.040000000000000000e+02 -7.360000000000000000e+02
1.844900000000000000e+04 -7.200000000000000000e+01 4.880000000000000000e+02 -9.440000000000000000e+02
1.848900000000000000e+04 -8.000000000000000000e+01 5.680000000000000000e+02 -8.400000000000000000e+02
1.852900000000000000e+04 -7.200000000000000000e+01 5.040000000000000000e+02 -9.920000000000000000e+02
1.856900000000000000e+04 -5.600000000000000000e+01 5.200000000000000000e+02 -8.240000000000000000e+02
1.860900000000000000e+04 -4.800000000000000000e+01 5.280000000000000000e+02 -9.040000000000000000e+02
1.864900000000000000e+04 -2.400000000000000000e+01 5.360000000000000000e+02 -9.680000000000000000e+02
1.868900000000000000e+04 -5.600000000000000000e+01 4.640000000000000000e+02 -9.200000000000000000e+02
1.872900000000000000e+04 -8.000000000000000000e+01 4.240000000000000000e+02 -9.680000000000000000e+02
1.876900000000000000e+04 -6.400000000000000000e+01 3.920000000000000000e+02 -9.280000000000000000e+02
1.880900000000000000e+04 -4.800000000000000000e+01 4.320000000000000000e+02 -9.120000000000000000e+02
1.884900000000000000e+04 -5.600000000000000000e+01 4.640000000000000000e+02 -8.480000000000000000e+02
1.888900000000000000e+04 -4.000000000000000000e+01 4.960000000000000000e+02 -8.880000000000000000e+02
1.892100000000000000e+04 -3.200000000000000000e+01 5.040000000000000000e+02 -8.960000000000000000e+02
1.896100000000000000e+04 -4.000000000000000000e+01 5.200000000000000000e+02 -9.040000000000000000e+02
1.900100000000000000e+04 -3.200000000000000000e+01 4.960000000000000000e+02 -8.000000000000000000e+02
1.904100000000000000e+04 -1.600000000000000000e+01 6.000000000000000000e+02 -8.000000000000000000e+02
1.908100000000000000e+04 -1.600000000000000000e+01 5.680000000000000000e+02 -8.640000000000000000e+02
1.912100000000000000e+04 -8.000000000000000000e+00 5.760000000000000000e+02 -9.280000000000000000e+02
1.916100000000000000e+04 -1.600000000000000000e+01 4.400000000000000000e+02 -9.840000000000000000e+02
1.920100000000000000e+04 -3.200000000000000000e+01 4.800000000000000000e+02 -9.360000000000000000e+02
1.924100000000000000e+04 -8.800000000000000000e+01 4.560000000000000000e+02 -9.280000000000000000e+02
1.928100000000000000e+04 -1.120000000000000000e+02 3.920000000000000000e+02 -8.560000000000000000e+02
1.932100000000000000e+04 -1.120000000000000000e+02 4.160000000000000000e+02 -8.560000000000000000e+02
1.936100000000000000e+04 -1.280000000000000000e+02 3.920000000000000000e+02 -8.880000000000000000e+02
1.940100000000000000e+04 -1.040000000000000000e+02 4.080000000000000000e+02 -8.560000000000000000e+02
1.944100000000000000e+04 -1.120000000000000000e+02 4.400000000000000000e+02 -9.120000000000000000e+02
1.948100000000000000e+04 -8.800000000000000000e+01 4.160000000000000000e+02 -9.680000000000000000e+02
1.952100000000000000e+04 -4.800000000000000000e+01 4.800000000000000000e+02 -1.016000000000000000e+03
1.956100000000000000e+04 -5.600000000000000000e+01 4.640000000000000000e+02 -8.800000000000000000e+02
1.960100000000000000e+04 -4.800000000000000000e+01 4.720000000000000000e+02 -8.880000000000000000e+02
1.964100000000000000e+04 -6.400000000000000000e+01 4.880000000000000000e+02 -9.520000000000000000e+02
1.968100000000000000e+04 -8.000000000000000000e+01 4.560000000000000000e+02 -8.960000000000000000e+02
1.972100000000000000e+04 -8.000000000000000000e+01 4.400000000000000000e+02 -9.040000000000000000e+02
1.976100000000000000e+04 -6.400000000000000000e+01 4.640000000000000000e+02 -9.280000000000000000e+02
1.980100000000000000e+04 -6.400000000000000000e+01 4.720000000000000000e+02 -9.120000000000000000e+02
1.984100000000000000e+04 -7.200000000000000000e+01 4.800000000000000000e+02 -9.280000000000000000e+02
1.988100000000000000e+04 -6.400000000000000000e+01 4.640000000000000000e+02 -9.360000000000000000e+02
