1.210000000000000000e+02 3.360000000000000000e+02 9.520000000000000000e+02 1.040000000000000000e+02
1.610000000000000000e+02 3.440000000000000000e+02 9.520000000000000000e+02 9.600000000000000000e+01
2.010000000000000000e+02 3.440000000000000000e+02 9.520000000000000000e+02 8.800000000000000000e+01
2.410000000000000000e+02 3.440000000000000000e+02 9.520000000000000000e+02 8.800000000000000000e+01
2.810000000000000000e+02 3.360000000000000000e+02 9.440000000000000000e+02 9.600000000000000000e+01
3.210000000000000000e+02 3.440000000000000000e+02 9.520000000000000000e+02 1.040000000000000000e+02
3.610000000000000000e+02 3.280000000000000000e+02 9.600000000000000000e+02 8.800000000000000000e+01
4.010000000000000000e+02 3.520000000000000000e+02 9.440000000000000000e+02 1.040000000000000000e+02
4.410000000000000000e+02 3.680000000000000000e+02 9.440000000000000000e+02 1.040000000000000000e+02
4.810000000000000000e+02 3.440000000000000000e+02 9.200000000000000000e+02 1.120000000000000000e+02
5.210000000000000000e+02 3.520000000000000000e+02 9.280000000000000000e+02 1.040000000000000000e+02
5.610000000000000000e+02 3.600000000000000000e+02 9.360000000000000000e+02 1.200000000000000000e+02
6.010000000000000000e+02 3.520000000000000000e+02 9.360000000000000000e+02 8.800000000000000000e+01
6.410000000000000000e+02 3.440000000000000000e+02 9.440000000000000000e+02 1.040000000000000000e+02
6.810000000000000000e+02 3.520000000000000000e+02 9.440000000000000000e+02 8.800000000000000000e+01
7.210000000000000000e+02 3.520000000000000000e+02 9.440000000000000000e+02 1.040000000000000000e+02
7.610000000000000000e+02 3.600000000000000000e+02 9.440000000000000000e+02 1.040000000000000000e+02
8.010000000000000000e+02 3.520000000000000000e+02 9.440000000000000000e+02 1.120000000000000000e+02
8.410000000000000000e+02 3.600000000000000000e+02 9.440000000000000000e+02 9.600000000000000000e+01
8.810000000000000000e+02 3.520000000000000000e+02 9.440000000000000000e+02 1.040000000000000000e+02
9.210000000000000000e+02 3.440000000000000000e+02 9.440000000000000000e+02 1.200000000000000000e+02
9.610000000000000000e+02 3.440000000000000000e+02 9.440000000000000000e+02 1.120000000000000000e+02
1.001000000000000000e+03 3.520000000000000000e+02 9.440000000000000000e+02 1.120000000000000000e+02
1.041000000000000000e+03 3.520000000000000000e+02 9.440000000000000000e+02 9.600000000000000000e+01
1.081000000000000000e+03 3.600000000000000000e+02 9.440000000000000000e+02 1.200000000000000000e+02
1.091000000000000000e+03 3.600000000000000000e+02 9.440000000000000000e+02 8.000000000000000000e+01
1.131000000000000000e+03 3.600000000000000000e+02 9.440000000000000000e+02 1.040000000000000000e+02
1.171000000000000000e+03 3.600000000000000000e+02 9.440000000000000000e+02 1.040000000000000000e+02
1.211000000000000000e+03 3.600000000000000000e+02 9.440000000000000000e+02 1.200000000000000000e+02
1.251000000000000000e+03 3.600000000000000000e+02 9.360000000000000000e+02 1.040000000000000000e+02
1.291000000000000000e+03 3.520000000000000000e+02 9.360000000000000000e+02 9.600000000000000000e+01
1.331000000000000000e+03 3.520000000000000000e+02 9.520000000000000000e+02 5.600000000000000000e+01
1.371000000000000000e+03 3.680000000000000000e+02 9.440000000000000000e+02 1.360000000000000000e+02
1.411000000000000000e+03 3.520000000000000000e+02 9.440000000000000000e+02 9.600000000000000000e+01
1.451000000000000000e+03 3.360000000000000000e+02 9.520000000000000000e+02 9.600000000000000000e+01
1.491000000000000000e+03 3.280000000000000000e+02 9.440000000000000000e+02 8.000000000000000000e+01
1.531000000000000000e+03 3.520000000000000000e+02 9.520000000000000000e+02 1.120000000000000000e+02
1.571000000000000000e+03 3.680000000000000000e+02 9.360000000000000000e+02 1.280000000000000000e+02
1.611000000000000000e+03 3.840000000000000000e+02 9.360000000000000000e+02 1.360000000000000000e+02
1.651000000000000000e+03 3.840000000000000000e+02 9.360000000000000000e+02 1.040000000000000000e+02
1.691000000000000000e+03 3.840000000000000000e+02 9.440000000000000000e+02 8.000000000000000000e+01
1.731000000000000000e+03 3.440000000000000000e+02 9.440000000000000000e+02 1.040000000000000000e+02
1.771000000000000000e+03 3.280000000000000000e+02 9.440000000000000000e+02 8.800000000000000000e+01
1.811000000000000000e+03 3.360000000000000000e+02 9.440000000000000000e+02 1.280000000000000000e+02
1.851000000000000000e+03 3.440000000000000000e+02 9.440000000000000000e+02 7.200000000000000000e+01
1.891000000000000000e+03 3.360000000000000000e+02 9.360000000000000000e+02 1.120000000000000000e+02
1.931000000000000000e+03 3.360000000000000000e+02 9.440000000000000000e+02 9.600000000000000000e+01
1.971000000000000000e+03 3.520000000000000000e+02 9.360000000000000000e+02 8.000000000000000000e+01
2.011000000000000000e+03 3.200000000000000000e+02 9.360000000000000000e+02 8.000000000000000000e+00
2.051000000000000000e+03 3.280000000000000000e+02 9.280000000000000000e+02 8.000000000000000000e+01
2.082000000000000000e+03 3.280000000000000000e+02 9.280000000000000000e+02 9.600000000000000000e+01
2.122000000000000000e+03 3.440000000000000000e+02 9.360000000000000000e+02 1.520000000000000000e+02
2.162000000000000000e+03 3.600000000000000000e+02 9.440000000000000000e+02 1.040000000000000000e+02
2.202000000000000000e+03 3.600000000000000000e+02 9.520000000000000000e+02 9.600000000000000000e+01
2.242000000000000000e+03 3.440000000000000000e+02 9.600000000000000000e+02 1.200000000000000000e+02
2.282000000000000000e+03 3.280000000000000000e+02 9.520000000000000000e+02 8.800000000000000000e+01
2.322000000000000000e+03 3.120000000000000000e+02 9.680000000000000000e+02 1.360000000000000000e+02
2.362000000000000000e+03 3.280000000000000000e+02 9.680000000000000000e+02 1.440000000000000000e+02
2.402000000000000000e+03 3.360000000000000000e+02 9.600000000000000000e+02 1.120000000000000000e+02
2.442000000000000000e+03 3.360000000000000000e+02 9.520000000000000000e+02 8.000000000000000000e+01
2.482000000000000000e+03 3.200000000000000000e+02 9.280000000000000000e+02 1.280000000000000000e+02
2.522000000000000000e+03 3.360000000000000000e+02 9.360000000000000000e+02 1.280000000000000000e+02
2.562000000000000000e+03 3.280000000000000000e+02 9.360000000000000000e+02 8.800000000000000000e+01
2.602000000000000000e+03 3.280000000000000000e+02 9.280000000000000000e+02 1.120000000000000000e+02
2.642000000000000000e+03 3.280000000000000000e+02 9.360000000000000000e+02 8.800000000000000000e+01
2.682000000000000000e+03 3.200000000000000000e+02 9.600000000000000000e+02 1.280000000000000000e+02
2.722000000000000000e+03 3.120000000000000000e+02 9.600000000000000000e+02 1.280000000000000000e+02
2.762000000000000000e+03 3.200000000000000000e+02 9.520000000000000000e+02 9.600000000000000000e+01
2.802000000000000000e+03 3.200000000000000000e+02 9.600000000000000000e+02 1.520000000000000000e+02
2.842000000000000000e+03 3.280000000000000000e+02 9.520000000000000000e+02 1.360000000000000000e+02
2.882000000000000000e+03 3.360000000000000000e+02 9.520000000000000000e+02 1.360000000000000000e+02
2.922000000000000000e+03 3.360000000000000000e+02 9.440000000000000000e+02 1.120000000000000000e+02
2.962000000000000000e+03 3.200000000000000000e+02 9.440000000000000000e+02 1.280000000000000000e+02
3.002000000000000000e+03 3.280000000000000000e+02 9.440000000000000000e+02 1.360000000000000000e+02
3.042000000000000000e+03 3.360000000000000000e+02 9.440000000000000000e+02 1.360000000000000000e+02
3.073000000000000000e+03 3.360000000000000000e+02 9.600000000000000000e+02 1.440000000000000000e+02
3.113000000000000000e+03 3.280000000000000000e+02 9.520000000000000000e+02 9.600000000000000000e+01
3.153000000000000000e+03 3.520000000000000000e+02 9.520000000000000000e+02 1.200000000000000000e+02
3.193000000000000000e+03 3.600000000000000000e+02 9.440000000000000000e+02 1.120000000000000000e+02
3.233000000000000000e+03 3.440000000000000000e+02 9.360000000000000000e+02 1.360000000000000000e+02
3.273000000000000000e+03 3.600000000000000000e+02 9.520000000000000000e+02 1.360000000000000000e+02
3.313000000000000000e+03 3.600000000000000000e+02 9.440000000000000000e+02 1.440000000000000000e+02
3.353000000000000000e+03 3.440000000000000000e+02 9.440000000000000000e+02 1.120000000000000000e+02
3.393000000000000000e+03 3.360000000000000000e+02 9.520000000000000000e+02 1.200000000000000000e+02
3.433000000000000000e+03 3.360000000000000000e+02 9.440000000000000000e+02 1.360000000000000000e+02
3.473000000000000000e+03 3.280000000000000000e+02 9.440000000000000000e+02 1.280000000000000000e+02
3.513000000000000000e+03 3.360000000000000000e+02 9.360000000000000000e+02 1.120000000000000000e+02
3.553000000000000000e+03 3.360000000000000000e+02 9.440000000000000000e+02 1.600000000000000000e+02
3.593000000000000000e+03 3.360000000000000000e+02 9.440000000000000000e+02 1.280000000000000000e+02
3.633000000000000000e+03 3.280000000000000000e+02 9.280000000000000000e+02 1.280000000000000000e+02
3.673000000000000000e+03 3.360000000000000000e+02 9.520000000000000000e+02 9.600000000000000000e+01
3.713000000000000000e+03 3.360000000000000000e+02 9.520000000000000000e+02 1.280000000000000000e+02
3.753000000000000000e+03 2.960000000000000000e+02 9.520000000000000000e+02 1.440000000000000000e+02
3.793000000000000000e+03 3.200000000000000000e+02 9.520000000000000000e+02 5.600000000000000000e+01
3.833000000000000000e+03 3.280000000000000000e+02 9.520000000000000000e+02 1.280000000000000000e+02
3.873000000000000000e+03 3.280000000000000000e+02 9.360000000000000000e+02 1.280000000000000000e+02
3.913000000000000000e+03 3.440000000000000000e+02 9.440000000000000000e+02 1.280000000000000000e+02
3.953000000000000000e+03 3.360000000000000000e+02 9.440000000000000000e+02 1.360000000000000000e+02
3.993000000000000000e+03 3.360000000000000000e+02 9.360000000000000000e+02 1.360000000000000000e+02
4.033000000000000000e+03 3.360000000000000000e+02 9.280000000000000000e+02 1.920000000000000000e+02
4.065000000000000000e+03 3.520000000000000000e+02 9.200000000000000000e+02 1.120000000000000000e+02
4.105000000000000000e+03 3.360000000000000000e+02 9.360000000000000000e+02 1.200000000000000000e+02
4.145000000000000000e+03 3.280000000000000000e+02 9.360000000000000000e+02 1.280000000000000000e+02
4.185000000000000000e+03 3.360000000000000000e+02 9.360000000000000000e+02 1.120000000000000000e+02
4.225000000000000000e+03 3.360000000000000000e+02 9.440000000000000000e+02 1.280000000000000000e+02
4.265000000000000000e+03 3.280000000000000000e+02 9.360000000000000000e+02 1.040000000000000000e+02
4.305000000000000000e+03 3.360000000000000000e+02 9.440000000000000000e+02 1.120000000000000000e+02
4.345000000000000000e+03 3.360000000000000000e+02 9.280000000000000000e+02 9.600000000000000000e+01
4.385000000000000000e+03 3.280000000000000000e+02 9.600000000000000000e+02 1.120000000000000000e+02
4.425000000000000000e+03 3.360000000000000000e+02 9.440000000000000000e+02 1.280000000000000000e+02
4.465000000000000000e+03 3.520000000000000000e+02 9.600000000000000000e+02 1.040000000000000000e+02
4.505000000000000000e+03 3.360000000000000000e+02 9.440000000000000000e+02 1.200000000000000000e+02
4.545000000000000000e+03 3.360000000000000000e+02 9.440000000000000000e+02 1.200000000000000000e+02
4.585000000000000000e+03 3.280000000000000000e+02 9.440000000000000000e+02 1.360000000000000000e+02
4.625000000000000000e+03 3.280000000000000000e+02 9.440000000000000000e+02 1.280000000000000000e+02
4.665000000000000000e+03 3.360000000000000000e+02 9.440000000000000000e+02 1.200000000000000000e+02
4.705000000000000000e+03 3.280000000000000000e+02 9.600000000000000000e+02 1.280000000000000000e+02
4.745000000000000000e+03 3.280000000000000000e+02 9.600000000000000000e+02 5.600000000000000000e+01
4.785000000000000000e+03 3.200000000000000000e+02 9.360000000000000000e+02 9.600000000000000000e+01
4.825000000000000000e+03 3.520000000000000000e+02 9.280000000000000000e+02 1.360000000000000000e+02
4.865000000000000000e+03 3.440000000000000000e+02 9.280000000000000000e+02 1.360000000000000000e+02
4.905000000000000000e+03 3.360000000000000000e+02 9.200000000000000000e+02 1.760000000000000000e+02
4.945000000000000000e+03 3.280000000000000000e+02 9.280000000000000000e+02 1.440000000000000000e+02
4.985000000000000000e+03 3.280000000000000000e+02 9.280000000000000000e+02 1.360000000000000000e+02
5.025000000000000000e+03 3.280000000000000000e+02 9.440000000000000000e+02 1.440000000000000000e+02
5.057000000000000000e+03 3.280000000000000000e+02 9.440000000000000000e+02 8.800000000000000000e+01
5.097000000000000000e+03 3.280000000000000000e+02 9.440000000000000000e+02 1.040000000000000000e+02
5.137000000000000000e+03 3.360000000000000000e+02 9.440000000000000000e+02 1.280000000000000000e+02
5.177000000000000000e+03 3.200000000000000000e+02 9.440000000000000000e+02 1.680000000000000000e+02
5.217000000000000000e+03 3.280000000000000000e+02 9.520000000000000000e+02 1.280000000000000000e+02
5.257000000000000000e+03 3.440000000000000000e+02 9.520000000000000000e+02 1.280000000000000000e+02
5.297000000000000000e+03 3.520000000000000000e+02 9.520000000000000000e+02 1.200000000000000000e+02
5.337000000000000000e+03 3.440000000000000000e+02 9.440000000000000000e+02 1.040000000000000000e+02
5.377000000000000000e+03 3.200000000000000000e+02 9.200000000000000000e+02 1.200000000000000000e+02
5.417000000000000000e+03 3.280000000000000000e+02 9.360000000000000000e+02 1.200000000000000000e+02
5.457000000000000000e+03 3.280000000000000000e+02 9.440000000000000000e+02 1.120000000000000000e+02
5.497000000000000000e+03 3.280000000000000000e+02 9.360000000000000000e+02 8.800000000000000000e+01
5.537000000000000000e+03 3.280000000000000000e+02 9.520000000000000000e+02 1.360000000000000000e+02
5.577000000000000000e+03 3.120000000000000000e+02 9.520000000000000000e+02 1.280000000000000000e+02
5.617000000000000000e+03 3.200000000000000000e+02 9.600000000000000000e+02 1.200000000000000000e+02
5.657000000000000000e+03 3.280000000000000000e+02 9.440000000000000000e+02 1.120000000000000000e+02
5.697000000000000000e+03 3.360000000000000000e+02 9.440000000000000000e+02 5.600000000000000000e+01
5.737000000000000000e+03 3.360000000000000000e+02 9.440000000000000000e+02 1.200000000000000000e+02
5.777000000000000000e+03 3.360000000000000000e+02 9.440000000000000000e+02 1.680000000000000000e+02
5.817000000000000000e+03 3.520000000000000000e+02 9.520000000000000000e+02 1.120000000000000000e+02
5.857000000000000000e+03 3.360000000000000000e+02 9.520000000000000000e+02 1.280000000000000000e+02
5.897000000000000000e+03 3.360000000000000000e+02 9.520000000000000000e+02 1.840000000000000000e+02
5.937000000000000000e+03 3.440000000000000000e+02 9.440000000000000000e+02 1.120000000000000000e+02
5.977000000000000000e+03 3.440000000000000000e+02 9.680000000000000000e+02 1.120000000000000000e+02
6.017000000000000000e+03 3.440000000000000000e+02 9.760000000000000000e+02 1.440000000000000000e+02
6.048000000000000000e+03 3.360000000000000000e+02 9.680000000000000000e+02 1.200000000000000000e+02
6.088000000000000000e+03 3.360000000000000000e+02 9.600000000000000000e+02 1.120000000000000000e+02
6.128000000000000000e+03 3.360000000000000000e+02 9.360000000000000000e+02 1.280000000000000000e+02
6.168000000000000000e+03 3.360000000000000000e+02 9.440000000000000000e+02 1.120000000000000000e+02
6.208000000000000000e+03 3.440000000000000000e+02 9.360000000000000000e+02 1.280000000000000000e+02
6.248000000000000000e+03 3.760000000000000000e+02 9.520000000000000000e+02 1.360000000000000000e+02
6.288000000000000000e+03 3.600000000000000000e+02 9.520000000000000000e+02 1.360000000000000000e+02
6.328000000000000000e+03 3.680000000000000000e+02 9.440000000000000000e+02 9.600000000000000000e+01
6.368000000000000000e+03 3.760000000000000000e+02 9.360000000000000000e+02 1.200000000000000000e+02
6.408000000000000000e+03 3.600000000000000000e+02 9.440000000000000000e+02 9.600000000000000000e+01
6.448000000000000000e+03 3.520000000000000000e+02 9.440000000000000000e+02 1.120000000000000000e+02
6.488000000000000000e+03 3.520000000000000000e+02 9.440000000000000000e+02 1.040000000000000000e+02
6.528000000000000000e+03 3.680000000000000000e+02 9.440000000000000000e+02 8.800000000000000000e+01
6.568000000000000000e+03 3.520000000000000000e+02 9.280000000000000000e+02 6.400000000000000000e+01
6.608000000000000000e+03 3.360000000000000000e+02 9.360000000000000000e+02 9.600000000000000000e+01
6.648000000000000000e+03 3.360000000000000000e+02 9.360000000000000000e+02 9.600000000000000000e+01
6.688000000000000000e+03 3.200000000000000000e+02 9.600000000000000000e+02 4.800000000000000000e+01
6.728000000000000000e+03 3.440000000000000000e+02 9.520000000000000000e+02 1.040000000000000000e+02
6.768000000000000000e+03 3.440000000000000000e+02 9.360000000000000000e+02 1.040000000000000000e+02
6.808000000000000000e+03 3.600000000000000000e+02 9.520000000000000000e+02 8.000000000000000000e+01
6.848000000000000000e+03 3.520000000000000000e+02 9.520000000000000000e+02 1.040000000000000000e+02
6.888000000000000000e+03 3.440000000000000000e+02 9.440000000000000000e+02 1.120000000000000000e+02
6.928000000000000000e+03 3.520000000000000000e+02 9.440000000000000000e+02 8.800000000000000000e+01
6.968000000000000000e+03 3.360000000000000000e+02 9.520000000000000000e+02 1.120000000000000000e+02
7.008000000000000000e+03 3.440000000000000000e+02 9.440000000000000000e+02 1.120000000000000000e+02
7.040000000000000000e+03 3.520000000000000000e+02 9.440000000000000000e+02 9.600000000000000000e+01
7.080000000000000000e+03 3.440000000000000000e+02 9.440000000000000000e+02 1.200000000000000000e+02
7.120000000000000000e+03 3.520000000000000000e+02 9.440000000000000000e+02 1.120000000000000000e+02
7.160000000000000000e+03 3.520000000000000000e+02 9.440000000000000000e+02 1.120000000000000000e+02
7.200000000000000000e+03 3.440000000000000000e+02 9.360000000000000000e+02 1.120000000000000000e+02
7.240000000000000000e+03 3.520000000000000000e+02 9.360000000000000000e+02 1.120000000000000000e+02
7.280000000000000000e+03 3.440000000000000000e+02 9.440000000000000000e+02 8.000000000000000000e+01
7.320000000000000000e+03 3.360000000000000000e+02 9.280000000000000000e+02 1.360000000000000000e+02
7.360000000000000000e+03 3.360000000000000000e+02 9.360000000000000000e+02 1.200000000000000000e+02
7.400000000000000000e+03 3.440000000000000000e+02 9.440000000000000000e+02 9.600000000000000000e+01
7.440000000000000000e+03 3.360000000000000000e+02 9.440000000000000000e+02 9.600000000000000000e+01
7.480000000000000000e+03 3.440000000000000000e+02 9.440000000000000000e+02 1.280000000000000000e+02
7.520000000000000000e+03 3.360000000000000000e+02 9.440000000000000000e+02 1.200000000000000000e+02
7.560000000000000000e+03 3.440000000000000000e+02 9.520000000000000000e+02 1.200000000000000000e+02
7.600000000000000000e+03 3.360000000000000000e+02 9.440000000000000000e+02 1.280000000000000000e+02
7.640000000000000000e+03 3.280000000000000000e+02 9.440000000000000000e+02 1.040000000000000000e+02
7.680000000000000000e+03 3.280000000000000000e+02 9.440000000000000000e+02 1.280000000000000000e+02
7.720000000000000000e+03 3.360000000000000000e+02 9.440000000000000000e+02 1.120000000000000000e+02
7.760000000000000000e+03 3.440000000000000000e+02 9.440000000000000000e+02 1.520000000000000000e+02
7.800000000000000000e+03 3.360000000000000000e+02 9.440000000000000000e+02 1.120000000000000000e+02
7.840000000000000000e+03 3.280000000000000000e+02 9.520000000000000000e+02 9.600000000000000000e+01
7.880000000000000000e+03 3.280000000000000000e+02 9.440000000000000000e+02 9.600000000000000000e+01
7.920000000000000000e+03 3.360000000000000000e+02 9.440000000000000000e+02 1.600000000000000000e+02
7.960000000000000000e+03 3.280000000000000000e+02 9.360000000000000000e+02 9.600000000000000000e+01
8.000000000000000000e+03 3.360000000000000000e+02 9.440000000000000000e+02 1.200000000000000000e+02
8.031000000000000000e+03 3.280000000000000000e+02 9.280000000000000000e+02 1.120000000000000000e+02
8.071000000000000000e+03 3.360000000000000000e+02 9.440000000000000000e+02 1.440000000000000000e+02
8.111000000000000000e+03 3.440000000000000000e+02 9.440000000000000000e+02 1.120000000000000000e+02
8.151000000000000000e+03 3.200000000000000000e+02 9.360000000000000000e+02 1.280000000000000000e+02
8.191000000000000000e+03 3.280000000000000000e+02 9.360000000000000000e+02 1.280000000000000000e+02
8.231000000000000000e+03 3.360000000000000000e+02 9.120000000000000000e+02 1.520000000000000000e+02
8.271000000000000000e+03 3.200000000000000000e+02 9.200000000000000000e+02 1.200000000000000000e+02
8.311000000000000000e+03 3.280000000000000000e+02 9.360000000000000000e+02 1.040000000000000000e+02
8.351000000000000000e+03 3.280000000000000000e+02 9.360000000000000000e+02 1.680000000000000000e+02
8.391000000000000000e+03 3.280000000000000000e+02 9.520000000000000000e+02 1.200000000000000000e+02
8.431000000000000000e+03 3.280000000000000000e+02 9.520000000000000000e+02 1.360000000000000000e+02
8.471000000000000000e+03 3.200000000000000000e+02 9.520000000000000000e+02 1.120000000000000000e+02
8.511000000000000000e+03 3.520000000000000000e+02 9.520000000000000000e+02 1.360000000000000000e+02
8.551000000000000000e+03 3.440000000000000000e+02 9.440000000000000000e+02 8.800000000000000000e+01
8.591000000000000000e+03 3.360000000000000000e+02 9.440000000000000000e+02 1.600000000000000000e+02
8.631000000000000000e+03 3.360000000000000000e+02 9.440000000000000000e+02 1.280000000000000000e+02
8.671000000000000000e+03 3.440000000000000000e+02 9.600000000000000000e+02 1.360000000000000000e+02
8.711000000000000000e+03 3.360000000000000000e+02 9.520000000000000000e+02 1.600000000000000000e+02
8.751000000000000000e+03 3.360000000000000000e+02 9.520000000000000000e+02 1.120000000000000000e+02
8.791000000000000000e+03 3.360000000000000000e+02 9.520000000000000000e+02 1.360000000000000000e+02
8.831000000000000000e+03 3.360000000000000000e+02 9.600000000000000000e+02 1.280000000000000000e+02
8.871000000000000000e+03 3.360000000000000000e+02 9.600000000000000000e+02 9.600000000000000000e+01
8.911000000000000000e+03 3.360000000000000000e+02 9.520000000000000000e+02 1.440000000000000000e+02
8.951000000000000000e+03 3.360000000000000000e+02 9.520000000000000000e+02 1.280000000000000000e+02
8.991000000000000000e+03 3.440000000000000000e+02 9.520000000000000000e+02 1.200000000000000000e+02
9.023000000000000000e+03 3.360000000000000000e+02 9.440000000000000000e+02 1.280000000000000000e+02
9.063000000000000000e+03 3.360000000000000000e+02 9.600000000000000000e+02 1.200000000000000000e+02
9.103000000000000000e+03 3.360000000000000000e+02 9.840000000000000000e+02 1.120000000000000000e+02
9.143000000000000000e+03 3.120000000000000000e+02 9.520000000000000000e+02 1.280000000000000000e+02
9.183000000000000000e+03 3.200000000000000000e+02 9.520000000000000000e+02 1.360000000000000000e+02
9.223000000000000000e+03 3.120000000000000000e+02 9.520000000000000000e+02 1.280000000000000000e+02
9.263000000000000000e+03 3.200000000000000000e+02 9.520000000000000000e+02 4.800000000000000000e+01
9.303000000000000000e+03 3.360000000000000000e+02 9.280000000000000000e+02 1.040000000000000000e+02
9.343000000000000000e+03 3.360000000000000000e+02 9.360000000000000000e+02 1.200000000000000000e+02
9.383000000000000000e+03 3.120000000000000000e+02 9.520000000000000000e+02 1.360000000000000000e+02
9.423000000000000000e+03 3.200000000000000000e+02 9.600000000000000000e+02 1.200000000000000000e+02
9.463000000000000000e+03 3.200000000000000000e+02 9.520000000000000000e+02 1.280000000000000000e+02
9.503000000000000000e+03 3.200000000000000000e+02 9.520000000000000000e+02 1.360000000000000000e+02
9.543000000000000000e+03 3.280000000000000000e+02 9.520000000000000000e+02 9.600000000000000000e+01
9.583000000000000000e+03 3.280000000000000000e+02 9.440000000000000000e+02 1.360000000000000000e+02
9.623000000000000000e+03 3.360000000000000000e+02 9.440000000000000000e+02 1.360000000000000000e+02
9.663000000000000000e+03 3.360000000000000000e+02 9.360000000000000000e+02 1.520000000000000000e+02
9.703000000000000000e+03 3.360000000000000000e+02 9.440000000000000000e+02 1.200000000000000000e+02
9.743000000000000000e+03 3.440000000000000000e+02 9.360000000000000000e+02 1.280000000000000000e+02
9.783000000000000000e+03 3.360000000000000000e+02 9.440000000000000000e+02 1.200000000000000000e+02
9.823000000000000000e+03 3.520000000000000000e+02 9.520000000000000000e+02 1.360000000000000000e+02
9.863000000000000000e+03 3.520000000000000000e+02 9.440000000000000000e+02 1.120000000000000000e+02
9.903000000000000000e+03 3.520000000000000000e+02 9.440000000000000000e+02 1.360000000000000000e+02
9.943000000000000000e+03 3.440000000000000000e+02 9.520000000000000000e+02 1.200000000000000000e+02
9.983000000000000000e+03 3.360000000000000000e+02 9.600000000000000000e+02 7.200000000000000000e+01
1.001400000000000000e+04 3.200000000000000000e+02 9.680000000000000000e+02 1.200000000000000000e+02
1.005400000000000000e+04 3.120000000000000000e+02 9.600000000000000000e+02 1.120000000000000000e+02
1.009400000000000000e+04 3.440000000000000000e+02 9.520000000000000000e+02 9.600000000000000000e+01
1.013400000000000000e+04 3.360000000000000000e+02 9.520000000000000000e+02 1.120000000000000000e+02
1.017400000000000000e+04 3.280000000000000000e+02 9.440000000000000000e+02 9.600000000000000000e+01
1.021400000000000000e+04 3.360000000000000000e+02 9.440000000000000000e+02 1.120000000000000000e+02
1.025400000000000000e+04 3.360000000000000000e+02 9.440000000000000000e+02 1.280000000000000000e+02
1.029400000000000000e+04 3.280000000000000000e+02 9.440000000000000000e+02 1.120000000000000000e+02
1.033400000000000000e+04 3.360000000000000000e+02 9.520000000000000000e+02 8.800000000000000000e+01
1.037400000000000000e+04 3.440000000000000000e+02 9.520000000000000000e+02 1.200000000000000000e+02
1.041400000000000000e+04 3.280000000000000000e+02 9.440000000000000000e+02 1.120000000000000000e+02
1.045400000000000000e+04 3.280000000000000000e+02 9.440000000000000000e+02 8.000000000000000000e+01
1.049400000000000000e+04 3.120000000000000000e+02 9.440000000000000000e+02 8.800000000000000000e+01
1.053400000000000000e+04 3.200000000000000000e+02 9.440000000000000000e+02 1.200000000000000000e+02
1.057400000000000000e+04 3.360000000000000000e+02 9.440000000000000000e+02 1.280000000000000000e+02
1.061400000000000000e+04 3.520000000000000000e+02 9.440000000000000000e+02 1.520000000000000000e+02
1.065400000000000000e+04 3.520000000000000000e+02 9.440000000000000000e+02 1.200000000000000000e+02
1.069400000000000000e+04 3.200000000000000000e+02 9.520000000000000000e+02 1.520000000000000000e+02
1.073400000000000000e+04 3.200000000000000000e+02 9.600000000000000000e+02 1.280000000000000000e+02
1.077400000000000000e+04 3.520000000000000000e+02 9.680000000000000000e+02 8.800000000000000000e+01
1.081400000000000000e+04 3.360000000000000000e+02 9.600000000000000000e+02 1.040000000000000000e+02
1.085400000000000000e+04 3.280000000000000000e+02 1.000000000000000000e+03 1.200000000000000000e+02
1.089400000000000000e+04 3.280000000000000000e+02 9.920000000000000000e+02 8.000000000000000000e+01
1.093400000000000000e+04 3.360000000000000000e+02 9.760000000000000000e+02 9.600000000000000000e+01
1.097400000000000000e+04 3.360000000000000000e+02 9.600000000000000000e+02 9.600000000000000000e+01
1.100600000000000000e+04 3.440000000000000000e+02 9.600000000000000000e+02 6.400000000000000000e+01
1.104600000000000000e+04 2.960000000000000000e+02 9.360000000000000000e+02 3.200000000000000000e+01
1.108600000000000000e+04 3.200000000000000000e+02 9.440000000000000000e+02 8.000000000000000000e+01
1.112600000000000000e+04 3.280000000000000000e+02 9.680000000000000000e+02 6.400000000000000000e+01
1.116600000000000000e+04 3.200000000000000000e+02 9.200000000000000000e+02 2.400000000000000000e+01
1.120600000000000000e+04 3.280000000000000000e+02 9.280000000000000000e+02 7.200000000000000000e+01
1.124600000000000000e+04 3.200000000000000000e+02 9.360000000000000000e+02 9.600000000000000000e+01
1.128600000000000000e+04 3.440000000000000000e+02 9.440000000000000000e+02 7.200000000000000000e+01
1.132600000000000000e+04 3.440000000000000000e+02 9.440000000000000000e+02 -8.000000000000000000e+00
1.136600000000000000e+04 3.520000000000000000e+02 9.520000000000000000e+02 4.000000000000000000e+01
1.140600000000000000e+04 3.520000000000000000e+02 9.520000000000000000e+02 5.600000000000000000e+01
1.144600000000000000e+04 3.440000000000000000e+02 9.440000000000000000e+02 3.200000000000000000e+01
1.148600000000000000e+04 3.520000000000000000e+02 9.600000000000000000e+02 2.400000000000000000e+01
1.152600000000000000e+04 3.920000000000000000e+02 9.680000000000000000e+02 2.400000000000000000e+01
1.156600000000000000e+04 3.680000000000000000e+02 9.360000000000000000e+02 0.000000000000000000e+00
1.160600000000000000e+04 3.680000000000000000e+02 9.520000000000000000e+02 3.200000000000000000e+01
1.164600000000000000e+04 3.760000000000000000e+02 9.280000000000000000e+02 2.400000000000000000e+01
1.168600000000000000e+04 3.760000000000000000e+02 9.120000000000000000e+02 1.600000000000000000e+01
1.172600000000000000e+04 3.840000000000000000e+02 9.120000000000000000e+02 4.800000000000000000e+01
1.176600000000000000e+04 3.760000000000000000e+02 9.200000000000000000e+02 0.000000000000000000e+00
1.180600000000000000e+04 3.840000000000000000e+02 9.520000000000000000e+02 3.200000000000000000e+01
1.184600000000000000e+04 3.920000000000000000e+02 9.440000000000000000e+02 4.000000000000000000e+01
1.188600000000000000e+04 3.920000000000000000e+02 9.040000000000000000e+02 0.000000000000000000e+00
1.192600000000000000e+04 4.000000000000000000e+02 9.200000000000000000e+02 0.000000000000000000e+00
1.196600000000000000e+04 4.000000000000000000e+02 9.120000000000000000e+02 4.000000000000000000e+01
1.199700000000000000e+04 4.000000000000000000e+02 9.200000000000000000e+02 1.600000000000000000e+01
1.203700000000000000e+04 4.000000000000000000e+02 9.280000000000000000e+02 2.400000000000000000e+01
1.207700000000000000e+04 3.840000000000000000e+02 9.200000000000000000e+02 0.000000000000000000e+00
1.211700000000000000e+04 3.920000000000000000e+02 9.200000000000000000e+02 -8.000000000000000000e+00
1.215700000000000000e+04 3.920000000000000000e+02 9.200000000000000000e+02 1.600000000000000000e+01
1.219700000000000000e+04 3.760000000000000000e+02 9.120000000000000000e+02 2.400000000000000000e+01
1.223700000000000000e+04 3.760000000000000000e+02 8.960000000000000000e+02 6.400000000000000000e+01
1.227700000000000000e+04 3.920000000000000000e+02 9.040000000000000000e+02 1.600000000000000000e+01
1.231700000000000000e+04 4.080000000000000000e+02 8.960000000000000000e+02 2.400000000000000000e+01
1.235700000000000000e+04 4.240000000000000000e+02 8.400000000000000000e+02 -8.000000000000000000e+00
1.239700000000000000e+04 4.320000000000000000e+02 8.800000000000000000e+02 8.000000000000000000e+01
1.243700000000000000e+04 4.400000000000000000e+02 9.120000000000000000e+02 3.200000000000000000e+01
1.247700000000000000e+04 4.320000000000000000e+02 9.280000000000000000e+02 2.400000000000000000e+01
1.251700000000000000e+04 4.400000000000000000e+02 9.120000000000000000e+02 -4.000000000000000000e+01
1.255700000000000000e+04 4.560000000000000000e+02 8.960000000000000000e+02 -3.200000000000000000e+01
1.259700000000000000e+04 4.640000000000000000e+02 8.960000000000000000e+02 -2.400000000000000000e+01
1.263700000000000000e+04 4.720000000000000000e+02 9.040000000000000000e+02 -2.400000000000000000e+01
1.267700000000000000e+04 4.720000000000000000e+02 8.880000000000000000e+02 -4.000000000000000000e+01
1.271700000000000000e+04 4.720000000000000000e+02 8.800000000000000000e+02 1.600000000000000000e+01
1.275700000000000000e+04 4.720000000000000000e+02 8.720000000000000000e+02 -1.600000000000000000e+01
1.279700000000000000e+04 4.960000000000000000e+02 8.720000000000000000e+02 -1.600000000000000000e+01
1.283700000000000000e+04 4.960000000000000000e+02 8.800000000000000000e+02 0.000000000000000000e+00
1.287700000000000000e+04 4.960000000000000000e+02 8.720000000000000000e+02 0.000000000000000000e+00
1.291700000000000000e+04 5.040000000000000000e+02 8.720000000000000000e+02 1.600000000000000000e+01
1.295700000000000000e+04 4.640000000000000000e+02 8.800000000000000000e+02 -8.000000000000000000e+00
1.298900000000000000e+04 4.480000000000000000e+02 8.880000000000000000e+02 0.000000000000000000e+00
1.302900000000000000e+04 4.880000000000000000e+02 8.960000000000000000e+02 2.400000000000000000e+01
1.306900000000000000e+04 4.560000000000000000e+02 8.720000000000000000e+02 8.000000000000000000e+00
1.310900000000000000e+04 4.720000000000000000e+02 8.800000000000000000e+02 4.000000000000000000e+01
1.314900000000000000e+04 4.800000000000000000e+02 8.880000000000000000e+02 2.400000000000000000e+01
1.318900000000000000e+04 4.640000000000000000e+02 8.960000000000000000e+02 1.600000000000000000e+01
1.322900000000000000e+04 4.640000000000000000e+02 8.960000000000000000e+02 4.800000000000000000e+01
1.326900000000000000e+04 4.720000000000000000e+02 8.880000000000000000e+02 3.200000000000000000e+01
1.330900000000000000e+04 4.800000000000000000e+02 8.880000000000000000e+02 3.200000000000000000e+01
1.334900000000000000e+04 4.800000000000000000e+02 9.040000000000000000e+02 5.600000000000000000e+01
1.338900000000000000e+04 4.800000000000000000e+02 9.040000000000000000e+02 4.000000000000000000e+01
1.342900000000000000e+04 4.640000000000000000e+02 9.120000000000000000e+02 8.000000000000000000e+01
1.346900000000000000e+04 4.640000000000000000e+02 9.280000000000000000e+02 8.000000000000000000e+00
1.350900000000000000e+04 4.640000000000000000e+02 9.040000000000000000e+02 8.800000000000000000e+01
1.354900000000000000e+04 4.720000000000000000e+02 9.200000000000000000e+02 6.400000000000000000e+01
1.358900000000000000e+04 4.720000000000000000e+02 9.200000000000000000e+02 2.400000000000000000e+01
1.362900000000000000e+04 5.040000000000000000e+02 9.520000000000000000e+02 2.400000000000000000e+01
1.366900000000000000e+04 5.760000000000000000e+02 1.128000000000000000e+03 5.600000000000000000e+01
1.370900000000000000e+04 7.120000000000000000e+02 1.240000000000000000e+03 -6.400000000000000000e+01
1.374900000000000000e+04 6.080000000000000000e+02 1.080000000000000000e+03 -7.200000000000000000e+01
1.378900000000000000e+04 4.160000000000000000e+02 1.080000000000000000e+03 1.360000000000000000e+02
1.382900000000000000e+04 2.640000000000000000e+02 1.136000000000000000e+03 4.000000000000000000e+01
1.386900000000000000e+04 1.440000000000000000e+02 1.176000000000000000e+03 -1.520000000000000000e+02
1.390900000000000000e+04 4.000000000000000000e+01 1.064000000000000000e+03 -1.440000000000000000e+02
1.394900000000000000e+04 -4.000000000000000000e+01 9.360000000000000000e+02 -3.440000000000000000e+02
1.398100000000000000e+04 -1.760000000000000000e+02 9.120000000000000000e+02 -3.120000000000000000e+02
1.402100000000000000e+04 -2.480000000000000000e+02 7.520000000000000000e+02 -2.880000000000000000e+02
1.406100000000000000e+04 -3.200000000000000000e+02 6.480000000000000000e+02 -3.520000000000000000e+02
1.410100000000000000e+04 -4.000000000000000000e+02 5.680000000000000000e+02 -4.400000000000000000e+02
1.414100000000000000e+04 -4.960000000000000000e+02 5.840000000000000000e+02 -4.160000000000000000e+02
1.418100000000000000e+04 -5.680000000000000000e+02 5.520000000000000000e+02 -3.200000000000000000e+02
1.422100000000000000e+04 -6.480000000000000000e+02 5.360000000000000000e+02 -3.440000000000000000e+02
1.426100000000000000e+04 -6.880000000000000000e+02 4.080000000000000000e+02 -2.080000000000000000e+02
1.430100000000000000e+04 -7.440000000000000000e+02 3.760000000000000000e+02 -1.280000000000000000e+02
1.434100000000000000e+04 -7.600000000000000000e+02 3.600000000000000000e+02 -8.800000000000000000e+01
1.438100000000000000e+04 -7.680000000000000000e+02 5.520000000000000000e+02 -2.960000000000000000e+02
1.442100000000000000e+04 -7.760000000000000000e+02 6.000000000000000000e+02 -4.320000000000000000e+02
1.446100000000000000e+04 -7.360000000000000000e+02 5.040000000000000000e+02 -5.840000000000000000e+02
1.450100000000000000e+04 -7.440000000000000000e+02 5.280000000000000000e+02 -5.680000000000000000e+02
1.454100000000000000e+04 -7.440000000000000000e+02 5.360000000000000000e+02 -4.480000000000000000e+02
1.458100000000000000e+04 -7.440000000000000000e+02 3.600000000000000000e+02 -3.520000000000000000e+02
1.462100000000000000e+04 -7.120000000000000000e+02 3.680000000000000000e+02 -6.400000000000000000e+01
1.466100000000000000e+04 -6.880000000000000000e+02 6.240000000000000000e+02 0.000000000000000000e+00
1.470100000000000000e+04 -6.400000000000000000e+02 5.920000000000000000e+02 -9.600000000000000000e+01
1.474100000000000000e+04 -4.560000000000000000e+02 7.520000000000000000e+02 -3.280000000000000000e+02
1.478100000000000000e+04 -3.520000000000000000e+02 5.200000000000000000e+02 -5.520000000000000000e+02
1.482100000000000000e+04 -2.400000000000000000e+02 3.920000000000000000e+02 -3.200000000000000000e+02
1.486100000000000000e+04 -6.400000000000000000e+01 5.680000000000000000e+02 -3.600000000000000000e+02
1.490100000000000000e+04 1.680000000000000000e+02 3.040000000000000000e+02 -3.120000000000000000e+02
1.494100000000000000e+04 6.800000000000000000e+02 3.360000000000000000e+02 -1.136000000000000000e+03
1.497200000000000000e+04 1.176000000000000000e+03 3.200000000000000000e+01 -3.256000000000000000e+03
1.501200000000000000e+04 9.520000000000000000e+02 -8.000000000000000000e+00 -1.080000000000000000e+03
1.505200000000000000e+04 6.160000000000000000e+02 5.600000000000000000e+01 -2.000000000000000000e+02
1.509200000000000000e+04 4.240000000000000000e+02 2.080000000000000000e+02 -2.480000000000000000e+02
1.513200000000000000e+04 3.760000000000000000e+02 9.040000000000000000e+02 -2.560000000000000000e+02
1.517200000000000000e+04 4.480000000000000000e+02 9.840000000000000000e+02 -9.280000000000000000e+02
1.521200000000000000e+04 5.440000000000000000e+02 9.520000000000000000e+02 -1.208000000000000000e+03
1.525200000000000000e+04 5.440000000000000000e+02 7.280000000000000000e+02 -9.920000000000000000e+02
1.529200000000000000e+04 4.160000000000000000e+02 8.080000000000000000e+02 -8.080000000000000000e+02
1.533200000000000000e+04 3.120000000000000000e+02 6.000000000000000000e+02 -8.720000000000000000e+02
1.537200000000000000e+04 2.160000000000000000e+02 5.200000000000000000e+02 -7.920000000000000000e+02
1.541200000000000000e+04 2.400000000000000000e+01 5.600000000000000000e+02 -8.960000000000000000e+02
1.545200000000000000e+04 -1.360000000000000000e+02 7.440000000000000000e+02 -7.440000000000000000e+02
1.549200000000000000e+04 -2.320000000000000000e+02 8.400000000000000000e+02 -4.720000000000000000e+02
1.553200000000000000e+04 -2.800000000000000000e+02 8.560000000000000000e+02 -1.680000000000000000e+02
1.557200000000000000e+04 -3.360000000000000000e+02 7.600000000000000000e+02 1.520000000000000000e+02
1.561200000000000000e+04 -4.800000000000000000e+02 4.320000000000000000e+02 2.640000000000000000e+02
1.565200000000000000e+04 -6.640000000000000000e+02 2.240000000000000000e+02 2.080000000000000000e+02
1.569200000000000000e+04 -6.960000000000000000e+02 1.680000000000000000e+02 -2.240000000000000000e+02
1.573200000000000000e+04 -7.680000000000000000e+02 2.560000000000000000e+02 -2.320000000000000000e+02
1.577200000000000000e+04 -8.400000000000000000e+02 1.760000000000000000e+02 -2.640000000000000000e+02
1.581200000000000000e+04 -8.880000000000000000e+02 1.920000000000000000e+02 -1.440000000000000000e+02
1.585200000000000000e+04 -8.880000000000000000e+02 2.960000000000000000e+02 -1.280000000000000000e+02
1.589200000000000000e+04 -7.280000000000000000e+02 8.000000000000000000e+01 -1.280000000000000000e+02
1.593200000000000000e+04 -4.800000000000000000e+02 4.320000000000000000e+02 -3.200000000000000000e+02
1.596300000000000000e+04 -3.360000000000000000e+02 5.440000000000000000e+02 -4.080000000000000000e+02
1.600300000000000000e+04 -2.400000000000000000e+02 7.520000000000000000e+02 -5.680000000000000000e+02
1.604300000000000000e+04 -1.520000000000000000e+02 6.400000000000000000e+02 -4.080000000000000000e+02
1.608300000000000000e+04 -4.000000000000000000e+01 5.680000000000000000e+02 -1.840000000000000000e+02
1.612300000000000000e+04 2.240000000000000000e+02 1.840000000000000000e+03 -5.280000000000000000e+02
1.616300000000000000e+04 6.880000000000000000e+02 2.800000000000000000e+02 -2.432000000000000000e+03
1.620300000000000000e+04 4.160000000000000000e+02 -1.440000000000000000e+02 -9.040000000000000000e+02
1.624300000000000000e+04 5.520000000000000000e+02 2.240000000000000000e+02 -6.160000000000000000e+02
1.628300000000000000e+04 7.120000000000000000e+02 1.040000000000000000e+02 -8.480000000000000000e+02
1.632300000000000000e+04 6.160000000000000000e+02 2.400000000000000000e+02 -1.040000000000000000e+03
1.636300000000000000e+04 6.080000000000000000e+02 3.280000000000000000e+02 -9.600000000000000000e+02
1.640300000000000000e+04 6.080000000000000000e+02 3.120000000000000000e+02 -9.040000000000000000e+02
1.644300000000000000e+04 6.400000000000000000e+02 3.280000000000000000e+02 -1.200000000000000000e+03
1.648300000000000000e+04 7.040000000000000000e+02 2.800000000000000000e+02 -1.104000000000000000e+03
1.652300000000000000e+04 5.840000000000000000e+02 3.520000000000000000e+02 -8.160000000000000000e+02
1.656300000000000000e+04 3.360000000000000000e+02 6.320000000000000000e+02 -7.200000000000000000e+02
1.660300000000000000e+04 1.520000000000000000e+02 9.840000000000000000e+02 -3.680000000000000000e+02
1.664300000000000000e+04 4.800000000000000000e+01 1.000000000000000000e+03 -4.800000000000000000e+01
1.668300000000000000e+04 -3.200000000000000000e+01 9.360000000000000000e+02 2.880000000000000000e+02
1.672300000000000000e+04 -1.520000000000000000e+02 8.160000000000000000e+02 4.080000000000000000e+02
1.676300000000000000e+04 -2.080000000000000000e+02 6.640000000000000000e+02 5.680000000000000000e+02
1.680300000000000000e+04 -2.080000000000000000e+02 5.440000000000000000e+02 6.960000000000000000e+02
1.684300000000000000e+04 -2.000000000000000000e+02 4.960000000000000000e+02 6.080000000000000000e+02
1.688300000000000000e+04 -1.680000000000000000e+02 4.880000000000000000e+02 4.480000000000000000e+02
1.692300000000000000e+04 -1.520000000000000000e+02 3.920000000000000000e+02 3.680000000000000000e+02
1.695400000000000000e+04 -2.160000000000000000e+02 5.680000000000000000e+02 8.880000000000000000e+02
1.699400000000000000e+04 -4.480000000000000000e+02 5.200000000000000000e+02 8.320000000000000000e+02
1.703400000000000000e+04 -6.320000000000000000e+02 6.880000000000000000e+02 8.080000000000000000e+02
1.707400000000000000e+04 -6.480000000000000000e+02 8.240000000000000000e+02 9.440000000000000000e+02
1.711400000000000000e+04 -6.000000000000000000e+02 8.160000000000000000e+02 7.600000000000000000e+02
1.715400000000000000e+04 -5.520000000000000000e+02 7.120000000000000000e+02 5.360000000000000000e+02
1.719400000000000000e+04 -4.880000000000000000e+02 6.640000000000000000e+02 5.280000000000000000e+02
1.723400000000000000e+04 -4.160000000000000000e+02 6.640000000000000000e+02 4.800000000000000000e+02
1.727400000000000000e+04 -3.920000000000000000e+02 7.040000000000000000e+02 4.960000000000000000e+02
1.731400000000000000e+04 -3.680000000000000000e+02 7.280000000000000000e+02 5.920000000000000000e+02
1.735400000000000000e+04 -3.680000000000000000e+02 7.440000000000000000e+02 4.320000000000000000e+02
1.739400000000000000e+04 -3.760000000000000000e+02 7.200000000000000000e+02 2.960000000000000000e+02
1.743400000000000000e+04 -3.920000000000000000e+02 5.200000000000000000e+02 1.120000000000000000e+02
1.747400000000000000e+04 -3.360000000000000000e+02 5.040000000000000000e+02 -1.040000000000000000e+02
1.751400000000000000e+04 -8.800000000000000000e+01 4.480000000000000000e+02 -3.920000000000000000e+02
1.755400000000000000e+04 3.520000000000000000e+02 6.240000000000000000e+02 -2.520000000000000000e+03
1.759400000000000000e+04 4.160000000000000000e+02 8.640000000000000000e+02 -9.360000000000000000e+02
1.763400000000000000e+04 1.840000000000000000e+02 6.640000000000000000e+02 -2.640000000000000000e+02
1.767400000000000000e+04 1.760000000000000000e+02 7.280000000000000000e+02 -5.600000000000000000e+02
1.771400000000000000e+04 1.760000000000000000e+02 7.680000000000000000e+02 -7.680000000000000000e+02
1.775400000000000000e+04 1.760000000000000000e+02 6.960000000000000000e+02 -6.800000000000000000e+02
1.779400000000000000e+04 2.080000000000000000e+02 7.200000000000000000e+02 -6.320000000000000000e+02
1.783400000000000000e+04 1.840000000000000000e+02 7.360000000000000000e+02 -6.720000000000000000e+02
1.787400000000000000e+04 2.080000000000000000e+02 7.680000000000000000e+02 -7.760000000000000000e+02
1.791400000000000000e+04 2.320000000000000000e+02 7.280000000000000000e+02 -7.360000000000000000e+02
1.794600000000000000e+04 2.400000000000000000e+02 6.800000000000000000e+02 -6.400000000000000000e+02
1.798600000000000000e+04 2.720000000000000000e+02 6.640000000000000000e+02 -6.640000000000000000e+02
1.802600000000000000e+04 3.360000000000000000e+02 6.640000000000000000e+02 -7.200000000000000000e+02
1.806600000000000000e+04 3.840000000000000000e+02 6.560000000000000000e+02 -6.160000000000000000e+02
1.810600000000000000e+04 4.000000000000000000e+02 6.560000000000000000e+02 -6.240000000000000000e+02
1.814600000000000000e+04 4.320000000000000000e+02 6.400000000000000000e+02 -5.600000000000000000e+02
1.818600000000000000e+04 4.800000000000000000e+02 6.480000000000000000e+02 -6.000000000000000000e+02
1.822600000000000000e+04 4.880000000000000000e+02 6.080000000000000000e+02 -6.400000000000000000e+02
1.826600000000000000e+04 4.720000000000000000e+02 6.160000000000000000e+02 -7.120000000000000000e+02
1.830600000000000000e+04 4.320000000000000000e+02 5.520000000000000000e+02 -8.560000000000000000e+02
1.834600000000000000e+04 4.480000000000000000e+02 6.240000000000000000e+02 -7.280000000000000000e+02
1.838600000000000000e+04 4.960000000000000000e+02 6.800000000000000000e+02 -6.080000000000000000e+02
1.842600000000000000e+04 6.000000000000000000e+02 6.000000000000000000e+02 -4.320000000000000000e+02
1.846600000000000000e+04 6.560000000000000000e+02 5.440000000000000000e+02 -5.840000000000000000e+02
1.850600000000000000e+04 6.000000000000000000e+02 5.760000000000000000e+02 -6.560000000000000000e+02
1.854600000000000000e+04 4.800000000000000000e+02 6.880000000000000000e+02 -5.600000000000000000e+02
1.858600000000000000e+04 5.200000000000000000e+02 5.840000000000000000e+02 -4.400000000000000000e+02
1.862600000000000000e+04 5.520000000000000000e+02 6.240000000000000000e+02 -4.240000000000000000e+02
1.866600000000000000e+04 5.760000000000000000e+02 6.000000000000000000e+02 -4.320000000000000000e+02
1.870600000000000000e+04 6.080000000000000000e+02 6.640000000000000000e+02 -4.000000000000000000e+02
1.874600000000000000e+04 6.880000000000000000e+02 7.120000000000000000e+02 -4.000000000000000000e+02
1.878600000000000000e+04 7.200000000000000000e+02 7.280000000000000000e+02 -3.360000000000000000e+02
1.882600000000000000e+04 6.800000000000000000e+02 7.520000000000000000e+02 -3.360000000000000000e+02
1.886600000000000000e+04 6.640000000000000000e+02 7.120000000000000000e+02 -3.680000000000000000e+02
1.890600000000000000e+04 6.560000000000000000e+02 6.800000000000000000e+02 -3.760000000000000000e+02
1.893800000000000000e+04 6.480000000000000000e+02 6.880000000000000000e+02 -3.840000000000000000e+02
1.897800000000000000e+04 6.400000000000000000e+02 6.800000000000000000e+02 -3.760000000000000000e+02
1.901800000000000000e+04 6.480000000000000000e+02 6.880000000000000000e+02 -3.920000000000000000e+02
1.905800000000000000e+04 6.640000000000000000e+02 6.880000000000000000e+02 -4.000000000000000000e+02
1.909800000000000000e+04 6.640000000000000000e+02 6.960000000000000000e+02 -3.680000000000000000e+02
1.913800000000000000e+04 6.480000000000000000e+02 7.120000000000000000e+02 -3.520000000000000000e+02
1.917800000000000000e+04 6.240000000000000000e+02 7.360000000000000000e+02 -3.520000000000000000e+02
1.921800000000000000e+04 5.840000000000000000e+02 6.880000000000000000e+02 -3.680000000000000000e+02
1.925800000000000000e+04 5.840000000000000000e+02 6.560000000000000000e+02 -4.960000000000000000e+02
1.929800000000000000e+04 6.160000000000000000e+02 6.480000000000000000e+02 -4.880000000000000000e+02
1.933800000000000000e+04 6.240000000000000000e+02 6.560000000000000000e+02 -4.800000000000000000e+02
1.937800000000000000e+04 6.160000000000000000e+02 6.640000000000000000e+02 -4.560000000000000000e+02
1.941800000000000000e+04 6.080000000000000000e+02 6.720000000000000000e+02 -4.000000000000000000e+02
1.945800000000000000e+04 6.080000000000000000e+02 6.880000000000000000e+02 -3.760000000000000000e+02
1.949800000000000000e+04 6.160000000000000000e+02 7.040000000000000000e+02 -3.680000000000000000e+02
1.953800000000000000e+04 6.160000000000000000e+02 7.200000000000000000e+02 -3.920000000000000000e+02
1.957800000000000000e+04 6.160000000000000000e+02 6.960000000000000000e+02 -4.000000000000000000e+02
1.961800000000000000e+04 6.000000000000000000e+02 6.880000000000000000e+02 -4.320000000000000000e+02
1.965800000000000000e+04 5.840000000000000000e+02 6.960000000000000000e+02 -4.560000000000000000e+02
1.969800000000000000e+04 5.840000000000000000e+02 6.880000000000000000e+02 -4.480000000000000000e+02
1.973800000000000000e+04 5.600000000000000000e+02 6.960000000000000000e+02 -4.400000000000000000e+02
1.977800000000000000e+04 5.760000000000000000e+02 6.960000000000000000e+02 -4.160000000000000000e+02
1.981800000000000000e+04 5.920000000000000000e+02 6.880000000000000000e+02 -3.920000000000000000e+02
1.985800000000000000e+04 6.080000000000000000e+02 6.880000000000000000e+02 -3.920000000000000000e+02
1.989800000000000000e+04 6.240000000000000000e+02 6.880000000000000000e+02 -3.920000000000000000e+02
