4.900000000000000000e+01 -2.720000000000000000e+02 9.440000000000000000e+02 -2.160000000000000000e+02
8.900000000000000000e+01 -9.920000000000000000e+02 3.120000000000000000e+02 -4.000000000000000000e+01
1.290000000000000000e+02 -9.840000000000000000e+02 3.200000000000000000e+02 -8.000000000000000000e+00
1.690000000000000000e+02 -9.680000000000000000e+02 3.280000000000000000e+02 8.000000000000000000e+00
2.090000000000000000e+02 -9.680000000000000000e+02 3.280000000000000000e+02 -1.600000000000000000e+01
2.490000000000000000e+02 -9.680000000000000000e+02 3.280000000000000000e+02 -1.600000000000000000e+01
2.890000000000000000e+02 -9.680000000000000000e+02 3.280000000000000000e+02 -8.000000000000000000e+00
3.290000000000000000e+02 -9.760000000000000000e+02 3.360000000000000000e+02 -2.400000000000000000e+01
3.690000000000000000e+02 -9.840000000000000000e+02 3.360000000000000000e+02 -1.600000000000000000e+01
4.090000000000000000e+02 -9.760000000000000000e+02 3.200000000000000000e+02 -1.600000000000000000e+01
4.490000000000000000e+02 -9.760000000000000000e+02 3.200000000000000000e+02 -8.000000000000000000e+00
4.890000000000000000e+02 -9.760000000000000000e+02 3.200000000000000000e+02 1.600000000000000000e+01
5.290000000000000000e+02 -9.760000000000000000e+02 3.440000000000000000e+02 -3.200000000000000000e+01
5.690000000000000000e+02 -9.760000000000000000e+02 3.280000000000000000e+02 -1.600000000000000000e+01
6.090000000000000000e+02 -9.840000000000000000e+02 3.120000000000000000e+02 -1.600000000000000000e+01
6.490000000000000000e+02 -9.840000000000000000e+02 3.120000000000000000e+02 8.000000000000000000e+00
6.890000000000000000e+02 -9.840000000000000000e+02 3.120000000000000000e+02 -2.400000000000000000e+01
7.290000000000000000e+02 -9.840000000000000000e+02 3.200000000000000000e+02 0.000000000000000000e+00
7.690000000000000000e+02 -9.600000000000000000e+02 3.280000000000000000e+02 -8.000000000000000000e+00
8.090000000000000000e+02 -9.680000000000000000e+02 3.280000000000000000e+02 -8.000000000000000000e+00
8.490000000000000000e+02 -9.760000000000000000e+02 3.280000000000000000e+02 -1.600000000000000000e+01
8.890000000000000000e+02 -9.760000000000000000e+02 3.200000000000000000e+02 -1.600000000000000000e+01
9.290000000000000000e+02 -9.600000000000000000e+02 3.200000000000000000e+02 -8.000000000000000000e+00
9.690000000000000000e+02 -9.680000000000000000e+02 3.200000000000000000e+02 0.000000000000000000e+00
1.009000000000000000e+03 -9.840000000000000000e+02 3.120000000000000000e+02 -8.000000000000000000e+00
1.041000000000000000e+03 -9.760000000000000000e+02 3.120000000000000000e+02 8.000000000000000000e+00
1.081000000000000000e+03 -9.680000000000000000e+02 3.120000000000000000e+02 8.000000000000000000e+00
1.121000000000000000e+03 -9.760000000000000000e+02 3.200000000000000000e+02 -2.400000000000000000e+01
1.161000000000000000e+03 -9.760000000000000000e+02 3.200000000000000000e+02 1.600000000000000000e+01
1.201000000000000000e+03 -9.840000000000000000e+02 3.280000000000000000e+02 -8.000000000000000000e+00
1.241000000000000000e+03 -9.760000000000000000e+02 3.200000000000000000e+02 -1.600000000000000000e+01
1.281000000000000000e+03 -9.760000000000000000e+02 3.200000000000000000e+02 1.600000000000000000e+01
1.321000000000000000e+03 -9.760000000000000000e+02 3.200000000000000000e+02 -3.200000000000000000e+01
1.361000000000000000e+03 -9.760000000000000000e+02 3.200000000000000000e+02 -2.400000000000000000e+01
1.401000000000000000e+03 -9.760000000000000000e+02 3.280000000000000000e+02 -1.600000000000000000e+01
1.441000000000000000e+03 -9.680000000000000000e+02 3.200000000000000000e+02 -4.000000000000000000e+01
1.481000000000000000e+03 -9.760000000000000000e+02 3.280000000000000000e+02 -3.200000000000000000e+01
1.521000000000000000e+03 -9.920000000000000000e+02 3.360000000000000000e+02 -8.000000000000000000e+00
1.561000000000000000e+03 -9.760000000000000000e+02 3.280000000000000000e+02 -8.000000000000000000e+00
1.601000000000000000e+03 -9.680000000000000000e+02 3.280000000000000000e+02 0.000000000000000000e+00
1.641000000000000000e+03 -9.680000000000000000e+02 3.200000000000000000e+02 -2.400000000000000000e+01
1.681000000000000000e+03 -9.760000000000000000e+02 3.280000000000000000e+02 -8.000000000000000000e+00
1.721000000000000000e+03 -9.920000000000000000e+02 3.280000000000000000e+02 -5.600000000000000000e+01
1.761000000000000000e+03 -9.840000000000000000e+02 3.200000000000000000e+02 8.000000000000000000e+00
1.801000000000000000e+03 -9.840000000000000000e+02 3.200000000000000000e+02 -5.600000000000000000e+01
1.841000000000000000e+03 -9.680000000000000000e+02 3.200000000000000000e+02 -1.600000000000000000e+01
1.881000000000000000e+03 -9.440000000000000000e+02 2.960000000000000000e+02 -2.400000000000000000e+01
1.921000000000000000e+03 -9.680000000000000000e+02 3.040000000000000000e+02 -8.000000000000000000e+00
1.961000000000000000e+03 -9.840000000000000000e+02 3.280000000000000000e+02 -8.000000000000000000e+00
2.001000000000000000e+03 -9.840000000000000000e+02 3.200000000000000000e+02 -1.600000000000000000e+01
2.032000000000000000e+03 -9.760000000000000000e+02 2.960000000000000000e+02 -8.000000000000000000e+00
2.072000000000000000e+03 -9.760000000000000000e+02 3.120000000000000000e+02 0.000000000000000000e+00
2.112000000000000000e+03 -9.600000000000000000e+02 2.960000000000000000e+02 -1.600000000000000000e+01
2.152000000000000000e+03 -9.680000000000000000e+02 3.360000000000000000e+02 0.000000000000000000e+00
2.192000000000000000e+03 -1.000000000000000000e+03 3.520000000000000000e+02 0.000000000000000000e+00
2.232000000000000000e+03 -9.840000000000000000e+02 3.360000000000000000e+02 8.000000000000000000e+00
2.272000000000000000e+03 -1.000000000000000000e+03 3.440000000000000000e+02 0.000000000000000000e+00
2.312000000000000000e+03 -9.600000000000000000e+02 3.360000000000000000e+02 -3.200000000000000000e+01
2.352000000000000000e+03 -9.600000000000000000e+02 3.440000000000000000e+02 0.000000000000000000e+00
2.392000000000000000e+03 -9.680000000000000000e+02 3.440000000000000000e+02 1.600000000000000000e+01
2.432000000000000000e+03 -9.840000000000000000e+02 3.520000000000000000e+02 2.400000000000000000e+01
2.472000000000000000e+03 -9.920000000000000000e+02 3.120000000000000000e+02 0.000000000000000000e+00
2.512000000000000000e+03 -9.920000000000000000e+02 3.520000000000000000e+02 1.600000000000000000e+01
2.552000000000000000e+03 -9.680000000000000000e+02 3.600000000000000000e+02 -2.400000000000000000e+01
2.592000000000000000e+03 -9.520000000000000000e+02 3.520000000000000000e+02 -8.000000000000000000e+00
2.632000000000000000e+03 -9.600000000000000000e+02 3.600000000000000000e+02 -3.200000000000000000e+01
2.672000000000000000e+03 -9.760000000000000000e+02 3.760000000000000000e+02 1.600000000000000000e+01
2.712000000000000000e+03 -9.680000000000000000e+02 3.600000000000000000e+02 8.000000000000000000e+00
2.752000000000000000e+03 -9.680000000000000000e+02 3.680000000000000000e+02 -1.600000000000000000e+01
2.792000000000000000e+03 -9.520000000000000000e+02 3.600000000000000000e+02 4.800000000000000000e+01
2.832000000000000000e+03 -9.600000000000000000e+02 2.400000000000000000e+02 -1.040000000000000000e+02
2.872000000000000000e+03 -9.680000000000000000e+02 2.560000000000000000e+02 -1.760000000000000000e+02
2.912000000000000000e+03 -9.280000000000000000e+02 3.200000000000000000e+02 -2.000000000000000000e+02
2.952000000000000000e+03 -9.280000000000000000e+02 4.480000000000000000e+02 -5.600000000000000000e+01
2.992000000000000000e+03 -9.360000000000000000e+02 4.880000000000000000e+02 1.600000000000000000e+01
3.024000000000000000e+03 -9.440000000000000000e+02 4.640000000000000000e+02 2.400000000000000000e+01
3.064000000000000000e+03 -9.440000000000000000e+02 4.480000000000000000e+02 -3.200000000000000000e+01
3.104000000000000000e+03 -8.880000000000000000e+02 4.720000000000000000e+02 -3.200000000000000000e+01
3.144000000000000000e+03 -9.280000000000000000e+02 4.400000000000000000e+02 4.800000000000000000e+01
3.184000000000000000e+03 -9.600000000000000000e+02 3.680000000000000000e+02 1.600000000000000000e+02
3.224000000000000000e+03 -9.600000000000000000e+02 3.520000000000000000e+02 1.440000000000000000e+02
3.264000000000000000e+03 -9.520000000000000000e+02 3.760000000000000000e+02 8.800000000000000000e+01
3.304000000000000000e+03 -9.520000000000000000e+02 3.920000000000000000e+02 1.840000000000000000e+02
3.344000000000000000e+03 -9.520000000000000000e+02 4.080000000000000000e+02 8.800000000000000000e+01
3.384000000000000000e+03 -9.680000000000000000e+02 3.440000000000000000e+02 6.400000000000000000e+01
3.424000000000000000e+03 -9.600000000000000000e+02 3.040000000000000000e+02 -8.000000000000000000e+00
3.464000000000000000e+03 -9.680000000000000000e+02 2.880000000000000000e+02 -4.000000000000000000e+01
3.504000000000000000e+03 -9.760000000000000000e+02 3.360000000000000000e+02 1.040000000000000000e+02
3.544000000000000000e+03 -9.680000000000000000e+02 3.200000000000000000e+02 6.400000000000000000e+01
3.584000000000000000e+03 -9.600000000000000000e+02 3.360000000000000000e+02 1.600000000000000000e+01
3.624000000000000000e+03 -9.680000000000000000e+02 3.040000000000000000e+02 8.800000000000000000e+01
3.664000000000000000e+03 -9.760000000000000000e+02 2.960000000000000000e+02 1.600000000000000000e+01
3.704000000000000000e+03 -1.000000000000000000e+03 3.200000000000000000e+02 4.000000000000000000e+01
3.744000000000000000e+03 -1.000000000000000000e+03 3.680000000000000000e+02 1.600000000000000000e+02
3.784000000000000000e+03 -1.000000000000000000e+03 3.520000000000000000e+02 1.920000000000000000e+02
3.824000000000000000e+03 -9.600000000000000000e+02 1.680000000000000000e+02 -1.520000000000000000e+02
3.864000000000000000e+03 -1.032000000000000000e+03 1.680000000000000000e+02 6.400000000000000000e+01
3.904000000000000000e+03 -1.008000000000000000e+03 2.320000000000000000e+02 8.000000000000000000e+00
3.944000000000000000e+03 -9.920000000000000000e+02 2.240000000000000000e+02 -5.600000000000000000e+01
3.984000000000000000e+03 -1.000000000000000000e+03 2.640000000000000000e+02 8.000000000000000000e+00
4.017000000000000000e+03 -9.840000000000000000e+02 2.560000000000000000e+02 3.200000000000000000e+01
4.057000000000000000e+03 -9.840000000000000000e+02 2.720000000000000000e+02 4.800000000000000000e+01
4.097000000000000000e+03 -1.016000000000000000e+03 2.560000000000000000e+02 6.400000000000000000e+01
4.137000000000000000e+03 -1.000000000000000000e+03 2.320000000000000000e+02 3.200000000000000000e+01
4.177000000000000000e+03 -1.000000000000000000e+03 2.480000000000000000e+02 -2.400000000000000000e+01
4.217000000000000000e+03 -9.840000000000000000e+02 2.640000000000000000e+02 -2.400000000000000000e+01
4.257000000000000000e+03 -1.000000000000000000e+03 2.640000000000000000e+02 -2.400000000000000000e+01
4.297000000000000000e+03 -9.920000000000000000e+02 2.560000000000000000e+02 8.000000000000000000e+00
4.337000000000000000e+03 -9.840000000000000000e+02 2.800000000000000000e+02 6.400000000000000000e+01
4.377000000000000000e+03 -9.760000000000000000e+02 3.040000000000000000e+02 4.800000000000000000e+01
4.417000000000000000e+03 -1.000000000000000000e+03 2.800000000000000000e+02 4.800000000000000000e+01
4.457000000000000000e+03 -9.840000000000000000e+02 3.200000000000000000e+02 -8.000000000000000000e+00
4.497000000000000000e+03 -9.760000000000000000e+02 3.200000000000000000e+02 -8.000000000000000000e+00
4.537000000000000000e+03 -9.680000000000000000e+02 3.040000000000000000e+02 4.000000000000000000e+01
4.577000000000000000e+03 -9.840000000000000000e+02 2.960000000000000000e+02 -8.000000000000000000e+00
4.617000000000000000e+03 -9.840000000000000000e+02 2.880000000000000000e+02 8.000000000000000000e+00
4.657000000000000000e+03 -9.840000000000000000e+02 2.720000000000000000e+02 -3.200000000000000000e+01
4.697000000000000000e+03 -9.840000000000000000e+02 2.800000000000000000e+02 -8.800000000000000000e+01
4.737000000000000000e+03 -9.840000000000000000e+02 2.880000000000000000e+02 -5.600000000000000000e+01
4.777000000000000000e+03 -9.920000000000000000e+02 2.880000000000000000e+02 -8.000000000000000000e+00
4.817000000000000000e+03 -9.920000000000000000e+02 2.640000000000000000e+02 -1.600000000000000000e+01
4.857000000000000000e+03 -1.000000000000000000e+03 2.400000000000000000e+02 -2.400000000000000000e+01
4.897000000000000000e+03 -9.840000000000000000e+02 2.400000000000000000e+02 -4.800000000000000000e+01
4.937000000000000000e+03 -9.920000000000000000e+02 2.320000000000000000e+02 -8.000000000000000000e+00
4.977000000000000000e+03 -9.920000000000000000e+02 2.400000000000000000e+02 -8.800000000000000000e+01
5.009000000000000000e+03 -1.008000000000000000e+03 2.480000000000000000e+02 -4.000000000000000000e+01
5.049000000000000000e+03 -1.000000000000000000e+03 1.840000000000000000e+02 -2.400000000000000000e+01
5.089000000000000000e+03 -1.008000000000000000e+03 1.280000000000000000e+02 -1.600000000000000000e+01
5.129000000000000000e+03 -1.000000000000000000e+03 2.400000000000000000e+02 6.400000000000000000e+01
5.169000000000000000e+03 -1.000000000000000000e+03 3.280000000000000000e+02 2.000000000000000000e+02
5.209000000000000000e+03 -9.920000000000000000e+02 2.800000000000000000e+02 4.800000000000000000e+01
5.249000000000000000e+03 -9.920000000000000000e+02 2.880000000000000000e+02 6.400000000000000000e+01
5.289000000000000000e+03 -9.840000000000000000e+02 3.280000000000000000e+02 5.600000000000000000e+01
5.329000000000000000e+03 -9.680000000000000000e+02 3.360000000000000000e+02 4.000000000000000000e+01
5.369000000000000000e+03 -9.760000000000000000e+02 2.800000000000000000e+02 6.400000000000000000e+01
5.409000000000000000e+03 -9.840000000000000000e+02 2.880000000000000000e+02 1.040000000000000000e+02
5.449000000000000000e+03 -9.840000000000000000e+02 2.560000000000000000e+02 1.520000000000000000e+02
5.489000000000000000e+03 -1.000000000000000000e+03 2.560000000000000000e+02 1.440000000000000000e+02
5.529000000000000000e+03 -9.920000000000000000e+02 2.880000000000000000e+02 1.040000000000000000e+02
5.569000000000000000e+03 -9.680000000000000000e+02 2.800000000000000000e+02 3.200000000000000000e+01
5.609000000000000000e+03 -9.760000000000000000e+02 2.720000000000000000e+02 3.200000000000000000e+01
5.649000000000000000e+03 -9.840000000000000000e+02 2.800000000000000000e+02 8.000000000000000000e+00
5.689000000000000000e+03 -1.000000000000000000e+03 2.720000000000000000e+02 8.800000000000000000e+01
5.729000000000000000e+03 -1.008000000000000000e+03 2.560000000000000000e+02 4.800000000000000000e+01
5.769000000000000000e+03 -1.000000000000000000e+03 2.800000000000000000e+02 6.400000000000000000e+01
5.809000000000000000e+03 -1.000000000000000000e+03 2.720000000000000000e+02 1.600000000000000000e+01
5.849000000000000000e+03 -1.000000000000000000e+03 2.720000000000000000e+02 -8.000000000000000000e+00
5.889000000000000000e+03 -9.920000000000000000e+02 2.880000000000000000e+02 -3.200000000000000000e+01
5.929000000000000000e+03 -9.840000000000000000e+02 2.880000000000000000e+02 1.600000000000000000e+01
5.969000000000000000e+03 -9.840000000000000000e+02 2.880000000000000000e+02 4.000000000000000000e+01
6.000000000000000000e+03 -9.760000000000000000e+02 2.880000000000000000e+02 1.600000000000000000e+01
6.040000000000000000e+03 -1.000000000000000000e+03 2.960000000000000000e+02 8.000000000000000000e+00
6.080000000000000000e+03 -9.760000000000000000e+02 2.800000000000000000e+02 6.400000000000000000e+01
6.120000000000000000e+03 -9.840000000000000000e+02 2.640000000000000000e+02 6.400000000000000000e+01
6.160000000000000000e+03 -1.000000000000000000e+03 2.560000000000000000e+02 4.800000000000000000e+01
6.200000000000000000e+03 -1.024000000000000000e+03 2.400000000000000000e+02 4.000000000000000000e+01
6.240000000000000000e+03 -1.000000000000000000e+03 2.480000000000000000e+02 3.200000000000000000e+01
6.280000000000000000e+03 -1.000000000000000000e+03 2.560000000000000000e+02 4.800000000000000000e+01
6.320000000000000000e+03 -9.920000000000000000e+02 2.880000000000000000e+02 5.600000000000000000e+01
6.360000000000000000e+03 -9.920000000000000000e+02 2.400000000000000000e+02 5.600000000000000000e+01
6.400000000000000000e+03 -1.000000000000000000e+03 2.480000000000000000e+02 1.040000000000000000e+02
6.440000000000000000e+03 -9.920000000000000000e+02 2.320000000000000000e+02 3.200000000000000000e+01
6.480000000000000000e+03 -9.920000000000000000e+02 2.320000000000000000e+02 0.000000000000000000e+00
6.520000000000000000e+03 -1.000000000000000000e+03 2.320000000000000000e+02 0.000000000000000000e+00
6.560000000000000000e+03 -9.920000000000000000e+02 2.640000000000000000e+02 1.600000000000000000e+01
6.600000000000000000e+03 -9.840000000000000000e+02 2.400000000000000000e+02 1.600000000000000000e+01
6.640000000000000000e+03 -1.024000000000000000e+03 2.320000000000000000e+02 3.200000000000000000e+01
6.680000000000000000e+03 -1.032000000000000000e+03 2.400000000000000000e+02 2.400000000000000000e+01
6.720000000000000000e+03 -1.016000000000000000e+03 2.080000000000000000e+02 8.000000000000000000e+01
6.760000000000000000e+03 -1.008000000000000000e+03 2.480000000000000000e+02 1.280000000000000000e+02
6.800000000000000000e+03 -1.008000000000000000e+03 2.400000000000000000e+02 9.600000000000000000e+01
6.840000000000000000e+03 -9.920000000000000000e+02 2.640000000000000000e+02 1.120000000000000000e+02
6.880000000000000000e+03 -9.920000000000000000e+02 2.640000000000000000e+02 1.280000000000000000e+02
6.920000000000000000e+03 -9.760000000000000000e+02 2.640000000000000000e+02 8.800000000000000000e+01
6.960000000000000000e+03 -9.840000000000000000e+02 2.560000000000000000e+02 1.120000000000000000e+02
6.992000000000000000e+03 -9.840000000000000000e+02 2.640000000000000000e+02 6.400000000000000000e+01
7.032000000000000000e+03 -1.008000000000000000e+03 2.320000000000000000e+02 1.600000000000000000e+01
7.072000000000000000e+03 -1.000000000000000000e+03 2.480000000000000000e+02 7.200000000000000000e+01
7.112000000000000000e+03 -9.920000000000000000e+02 2.640000000000000000e+02 5.600000000000000000e+01
7.152000000000000000e+03 -9.840000000000000000e+02 2.560000000000000000e+02 2.400000000000000000e+01
7.192000000000000000e+03 -9.920000000000000000e+02 2.480000000000000000e+02 6.400000000000000000e+01
7.232000000000000000e+03 -9.920000000000000000e+02 2.480000000000000000e+02 3.200000000000000000e+01
7.272000000000000000e+03 -9.840000000000000000e+02 2.640000000000000000e+02 2.400000000000000000e+01
7.312000000000000000e+03 -9.920000000000000000e+02 2.720000000000000000e+02 3.200000000000000000e+01
7.352000000000000000e+03 -9.840000000000000000e+02 2.720000000000000000e+02 -1.600000000000000000e+01
7.392000000000000000e+03 -9.920000000000000000e+02 2.720000000000000000e+02 4.000000000000000000e+01
7.432000000000000000e+03 -9.920000000000000000e+02 2.720000000000000000e+02 3.200000000000000000e+01
7.472000000000000000e+03 -9.840000000000000000e+02 2.720000000000000000e+02 1.600000000000000000e+01
7.512000000000000000e+03 -9.840000000000000000e+02 2.720000000000000000e+02 1.600000000000000000e+01
7.552000000000000000e+03 -9.840000000000000000e+02 2.800000000000000000e+02 8.000000000000000000e+00
7.592000000000000000e+03 -9.920000000000000000e+02 2.800000000000000000e+02 1.600000000000000000e+01
7.632000000000000000e+03 -9.920000000000000000e+02 2.720000000000000000e+02 1.600000000000000000e+01
7.672000000000000000e+03 -9.920000000000000000e+02 2.720000000000000000e+02 8.000000000000000000e+00
7.712000000000000000e+03 -9.680000000000000000e+02 2.560000000000000000e+02 1.600000000000000000e+01
7.752000000000000000e+03 -9.520000000000000000e+02 2.560000000000000000e+02 1.600000000000000000e+01
7.792000000000000000e+03 -9.680000000000000000e+02 2.720000000000000000e+02 2.400000000000000000e+01
7.832000000000000000e+03 -9.520000000000000000e+02 2.960000000000000000e+02 3.200000000000000000e+01
7.872000000000000000e+03 -9.680000000000000000e+02 2.880000000000000000e+02 2.400000000000000000e+01
7.912000000000000000e+03 -9.840000000000000000e+02 2.800000000000000000e+02 4.000000000000000000e+01
7.952000000000000000e+03 -9.760000000000000000e+02 2.720000000000000000e+02 5.600000000000000000e+01
7.983000000000000000e+03 -9.680000000000000000e+02 2.720000000000000000e+02 2.400000000000000000e+01
8.023000000000000000e+03 -9.840000000000000000e+02 2.640000000000000000e+02 8.000000000000000000e+00
8.063000000000000000e+03 -1.008000000000000000e+03 2.640000000000000000e+02 3.200000000000000000e+01
8.103000000000000000e+03 -1.000000000000000000e+03 2.640000000000000000e+02 2.400000000000000000e+01
8.143000000000000000e+03 -1.000000000000000000e+03 2.720000000000000000e+02 2.400000000000000000e+01
8.183000000000000000e+03 -1.008000000000000000e+03 2.640000000000000000e+02 2.400000000000000000e+01
8.223000000000000000e+03 -1.000000000000000000e+03 2.640000000000000000e+02 8.000000000000000000e+00
8.263000000000000000e+03 -9.920000000000000000e+02 2.640000000000000000e+02 5.600000000000000000e+01
8.303000000000000000e+03 -9.920000000000000000e+02 2.640000000000000000e+02 -4.000000000000000000e+01
8.343000000000000000e+03 -9.600000000000000000e+02 2.560000000000000000e+02 4.000000000000000000e+01
8.383000000000000000e+03 -9.680000000000000000e+02 2.640000000000000000e+02 3.200000000000000000e+01
8.423000000000000000e+03 -9.760000000000000000e+02 2.240000000000000000e+02 3.200000000000000000e+01
8.463000000000000000e+03 -9.760000000000000000e+02 2.480000000000000000e+02 0.000000000000000000e+00
8.503000000000000000e+03 -1.000000000000000000e+03 2.560000000000000000e+02 4.800000000000000000e+01
8.543000000000000000e+03 -1.008000000000000000e+03 2.560000000000000000e+02 1.600000000000000000e+01
8.583000000000000000e+03 -9.920000000000000000e+02 2.560000000000000000e+02 2.400000000000000000e+01
8.623000000000000000e+03 -9.920000000000000000e+02 2.400000000000000000e+02 8.000000000000000000e+00
8.663000000000000000e+03 -9.920000000000000000e+02 2.480000000000000000e+02 0.000000000000000000e+00
8.703000000000000000e+03 -1.000000000000000000e+03 2.480000000000000000e+02 2.400000000000000000e+01
8.743000000000000000e+03 -1.000000000000000000e+03 2.560000000000000000e+02 1.600000000000000000e+01
8.783000000000000000e+03 -1.000000000000000000e+03 2.720000000000000000e+02 4.000000000000000000e+01
8.823000000000000000e+03 -9.920000000000000000e+02 2.560000000000000000e+02 4.800000000000000000e+01
8.863000000000000000e+03 -1.024000000000000000e+03 2.480000000000000000e+02 0.000000000000000000e+00
8.903000000000000000e+03 -1.008000000000000000e+03 2.640000000000000000e+02 4.800000000000000000e+01
8.943000000000000000e+03 -9.760000000000000000e+02 2.560000000000000000e+02 3.200000000000000000e+01
8.976000000000000000e+03 -9.840000000000000000e+02 2.640000000000000000e+02 -8.000000000000000000e+00
9.016000000000000000e+03 -9.760000000000000000e+02 2.320000000000000000e+02 2.400000000000000000e+01
9.056000000000000000e+03 -9.840000000000000000e+02 2.480000000000000000e+02 5.600000000000000000e+01
9.096000000000000000e+03 -1.008000000000000000e+03 2.480000000000000000e+02 4.000000000000000000e+01
9.136000000000000000e+03 -9.920000000000000000e+02 2.480000000000000000e+02 -2.400000000000000000e+01
9.176000000000000000e+03 -9.840000000000000000e+02 2.560000000000000000e+02 3.200000000000000000e+01
9.216000000000000000e+03 -9.920000000000000000e+02 2.640000000000000000e+02 2.400000000000000000e+01
9.256000000000000000e+03 -9.920000000000000000e+02 2.640000000000000000e+02 0.000000000000000000e+00
9.296000000000000000e+03 -9.920000000000000000e+02 2.560000000000000000e+02 1.600000000000000000e+01
9.336000000000000000e+03 -9.920000000000000000e+02 2.480000000000000000e+02 4.000000000000000000e+01
9.376000000000000000e+03 -1.000000000000000000e+03 2.560000000000000000e+02 1.120000000000000000e+02
9.416000000000000000e+03 -1.000000000000000000e+03 2.640000000000000000e+02 2.400000000000000000e+01
9.456000000000000000e+03 -9.920000000000000000e+02 2.640000000000000000e+02 2.400000000000000000e+01
9.496000000000000000e+03 -1.000000000000000000e+03 2.560000000000000000e+02 4.800000000000000000e+01
9.536000000000000000e+03 -9.760000000000000000e+02 2.560000000000000000e+02 3.200000000000000000e+01
9.576000000000000000e+03 -9.920000000000000000e+02 2.480000000000000000e+02 1.600000000000000000e+01
9.616000000000000000e+03 -9.920000000000000000e+02 2.560000000000000000e+02 4.000000000000000000e+01
9.656000000000000000e+03 -9.920000000000000000e+02 2.480000000000000000e+02 8.000000000000000000e+01
9.696000000000000000e+03 -1.000000000000000000e+03 2.720000000000000000e+02 4.000000000000000000e+01
9.736000000000000000e+03 -9.920000000000000000e+02 2.480000000000000000e+02 4.000000000000000000e+01
9.776000000000000000e+03 -9.920000000000000000e+02 2.240000000000000000e+02 2.400000000000000000e+01
9.816000000000000000e+03 -1.008000000000000000e+03 2.400000000000000000e+02 3.200000000000000000e+01
9.856000000000000000e+03 -9.920000000000000000e+02 2.560000000000000000e+02 3.200000000000000000e+01
9.896000000000000000e+03 -1.000000000000000000e+03 2.560000000000000000e+02 3.200000000000000000e+01
9.936000000000000000e+03 -9.840000000000000000e+02 2.480000000000000000e+02 6.400000000000000000e+01
9.967000000000000000e+03 -1.000000000000000000e+03 2.480000000000000000e+02 4.000000000000000000e+01
1.000700000000000000e+04 -1.008000000000000000e+03 2.560000000000000000e+02 2.400000000000000000e+01
1.004700000000000000e+04 -9.680000000000000000e+02 2.480000000000000000e+02 8.000000000000000000e+00
1.008700000000000000e+04 -9.760000000000000000e+02 2.480000000000000000e+02 8.000000000000000000e+00
1.012700000000000000e+04 -1.000000000000000000e+03 2.400000000000000000e+02 6.400000000000000000e+01
1.016700000000000000e+04 -1.000000000000000000e+03 2.400000000000000000e+02 -8.000000000000000000e+00
1.020700000000000000e+04 -1.000000000000000000e+03 2.400000000000000000e+02 4.000000000000000000e+01
1.024700000000000000e+04 -9.920000000000000000e+02 2.400000000000000000e+02 3.200000000000000000e+01
1.028700000000000000e+04 -9.760000000000000000e+02 2.400000000000000000e+02 4.000000000000000000e+01
1.032700000000000000e+04 -9.760000000000000000e+02 2.400000000000000000e+02 2.400000000000000000e+01
1.036700000000000000e+04 -9.840000000000000000e+02 2.720000000000000000e+02 4.000000000000000000e+01
1.040700000000000000e+04 -1.000000000000000000e+03 2.560000000000000000e+02 5.600000000000000000e+01
1.044700000000000000e+04 -9.680000000000000000e+02 2.560000000000000000e+02 3.200000000000000000e+01
1.048700000000000000e+04 -9.840000000000000000e+02 2.560000000000000000e+02 3.200000000000000000e+01
1.052700000000000000e+04 -9.520000000000000000e+02 2.560000000000000000e+02 5.600000000000000000e+01
1.056700000000000000e+04 -9.760000000000000000e+02 2.560000000000000000e+02 1.600000000000000000e+01
1.060700000000000000e+04 -9.840000000000000000e+02 2.480000000000000000e+02 3.200000000000000000e+01
1.064700000000000000e+04 -9.840000000000000000e+02 2.480000000000000000e+02 6.400000000000000000e+01
1.068700000000000000e+04 -9.760000000000000000e+02 2.560000000000000000e+02 6.400000000000000000e+01
1.072700000000000000e+04 -9.760000000000000000e+02 2.240000000000000000e+02 2.400000000000000000e+01
1.076700000000000000e+04 -9.840000000000000000e+02 2.320000000000000000e+02 4.800000000000000000e+01
1.080700000000000000e+04 -9.840000000000000000e+02 2.320000000000000000e+02 6.400000000000000000e+01
1.084700000000000000e+04 -9.840000000000000000e+02 2.480000000000000000e+02 5.600000000000000000e+01
1.088700000000000000e+04 -1.000000000000000000e+03 2.400000000000000000e+02 8.000000000000000000e+00
1.092700000000000000e+04 -9.920000000000000000e+02 2.480000000000000000e+02 3.200000000000000000e+01
1.095900000000000000e+04 -9.920000000000000000e+02 2.480000000000000000e+02 3.200000000000000000e+01
1.099900000000000000e+04 -9.600000000000000000e+02 2.400000000000000000e+02 5.600000000000000000e+01
1.103900000000000000e+04 -9.760000000000000000e+02 2.400000000000000000e+02 4.000000000000000000e+01
1.107900000000000000e+04 -9.840000000000000000e+02 2.160000000000000000e+02 2.400000000000000000e+01
1.111900000000000000e+04 -9.920000000000000000e+02 2.240000000000000000e+02 3.200000000000000000e+01
1.115900000000000000e+04 -9.920000000000000000e+02 2.400000000000000000e+02 2.400000000000000000e+01
1.119900000000000000e+04 -1.000000000000000000e+03 2.320000000000000000e+02 2.400000000000000000e+01
1.123900000000000000e+04 -9.840000000000000000e+02 2.400000000000000000e+02 1.600000000000000000e+01
1.127900000000000000e+04 -9.840000000000000000e+02 2.400000000000000000e+02 -3.200000000000000000e+01
1.131900000000000000e+04 -9.920000000000000000e+02 2.560000000000000000e+02 4.800000000000000000e+01
1.135900000000000000e+04 -9.920000000000000000e+02 2.560000000000000000e+02 2.400000000000000000e+01
1.139900000000000000e+04 -9.840000000000000000e+02 2.400000000000000000e+02 2.400000000000000000e+01
1.143900000000000000e+04 -9.920000000000000000e+02 2.480000000000000000e+02 2.400000000000000000e+01
1.147900000000000000e+04 -9.920000000000000000e+02 2.560000000000000000e+02 8.000000000000000000e+00
1.151900000000000000e+04 -9.840000000000000000e+02 2.480000000000000000e+02 2.400000000000000000e+01
1.155900000000000000e+04 -1.016000000000000000e+03 2.240000000000000000e+02 5.600000000000000000e+01
1.159900000000000000e+04 -1.000000000000000000e+03 2.320000000000000000e+02 3.200000000000000000e+01
1.163900000000000000e+04 -1.016000000000000000e+03 2.480000000000000000e+02 1.600000000000000000e+01
1.167900000000000000e+04 -1.008000000000000000e+03 2.560000000000000000e+02 8.000000000000000000e+00
1.171900000000000000e+04 -1.008000000000000000e+03 2.720000000000000000e+02 0.000000000000000000e+00
1.175900000000000000e+04 -1.008000000000000000e+03 2.640000000000000000e+02 3.200000000000000000e+01
1.179900000000000000e+04 -1.008000000000000000e+03 2.640000000000000000e+02 2.400000000000000000e+01
1.183900000000000000e+04 -1.008000000000000000e+03 2.480000000000000000e+02 1.600000000000000000e+01
1.187900000000000000e+04 -9.920000000000000000e+02 2.400000000000000000e+02 2.400000000000000000e+01
1.191900000000000000e+04 -9.920000000000000000e+02 2.480000000000000000e+02 2.400000000000000000e+01
1.195000000000000000e+04 -9.920000000000000000e+02 2.480000000000000000e+02 4.800000000000000000e+01
1.199000000000000000e+04 -1.008000000000000000e+03 2.560000000000000000e+02 0.000000000000000000e+00
1.203000000000000000e+04 -1.000000000000000000e+03 2.640000000000000000e+02 3.200000000000000000e+01
1.207000000000000000e+04 -1.016000000000000000e+03 2.640000000000000000e+02 -4.000000000000000000e+01
1.211000000000000000e+04 -1.008000000000000000e+03 2.560000000000000000e+02 -2.400000000000000000e+01
1.215000000000000000e+04 -9.920000000000000000e+02 2.480000000000000000e+02 -8.000000000000000000e+00
1.219000000000000000e+04 -9.920000000000000000e+02 2.560000000000000000e+02 4.000000000000000000e+01
1.223000000000000000e+04 -9.920000000000000000e+02 2.480000000000000000e+02 8.000000000000000000e+00
1.227000000000000000e+04 -9.840000000000000000e+02 2.560000000000000000e+02 1.600000000000000000e+01
1.231000000000000000e+04 -9.840000000000000000e+02 2.560000000000000000e+02 2.400000000000000000e+01
1.235000000000000000e+04 -9.920000000000000000e+02 2.560000000000000000e+02 -1.600000000000000000e+01
1.239000000000000000e+04 -9.920000000000000000e+02 2.480000000000000000e+02 3.200000000000000000e+01
1.243000000000000000e+04 -9.920000000000000000e+02 2.480000000000000000e+02 4.000000000000000000e+01
1.247000000000000000e+04 -9.920000000000000000e+02 2.720000000000000000e+02 2.400000000000000000e+01
1.251000000000000000e+04 -1.000000000000000000e+03 2.480000000000000000e+02 4.000000000000000000e+01
1.255000000000000000e+04 -9.920000000000000000e+02 2.480000000000000000e+02 0.000000000000000000e+00
1.259000000000000000e+04 -9.920000000000000000e+02 2.400000000000000000e+02 1.600000000000000000e+01
1.263000000000000000e+04 -9.840000000000000000e+02 2.400000000000000000e+02 2.400000000000000000e+01
1.267000000000000000e+04 -9.920000000000000000e+02 2.320000000000000000e+02 3.200000000000000000e+01
1.271000000000000000e+04 -9.920000000000000000e+02 2.320000000000000000e+02 1.600000000000000000e+01
1.275000000000000000e+04 -9.920000000000000000e+02 2.400000000000000000e+02 8.800000000000000000e+01
1.279000000000000000e+04 -9.920000000000000000e+02 2.400000000000000000e+02 0.000000000000000000e+00
1.283000000000000000e+04 -9.840000000000000000e+02 2.480000000000000000e+02 4.000000000000000000e+01
1.287000000000000000e+04 -9.920000000000000000e+02 2.400000000000000000e+02 8.000000000000000000e+00
1.291000000000000000e+04 -9.920000000000000000e+02 2.480000000000000000e+02 -4.000000000000000000e+01
1.393400000000000000e+04 -9.840000000000000000e+02 2.160000000000000000e+02 5.600000000000000000e+01
1.397400000000000000e+04 -9.760000000000000000e+02 2.160000000000000000e+02 5.600000000000000000e+01
1.401400000000000000e+04 -9.920000000000000000e+02 2.480000000000000000e+02 7.200000000000000000e+01
1.405400000000000000e+04 -9.920000000000000000e+02 2.080000000000000000e+02 9.600000000000000000e+01
1.409400000000000000e+04 -1.000000000000000000e+03 2.080000000000000000e+02 4.000000000000000000e+01
1.413400000000000000e+04 -1.000000000000000000e+03 2.320000000000000000e+02 3.200000000000000000e+01
1.417400000000000000e+04 -9.920000000000000000e+02 2.240000000000000000e+02 3.200000000000000000e+01
1.421400000000000000e+04 -9.760000000000000000e+02 2.320000000000000000e+02 -1.600000000000000000e+01
1.425400000000000000e+04 -9.920000000000000000e+02 2.320000000000000000e+02 5.600000000000000000e+01
1.429400000000000000e+04 -9.600000000000000000e+02 2.400000000000000000e+02 8.800000000000000000e+01
1.433400000000000000e+04 -9.840000000000000000e+02 2.400000000000000000e+02 8.000000000000000000e+00
1.437400000000000000e+04 -9.920000000000000000e+02 2.320000000000000000e+02 0.000000000000000000e+00
1.441400000000000000e+04 -9.920000000000000000e+02 2.320000000000000000e+02 -8.000000000000000000e+00
1.445400000000000000e+04 -1.000000000000000000e+03 2.400000000000000000e+02 8.000000000000000000e+00
1.449400000000000000e+04 -9.920000000000000000e+02 2.320000000000000000e+02 3.200000000000000000e+01
1.453400000000000000e+04 -9.920000000000000000e+02 2.240000000000000000e+02 1.600000000000000000e+01
1.457400000000000000e+04 -1.000000000000000000e+03 2.400000000000000000e+02 1.600000000000000000e+01
1.461400000000000000e+04 -1.016000000000000000e+03 2.400000000000000000e+02 0.000000000000000000e+00
1.465400000000000000e+04 -1.000000000000000000e+03 2.480000000000000000e+02 3.200000000000000000e+01
1.469400000000000000e+04 -1.000000000000000000e+03 2.320000000000000000e+02 8.000000000000000000e+00
1.473400000000000000e+04 -9.920000000000000000e+02 2.480000000000000000e+02 -8.000000000000000000e+00
1.477400000000000000e+04 -9.760000000000000000e+02 2.320000000000000000e+02 3.200000000000000000e+01
1.481400000000000000e+04 -9.840000000000000000e+02 2.240000000000000000e+02 5.600000000000000000e+01
1.485400000000000000e+04 -9.920000000000000000e+02 2.080000000000000000e+02 3.200000000000000000e+01
1.489400000000000000e+04 -9.920000000000000000e+02 2.320000000000000000e+02 2.400000000000000000e+01
1.492500000000000000e+04 -9.920000000000000000e+02 2.320000000000000000e+02 3.200000000000000000e+01
1.496500000000000000e+04 -9.920000000000000000e+02 2.400000000000000000e+02 -8.000000000000000000e+00
1.500500000000000000e+04 -9.920000000000000000e+02 2.480000000000000000e+02 3.200000000000000000e+01
1.504500000000000000e+04 -1.000000000000000000e+03 2.400000000000000000e+02 2.400000000000000000e+01
1.508500000000000000e+04 -1.016000000000000000e+03 2.400000000000000000e+02 4.800000000000000000e+01
1.512500000000000000e+04 -1.000000000000000000e+03 2.400000000000000000e+02 3.200000000000000000e+01
1.516500000000000000e+04 -1.008000000000000000e+03 2.400000000000000000e+02 4.000000000000000000e+01
1.520500000000000000e+04 -1.000000000000000000e+03 2.400000000000000000e+02 1.600000000000000000e+01
1.524500000000000000e+04 -9.920000000000000000e+02 2.480000000000000000e+02 -3.200000000000000000e+01
1.528500000000000000e+04 -1.016000000000000000e+03 2.400000000000000000e+02 3.200000000000000000e+01
1.532500000000000000e+04 -1.000000000000000000e+03 2.400000000000000000e+02 0.000000000000000000e+00
1.536500000000000000e+04 -9.840000000000000000e+02 2.400000000000000000e+02 -3.200000000000000000e+01
1.540500000000000000e+04 -1.000000000000000000e+03 2.400000000000000000e+02 4.000000000000000000e+01
1.544500000000000000e+04 -9.920000000000000000e+02 2.480000000000000000e+02 3.200000000000000000e+01
1.548500000000000000e+04 -1.008000000000000000e+03 2.320000000000000000e+02 1.600000000000000000e+01
1.552500000000000000e+04 -9.920000000000000000e+02 2.400000000000000000e+02 0.000000000000000000e+00
1.556500000000000000e+04 -9.920000000000000000e+02 2.320000000000000000e+02 -1.600000000000000000e+01
1.560500000000000000e+04 -9.920000000000000000e+02 2.400000000000000000e+02 5.600000000000000000e+01
1.564500000000000000e+04 -9.920000000000000000e+02 2.480000000000000000e+02 8.800000000000000000e+01
1.568500000000000000e+04 -9.840000000000000000e+02 2.480000000000000000e+02 2.400000000000000000e+01
1.572500000000000000e+04 -9.840000000000000000e+02 2.400000000000000000e+02 0.000000000000000000e+00
1.576500000000000000e+04 -9.760000000000000000e+02 2.320000000000000000e+02 8.000000000000000000e+00
1.580500000000000000e+04 -9.840000000000000000e+02 2.320000000000000000e+02 0.000000000000000000e+00
1.584500000000000000e+04 -9.840000000000000000e+02 2.320000000000000000e+02 1.600000000000000000e+01
1.588500000000000000e+04 -9.920000000000000000e+02 2.160000000000000000e+02 1.600000000000000000e+01
1.591600000000000000e+04 -9.840000000000000000e+02 2.240000000000000000e+02 4.800000000000000000e+01
1.595600000000000000e+04 -1.000000000000000000e+03 2.240000000000000000e+02 7.200000000000000000e+01
1.599600000000000000e+04 -1.016000000000000000e+03 2.560000000000000000e+02 4.800000000000000000e+01
1.603600000000000000e+04 -1.000000000000000000e+03 2.160000000000000000e+02 2.400000000000000000e+01
1.607600000000000000e+04 -9.840000000000000000e+02 2.080000000000000000e+02 5.600000000000000000e+01
1.611600000000000000e+04 -1.000000000000000000e+03 2.080000000000000000e+02 4.000000000000000000e+01
1.615600000000000000e+04 -9.920000000000000000e+02 2.000000000000000000e+02 5.600000000000000000e+01
1.619600000000000000e+04 -9.920000000000000000e+02 2.000000000000000000e+02 4.800000000000000000e+01
1.623600000000000000e+04 -1.000000000000000000e+03 2.080000000000000000e+02 4.000000000000000000e+01
1.627600000000000000e+04 -1.008000000000000000e+03 2.160000000000000000e+02 4.000000000000000000e+01
1.631600000000000000e+04 -1.008000000000000000e+03 2.000000000000000000e+02 5.600000000000000000e+01
1.635600000000000000e+04 -1.000000000000000000e+03 2.080000000000000000e+02 6.400000000000000000e+01
1.639600000000000000e+04 -1.000000000000000000e+03 2.160000000000000000e+02 6.400000000000000000e+01
1.643600000000000000e+04 -1.008000000000000000e+03 2.080000000000000000e+02 4.800000000000000000e+01
1.647600000000000000e+04 -1.008000000000000000e+03 2.160000000000000000e+02 2.400000000000000000e+01
1.651600000000000000e+04 -1.000000000000000000e+03 2.160000000000000000e+02 4.800000000000000000e+01
1.655600000000000000e+04 -9.680000000000000000e+02 2.160000000000000000e+02 0.000000000000000000e+00
1.659600000000000000e+04 -9.840000000000000000e+02 2.160000000000000000e+02 8.000000000000000000e+00
1.663600000000000000e+04 -1.000000000000000000e+03 2.240000000000000000e+02 5.600000000000000000e+01
1.667600000000000000e+04 -9.920000000000000000e+02 2.400000000000000000e+02 4.800000000000000000e+01
1.671600000000000000e+04 -9.920000000000000000e+02 2.320000000000000000e+02 4.800000000000000000e+01
1.675600000000000000e+04 -9.760000000000000000e+02 2.160000000000000000e+02 3.200000000000000000e+01
1.679600000000000000e+04 -9.840000000000000000e+02 2.400000000000000000e+02 5.600000000000000000e+01
1.683600000000000000e+04 -9.920000000000000000e+02 2.320000000000000000e+02 5.600000000000000000e+01
1.687600000000000000e+04 -9.920000000000000000e+02 2.240000000000000000e+02 4.800000000000000000e+01
1.690800000000000000e+04 -9.920000000000000000e+02 2.240000000000000000e+02 4.000000000000000000e+01
1.694800000000000000e+04 -9.600000000000000000e+02 2.480000000000000000e+02 5.600000000000000000e+01
1.698800000000000000e+04 -9.680000000000000000e+02 2.320000000000000000e+02 -8.000000000000000000e+00
1.702800000000000000e+04 -9.840000000000000000e+02 2.320000000000000000e+02 4.000000000000000000e+01
1.706800000000000000e+04 -9.920000000000000000e+02 2.320000000000000000e+02 4.800000000000000000e+01
1.710800000000000000e+04 -9.920000000000000000e+02 2.240000000000000000e+02 8.800000000000000000e+01
1.714800000000000000e+04 -9.920000000000000000e+02 2.080000000000000000e+02 4.800000000000000000e+01
1.718800000000000000e+04 -9.920000000000000000e+02 2.160000000000000000e+02 2.400000000000000000e+01
1.722800000000000000e+04 -1.000000000000000000e+03 2.240000000000000000e+02 -3.200000000000000000e+01
1.726800000000000000e+04 -1.000000000000000000e+03 2.640000000000000000e+02 1.600000000000000000e+01
1.730800000000000000e+04 -9.920000000000000000e+02 2.240000000000000000e+02 -9.600000000000000000e+01
1.734800000000000000e+04 -1.000000000000000000e+03 2.160000000000000000e+02 -4.000000000000000000e+01
1.738800000000000000e+04 -9.760000000000000000e+02 2.240000000000000000e+02 4.000000000000000000e+01
1.742800000000000000e+04 -9.920000000000000000e+02 1.760000000000000000e+02 4.000000000000000000e+01
1.746800000000000000e+04 -1.000000000000000000e+03 2.000000000000000000e+02 6.400000000000000000e+01
1.750800000000000000e+04 -9.840000000000000000e+02 2.000000000000000000e+02 8.800000000000000000e+01
1.754800000000000000e+04 -9.760000000000000000e+02 2.080000000000000000e+02 9.600000000000000000e+01
1.758800000000000000e+04 -9.840000000000000000e+02 2.560000000000000000e+02 1.280000000000000000e+02
1.762800000000000000e+04 -9.840000000000000000e+02 2.800000000000000000e+02 8.800000000000000000e+01
1.766800000000000000e+04 -9.760000000000000000e+02 3.360000000000000000e+02 6.400000000000000000e+01
1.770800000000000000e+04 -9.920000000000000000e+02 3.520000000000000000e+02 9.600000000000000000e+01
1.774800000000000000e+04 -9.840000000000000000e+02 3.360000000000000000e+02 1.200000000000000000e+02
1.778800000000000000e+04 -9.760000000000000000e+02 3.200000000000000000e+02 8.000000000000000000e+01
1.782800000000000000e+04 -9.600000000000000000e+02 2.560000000000000000e+02 8.000000000000000000e+01
1.786800000000000000e+04 -1.008000000000000000e+03 2.960000000000000000e+02 1.840000000000000000e+02
1.789900000000000000e+04 -1.000000000000000000e+03 2.320000000000000000e+02 1.920000000000000000e+02
1.793900000000000000e+04 -9.680000000000000000e+02 2.400000000000000000e+02 -3.200000000000000000e+01
1.797900000000000000e+04 -9.600000000000000000e+02 2.720000000000000000e+02 7.200000000000000000e+01
1.801900000000000000e+04 -9.280000000000000000e+02 3.840000000000000000e+02 -5.600000000000000000e+01
1.805900000000000000e+04 -9.440000000000000000e+02 3.280000000000000000e+02 -8.800000000000000000e+01
1.809900000000000000e+04 -9.600000000000000000e+02 3.680000000000000000e+02 -3.200000000000000000e+01
1.813900000000000000e+04 -9.840000000000000000e+02 4.080000000000000000e+02 4.000000000000000000e+01
1.817900000000000000e+04 -9.440000000000000000e+02 4.640000000000000000e+02 8.000000000000000000e+00
1.821900000000000000e+04 -9.120000000000000000e+02 4.960000000000000000e+02 -6.400000000000000000e+01
1.825900000000000000e+04 -9.120000000000000000e+02 2.000000000000000000e+02 -4.640000000000000000e+02
1.829900000000000000e+04 -9.440000000000000000e+02 3.040000000000000000e+02 1.200000000000000000e+02
1.833900000000000000e+04 -9.360000000000000000e+02 4.400000000000000000e+02 3.200000000000000000e+02
1.837900000000000000e+04 -9.440000000000000000e+02 4.160000000000000000e+02 4.240000000000000000e+02
1.841900000000000000e+04 -9.520000000000000000e+02 3.120000000000000000e+02 2.880000000000000000e+02
1.845900000000000000e+04 -9.600000000000000000e+02 2.720000000000000000e+02 2.880000000000000000e+02
1.849900000000000000e+04 -9.680000000000000000e+02 2.560000000000000000e+02 2.720000000000000000e+02
1.853900000000000000e+04 -9.520000000000000000e+02 2.320000000000000000e+02 2.400000000000000000e+02
1.857900000000000000e+04 -9.600000000000000000e+02 3.040000000000000000e+02 2.080000000000000000e+02
1.861900000000000000e+04 -9.600000000000000000e+02 3.200000000000000000e+02 1.920000000000000000e+02
1.865900000000000000e+04 -9.360000000000000000e+02 3.200000000000000000e+02 1.840000000000000000e+02
1.869900000000000000e+04 -9.520000000000000000e+02 3.680000000000000000e+02 1.840000000000000000e+02
1.873900000000000000e+04 -9.520000000000000000e+02 3.200000000000000000e+02 2.080000000000000000e+02
1.877900000000000000e+04 -9.120000000000000000e+02 2.960000000000000000e+02 1.840000000000000000e+02
1.881900000000000000e+04 -9.360000000000000000e+02 3.040000000000000000e+02 1.520000000000000000e+02
1.885900000000000000e+04 -9.680000000000000000e+02 3.280000000000000000e+02 2.240000000000000000e+02
1.889200000000000000e+04 -9.600000000000000000e+02 3.360000000000000000e+02 1.200000000000000000e+02
1.893200000000000000e+04 -9.520000000000000000e+02 3.200000000000000000e+02 2.160000000000000000e+02
1.897200000000000000e+04 -9.520000000000000000e+02 3.280000000000000000e+02 1.520000000000000000e+02
1.901200000000000000e+04 -9.520000000000000000e+02 3.680000000000000000e+02 2.080000000000000000e+02
1.905200000000000000e+04 -9.600000000000000000e+02 3.280000000000000000e+02 1.760000000000000000e+02
1.909200000000000000e+04 -9.600000000000000000e+02 3.280000000000000000e+02 1.680000000000000000e+02
1.913200000000000000e+04 -9.680000000000000000e+02 3.440000000000000000e+02 1.440000000000000000e+02
1.917200000000000000e+04 -9.520000000000000000e+02 3.360000000000000000e+02 2.400000000000000000e+02
1.921200000000000000e+04 -9.520000000000000000e+02 3.760000000000000000e+02 1.680000000000000000e+02
1.925200000000000000e+04 -9.520000000000000000e+02 3.280000000000000000e+02 1.600000000000000000e+02
1.929200000000000000e+04 -9.520000000000000000e+02 3.600000000000000000e+02 2.000000000000000000e+02
1.933200000000000000e+04 -9.440000000000000000e+02 3.440000000000000000e+02 1.680000000000000000e+02
1.937200000000000000e+04 -9.520000000000000000e+02 3.360000000000000000e+02 1.440000000000000000e+02
1.941200000000000000e+04 -9.520000000000000000e+02 3.520000000000000000e+02 1.200000000000000000e+02
1.945200000000000000e+04 -9.600000000000000000e+02 3.280000000000000000e+02 8.800000000000000000e+01
1.949200000000000000e+04 -9.680000000000000000e+02 3.200000000000000000e+02 1.600000000000000000e+02
1.953200000000000000e+04 -9.600000000000000000e+02 3.200000000000000000e+02 2.000000000000000000e+02
1.957200000000000000e+04 -9.680000000000000000e+02 3.360000000000000000e+02 2.000000000000000000e+02
1.961200000000000000e+04 -9.600000000000000000e+02 3.360000000000000000e+02 1.440000000000000000e+02
1.965200000000000000e+04 -9.680000000000000000e+02 3.040000000000000000e+02 1.200000000000000000e+02
1.969200000000000000e+04 -9.440000000000000000e+02 4.000000000000000000e+02 1.920000000000000000e+02
1.973200000000000000e+04 -9.440000000000000000e+02 3.760000000000000000e+02 1.440000000000000000e+02
1.977200000000000000e+04 -9.520000000000000000e+02 3.520000000000000000e+02 1.280000000000000000e+02
1.981200000000000000e+04 -9.520000000000000000e+02 3.120000000000000000e+02 1.040000000000000000e+02
1.985200000000000000e+04 -9.520000000000000000e+02 3.280000000000000000e+02 1.760000000000000000e+02
1.988300000000000000e+04 -9.520000000000000000e+02 3.360000000000000000e+02 1.600000000000000000e+02
1.992300000000000000e+04 -9.600000000000000000e+02 3.280000000000000000e+02 1.440000000000000000e+02
1.996300000000000000e+04 -9.600000000000000000e+02 3.520000000000000000e+02 1.680000000000000000e+02
2.000300000000000000e+04 -9.600000000000000000e+02 3.120000000000000000e+02 1.280000000000000000e+02
2.004300000000000000e+04 -9.600000000000000000e+02 2.720000000000000000e+02 1.280000000000000000e+02
2.008300000000000000e+04 -9.600000000000000000e+02 2.960000000000000000e+02 1.520000000000000000e+02
2.012300000000000000e+04 -9.600000000000000000e+02 3.120000000000000000e+02 2.320000000000000000e+02
2.016300000000000000e+04 -9.520000000000000000e+02 3.200000000000000000e+02 1.760000000000000000e+02
2.020300000000000000e+04 -9.680000000000000000e+02 2.720000000000000000e+02 1.440000000000000000e+02
2.024300000000000000e+04 -9.440000000000000000e+02 2.480000000000000000e+02 7.200000000000000000e+01
2.028300000000000000e+04 -9.600000000000000000e+02 4.880000000000000000e+02 9.600000000000000000e+01
2.032300000000000000e+04 -9.520000000000000000e+02 4.400000000000000000e+02 1.600000000000000000e+01
2.036300000000000000e+04 -9.600000000000000000e+02 3.120000000000000000e+02 1.280000000000000000e+02
2.040300000000000000e+04 -9.760000000000000000e+02 2.720000000000000000e+02 1.920000000000000000e+02
2.044300000000000000e+04 -9.600000000000000000e+02 2.240000000000000000e+02 8.000000000000000000e+01
2.048300000000000000e+04 -9.680000000000000000e+02 1.440000000000000000e+02 1.600000000000000000e+02
2.052300000000000000e+04 -9.840000000000000000e+02 2.160000000000000000e+02 2.320000000000000000e+02
2.056300000000000000e+04 -9.200000000000000000e+02 2.880000000000000000e+02 -8.000000000000000000e+01
2.060300000000000000e+04 -9.440000000000000000e+02 3.280000000000000000e+02 -1.600000000000000000e+01
2.064300000000000000e+04 -1.000000000000000000e+03 2.560000000000000000e+02 1.920000000000000000e+02
2.068300000000000000e+04 -9.840000000000000000e+02 2.800000000000000000e+02 1.280000000000000000e+02
2.072300000000000000e+04 -9.920000000000000000e+02 2.800000000000000000e+02 1.200000000000000000e+02
2.076300000000000000e+04 -1.000000000000000000e+03 2.640000000000000000e+02 1.360000000000000000e+02
2.080300000000000000e+04 -9.920000000000000000e+02 2.480000000000000000e+02 1.040000000000000000e+02
2.084300000000000000e+04 -9.920000000000000000e+02 2.160000000000000000e+02 4.800000000000000000e+01
