4.500000000000000000e+01 -9.600000000000000000e+01 5.200000000000000000e+02 -8.640000000000000000e+02
8.500000000000000000e+01 -1.360000000000000000e+02 7.200000000000000000e+02 -6.320000000000000000e+02
1.250000000000000000e+02 -1.280000000000000000e+02 7.360000000000000000e+02 -6.720000000000000000e+02
1.650000000000000000e+02 -1.280000000000000000e+02 7.360000000000000000e+02 -6.560000000000000000e+02
2.050000000000000000e+02 -1.360000000000000000e+02 7.360000000000000000e+02 -6.720000000000000000e+02
2.450000000000000000e+02 -1.280000000000000000e+02 7.440000000000000000e+02 -6.640000000000000000e+02
2.850000000000000000e+02 -1.120000000000000000e+02 7.440000000000000000e+02 -6.480000000000000000e+02
3.250000000000000000e+02 -1.040000000000000000e+02 7.520000000000000000e+02 -6.800000000000000000e+02
3.650000000000000000e+02 -1.040000000000000000e+02 7.440000000000000000e+02 -6.720000000000000000e+02
4.050000000000000000e+02 -1.040000000000000000e+02 7.440000000000000000e+02 -6.880000000000000000e+02
4.450000000000000000e+02 -1.040000000000000000e+02 7.360000000000000000e+02 -6.640000000000000000e+02
4.850000000000000000e+02 -1.120000000000000000e+02 7.360000000000000000e+02 -6.800000000000000000e+02
5.250000000000000000e+02 -1.120000000000000000e+02 7.520000000000000000e+02 -6.640000000000000000e+02
5.650000000000000000e+02 -1.040000000000000000e+02 7.520000000000000000e+02 -6.880000000000000000e+02
6.050000000000000000e+02 -1.120000000000000000e+02 7.360000000000000000e+02 -6.960000000000000000e+02
6.450000000000000000e+02 -1.120000000000000000e+02 7.360000000000000000e+02 -7.040000000000000000e+02
6.850000000000000000e+02 -1.200000000000000000e+02 7.440000000000000000e+02 -6.560000000000000000e+02
7.250000000000000000e+02 -1.200000000000000000e+02 7.360000000000000000e+02 -6.800000000000000000e+02
7.650000000000000000e+02 -1.120000000000000000e+02 7.200000000000000000e+02 -6.880000000000000000e+02
8.050000000000000000e+02 -1.040000000000000000e+02 7.280000000000000000e+02 -6.960000000000000000e+02
8.450000000000000000e+02 -1.120000000000000000e+02 7.280000000000000000e+02 -6.880000000000000000e+02
8.850000000000000000e+02 -1.120000000000000000e+02 7.200000000000000000e+02 -7.120000000000000000e+02
9.250000000000000000e+02 -1.040000000000000000e+02 7.200000000000000000e+02 -6.800000000000000000e+02
9.650000000000000000e+02 -1.040000000000000000e+02 7.200000000000000000e+02 -7.120000000000000000e+02
1.005000000000000000e+03 -1.040000000000000000e+02 7.200000000000000000e+02 -6.880000000000000000e+02
1.036000000000000000e+03 -1.120000000000000000e+02 7.360000000000000000e+02 -6.720000000000000000e+02
1.076000000000000000e+03 -1.120000000000000000e+02 7.440000000000000000e+02 -6.800000000000000000e+02
1.116000000000000000e+03 -8.800000000000000000e+01 7.200000000000000000e+02 -7.200000000000000000e+02
1.156000000000000000e+03 -8.800000000000000000e+01 7.120000000000000000e+02 -7.360000000000000000e+02
1.196000000000000000e+03 -1.040000000000000000e+02 7.200000000000000000e+02 -6.960000000000000000e+02
1.236000000000000000e+03 -8.800000000000000000e+01 7.120000000000000000e+02 -7.040000000000000000e+02
1.276000000000000000e+03 -8.800000000000000000e+01 7.200000000000000000e+02 -7.040000000000000000e+02
1.316000000000000000e+03 -9.600000000000000000e+01 7.120000000000000000e+02 -7.040000000000000000e+02
1.356000000000000000e+03 -9.600000000000000000e+01 7.120000000000000000e+02 -7.040000000000000000e+02
1.396000000000000000e+03 -1.040000000000000000e+02 7.200000000000000000e+02 -7.040000000000000000e+02
1.436000000000000000e+03 -1.120000000000000000e+02 7.120000000000000000e+02 -6.800000000000000000e+02
1.476000000000000000e+03 -1.200000000000000000e+02 6.880000000000000000e+02 -7.520000000000000000e+02
1.516000000000000000e+03 -1.040000000000000000e+02 6.880000000000000000e+02 -6.880000000000000000e+02
1.556000000000000000e+03 -8.800000000000000000e+01 7.040000000000000000e+02 -7.200000000000000000e+02
1.596000000000000000e+03 -1.040000000000000000e+02 7.120000000000000000e+02 -6.880000000000000000e+02
1.636000000000000000e+03 -1.120000000000000000e+02 7.120000000000000000e+02 -7.440000000000000000e+02
1.676000000000000000e+03 -1.120000000000000000e+02 7.120000000000000000e+02 -7.200000000000000000e+02
1.716000000000000000e+03 -1.040000000000000000e+02 7.200000000000000000e+02 -6.880000000000000000e+02
1.756000000000000000e+03 -1.200000000000000000e+02 7.280000000000000000e+02 -7.200000000000000000e+02
1.796000000000000000e+03 -9.600000000000000000e+01 7.200000000000000000e+02 -7.360000000000000000e+02
1.836000000000000000e+03 -1.040000000000000000e+02 7.120000000000000000e+02 -7.120000000000000000e+02
1.876000000000000000e+03 -1.120000000000000000e+02 7.200000000000000000e+02 -7.040000000000000000e+02
1.916000000000000000e+03 -1.040000000000000000e+02 7.040000000000000000e+02 -7.520000000000000000e+02
1.956000000000000000e+03 -1.120000000000000000e+02 7.120000000000000000e+02 -7.040000000000000000e+02
1.996000000000000000e+03 -1.200000000000000000e+02 7.200000000000000000e+02 -6.960000000000000000e+02
2.028000000000000000e+03 -1.200000000000000000e+02 7.200000000000000000e+02 -7.120000000000000000e+02
2.068000000000000000e+03 -1.200000000000000000e+02 7.120000000000000000e+02 -7.120000000000000000e+02
2.108000000000000000e+03 -1.040000000000000000e+02 7.120000000000000000e+02 -7.120000000000000000e+02
2.148000000000000000e+03 -1.040000000000000000e+02 7.040000000000000000e+02 -7.120000000000000000e+02
2.188000000000000000e+03 -1.040000000000000000e+02 7.040000000000000000e+02 -6.960000000000000000e+02
2.228000000000000000e+03 -1.360000000000000000e+02 7.040000000000000000e+02 -7.040000000000000000e+02
2.268000000000000000e+03 -1.200000000000000000e+02 7.280000000000000000e+02 -6.960000000000000000e+02
2.308000000000000000e+03 -1.120000000000000000e+02 7.200000000000000000e+02 -6.880000000000000000e+02
2.348000000000000000e+03 -1.120000000000000000e+02 7.120000000000000000e+02 -7.120000000000000000e+02
2.388000000000000000e+03 -1.120000000000000000e+02 6.880000000000000000e+02 -7.200000000000000000e+02
2.428000000000000000e+03 -9.600000000000000000e+01 7.040000000000000000e+02 -7.040000000000000000e+02
2.468000000000000000e+03 -1.040000000000000000e+02 7.120000000000000000e+02 -6.880000000000000000e+02
2.508000000000000000e+03 -1.200000000000000000e+02 7.120000000000000000e+02 -6.960000000000000000e+02
2.548000000000000000e+03 -1.120000000000000000e+02 7.040000000000000000e+02 -7.280000000000000000e+02
2.588000000000000000e+03 -9.600000000000000000e+01 7.040000000000000000e+02 -6.960000000000000000e+02
2.628000000000000000e+03 -9.600000000000000000e+01 7.040000000000000000e+02 -7.120000000000000000e+02
2.668000000000000000e+03 -1.120000000000000000e+02 7.040000000000000000e+02 -6.960000000000000000e+02
2.708000000000000000e+03 -8.800000000000000000e+01 7.040000000000000000e+02 -7.040000000000000000e+02
2.748000000000000000e+03 -9.600000000000000000e+01 7.120000000000000000e+02 -6.960000000000000000e+02
2.788000000000000000e+03 -1.040000000000000000e+02 7.120000000000000000e+02 -6.640000000000000000e+02
2.828000000000000000e+03 -1.040000000000000000e+02 7.040000000000000000e+02 -7.040000000000000000e+02
2.868000000000000000e+03 -1.040000000000000000e+02 7.280000000000000000e+02 -7.040000000000000000e+02
2.908000000000000000e+03 -1.120000000000000000e+02 7.280000000000000000e+02 -6.960000000000000000e+02
2.948000000000000000e+03 -1.040000000000000000e+02 7.280000000000000000e+02 -7.200000000000000000e+02
2.988000000000000000e+03 -1.040000000000000000e+02 7.120000000000000000e+02 -7.200000000000000000e+02
3.019000000000000000e+03 -1.040000000000000000e+02 7.040000000000000000e+02 -7.200000000000000000e+02
3.059000000000000000e+03 -9.600000000000000000e+01 7.040000000000000000e+02 -7.200000000000000000e+02
3.099000000000000000e+03 -1.200000000000000000e+02 6.960000000000000000e+02 -7.520000000000000000e+02
3.139000000000000000e+03 -1.040000000000000000e+02 6.960000000000000000e+02 -7.520000000000000000e+02
3.179000000000000000e+03 -1.040000000000000000e+02 7.040000000000000000e+02 -6.960000000000000000e+02
3.219000000000000000e+03 -1.280000000000000000e+02 7.280000000000000000e+02 -7.120000000000000000e+02
3.259000000000000000e+03 -9.600000000000000000e+01 7.040000000000000000e+02 -7.360000000000000000e+02
3.299000000000000000e+03 -1.040000000000000000e+02 6.720000000000000000e+02 -7.440000000000000000e+02
3.339000000000000000e+03 -1.040000000000000000e+02 6.800000000000000000e+02 -7.440000000000000000e+02
3.379000000000000000e+03 -9.600000000000000000e+01 6.800000000000000000e+02 -7.440000000000000000e+02
3.419000000000000000e+03 -1.040000000000000000e+02 6.800000000000000000e+02 -7.760000000000000000e+02
3.459000000000000000e+03 -1.120000000000000000e+02 6.720000000000000000e+02 -7.440000000000000000e+02
3.499000000000000000e+03 -1.040000000000000000e+02 6.720000000000000000e+02 -7.600000000000000000e+02
3.539000000000000000e+03 -1.120000000000000000e+02 6.640000000000000000e+02 -7.280000000000000000e+02
3.579000000000000000e+03 -1.040000000000000000e+02 6.720000000000000000e+02 -7.440000000000000000e+02
3.619000000000000000e+03 -8.800000000000000000e+01 6.720000000000000000e+02 -7.200000000000000000e+02
3.659000000000000000e+03 -1.040000000000000000e+02 6.720000000000000000e+02 -6.880000000000000000e+02
3.699000000000000000e+03 -1.120000000000000000e+02 6.800000000000000000e+02 -7.360000000000000000e+02
3.739000000000000000e+03 -1.200000000000000000e+02 6.800000000000000000e+02 -7.200000000000000000e+02
3.779000000000000000e+03 -1.120000000000000000e+02 6.880000000000000000e+02 -7.200000000000000000e+02
3.819000000000000000e+03 -9.600000000000000000e+01 6.880000000000000000e+02 -7.040000000000000000e+02
3.859000000000000000e+03 -1.040000000000000000e+02 6.960000000000000000e+02 -6.960000000000000000e+02
3.899000000000000000e+03 -1.120000000000000000e+02 7.040000000000000000e+02 -7.200000000000000000e+02
3.939000000000000000e+03 -1.040000000000000000e+02 7.040000000000000000e+02 -7.040000000000000000e+02
3.979000000000000000e+03 -9.600000000000000000e+01 7.040000000000000000e+02 -7.040000000000000000e+02
4.011000000000000000e+03 -1.120000000000000000e+02 7.280000000000000000e+02 -6.880000000000000000e+02
4.051000000000000000e+03 -1.120000000000000000e+02 7.360000000000000000e+02 -7.040000000000000000e+02
4.091000000000000000e+03 -1.200000000000000000e+02 7.200000000000000000e+02 -7.360000000000000000e+02
4.131000000000000000e+03 -1.200000000000000000e+02 7.120000000000000000e+02 -6.720000000000000000e+02
4.171000000000000000e+03 -1.200000000000000000e+02 7.200000000000000000e+02 -6.880000000000000000e+02
4.211000000000000000e+03 -1.200000000000000000e+02 7.200000000000000000e+02 -6.640000000000000000e+02
4.251000000000000000e+03 -1.200000000000000000e+02 7.120000000000000000e+02 -6.800000000000000000e+02
4.291000000000000000e+03 -1.200000000000000000e+02 7.280000000000000000e+02 -6.960000000000000000e+02
4.331000000000000000e+03 -1.200000000000000000e+02 7.280000000000000000e+02 -6.800000000000000000e+02
4.371000000000000000e+03 -1.120000000000000000e+02 7.200000000000000000e+02 -6.960000000000000000e+02
4.411000000000000000e+03 -1.120000000000000000e+02 7.280000000000000000e+02 -6.880000000000000000e+02
4.451000000000000000e+03 -1.200000000000000000e+02 7.360000000000000000e+02 -6.560000000000000000e+02
4.491000000000000000e+03 -1.120000000000000000e+02 7.520000000000000000e+02 -6.640000000000000000e+02
4.531000000000000000e+03 -1.120000000000000000e+02 7.440000000000000000e+02 -7.040000000000000000e+02
4.571000000000000000e+03 -1.040000000000000000e+02 7.360000000000000000e+02 -6.960000000000000000e+02
4.611000000000000000e+03 -8.000000000000000000e+01 7.440000000000000000e+02 -7.120000000000000000e+02
4.651000000000000000e+03 -1.040000000000000000e+02 7.440000000000000000e+02 -6.720000000000000000e+02
4.691000000000000000e+03 -1.040000000000000000e+02 7.440000000000000000e+02 -6.720000000000000000e+02
4.731000000000000000e+03 -1.200000000000000000e+02 7.600000000000000000e+02 -6.160000000000000000e+02
4.771000000000000000e+03 -1.120000000000000000e+02 7.440000000000000000e+02 -7.200000000000000000e+02
4.811000000000000000e+03 -1.120000000000000000e+02 7.360000000000000000e+02 -6.720000000000000000e+02
4.851000000000000000e+03 -1.200000000000000000e+02 7.440000000000000000e+02 -6.800000000000000000e+02
4.891000000000000000e+03 -1.120000000000000000e+02 7.360000000000000000e+02 -6.560000000000000000e+02
4.931000000000000000e+03 -1.120000000000000000e+02 7.280000000000000000e+02 -6.640000000000000000e+02
4.971000000000000000e+03 -1.120000000000000000e+02 7.360000000000000000e+02 -6.400000000000000000e+02
5.003000000000000000e+03 -1.120000000000000000e+02 7.360000000000000000e+02 -6.320000000000000000e+02
5.043000000000000000e+03 -1.040000000000000000e+02 7.440000000000000000e+02 -6.880000000000000000e+02
5.083000000000000000e+03 -1.200000000000000000e+02 7.360000000000000000e+02 -6.640000000000000000e+02
5.123000000000000000e+03 -1.200000000000000000e+02 7.520000000000000000e+02 -6.240000000000000000e+02
5.163000000000000000e+03 -1.040000000000000000e+02 7.520000000000000000e+02 -6.800000000000000000e+02
5.203000000000000000e+03 -1.040000000000000000e+02 7.520000000000000000e+02 -6.640000000000000000e+02
5.243000000000000000e+03 -1.120000000000000000e+02 7.440000000000000000e+02 -6.800000000000000000e+02
5.283000000000000000e+03 -1.120000000000000000e+02 7.440000000000000000e+02 -6.720000000000000000e+02
5.323000000000000000e+03 -1.120000000000000000e+02 7.600000000000000000e+02 -6.320000000000000000e+02
5.363000000000000000e+03 -1.120000000000000000e+02 7.440000000000000000e+02 -6.720000000000000000e+02
5.403000000000000000e+03 -1.120000000000000000e+02 7.440000000000000000e+02 -6.800000000000000000e+02
5.443000000000000000e+03 -1.200000000000000000e+02 7.440000000000000000e+02 -6.800000000000000000e+02
5.483000000000000000e+03 -1.200000000000000000e+02 7.440000000000000000e+02 -6.720000000000000000e+02
5.523000000000000000e+03 -1.200000000000000000e+02 7.440000000000000000e+02 -6.640000000000000000e+02
5.563000000000000000e+03 -1.120000000000000000e+02 7.440000000000000000e+02 -6.880000000000000000e+02
5.603000000000000000e+03 -1.200000000000000000e+02 7.520000000000000000e+02 -6.720000000000000000e+02
5.643000000000000000e+03 -1.360000000000000000e+02 7.440000000000000000e+02 -6.800000000000000000e+02
5.683000000000000000e+03 -1.200000000000000000e+02 7.360000000000000000e+02 -6.800000000000000000e+02
5.723000000000000000e+03 -1.280000000000000000e+02 7.440000000000000000e+02 -6.480000000000000000e+02
5.763000000000000000e+03 -1.200000000000000000e+02 7.360000000000000000e+02 -6.640000000000000000e+02
5.803000000000000000e+03 -1.120000000000000000e+02 7.360000000000000000e+02 -6.800000000000000000e+02
5.843000000000000000e+03 -1.120000000000000000e+02 7.360000000000000000e+02 -6.400000000000000000e+02
5.883000000000000000e+03 -1.200000000000000000e+02 7.680000000000000000e+02 -6.880000000000000000e+02
5.923000000000000000e+03 -1.040000000000000000e+02 7.440000000000000000e+02 -6.960000000000000000e+02
5.963000000000000000e+03 -1.120000000000000000e+02 7.360000000000000000e+02 -6.800000000000000000e+02
5.994000000000000000e+03 -1.120000000000000000e+02 7.520000000000000000e+02 -6.400000000000000000e+02
6.034000000000000000e+03 -1.120000000000000000e+02 7.600000000000000000e+02 -6.560000000000000000e+02
6.074000000000000000e+03 -1.200000000000000000e+02 7.440000000000000000e+02 -7.120000000000000000e+02
6.114000000000000000e+03 -1.040000000000000000e+02 7.600000000000000000e+02 -6.960000000000000000e+02
6.154000000000000000e+03 -1.120000000000000000e+02 7.440000000000000000e+02 -7.120000000000000000e+02
6.194000000000000000e+03 -1.120000000000000000e+02 7.360000000000000000e+02 -6.880000000000000000e+02
6.234000000000000000e+03 -1.120000000000000000e+02 7.200000000000000000e+02 -6.880000000000000000e+02
6.274000000000000000e+03 -9.600000000000000000e+01 7.440000000000000000e+02 -6.800000000000000000e+02
6.314000000000000000e+03 -1.200000000000000000e+02 7.360000000000000000e+02 -6.960000000000000000e+02
6.354000000000000000e+03 -1.360000000000000000e+02 7.120000000000000000e+02 -7.440000000000000000e+02
6.394000000000000000e+03 -8.800000000000000000e+01 6.720000000000000000e+02 -7.760000000000000000e+02
6.434000000000000000e+03 -8.800000000000000000e+01 6.800000000000000000e+02 -7.600000000000000000e+02
6.474000000000000000e+03 -9.600000000000000000e+01 6.960000000000000000e+02 -7.120000000000000000e+02
6.514000000000000000e+03 -9.600000000000000000e+01 7.040000000000000000e+02 -7.360000000000000000e+02
6.554000000000000000e+03 -8.800000000000000000e+01 6.960000000000000000e+02 -6.960000000000000000e+02
6.594000000000000000e+03 -1.040000000000000000e+02 6.960000000000000000e+02 -6.880000000000000000e+02
6.634000000000000000e+03 -1.360000000000000000e+02 6.960000000000000000e+02 -7.280000000000000000e+02
6.674000000000000000e+03 -1.280000000000000000e+02 6.960000000000000000e+02 -7.360000000000000000e+02
6.714000000000000000e+03 -1.360000000000000000e+02 6.880000000000000000e+02 -7.200000000000000000e+02
6.754000000000000000e+03 -1.280000000000000000e+02 6.960000000000000000e+02 -6.880000000000000000e+02
6.794000000000000000e+03 -1.200000000000000000e+02 7.040000000000000000e+02 -7.120000000000000000e+02
6.834000000000000000e+03 -1.040000000000000000e+02 6.960000000000000000e+02 -7.520000000000000000e+02
6.874000000000000000e+03 -9.600000000000000000e+01 7.040000000000000000e+02 -7.120000000000000000e+02
6.914000000000000000e+03 -1.040000000000000000e+02 7.200000000000000000e+02 -6.880000000000000000e+02
6.954000000000000000e+03 -1.120000000000000000e+02 7.120000000000000000e+02 -7.200000000000000000e+02
6.985000000000000000e+03 -8.800000000000000000e+01 6.960000000000000000e+02 -7.520000000000000000e+02
7.025000000000000000e+03 -9.600000000000000000e+01 6.960000000000000000e+02 -7.200000000000000000e+02
7.065000000000000000e+03 -9.600000000000000000e+01 7.120000000000000000e+02 -7.200000000000000000e+02
7.105000000000000000e+03 -1.120000000000000000e+02 7.120000000000000000e+02 -7.120000000000000000e+02
7.145000000000000000e+03 -1.120000000000000000e+02 7.120000000000000000e+02 -7.040000000000000000e+02
7.185000000000000000e+03 -1.280000000000000000e+02 6.960000000000000000e+02 -7.120000000000000000e+02
7.225000000000000000e+03 -1.200000000000000000e+02 7.040000000000000000e+02 -7.120000000000000000e+02
7.265000000000000000e+03 -1.120000000000000000e+02 6.960000000000000000e+02 -7.440000000000000000e+02
7.305000000000000000e+03 -1.120000000000000000e+02 7.120000000000000000e+02 -7.200000000000000000e+02
7.345000000000000000e+03 -8.800000000000000000e+01 7.280000000000000000e+02 -6.960000000000000000e+02
7.385000000000000000e+03 -1.040000000000000000e+02 7.120000000000000000e+02 -7.280000000000000000e+02
7.425000000000000000e+03 -9.600000000000000000e+01 7.040000000000000000e+02 -7.520000000000000000e+02
7.465000000000000000e+03 -1.120000000000000000e+02 7.200000000000000000e+02 -7.200000000000000000e+02
7.505000000000000000e+03 -1.040000000000000000e+02 7.040000000000000000e+02 -7.520000000000000000e+02
7.545000000000000000e+03 -1.040000000000000000e+02 7.200000000000000000e+02 -7.200000000000000000e+02
7.585000000000000000e+03 -9.600000000000000000e+01 7.040000000000000000e+02 -7.200000000000000000e+02
7.625000000000000000e+03 -9.600000000000000000e+01 7.040000000000000000e+02 -7.200000000000000000e+02
7.665000000000000000e+03 -1.040000000000000000e+02 6.960000000000000000e+02 -7.680000000000000000e+02
7.705000000000000000e+03 -9.600000000000000000e+01 6.640000000000000000e+02 -7.440000000000000000e+02
7.745000000000000000e+03 -9.600000000000000000e+01 6.800000000000000000e+02 -7.520000000000000000e+02
7.785000000000000000e+03 -8.800000000000000000e+01 6.720000000000000000e+02 -7.680000000000000000e+02
7.825000000000000000e+03 -8.800000000000000000e+01 6.640000000000000000e+02 -7.680000000000000000e+02
7.865000000000000000e+03 -8.800000000000000000e+01 6.800000000000000000e+02 -7.600000000000000000e+02
7.905000000000000000e+03 -1.040000000000000000e+02 6.720000000000000000e+02 -7.520000000000000000e+02
7.945000000000000000e+03 -8.800000000000000000e+01 6.720000000000000000e+02 -7.440000000000000000e+02
7.976000000000000000e+03 -8.800000000000000000e+01 6.640000000000000000e+02 -7.680000000000000000e+02
8.016000000000000000e+03 -7.200000000000000000e+01 6.800000000000000000e+02 -7.360000000000000000e+02
8.056000000000000000e+03 -9.600000000000000000e+01 6.720000000000000000e+02 -7.760000000000000000e+02
8.096000000000000000e+03 -1.040000000000000000e+02 6.640000000000000000e+02 -7.520000000000000000e+02
8.136000000000000000e+03 -1.040000000000000000e+02 6.640000000000000000e+02 -8.080000000000000000e+02
8.176000000000000000e+03 -9.600000000000000000e+01 6.720000000000000000e+02 -7.520000000000000000e+02
8.216000000000000000e+03 -8.000000000000000000e+01 6.640000000000000000e+02 -7.520000000000000000e+02
8.256000000000000000e+03 -8.800000000000000000e+01 6.560000000000000000e+02 -7.600000000000000000e+02
8.296000000000000000e+03 -1.120000000000000000e+02 6.480000000000000000e+02 -7.680000000000000000e+02
8.336000000000000000e+03 -9.600000000000000000e+01 6.480000000000000000e+02 -7.760000000000000000e+02
8.376000000000000000e+03 -9.600000000000000000e+01 6.400000000000000000e+02 -7.440000000000000000e+02
8.416000000000000000e+03 -8.800000000000000000e+01 6.400000000000000000e+02 -7.760000000000000000e+02
8.456000000000000000e+03 -1.040000000000000000e+02 6.560000000000000000e+02 -8.080000000000000000e+02
8.496000000000000000e+03 -1.040000000000000000e+02 6.400000000000000000e+02 -7.440000000000000000e+02
8.536000000000000000e+03 -1.040000000000000000e+02 6.400000000000000000e+02 -7.520000000000000000e+02
8.576000000000000000e+03 -1.040000000000000000e+02 6.560000000000000000e+02 -7.280000000000000000e+02
8.616000000000000000e+03 -9.600000000000000000e+01 6.560000000000000000e+02 -7.680000000000000000e+02
8.656000000000000000e+03 -8.000000000000000000e+01 6.560000000000000000e+02 -8.000000000000000000e+02
8.696000000000000000e+03 -8.000000000000000000e+01 6.480000000000000000e+02 -8.080000000000000000e+02
8.736000000000000000e+03 -8.000000000000000000e+01 6.480000000000000000e+02 -7.840000000000000000e+02
8.776000000000000000e+03 -8.800000000000000000e+01 6.320000000000000000e+02 -7.360000000000000000e+02
8.816000000000000000e+03 -8.000000000000000000e+01 6.400000000000000000e+02 -7.760000000000000000e+02
8.856000000000000000e+03 -8.800000000000000000e+01 6.400000000000000000e+02 -7.520000000000000000e+02
8.896000000000000000e+03 -8.800000000000000000e+01 6.560000000000000000e+02 -7.680000000000000000e+02
8.936000000000000000e+03 -8.800000000000000000e+01 6.560000000000000000e+02 -7.520000000000000000e+02
8.969000000000000000e+03 -8.000000000000000000e+01 6.480000000000000000e+02 -7.680000000000000000e+02
9.009000000000000000e+03 -9.600000000000000000e+01 6.800000000000000000e+02 -7.920000000000000000e+02
9.049000000000000000e+03 -1.040000000000000000e+02 6.640000000000000000e+02 -7.840000000000000000e+02
9.089000000000000000e+03 -9.600000000000000000e+01 6.400000000000000000e+02 -7.840000000000000000e+02
9.129000000000000000e+03 -9.600000000000000000e+01 6.400000000000000000e+02 -7.360000000000000000e+02
9.169000000000000000e+03 -8.800000000000000000e+01 6.720000000000000000e+02 -7.360000000000000000e+02
9.209000000000000000e+03 -1.200000000000000000e+02 6.800000000000000000e+02 -7.440000000000000000e+02
9.249000000000000000e+03 -9.600000000000000000e+01 6.560000000000000000e+02 -7.680000000000000000e+02
9.289000000000000000e+03 -8.800000000000000000e+01 6.720000000000000000e+02 -7.680000000000000000e+02
9.329000000000000000e+03 -8.800000000000000000e+01 6.560000000000000000e+02 -7.520000000000000000e+02
9.369000000000000000e+03 -1.040000000000000000e+02 6.640000000000000000e+02 -7.040000000000000000e+02
9.409000000000000000e+03 -9.600000000000000000e+01 6.480000000000000000e+02 -7.680000000000000000e+02
9.449000000000000000e+03 -8.000000000000000000e+01 6.560000000000000000e+02 -7.600000000000000000e+02
9.489000000000000000e+03 -7.200000000000000000e+01 6.560000000000000000e+02 -7.840000000000000000e+02
9.529000000000000000e+03 -8.000000000000000000e+01 6.720000000000000000e+02 -7.600000000000000000e+02
9.569000000000000000e+03 -9.600000000000000000e+01 6.720000000000000000e+02 -7.360000000000000000e+02
9.609000000000000000e+03 -9.600000000000000000e+01 6.640000000000000000e+02 -7.600000000000000000e+02
9.649000000000000000e+03 -1.040000000000000000e+02 6.720000000000000000e+02 -7.520000000000000000e+02
9.689000000000000000e+03 -1.040000000000000000e+02 6.720000000000000000e+02 -7.520000000000000000e+02
9.729000000000000000e+03 -9.600000000000000000e+01 6.800000000000000000e+02 -7.440000000000000000e+02
9.769000000000000000e+03 -9.600000000000000000e+01 6.720000000000000000e+02 -7.600000000000000000e+02
9.809000000000000000e+03 -9.600000000000000000e+01 6.560000000000000000e+02 -7.600000000000000000e+02
9.849000000000000000e+03 -9.600000000000000000e+01 6.560000000000000000e+02 -7.920000000000000000e+02
9.889000000000000000e+03 -7.200000000000000000e+01 6.720000000000000000e+02 -7.520000000000000000e+02
9.929000000000000000e+03 -8.800000000000000000e+01 6.480000000000000000e+02 -8.080000000000000000e+02
9.960000000000000000e+03 -1.040000000000000000e+02 6.720000000000000000e+02 -7.440000000000000000e+02
1.000000000000000000e+04 -1.200000000000000000e+02 6.720000000000000000e+02 -7.440000000000000000e+02
1.004000000000000000e+04 -1.200000000000000000e+02 6.720000000000000000e+02 -7.360000000000000000e+02
1.008000000000000000e+04 -1.200000000000000000e+02 6.800000000000000000e+02 -7.520000000000000000e+02
1.012000000000000000e+04 -1.120000000000000000e+02 6.640000000000000000e+02 -7.360000000000000000e+02
1.016000000000000000e+04 -1.040000000000000000e+02 6.640000000000000000e+02 -7.360000000000000000e+02
1.020000000000000000e+04 -1.040000000000000000e+02 6.720000000000000000e+02 -7.360000000000000000e+02
1.024000000000000000e+04 -1.120000000000000000e+02 6.880000000000000000e+02 -7.120000000000000000e+02
1.028000000000000000e+04 -1.120000000000000000e+02 6.960000000000000000e+02 -7.200000000000000000e+02
1.032000000000000000e+04 -1.280000000000000000e+02 6.960000000000000000e+02 -6.800000000000000000e+02
1.036000000000000000e+04 -1.280000000000000000e+02 7.120000000000000000e+02 -7.040000000000000000e+02
1.040000000000000000e+04 -1.040000000000000000e+02 7.200000000000000000e+02 -7.280000000000000000e+02
1.044000000000000000e+04 -1.200000000000000000e+02 7.200000000000000000e+02 -7.120000000000000000e+02
1.048000000000000000e+04 -1.120000000000000000e+02 7.040000000000000000e+02 -7.280000000000000000e+02
1.052000000000000000e+04 -1.120000000000000000e+02 7.120000000000000000e+02 -7.280000000000000000e+02
1.056000000000000000e+04 -1.040000000000000000e+02 7.200000000000000000e+02 -7.280000000000000000e+02
1.060000000000000000e+04 -8.000000000000000000e+01 7.040000000000000000e+02 -7.600000000000000000e+02
1.064000000000000000e+04 -9.600000000000000000e+01 6.960000000000000000e+02 -7.360000000000000000e+02
1.068000000000000000e+04 -1.120000000000000000e+02 6.880000000000000000e+02 -7.120000000000000000e+02
1.072000000000000000e+04 -1.120000000000000000e+02 6.800000000000000000e+02 -7.600000000000000000e+02
1.076000000000000000e+04 -1.040000000000000000e+02 6.800000000000000000e+02 -7.680000000000000000e+02
1.080000000000000000e+04 -1.040000000000000000e+02 6.720000000000000000e+02 -6.960000000000000000e+02
1.084000000000000000e+04 -1.120000000000000000e+02 6.800000000000000000e+02 -7.280000000000000000e+02
1.088000000000000000e+04 -9.600000000000000000e+01 6.800000000000000000e+02 -7.520000000000000000e+02
1.092000000000000000e+04 -1.040000000000000000e+02 6.720000000000000000e+02 -7.520000000000000000e+02
1.095100000000000000e+04 -1.120000000000000000e+02 6.800000000000000000e+02 -7.360000000000000000e+02
1.099100000000000000e+04 -1.120000000000000000e+02 6.800000000000000000e+02 -7.120000000000000000e+02
1.103100000000000000e+04 -1.120000000000000000e+02 6.640000000000000000e+02 -7.680000000000000000e+02
1.107100000000000000e+04 -1.120000000000000000e+02 6.640000000000000000e+02 -7.040000000000000000e+02
1.111100000000000000e+04 -1.200000000000000000e+02 6.640000000000000000e+02 -7.200000000000000000e+02
1.115100000000000000e+04 -1.120000000000000000e+02 6.640000000000000000e+02 -7.520000000000000000e+02
1.119100000000000000e+04 -1.040000000000000000e+02 6.800000000000000000e+02 -7.280000000000000000e+02
1.123100000000000000e+04 -1.120000000000000000e+02 6.960000000000000000e+02 -7.280000000000000000e+02
1.127100000000000000e+04 -1.120000000000000000e+02 6.960000000000000000e+02 -7.600000000000000000e+02
1.131100000000000000e+04 -1.200000000000000000e+02 6.960000000000000000e+02 -7.360000000000000000e+02
1.135100000000000000e+04 -1.200000000000000000e+02 6.880000000000000000e+02 -7.440000000000000000e+02
1.139100000000000000e+04 -1.120000000000000000e+02 6.800000000000000000e+02 -7.680000000000000000e+02
1.143100000000000000e+04 -1.520000000000000000e+02 6.800000000000000000e+02 -7.440000000000000000e+02
1.147100000000000000e+04 -1.440000000000000000e+02 6.800000000000000000e+02 -7.680000000000000000e+02
1.151100000000000000e+04 -1.280000000000000000e+02 6.960000000000000000e+02 -7.360000000000000000e+02
1.155100000000000000e+04 -1.040000000000000000e+02 6.880000000000000000e+02 -7.360000000000000000e+02
1.159100000000000000e+04 -1.120000000000000000e+02 6.720000000000000000e+02 -7.520000000000000000e+02
1.163100000000000000e+04 -1.040000000000000000e+02 6.880000000000000000e+02 -7.520000000000000000e+02
1.167100000000000000e+04 -1.040000000000000000e+02 6.960000000000000000e+02 -7.360000000000000000e+02
1.171100000000000000e+04 -8.800000000000000000e+01 6.720000000000000000e+02 -7.280000000000000000e+02
1.175100000000000000e+04 -8.800000000000000000e+01 6.880000000000000000e+02 -6.960000000000000000e+02
1.179100000000000000e+04 -1.040000000000000000e+02 7.040000000000000000e+02 -7.040000000000000000e+02
1.183100000000000000e+04 -1.120000000000000000e+02 7.040000000000000000e+02 -6.960000000000000000e+02
1.187100000000000000e+04 -1.440000000000000000e+02 7.040000000000000000e+02 -7.040000000000000000e+02
1.191100000000000000e+04 -1.280000000000000000e+02 7.040000000000000000e+02 -7.120000000000000000e+02
1.194300000000000000e+04 -1.200000000000000000e+02 6.880000000000000000e+02 -7.440000000000000000e+02
1.198300000000000000e+04 -1.040000000000000000e+02 6.800000000000000000e+02 -7.440000000000000000e+02
1.202300000000000000e+04 -1.040000000000000000e+02 6.800000000000000000e+02 -7.440000000000000000e+02
1.206300000000000000e+04 -1.120000000000000000e+02 6.800000000000000000e+02 -7.280000000000000000e+02
1.210300000000000000e+04 -1.520000000000000000e+02 6.800000000000000000e+02 -7.200000000000000000e+02
1.214300000000000000e+04 -1.200000000000000000e+02 6.880000000000000000e+02 -7.680000000000000000e+02
1.218300000000000000e+04 -1.200000000000000000e+02 6.720000000000000000e+02 -7.200000000000000000e+02
1.222300000000000000e+04 -1.280000000000000000e+02 6.800000000000000000e+02 -6.960000000000000000e+02
1.226300000000000000e+04 -1.120000000000000000e+02 6.800000000000000000e+02 -7.280000000000000000e+02
1.230300000000000000e+04 -1.120000000000000000e+02 6.560000000000000000e+02 -7.520000000000000000e+02
1.234300000000000000e+04 -1.040000000000000000e+02 6.720000000000000000e+02 -6.880000000000000000e+02
1.238300000000000000e+04 -9.600000000000000000e+01 6.800000000000000000e+02 -7.360000000000000000e+02
1.242300000000000000e+04 -1.040000000000000000e+02 6.800000000000000000e+02 -7.840000000000000000e+02
1.246300000000000000e+04 -1.120000000000000000e+02 6.800000000000000000e+02 -7.600000000000000000e+02
1.250300000000000000e+04 -1.120000000000000000e+02 6.640000000000000000e+02 -7.600000000000000000e+02
1.254300000000000000e+04 -1.120000000000000000e+02 6.720000000000000000e+02 -7.600000000000000000e+02
1.258300000000000000e+04 -1.040000000000000000e+02 6.480000000000000000e+02 -7.440000000000000000e+02
1.262300000000000000e+04 -1.040000000000000000e+02 6.480000000000000000e+02 -7.520000000000000000e+02
1.266300000000000000e+04 -9.600000000000000000e+01 6.400000000000000000e+02 -7.760000000000000000e+02
1.270300000000000000e+04 -9.600000000000000000e+01 6.480000000000000000e+02 -7.680000000000000000e+02
1.274300000000000000e+04 -8.000000000000000000e+01 6.400000000000000000e+02 -7.760000000000000000e+02
1.278300000000000000e+04 -8.800000000000000000e+01 6.240000000000000000e+02 -7.520000000000000000e+02
1.282300000000000000e+04 -8.800000000000000000e+01 6.320000000000000000e+02 -7.680000000000000000e+02
1.286300000000000000e+04 -9.600000000000000000e+01 6.400000000000000000e+02 -7.680000000000000000e+02
1.290300000000000000e+04 -9.600000000000000000e+01 6.480000000000000000e+02 -7.760000000000000000e+02
1.293400000000000000e+04 -9.600000000000000000e+01 6.400000000000000000e+02 -7.920000000000000000e+02
1.297400000000000000e+04 -9.600000000000000000e+01 6.320000000000000000e+02 -7.440000000000000000e+02
1.301400000000000000e+04 -1.040000000000000000e+02 6.480000000000000000e+02 -7.840000000000000000e+02
1.305400000000000000e+04 -9.600000000000000000e+01 6.400000000000000000e+02 -7.920000000000000000e+02
1.309400000000000000e+04 -9.600000000000000000e+01 6.320000000000000000e+02 -7.920000000000000000e+02
1.313400000000000000e+04 -1.040000000000000000e+02 6.320000000000000000e+02 -7.840000000000000000e+02
1.317400000000000000e+04 -9.600000000000000000e+01 6.240000000000000000e+02 -8.000000000000000000e+02
1.321400000000000000e+04 -1.200000000000000000e+02 6.240000000000000000e+02 -7.840000000000000000e+02
1.325400000000000000e+04 -1.040000000000000000e+02 6.160000000000000000e+02 -7.920000000000000000e+02
1.329400000000000000e+04 -1.040000000000000000e+02 6.240000000000000000e+02 -8.160000000000000000e+02
1.333400000000000000e+04 -9.600000000000000000e+01 6.320000000000000000e+02 -7.760000000000000000e+02
1.337400000000000000e+04 -1.040000000000000000e+02 6.320000000000000000e+02 -7.920000000000000000e+02
1.341400000000000000e+04 -9.600000000000000000e+01 6.160000000000000000e+02 -8.000000000000000000e+02
1.345400000000000000e+04 -1.120000000000000000e+02 6.240000000000000000e+02 -7.840000000000000000e+02
1.349400000000000000e+04 -1.040000000000000000e+02 6.480000000000000000e+02 -7.760000000000000000e+02
1.353400000000000000e+04 -9.600000000000000000e+01 6.480000000000000000e+02 -7.920000000000000000e+02
1.357400000000000000e+04 -9.600000000000000000e+01 6.480000000000000000e+02 -7.760000000000000000e+02
1.361400000000000000e+04 -8.000000000000000000e+01 6.400000000000000000e+02 -7.920000000000000000e+02
1.365400000000000000e+04 -8.800000000000000000e+01 6.160000000000000000e+02 -7.600000000000000000e+02
1.369400000000000000e+04 -8.800000000000000000e+01 6.080000000000000000e+02 -7.920000000000000000e+02
1.373400000000000000e+04 -1.040000000000000000e+02 6.080000000000000000e+02 -7.600000000000000000e+02
1.377400000000000000e+04 -1.120000000000000000e+02 6.160000000000000000e+02 -7.920000000000000000e+02
1.381400000000000000e+04 -1.040000000000000000e+02 6.240000000000000000e+02 -7.520000000000000000e+02
1.385400000000000000e+04 -1.040000000000000000e+02 6.240000000000000000e+02 -7.920000000000000000e+02
1.389400000000000000e+04 -8.800000000000000000e+01 6.160000000000000000e+02 -7.600000000000000000e+02
1.392600000000000000e+04 -8.800000000000000000e+01 6.400000000000000000e+02 -7.920000000000000000e+02
1.396600000000000000e+04 -6.400000000000000000e+01 6.320000000000000000e+02 -7.440000000000000000e+02
1.400600000000000000e+04 -8.000000000000000000e+01 6.240000000000000000e+02 -8.480000000000000000e+02
1.404600000000000000e+04 -8.000000000000000000e+01 6.160000000000000000e+02 -8.080000000000000000e+02
1.408600000000000000e+04 -1.120000000000000000e+02 6.240000000000000000e+02 -7.840000000000000000e+02
1.412600000000000000e+04 -1.040000000000000000e+02 6.160000000000000000e+02 -7.920000000000000000e+02
1.416600000000000000e+04 -9.600000000000000000e+01 6.240000000000000000e+02 -7.680000000000000000e+02
1.420600000000000000e+04 -1.040000000000000000e+02 6.080000000000000000e+02 -7.840000000000000000e+02
1.424600000000000000e+04 -9.600000000000000000e+01 6.160000000000000000e+02 -7.920000000000000000e+02
1.428600000000000000e+04 -8.800000000000000000e+01 6.160000000000000000e+02 -7.920000000000000000e+02
1.432600000000000000e+04 -8.800000000000000000e+01 6.000000000000000000e+02 -7.840000000000000000e+02
1.436600000000000000e+04 -9.600000000000000000e+01 6.080000000000000000e+02 -7.680000000000000000e+02
1.440600000000000000e+04 -1.120000000000000000e+02 6.080000000000000000e+02 -7.840000000000000000e+02
1.444600000000000000e+04 -1.120000000000000000e+02 6.240000000000000000e+02 -7.680000000000000000e+02
1.448600000000000000e+04 -1.040000000000000000e+02 6.320000000000000000e+02 -7.840000000000000000e+02
1.452600000000000000e+04 -9.600000000000000000e+01 6.240000000000000000e+02 -7.920000000000000000e+02
1.456600000000000000e+04 -9.600000000000000000e+01 6.240000000000000000e+02 -7.920000000000000000e+02
1.460600000000000000e+04 -9.600000000000000000e+01 6.160000000000000000e+02 -7.920000000000000000e+02
1.464600000000000000e+04 -1.120000000000000000e+02 6.160000000000000000e+02 -8.000000000000000000e+02
1.468600000000000000e+04 -9.600000000000000000e+01 6.160000000000000000e+02 -7.920000000000000000e+02
1.472600000000000000e+04 -1.040000000000000000e+02 6.320000000000000000e+02 -8.000000000000000000e+02
1.476600000000000000e+04 -1.040000000000000000e+02 6.320000000000000000e+02 -7.840000000000000000e+02
1.480600000000000000e+04 -9.600000000000000000e+01 6.320000000000000000e+02 -8.000000000000000000e+02
1.484600000000000000e+04 -9.600000000000000000e+01 6.320000000000000000e+02 -7.680000000000000000e+02
1.488600000000000000e+04 -9.600000000000000000e+01 6.320000000000000000e+02 -7.760000000000000000e+02
1.491800000000000000e+04 -8.800000000000000000e+01 6.160000000000000000e+02 -8.320000000000000000e+02
1.495800000000000000e+04 -1.360000000000000000e+02 6.160000000000000000e+02 -8.160000000000000000e+02
1.499800000000000000e+04 -1.200000000000000000e+02 6.400000000000000000e+02 -7.520000000000000000e+02
1.503800000000000000e+04 -1.120000000000000000e+02 6.320000000000000000e+02 -7.920000000000000000e+02
1.507800000000000000e+04 -9.600000000000000000e+01 6.480000000000000000e+02 -7.840000000000000000e+02
1.511800000000000000e+04 -8.800000000000000000e+01 6.480000000000000000e+02 -7.760000000000000000e+02
1.515800000000000000e+04 -1.120000000000000000e+02 6.400000000000000000e+02 -7.920000000000000000e+02
1.519800000000000000e+04 -1.120000000000000000e+02 6.080000000000000000e+02 -7.840000000000000000e+02
1.523800000000000000e+04 -1.120000000000000000e+02 6.320000000000000000e+02 -7.760000000000000000e+02
1.527800000000000000e+04 -1.040000000000000000e+02 6.320000000000000000e+02 -7.840000000000000000e+02
1.531800000000000000e+04 -1.040000000000000000e+02 6.480000000000000000e+02 -8.240000000000000000e+02
1.535800000000000000e+04 -9.600000000000000000e+01 6.160000000000000000e+02 -7.680000000000000000e+02
1.539800000000000000e+04 -1.040000000000000000e+02 6.160000000000000000e+02 -8.000000000000000000e+02
1.543800000000000000e+04 -1.040000000000000000e+02 6.000000000000000000e+02 -7.600000000000000000e+02
1.547800000000000000e+04 -1.040000000000000000e+02 6.080000000000000000e+02 -7.840000000000000000e+02
1.551800000000000000e+04 -9.600000000000000000e+01 6.240000000000000000e+02 -8.000000000000000000e+02
1.555800000000000000e+04 -1.040000000000000000e+02 6.240000000000000000e+02 -7.920000000000000000e+02
1.559800000000000000e+04 -1.040000000000000000e+02 6.480000000000000000e+02 -7.920000000000000000e+02
1.563800000000000000e+04 -1.120000000000000000e+02 6.240000000000000000e+02 -8.000000000000000000e+02
1.567800000000000000e+04 -1.040000000000000000e+02 6.400000000000000000e+02 -7.680000000000000000e+02
1.571800000000000000e+04 -1.120000000000000000e+02 6.480000000000000000e+02 -7.600000000000000000e+02
1.575800000000000000e+04 -9.600000000000000000e+01 6.320000000000000000e+02 -7.760000000000000000e+02
1.579800000000000000e+04 -1.040000000000000000e+02 6.320000000000000000e+02 -8.240000000000000000e+02
1.583800000000000000e+04 -1.040000000000000000e+02 6.480000000000000000e+02 -7.520000000000000000e+02
1.587800000000000000e+04 -1.040000000000000000e+02 6.320000000000000000e+02 -7.840000000000000000e+02
1.590900000000000000e+04 -1.040000000000000000e+02 6.400000000000000000e+02 -7.360000000000000000e+02
1.594900000000000000e+04 -9.600000000000000000e+01 6.240000000000000000e+02 -7.440000000000000000e+02
1.598900000000000000e+04 -9.600000000000000000e+01 6.320000000000000000e+02 -7.360000000000000000e+02
1.602900000000000000e+04 -9.600000000000000000e+01 6.480000000000000000e+02 -7.440000000000000000e+02
1.606900000000000000e+04 -8.800000000000000000e+01 6.560000000000000000e+02 -7.440000000000000000e+02
1.610900000000000000e+04 -1.040000000000000000e+02 6.720000000000000000e+02 -7.360000000000000000e+02
1.614900000000000000e+04 -9.600000000000000000e+01 6.560000000000000000e+02 -8.000000000000000000e+02
1.618900000000000000e+04 -8.800000000000000000e+01 6.400000000000000000e+02 -8.000000000000000000e+02
1.622900000000000000e+04 -8.800000000000000000e+01 6.400000000000000000e+02 -7.760000000000000000e+02
1.626900000000000000e+04 -7.200000000000000000e+01 6.480000000000000000e+02 -7.920000000000000000e+02
1.630900000000000000e+04 -9.600000000000000000e+01 6.480000000000000000e+02 -7.600000000000000000e+02
1.634900000000000000e+04 -8.800000000000000000e+01 6.560000000000000000e+02 -7.600000000000000000e+02
1.638900000000000000e+04 -8.800000000000000000e+01 6.560000000000000000e+02 -7.360000000000000000e+02
1.642900000000000000e+04 -1.040000000000000000e+02 6.560000000000000000e+02 -7.360000000000000000e+02
1.646900000000000000e+04 -1.040000000000000000e+02 6.640000000000000000e+02 -7.760000000000000000e+02
1.650900000000000000e+04 -8.800000000000000000e+01 6.480000000000000000e+02 -7.760000000000000000e+02
1.654900000000000000e+04 -1.120000000000000000e+02 6.640000000000000000e+02 -7.520000000000000000e+02
1.658900000000000000e+04 -1.120000000000000000e+02 6.640000000000000000e+02 -7.520000000000000000e+02
1.662900000000000000e+04 -1.120000000000000000e+02 6.480000000000000000e+02 -7.760000000000000000e+02
1.666900000000000000e+04 -1.120000000000000000e+02 6.320000000000000000e+02 -7.600000000000000000e+02
1.670900000000000000e+04 -1.120000000000000000e+02 6.480000000000000000e+02 -7.040000000000000000e+02
1.674900000000000000e+04 -1.120000000000000000e+02 6.640000000000000000e+02 -7.520000000000000000e+02
1.678900000000000000e+04 -1.120000000000000000e+02 6.560000000000000000e+02 -7.120000000000000000e+02
1.682900000000000000e+04 -1.200000000000000000e+02 6.640000000000000000e+02 -7.360000000000000000e+02
1.686900000000000000e+04 -1.200000000000000000e+02 6.640000000000000000e+02 -7.440000000000000000e+02
1.690000000000000000e+04 -1.120000000000000000e+02 6.880000000000000000e+02 -7.360000000000000000e+02
1.694000000000000000e+04 -1.120000000000000000e+02 6.800000000000000000e+02 -7.760000000000000000e+02
1.698000000000000000e+04 -1.120000000000000000e+02 6.800000000000000000e+02 -7.680000000000000000e+02
1.702000000000000000e+04 -1.280000000000000000e+02 6.800000000000000000e+02 -7.200000000000000000e+02
1.706000000000000000e+04 -1.360000000000000000e+02 6.880000000000000000e+02 -7.600000000000000000e+02
1.710000000000000000e+04 -1.280000000000000000e+02 6.960000000000000000e+02 -7.200000000000000000e+02
1.714000000000000000e+04 -1.520000000000000000e+02 6.720000000000000000e+02 -7.520000000000000000e+02
1.718000000000000000e+04 -1.360000000000000000e+02 6.800000000000000000e+02 -7.360000000000000000e+02
1.722000000000000000e+04 -1.440000000000000000e+02 6.720000000000000000e+02 -7.360000000000000000e+02
1.726000000000000000e+04 -1.200000000000000000e+02 6.720000000000000000e+02 -7.360000000000000000e+02
1.730000000000000000e+04 -1.280000000000000000e+02 6.800000000000000000e+02 -7.360000000000000000e+02
1.734000000000000000e+04 -1.280000000000000000e+02 6.720000000000000000e+02 -7.520000000000000000e+02
1.738000000000000000e+04 -1.280000000000000000e+02 6.800000000000000000e+02 -7.440000000000000000e+02
1.742000000000000000e+04 -1.280000000000000000e+02 6.720000000000000000e+02 -7.680000000000000000e+02
1.746000000000000000e+04 -1.280000000000000000e+02 6.640000000000000000e+02 -7.360000000000000000e+02
1.750000000000000000e+04 -1.280000000000000000e+02 6.640000000000000000e+02 -7.280000000000000000e+02
1.754000000000000000e+04 -1.280000000000000000e+02 6.640000000000000000e+02 -7.600000000000000000e+02
1.758000000000000000e+04 -1.200000000000000000e+02 6.640000000000000000e+02 -7.520000000000000000e+02
1.762000000000000000e+04 -1.200000000000000000e+02 6.640000000000000000e+02 -7.360000000000000000e+02
1.766000000000000000e+04 -1.120000000000000000e+02 6.720000000000000000e+02 -7.520000000000000000e+02
1.770000000000000000e+04 -1.040000000000000000e+02 6.720000000000000000e+02 -7.520000000000000000e+02
1.774000000000000000e+04 -1.120000000000000000e+02 6.800000000000000000e+02 -7.440000000000000000e+02
1.778000000000000000e+04 -1.200000000000000000e+02 6.720000000000000000e+02 -7.600000000000000000e+02
1.782000000000000000e+04 -1.280000000000000000e+02 6.640000000000000000e+02 -7.520000000000000000e+02
1.786000000000000000e+04 -1.200000000000000000e+02 6.720000000000000000e+02 -7.600000000000000000e+02
1.789200000000000000e+04 -1.200000000000000000e+02 6.720000000000000000e+02 -7.440000000000000000e+02
1.793200000000000000e+04 -1.040000000000000000e+02 6.720000000000000000e+02 -7.440000000000000000e+02
1.797200000000000000e+04 -9.600000000000000000e+01 6.720000000000000000e+02 -7.520000000000000000e+02
1.801200000000000000e+04 -1.120000000000000000e+02 6.640000000000000000e+02 -7.760000000000000000e+02
1.805200000000000000e+04 -1.200000000000000000e+02 6.640000000000000000e+02 -7.440000000000000000e+02
1.809200000000000000e+04 -1.200000000000000000e+02 6.720000000000000000e+02 -7.040000000000000000e+02
1.813200000000000000e+04 -1.200000000000000000e+02 6.640000000000000000e+02 -7.200000000000000000e+02
1.817200000000000000e+04 -1.200000000000000000e+02 6.640000000000000000e+02 -7.360000000000000000e+02
1.821200000000000000e+04 -1.200000000000000000e+02 6.720000000000000000e+02 -7.440000000000000000e+02
1.825200000000000000e+04 -1.200000000000000000e+02 6.720000000000000000e+02 -7.280000000000000000e+02
1.829200000000000000e+04 -1.440000000000000000e+02 6.560000000000000000e+02 -7.520000000000000000e+02
1.833200000000000000e+04 -1.280000000000000000e+02 6.640000000000000000e+02 -7.520000000000000000e+02
1.837200000000000000e+04 -1.280000000000000000e+02 6.640000000000000000e+02 -7.440000000000000000e+02
1.841200000000000000e+04 -1.200000000000000000e+02 6.720000000000000000e+02 -7.440000000000000000e+02
1.845200000000000000e+04 -1.360000000000000000e+02 6.800000000000000000e+02 -7.680000000000000000e+02
1.849200000000000000e+04 -1.280000000000000000e+02 6.640000000000000000e+02 -7.520000000000000000e+02
1.853200000000000000e+04 -1.200000000000000000e+02 6.800000000000000000e+02 -7.040000000000000000e+02
1.857200000000000000e+04 -1.280000000000000000e+02 6.560000000000000000e+02 -7.520000000000000000e+02
1.861200000000000000e+04 -1.280000000000000000e+02 6.720000000000000000e+02 -7.680000000000000000e+02
1.865200000000000000e+04 -1.200000000000000000e+02 6.640000000000000000e+02 -7.520000000000000000e+02
1.869200000000000000e+04 -1.360000000000000000e+02 6.560000000000000000e+02 -7.440000000000000000e+02
1.873200000000000000e+04 -1.360000000000000000e+02 6.720000000000000000e+02 -7.280000000000000000e+02
1.877200000000000000e+04 -1.200000000000000000e+02 6.720000000000000000e+02 -7.440000000000000000e+02
1.881200000000000000e+04 -1.200000000000000000e+02 6.640000000000000000e+02 -7.440000000000000000e+02
1.885200000000000000e+04 -1.120000000000000000e+02 6.640000000000000000e+02 -7.280000000000000000e+02
1.888400000000000000e+04 -1.200000000000000000e+02 6.720000000000000000e+02 -7.520000000000000000e+02
1.892400000000000000e+04 -1.360000000000000000e+02 6.720000000000000000e+02 -7.600000000000000000e+02
1.896400000000000000e+04 -1.040000000000000000e+02 6.640000000000000000e+02 -7.520000000000000000e+02
1.900400000000000000e+04 -1.040000000000000000e+02 6.720000000000000000e+02 -7.440000000000000000e+02
1.904400000000000000e+04 -1.200000000000000000e+02 6.720000000000000000e+02 -7.600000000000000000e+02
1.908400000000000000e+04 -1.200000000000000000e+02 6.720000000000000000e+02 -7.440000000000000000e+02
1.912400000000000000e+04 -1.200000000000000000e+02 6.720000000000000000e+02 -7.360000000000000000e+02
1.916400000000000000e+04 -1.200000000000000000e+02 6.720000000000000000e+02 -7.520000000000000000e+02
1.920400000000000000e+04 -1.200000000000000000e+02 6.720000000000000000e+02 -7.520000000000000000e+02
1.924400000000000000e+04 -1.200000000000000000e+02 6.400000000000000000e+02 -7.200000000000000000e+02
1.928400000000000000e+04 -1.280000000000000000e+02 6.640000000000000000e+02 -7.360000000000000000e+02
1.932400000000000000e+04 -1.200000000000000000e+02 6.640000000000000000e+02 -7.680000000000000000e+02
1.936400000000000000e+04 -1.360000000000000000e+02 6.720000000000000000e+02 -7.600000000000000000e+02
1.940400000000000000e+04 -1.520000000000000000e+02 6.640000000000000000e+02 -7.440000000000000000e+02
1.944400000000000000e+04 -1.440000000000000000e+02 6.720000000000000000e+02 -6.960000000000000000e+02
1.948400000000000000e+04 -1.280000000000000000e+02 6.720000000000000000e+02 -7.360000000000000000e+02
1.952400000000000000e+04 -1.200000000000000000e+02 6.720000000000000000e+02 -7.440000000000000000e+02
1.956400000000000000e+04 -1.200000000000000000e+02 6.720000000000000000e+02 -7.440000000000000000e+02
1.960400000000000000e+04 -1.280000000000000000e+02 6.720000000000000000e+02 -7.360000000000000000e+02
1.964400000000000000e+04 -1.200000000000000000e+02 6.640000000000000000e+02 -7.680000000000000000e+02
1.968400000000000000e+04 -1.200000000000000000e+02 6.720000000000000000e+02 -7.520000000000000000e+02
1.972400000000000000e+04 -1.280000000000000000e+02 6.800000000000000000e+02 -7.360000000000000000e+02
1.976400000000000000e+04 -1.200000000000000000e+02 6.720000000000000000e+02 -7.600000000000000000e+02
1.980400000000000000e+04 -1.440000000000000000e+02 6.720000000000000000e+02 -7.520000000000000000e+02
1.984400000000000000e+04 -1.280000000000000000e+02 6.640000000000000000e+02 -7.520000000000000000e+02
