7.000000000000000000e+01 -8.000000000000000000e+01 5.440000000000000000e+02 -8.480000000000000000e+02
1.100000000000000000e+02 -8.000000000000000000e+01 5.360000000000000000e+02 -8.560000000000000000e+02
1.500000000000000000e+02 -8.000000000000000000e+01 5.520000000000000000e+02 -8.400000000000000000e+02
1.900000000000000000e+02 -8.800000000000000000e+01 5.600000000000000000e+02 -8.640000000000000000e+02
2.300000000000000000e+02 -8.800000000000000000e+01 5.440000000000000000e+02 -8.720000000000000000e+02
2.700000000000000000e+02 -8.800000000000000000e+01 5.440000000000000000e+02 -8.640000000000000000e+02
3.100000000000000000e+02 -8.000000000000000000e+01 5.520000000000000000e+02 -8.880000000000000000e+02
3.500000000000000000e+02 -8.000000000000000000e+01 5.520000000000000000e+02 -8.720000000000000000e+02
3.900000000000000000e+02 -8.800000000000000000e+01 5.600000000000000000e+02 -8.560000000000000000e+02
4.300000000000000000e+02 -8.000000000000000000e+01 5.520000000000000000e+02 -8.160000000000000000e+02
4.700000000000000000e+02 -8.000000000000000000e+01 5.520000000000000000e+02 -8.080000000000000000e+02
5.100000000000000000e+02 -1.120000000000000000e+02 5.440000000000000000e+02 -8.400000000000000000e+02
5.500000000000000000e+02 -9.600000000000000000e+01 5.440000000000000000e+02 -8.720000000000000000e+02
5.900000000000000000e+02 -9.600000000000000000e+01 5.360000000000000000e+02 -8.720000000000000000e+02
6.300000000000000000e+02 -9.600000000000000000e+01 5.360000000000000000e+02 -8.560000000000000000e+02
6.700000000000000000e+02 -9.600000000000000000e+01 5.360000000000000000e+02 -8.560000000000000000e+02
7.100000000000000000e+02 -9.600000000000000000e+01 5.440000000000000000e+02 -8.400000000000000000e+02
7.500000000000000000e+02 -8.800000000000000000e+01 5.440000000000000000e+02 -8.560000000000000000e+02
7.900000000000000000e+02 -8.800000000000000000e+01 5.360000000000000000e+02 -8.560000000000000000e+02
8.300000000000000000e+02 -9.600000000000000000e+01 5.360000000000000000e+02 -8.480000000000000000e+02
8.700000000000000000e+02 -8.800000000000000000e+01 5.360000000000000000e+02 -8.560000000000000000e+02
9.100000000000000000e+02 -8.800000000000000000e+01 5.360000000000000000e+02 -8.320000000000000000e+02
9.500000000000000000e+02 -8.800000000000000000e+01 5.360000000000000000e+02 -8.720000000000000000e+02
9.900000000000000000e+02 -9.600000000000000000e+01 5.360000000000000000e+02 -8.560000000000000000e+02
1.030000000000000000e+03 -8.000000000000000000e+01 5.360000000000000000e+02 -8.960000000000000000e+02
1.062000000000000000e+03 -8.800000000000000000e+01 5.440000000000000000e+02 -8.560000000000000000e+02
1.102000000000000000e+03 -8.800000000000000000e+01 5.360000000000000000e+02 -8.560000000000000000e+02
1.142000000000000000e+03 -8.800000000000000000e+01 5.360000000000000000e+02 -8.480000000000000000e+02
1.182000000000000000e+03 -8.800000000000000000e+01 5.280000000000000000e+02 -8.320000000000000000e+02
1.222000000000000000e+03 -8.800000000000000000e+01 5.360000000000000000e+02 -8.560000000000000000e+02
1.262000000000000000e+03 -8.800000000000000000e+01 5.360000000000000000e+02 -8.480000000000000000e+02
1.302000000000000000e+03 -8.000000000000000000e+01 5.360000000000000000e+02 -8.640000000000000000e+02
1.342000000000000000e+03 -9.600000000000000000e+01 5.360000000000000000e+02 -8.480000000000000000e+02
1.382000000000000000e+03 -9.600000000000000000e+01 5.360000000000000000e+02 -8.640000000000000000e+02
1.422000000000000000e+03 -9.600000000000000000e+01 5.360000000000000000e+02 -8.480000000000000000e+02
1.462000000000000000e+03 -8.800000000000000000e+01 5.440000000000000000e+02 -8.640000000000000000e+02
1.502000000000000000e+03 -8.800000000000000000e+01 5.360000000000000000e+02 -8.560000000000000000e+02
1.542000000000000000e+03 -9.600000000000000000e+01 5.360000000000000000e+02 -8.480000000000000000e+02
1.582000000000000000e+03 -8.800000000000000000e+01 5.360000000000000000e+02 -8.480000000000000000e+02
1.622000000000000000e+03 -1.040000000000000000e+02 5.360000000000000000e+02 -8.640000000000000000e+02
1.662000000000000000e+03 -1.040000000000000000e+02 5.360000000000000000e+02 -8.640000000000000000e+02
1.702000000000000000e+03 -9.600000000000000000e+01 5.280000000000000000e+02 -8.640000000000000000e+02
1.742000000000000000e+03 -9.600000000000000000e+01 5.360000000000000000e+02 -8.480000000000000000e+02
1.782000000000000000e+03 -9.600000000000000000e+01 5.360000000000000000e+02 -8.320000000000000000e+02
1.822000000000000000e+03 -8.000000000000000000e+01 5.200000000000000000e+02 -8.640000000000000000e+02
1.862000000000000000e+03 -9.600000000000000000e+01 5.280000000000000000e+02 -8.800000000000000000e+02
1.902000000000000000e+03 -9.600000000000000000e+01 5.520000000000000000e+02 -9.120000000000000000e+02
1.942000000000000000e+03 -8.800000000000000000e+01 5.440000000000000000e+02 -8.400000000000000000e+02
1.982000000000000000e+03 -8.000000000000000000e+01 5.520000000000000000e+02 -8.560000000000000000e+02
2.022000000000000000e+03 -8.000000000000000000e+01 5.360000000000000000e+02 -8.400000000000000000e+02
2.055000000000000000e+03 -8.800000000000000000e+01 5.360000000000000000e+02 -8.560000000000000000e+02
2.095000000000000000e+03 -8.000000000000000000e+01 5.440000000000000000e+02 -8.480000000000000000e+02
2.135000000000000000e+03 -7.200000000000000000e+01 5.520000000000000000e+02 -8.400000000000000000e+02
2.175000000000000000e+03 -8.000000000000000000e+01 5.440000000000000000e+02 -8.640000000000000000e+02
2.215000000000000000e+03 -8.000000000000000000e+01 5.360000000000000000e+02 -8.320000000000000000e+02
2.255000000000000000e+03 -8.800000000000000000e+01 5.360000000000000000e+02 -8.800000000000000000e+02
2.295000000000000000e+03 -8.800000000000000000e+01 5.360000000000000000e+02 -8.640000000000000000e+02
2.335000000000000000e+03 -8.800000000000000000e+01 5.360000000000000000e+02 -8.560000000000000000e+02
2.375000000000000000e+03 -8.800000000000000000e+01 5.360000000000000000e+02 -8.640000000000000000e+02
2.415000000000000000e+03 -8.800000000000000000e+01 5.360000000000000000e+02 -8.400000000000000000e+02
2.455000000000000000e+03 -8.000000000000000000e+01 5.360000000000000000e+02 -8.720000000000000000e+02
2.495000000000000000e+03 -8.800000000000000000e+01 5.360000000000000000e+02 -8.800000000000000000e+02
2.535000000000000000e+03 -8.800000000000000000e+01 5.200000000000000000e+02 -8.560000000000000000e+02
2.575000000000000000e+03 -8.000000000000000000e+01 5.280000000000000000e+02 -8.400000000000000000e+02
2.615000000000000000e+03 -1.120000000000000000e+02 5.200000000000000000e+02 -8.560000000000000000e+02
2.655000000000000000e+03 -9.600000000000000000e+01 5.280000000000000000e+02 -8.640000000000000000e+02
2.695000000000000000e+03 -8.800000000000000000e+01 5.360000000000000000e+02 -8.400000000000000000e+02
2.735000000000000000e+03 -8.800000000000000000e+01 5.280000000000000000e+02 -8.560000000000000000e+02
2.775000000000000000e+03 -6.400000000000000000e+01 5.360000000000000000e+02 -8.720000000000000000e+02
2.815000000000000000e+03 -8.000000000000000000e+01 5.360000000000000000e+02 -8.560000000000000000e+02
2.855000000000000000e+03 -7.200000000000000000e+01 5.360000000000000000e+02 -8.720000000000000000e+02
2.895000000000000000e+03 -8.000000000000000000e+01 5.440000000000000000e+02 -8.720000000000000000e+02
2.935000000000000000e+03 -8.000000000000000000e+01 5.360000000000000000e+02 -8.320000000000000000e+02
2.975000000000000000e+03 -8.800000000000000000e+01 5.200000000000000000e+02 -8.480000000000000000e+02
3.015000000000000000e+03 -8.800000000000000000e+01 5.200000000000000000e+02 -8.640000000000000000e+02
3.047000000000000000e+03 -1.040000000000000000e+02 5.120000000000000000e+02 -8.560000000000000000e+02
3.087000000000000000e+03 -1.040000000000000000e+02 5.520000000000000000e+02 -8.320000000000000000e+02
3.127000000000000000e+03 -1.040000000000000000e+02 5.440000000000000000e+02 -8.560000000000000000e+02
3.167000000000000000e+03 -9.600000000000000000e+01 5.360000000000000000e+02 -8.640000000000000000e+02
3.207000000000000000e+03 -1.040000000000000000e+02 5.760000000000000000e+02 -8.400000000000000000e+02
3.247000000000000000e+03 -9.600000000000000000e+01 5.520000000000000000e+02 -8.480000000000000000e+02
3.287000000000000000e+03 -8.800000000000000000e+01 5.520000000000000000e+02 -8.560000000000000000e+02
3.327000000000000000e+03 -9.600000000000000000e+01 5.360000000000000000e+02 -8.640000000000000000e+02
3.367000000000000000e+03 -7.200000000000000000e+01 5.360000000000000000e+02 -8.560000000000000000e+02
3.407000000000000000e+03 -8.000000000000000000e+01 5.280000000000000000e+02 -8.560000000000000000e+02
3.447000000000000000e+03 -8.800000000000000000e+01 5.520000000000000000e+02 -8.560000000000000000e+02
3.487000000000000000e+03 -8.000000000000000000e+01 5.360000000000000000e+02 -9.040000000000000000e+02
3.527000000000000000e+03 -8.800000000000000000e+01 5.280000000000000000e+02 -8.720000000000000000e+02
3.567000000000000000e+03 -8.000000000000000000e+01 5.440000000000000000e+02 -8.640000000000000000e+02
3.607000000000000000e+03 -8.000000000000000000e+01 5.360000000000000000e+02 -8.880000000000000000e+02
3.647000000000000000e+03 -8.000000000000000000e+01 5.360000000000000000e+02 -8.720000000000000000e+02
3.687000000000000000e+03 -8.000000000000000000e+01 5.520000000000000000e+02 -8.560000000000000000e+02
3.727000000000000000e+03 -8.000000000000000000e+01 5.360000000000000000e+02 -8.480000000000000000e+02
3.767000000000000000e+03 -8.000000000000000000e+01 5.360000000000000000e+02 -8.640000000000000000e+02
3.807000000000000000e+03 -8.800000000000000000e+01 5.360000000000000000e+02 -8.560000000000000000e+02
3.847000000000000000e+03 -1.120000000000000000e+02 5.440000000000000000e+02 -8.640000000000000000e+02
3.887000000000000000e+03 -9.600000000000000000e+01 5.360000000000000000e+02 -8.880000000000000000e+02
3.927000000000000000e+03 -9.600000000000000000e+01 5.360000000000000000e+02 -8.960000000000000000e+02
3.967000000000000000e+03 -9.600000000000000000e+01 5.360000000000000000e+02 -8.880000000000000000e+02
4.007000000000000000e+03 -9.600000000000000000e+01 5.520000000000000000e+02 -8.480000000000000000e+02
4.039000000000000000e+03 -8.000000000000000000e+01 5.440000000000000000e+02 -8.160000000000000000e+02
4.079000000000000000e+03 -7.200000000000000000e+01 5.360000000000000000e+02 -8.480000000000000000e+02
4.119000000000000000e+03 -8.800000000000000000e+01 5.440000000000000000e+02 -8.320000000000000000e+02
4.159000000000000000e+03 -9.600000000000000000e+01 5.440000000000000000e+02 -8.640000000000000000e+02
4.199000000000000000e+03 -8.000000000000000000e+01 5.280000000000000000e+02 -8.480000000000000000e+02
4.239000000000000000e+03 -9.600000000000000000e+01 5.280000000000000000e+02 -9.120000000000000000e+02
4.279000000000000000e+03 -8.000000000000000000e+01 5.360000000000000000e+02 -8.640000000000000000e+02
4.319000000000000000e+03 -8.000000000000000000e+01 5.120000000000000000e+02 -8.800000000000000000e+02
4.359000000000000000e+03 -8.000000000000000000e+01 5.200000000000000000e+02 -8.480000000000000000e+02
4.399000000000000000e+03 -8.000000000000000000e+01 5.280000000000000000e+02 -8.640000000000000000e+02
4.439000000000000000e+03 -1.040000000000000000e+02 5.280000000000000000e+02 -8.800000000000000000e+02
4.479000000000000000e+03 -9.600000000000000000e+01 5.280000000000000000e+02 -8.720000000000000000e+02
4.519000000000000000e+03 -1.040000000000000000e+02 5.360000000000000000e+02 -8.880000000000000000e+02
4.559000000000000000e+03 -8.800000000000000000e+01 5.360000000000000000e+02 -8.640000000000000000e+02
4.599000000000000000e+03 -1.040000000000000000e+02 5.440000000000000000e+02 -8.480000000000000000e+02
4.639000000000000000e+03 -8.800000000000000000e+01 5.680000000000000000e+02 -8.560000000000000000e+02
4.679000000000000000e+03 -8.800000000000000000e+01 5.440000000000000000e+02 -8.640000000000000000e+02
4.719000000000000000e+03 -9.600000000000000000e+01 5.440000000000000000e+02 -8.560000000000000000e+02
4.759000000000000000e+03 -8.000000000000000000e+01 5.360000000000000000e+02 -8.640000000000000000e+02
4.799000000000000000e+03 -8.800000000000000000e+01 5.280000000000000000e+02 -8.640000000000000000e+02
4.839000000000000000e+03 -8.800000000000000000e+01 5.360000000000000000e+02 -8.560000000000000000e+02
4.879000000000000000e+03 -6.400000000000000000e+01 5.120000000000000000e+02 -8.800000000000000000e+02
4.919000000000000000e+03 -7.200000000000000000e+01 5.280000000000000000e+02 -8.800000000000000000e+02
4.959000000000000000e+03 -7.200000000000000000e+01 5.280000000000000000e+02 -8.640000000000000000e+02
4.999000000000000000e+03 -7.200000000000000000e+01 5.280000000000000000e+02 -8.560000000000000000e+02
5.031000000000000000e+03 -7.200000000000000000e+01 5.280000000000000000e+02 -9.120000000000000000e+02
5.071000000000000000e+03 -6.400000000000000000e+01 5.280000000000000000e+02 -7.760000000000000000e+02
5.111000000000000000e+03 -4.000000000000000000e+01 5.200000000000000000e+02 -8.640000000000000000e+02
5.151000000000000000e+03 -5.600000000000000000e+01 5.280000000000000000e+02 -8.400000000000000000e+02
5.191000000000000000e+03 -5.600000000000000000e+01 5.360000000000000000e+02 -8.640000000000000000e+02
5.231000000000000000e+03 -6.400000000000000000e+01 5.360000000000000000e+02 -8.720000000000000000e+02
5.271000000000000000e+03 -7.200000000000000000e+01 5.520000000000000000e+02 -8.640000000000000000e+02
5.311000000000000000e+03 -8.000000000000000000e+01 5.440000000000000000e+02 -8.400000000000000000e+02
5.351000000000000000e+03 -7.200000000000000000e+01 5.360000000000000000e+02 -8.480000000000000000e+02
5.391000000000000000e+03 -5.600000000000000000e+01 5.360000000000000000e+02 -8.640000000000000000e+02
5.431000000000000000e+03 -7.200000000000000000e+01 5.280000000000000000e+02 -8.560000000000000000e+02
5.471000000000000000e+03 -7.200000000000000000e+01 5.280000000000000000e+02 -8.560000000000000000e+02
5.511000000000000000e+03 -7.200000000000000000e+01 5.360000000000000000e+02 -8.480000000000000000e+02
5.551000000000000000e+03 -7.200000000000000000e+01 5.360000000000000000e+02 -8.720000000000000000e+02
5.591000000000000000e+03 -7.200000000000000000e+01 5.360000000000000000e+02 -8.800000000000000000e+02
5.631000000000000000e+03 -8.000000000000000000e+01 5.360000000000000000e+02 -8.560000000000000000e+02
5.671000000000000000e+03 -8.000000000000000000e+01 5.280000000000000000e+02 -8.720000000000000000e+02
5.711000000000000000e+03 -8.000000000000000000e+01 5.360000000000000000e+02 -8.720000000000000000e+02
5.751000000000000000e+03 -8.800000000000000000e+01 5.360000000000000000e+02 -8.480000000000000000e+02
5.791000000000000000e+03 -8.800000000000000000e+01 5.360000000000000000e+02 -8.560000000000000000e+02
5.831000000000000000e+03 -8.800000000000000000e+01 5.360000000000000000e+02 -8.160000000000000000e+02
5.871000000000000000e+03 -8.800000000000000000e+01 5.280000000000000000e+02 -8.800000000000000000e+02
5.911000000000000000e+03 -8.800000000000000000e+01 5.360000000000000000e+02 -8.560000000000000000e+02
5.951000000000000000e+03 -8.000000000000000000e+01 5.360000000000000000e+02 -8.480000000000000000e+02
5.991000000000000000e+03 -8.000000000000000000e+01 5.280000000000000000e+02 -8.880000000000000000e+02
6.022000000000000000e+03 -8.000000000000000000e+01 5.360000000000000000e+02 -8.480000000000000000e+02
6.062000000000000000e+03 -7.200000000000000000e+01 5.360000000000000000e+02 -8.560000000000000000e+02
6.102000000000000000e+03 -5.600000000000000000e+01 5.360000000000000000e+02 -8.640000000000000000e+02
6.142000000000000000e+03 -6.400000000000000000e+01 5.360000000000000000e+02 -8.800000000000000000e+02
6.182000000000000000e+03 -8.000000000000000000e+01 5.040000000000000000e+02 -8.560000000000000000e+02
6.222000000000000000e+03 -8.000000000000000000e+01 5.280000000000000000e+02 -8.800000000000000000e+02
6.262000000000000000e+03 -8.000000000000000000e+01 5.360000000000000000e+02 -8.800000000000000000e+02
6.302000000000000000e+03 -8.800000000000000000e+01 5.360000000000000000e+02 -8.720000000000000000e+02
6.342000000000000000e+03 -8.000000000000000000e+01 5.360000000000000000e+02 -8.560000000000000000e+02
6.382000000000000000e+03 -8.000000000000000000e+01 5.440000000000000000e+02 -8.480000000000000000e+02
6.422000000000000000e+03 -8.000000000000000000e+01 5.440000000000000000e+02 -8.640000000000000000e+02
6.462000000000000000e+03 -6.400000000000000000e+01 5.360000000000000000e+02 -8.400000000000000000e+02
6.502000000000000000e+03 -4.000000000000000000e+01 5.360000000000000000e+02 -8.320000000000000000e+02
6.542000000000000000e+03 -6.400000000000000000e+01 5.360000000000000000e+02 -8.400000000000000000e+02
6.582000000000000000e+03 -8.000000000000000000e+01 5.440000000000000000e+02 -8.640000000000000000e+02
6.622000000000000000e+03 -8.000000000000000000e+01 5.280000000000000000e+02 -8.320000000000000000e+02
6.662000000000000000e+03 -8.000000000000000000e+01 5.440000000000000000e+02 -8.400000000000000000e+02
6.702000000000000000e+03 -7.200000000000000000e+01 5.360000000000000000e+02 -8.480000000000000000e+02
6.742000000000000000e+03 -7.200000000000000000e+01 5.200000000000000000e+02 -8.640000000000000000e+02
6.782000000000000000e+03 -8.800000000000000000e+01 5.280000000000000000e+02 -8.560000000000000000e+02
6.822000000000000000e+03 -8.800000000000000000e+01 5.360000000000000000e+02 -8.160000000000000000e+02
6.862000000000000000e+03 -8.800000000000000000e+01 5.280000000000000000e+02 -8.480000000000000000e+02
6.902000000000000000e+03 -8.000000000000000000e+01 5.280000000000000000e+02 -8.720000000000000000e+02
6.942000000000000000e+03 -8.000000000000000000e+01 5.360000000000000000e+02 -8.800000000000000000e+02
6.982000000000000000e+03 -1.120000000000000000e+02 5.360000000000000000e+02 -8.560000000000000000e+02
7.015000000000000000e+03 -9.600000000000000000e+01 5.360000000000000000e+02 -8.640000000000000000e+02
7.055000000000000000e+03 -8.000000000000000000e+01 5.360000000000000000e+02 -8.560000000000000000e+02
7.095000000000000000e+03 -8.000000000000000000e+01 5.360000000000000000e+02 -8.640000000000000000e+02
7.135000000000000000e+03 -8.800000000000000000e+01 5.360000000000000000e+02 -8.720000000000000000e+02
7.175000000000000000e+03 -8.800000000000000000e+01 5.360000000000000000e+02 -8.640000000000000000e+02
7.215000000000000000e+03 -7.200000000000000000e+01 5.360000000000000000e+02 -8.720000000000000000e+02
7.255000000000000000e+03 -5.600000000000000000e+01 5.360000000000000000e+02 -8.640000000000000000e+02
7.295000000000000000e+03 -7.200000000000000000e+01 5.280000000000000000e+02 -8.560000000000000000e+02
7.335000000000000000e+03 -7.200000000000000000e+01 5.280000000000000000e+02 -8.480000000000000000e+02
7.375000000000000000e+03 -8.000000000000000000e+01 5.360000000000000000e+02 -8.480000000000000000e+02
7.415000000000000000e+03 -8.000000000000000000e+01 5.280000000000000000e+02 -8.560000000000000000e+02
7.455000000000000000e+03 -8.000000000000000000e+01 5.360000000000000000e+02 -8.480000000000000000e+02
7.495000000000000000e+03 -7.200000000000000000e+01 5.280000000000000000e+02 -8.560000000000000000e+02
7.535000000000000000e+03 -8.800000000000000000e+01 5.120000000000000000e+02 -8.560000000000000000e+02
7.575000000000000000e+03 -8.000000000000000000e+01 5.200000000000000000e+02 -8.640000000000000000e+02
7.615000000000000000e+03 -8.800000000000000000e+01 5.360000000000000000e+02 -8.080000000000000000e+02
7.655000000000000000e+03 -8.000000000000000000e+01 5.280000000000000000e+02 -8.880000000000000000e+02
7.695000000000000000e+03 -8.000000000000000000e+01 5.280000000000000000e+02 -8.800000000000000000e+02
7.735000000000000000e+03 -8.000000000000000000e+01 5.440000000000000000e+02 -8.800000000000000000e+02
7.775000000000000000e+03 -8.800000000000000000e+01 5.360000000000000000e+02 -8.480000000000000000e+02
7.815000000000000000e+03 -8.800000000000000000e+01 5.200000000000000000e+02 -8.720000000000000000e+02
7.855000000000000000e+03 -8.000000000000000000e+01 4.800000000000000000e+02 -8.240000000000000000e+02
7.895000000000000000e+03 -8.800000000000000000e+01 4.640000000000000000e+02 -8.640000000000000000e+02
7.935000000000000000e+03 -9.600000000000000000e+01 4.640000000000000000e+02 -8.960000000000000000e+02
7.975000000000000000e+03 -7.200000000000000000e+01 4.560000000000000000e+02 -8.960000000000000000e+02
8.007000000000000000e+03 -7.200000000000000000e+01 4.640000000000000000e+02 -8.800000000000000000e+02
8.047000000000000000e+03 -8.000000000000000000e+01 4.720000000000000000e+02 -8.320000000000000000e+02
8.087000000000000000e+03 -7.200000000000000000e+01 5.040000000000000000e+02 -8.880000000000000000e+02
8.127000000000000000e+03 -5.600000000000000000e+01 4.960000000000000000e+02 -9.040000000000000000e+02
8.167000000000000000e+03 -6.400000000000000000e+01 4.880000000000000000e+02 -8.960000000000000000e+02
8.207000000000000000e+03 -5.600000000000000000e+01 4.880000000000000000e+02 -8.960000000000000000e+02
8.247000000000000000e+03 -4.800000000000000000e+01 4.880000000000000000e+02 -9.200000000000000000e+02
8.287000000000000000e+03 -5.600000000000000000e+01 4.720000000000000000e+02 -9.120000000000000000e+02
8.327000000000000000e+03 -6.400000000000000000e+01 5.120000000000000000e+02 -8.800000000000000000e+02
8.367000000000000000e+03 -6.400000000000000000e+01 5.040000000000000000e+02 -9.200000000000000000e+02
8.407000000000000000e+03 -6.400000000000000000e+01 4.880000000000000000e+02 -8.720000000000000000e+02
8.447000000000000000e+03 -6.400000000000000000e+01 4.800000000000000000e+02 -8.640000000000000000e+02
8.487000000000000000e+03 -7.200000000000000000e+01 4.960000000000000000e+02 -8.640000000000000000e+02
8.527000000000000000e+03 -5.600000000000000000e+01 5.040000000000000000e+02 -8.880000000000000000e+02
8.567000000000000000e+03 -4.800000000000000000e+01 4.800000000000000000e+02 -9.440000000000000000e+02
8.607000000000000000e+03 -6.400000000000000000e+01 4.880000000000000000e+02 -8.720000000000000000e+02
8.647000000000000000e+03 -4.800000000000000000e+01 5.120000000000000000e+02 -8.800000000000000000e+02
8.687000000000000000e+03 -6.400000000000000000e+01 5.440000000000000000e+02 -8.640000000000000000e+02
8.727000000000000000e+03 -7.200000000000000000e+01 5.840000000000000000e+02 -8.640000000000000000e+02
8.767000000000000000e+03 -6.400000000000000000e+01 5.520000000000000000e+02 -8.400000000000000000e+02
8.807000000000000000e+03 -1.120000000000000000e+02 3.920000000000000000e+02 -9.360000000000000000e+02
8.847000000000000000e+03 -8.800000000000000000e+01 3.280000000000000000e+02 -1.072000000000000000e+03
8.887000000000000000e+03 -8.000000000000000000e+01 3.840000000000000000e+02 -9.440000000000000000e+02
8.927000000000000000e+03 -9.600000000000000000e+01 4.720000000000000000e+02 -8.080000000000000000e+02
8.967000000000000000e+03 -1.200000000000000000e+02 4.880000000000000000e+02 -8.320000000000000000e+02
8.998000000000000000e+03 -1.440000000000000000e+02 4.960000000000000000e+02 -8.560000000000000000e+02
9.038000000000000000e+03 -1.200000000000000000e+02 4.640000000000000000e+02 -9.920000000000000000e+02
9.078000000000000000e+03 -9.600000000000000000e+01 4.160000000000000000e+02 -8.560000000000000000e+02
9.118000000000000000e+03 -8.800000000000000000e+01 4.240000000000000000e+02 -9.680000000000000000e+02
9.158000000000000000e+03 -1.120000000000000000e+02 4.400000000000000000e+02 -9.120000000000000000e+02
9.198000000000000000e+03 -1.120000000000000000e+02 4.560000000000000000e+02 -9.120000000000000000e+02
9.238000000000000000e+03 -1.120000000000000000e+02 4.960000000000000000e+02 -8.800000000000000000e+02
9.278000000000000000e+03 -8.800000000000000000e+01 5.280000000000000000e+02 -8.720000000000000000e+02
9.318000000000000000e+03 -8.000000000000000000e+01 5.280000000000000000e+02 -8.560000000000000000e+02
9.358000000000000000e+03 -8.000000000000000000e+01 5.040000000000000000e+02 -8.480000000000000000e+02
9.398000000000000000e+03 -8.000000000000000000e+01 4.960000000000000000e+02 -8.800000000000000000e+02
9.438000000000000000e+03 -9.600000000000000000e+01 4.960000000000000000e+02 -8.720000000000000000e+02
9.478000000000000000e+03 -3.200000000000000000e+01 5.680000000000000000e+02 -9.280000000000000000e+02
9.518000000000000000e+03 -2.400000000000000000e+01 5.680000000000000000e+02 -7.680000000000000000e+02
9.558000000000000000e+03 -4.000000000000000000e+01 5.840000000000000000e+02 -8.080000000000000000e+02
9.598000000000000000e+03 -4.800000000000000000e+01 5.680000000000000000e+02 -8.640000000000000000e+02
9.638000000000000000e+03 -5.600000000000000000e+01 5.440000000000000000e+02 -8.880000000000000000e+02
9.678000000000000000e+03 -6.400000000000000000e+01 5.600000000000000000e+02 -8.320000000000000000e+02
9.718000000000000000e+03 -4.800000000000000000e+01 5.680000000000000000e+02 -8.560000000000000000e+02
9.758000000000000000e+03 -5.600000000000000000e+01 5.520000000000000000e+02 -8.480000000000000000e+02
9.798000000000000000e+03 -4.800000000000000000e+01 5.440000000000000000e+02 -8.640000000000000000e+02
9.838000000000000000e+03 -5.600000000000000000e+01 5.360000000000000000e+02 -8.400000000000000000e+02
9.878000000000000000e+03 -6.400000000000000000e+01 5.440000000000000000e+02 -8.480000000000000000e+02
9.918000000000000000e+03 -5.600000000000000000e+01 5.520000000000000000e+02 -8.560000000000000000e+02
9.958000000000000000e+03 -8.000000000000000000e+01 5.520000000000000000e+02 -8.160000000000000000e+02
9.990000000000000000e+03 -6.400000000000000000e+01 5.600000000000000000e+02 -7.840000000000000000e+02
1.003000000000000000e+04 -6.400000000000000000e+01 5.760000000000000000e+02 -8.640000000000000000e+02
1.007000000000000000e+04 -7.200000000000000000e+01 5.600000000000000000e+02 -8.480000000000000000e+02
1.011000000000000000e+04 -5.600000000000000000e+01 5.600000000000000000e+02 -8.400000000000000000e+02
1.015000000000000000e+04 -5.600000000000000000e+01 5.840000000000000000e+02 -7.920000000000000000e+02
1.019000000000000000e+04 -5.600000000000000000e+01 5.840000000000000000e+02 -8.240000000000000000e+02
1.023000000000000000e+04 -5.600000000000000000e+01 5.760000000000000000e+02 -8.240000000000000000e+02
1.027000000000000000e+04 -6.400000000000000000e+01 5.760000000000000000e+02 -8.240000000000000000e+02
1.031000000000000000e+04 -5.600000000000000000e+01 5.840000000000000000e+02 -8.080000000000000000e+02
1.035000000000000000e+04 -5.600000000000000000e+01 5.760000000000000000e+02 -8.160000000000000000e+02
1.039000000000000000e+04 -6.400000000000000000e+01 5.760000000000000000e+02 -8.000000000000000000e+02
1.043000000000000000e+04 -5.600000000000000000e+01 5.600000000000000000e+02 -8.400000000000000000e+02
1.047000000000000000e+04 -4.800000000000000000e+01 6.000000000000000000e+02 -7.920000000000000000e+02
1.051000000000000000e+04 -7.200000000000000000e+01 6.160000000000000000e+02 -8.000000000000000000e+02
1.055000000000000000e+04 -8.000000000000000000e+01 5.600000000000000000e+02 -8.480000000000000000e+02
1.059000000000000000e+04 -5.600000000000000000e+01 5.680000000000000000e+02 -8.400000000000000000e+02
1.063000000000000000e+04 -4.800000000000000000e+01 5.840000000000000000e+02 -8.480000000000000000e+02
1.067000000000000000e+04 -6.400000000000000000e+01 5.680000000000000000e+02 -7.920000000000000000e+02
1.071000000000000000e+04 -7.200000000000000000e+01 5.760000000000000000e+02 -8.240000000000000000e+02
1.075000000000000000e+04 -6.400000000000000000e+01 5.360000000000000000e+02 -7.920000000000000000e+02
1.079000000000000000e+04 -8.000000000000000000e+01 5.280000000000000000e+02 -8.800000000000000000e+02
1.083000000000000000e+04 -8.800000000000000000e+01 5.440000000000000000e+02 -8.480000000000000000e+02
1.087000000000000000e+04 -8.000000000000000000e+01 6.000000000000000000e+02 -8.400000000000000000e+02
1.091000000000000000e+04 -9.600000000000000000e+01 5.520000000000000000e+02 -7.920000000000000000e+02
1.095000000000000000e+04 -8.000000000000000000e+01 5.600000000000000000e+02 -8.560000000000000000e+02
1.098200000000000000e+04 -8.000000000000000000e+01 5.520000000000000000e+02 -8.320000000000000000e+02
1.102200000000000000e+04 -7.200000000000000000e+01 5.440000000000000000e+02 -9.120000000000000000e+02
1.106200000000000000e+04 -5.600000000000000000e+01 5.760000000000000000e+02 -8.400000000000000000e+02
1.110200000000000000e+04 -3.200000000000000000e+01 5.760000000000000000e+02 -9.120000000000000000e+02
1.114200000000000000e+04 -4.800000000000000000e+01 5.680000000000000000e+02 -9.520000000000000000e+02
1.118200000000000000e+04 -4.000000000000000000e+01 5.440000000000000000e+02 -8.240000000000000000e+02
1.122200000000000000e+04 -4.800000000000000000e+01 5.280000000000000000e+02 -8.320000000000000000e+02
1.126200000000000000e+04 -4.800000000000000000e+01 5.360000000000000000e+02 -8.640000000000000000e+02
1.130200000000000000e+04 -4.800000000000000000e+01 5.120000000000000000e+02 -9.440000000000000000e+02
1.134200000000000000e+04 -7.200000000000000000e+01 5.200000000000000000e+02 -8.640000000000000000e+02
1.138200000000000000e+04 -6.400000000000000000e+01 5.200000000000000000e+02 -8.000000000000000000e+02
1.142200000000000000e+04 -4.800000000000000000e+01 5.120000000000000000e+02 -8.720000000000000000e+02
1.146200000000000000e+04 -5.600000000000000000e+01 4.720000000000000000e+02 -9.040000000000000000e+02
1.150200000000000000e+04 -4.000000000000000000e+01 5.120000000000000000e+02 -9.120000000000000000e+02
1.154200000000000000e+04 -6.400000000000000000e+01 5.680000000000000000e+02 -8.160000000000000000e+02
1.158200000000000000e+04 -7.200000000000000000e+01 5.680000000000000000e+02 -7.920000000000000000e+02
1.162200000000000000e+04 -7.200000000000000000e+01 5.600000000000000000e+02 -8.560000000000000000e+02
1.166200000000000000e+04 -8.800000000000000000e+01 4.800000000000000000e+02 -9.040000000000000000e+02
1.170200000000000000e+04 -9.600000000000000000e+01 4.240000000000000000e+02 -8.880000000000000000e+02
1.174200000000000000e+04 -7.200000000000000000e+01 5.760000000000000000e+02 -9.520000000000000000e+02
1.178200000000000000e+04 -7.200000000000000000e+01 6.240000000000000000e+02 -7.680000000000000000e+02
1.182200000000000000e+04 -6.400000000000000000e+01 6.640000000000000000e+02 -8.560000000000000000e+02
1.186200000000000000e+04 -5.600000000000000000e+01 6.000000000000000000e+02 -8.560000000000000000e+02
1.190200000000000000e+04 -8.000000000000000000e+00 5.760000000000000000e+02 -8.160000000000000000e+02
1.194200000000000000e+04 -4.800000000000000000e+01 4.480000000000000000e+02 -9.840000000000000000e+02
1.197500000000000000e+04 -1.120000000000000000e+02 3.440000000000000000e+02 -1.016000000000000000e+03
1.201500000000000000e+04 -1.120000000000000000e+02 3.760000000000000000e+02 -9.600000000000000000e+02
1.205500000000000000e+04 -8.800000000000000000e+01 3.200000000000000000e+02 -9.520000000000000000e+02
1.209500000000000000e+04 -9.600000000000000000e+01 3.840000000000000000e+02 -8.720000000000000000e+02
1.213500000000000000e+04 -1.120000000000000000e+02 4.480000000000000000e+02 -9.280000000000000000e+02
1.217500000000000000e+04 -1.120000000000000000e+02 4.240000000000000000e+02 -8.800000000000000000e+02
1.221500000000000000e+04 -1.040000000000000000e+02 4.240000000000000000e+02 -9.200000000000000000e+02
1.225500000000000000e+04 -8.800000000000000000e+01 4.160000000000000000e+02 -9.360000000000000000e+02
1.229500000000000000e+04 -8.800000000000000000e+01 4.480000000000000000e+02 -8.960000000000000000e+02
1.233500000000000000e+04 -8.800000000000000000e+01 4.720000000000000000e+02 -8.160000000000000000e+02
1.237500000000000000e+04 -7.200000000000000000e+01 4.960000000000000000e+02 -8.800000000000000000e+02
1.241500000000000000e+04 -8.000000000000000000e+01 4.480000000000000000e+02 -9.280000000000000000e+02
1.245500000000000000e+04 -8.800000000000000000e+01 4.640000000000000000e+02 -9.600000000000000000e+02
1.249500000000000000e+04 -4.800000000000000000e+01 4.800000000000000000e+02 -8.400000000000000000e+02
1.253500000000000000e+04 -4.000000000000000000e+01 5.280000000000000000e+02 -8.720000000000000000e+02
1.257500000000000000e+04 -5.600000000000000000e+01 5.120000000000000000e+02 -8.080000000000000000e+02
1.261500000000000000e+04 -6.400000000000000000e+01 5.120000000000000000e+02 -8.960000000000000000e+02
1.265500000000000000e+04 -5.600000000000000000e+01 5.440000000000000000e+02 -8.560000000000000000e+02
1.269500000000000000e+04 -4.000000000000000000e+01 5.760000000000000000e+02 -8.000000000000000000e+02
1.273500000000000000e+04 -3.200000000000000000e+01 5.680000000000000000e+02 -8.400000000000000000e+02
1.277500000000000000e+04 -6.400000000000000000e+01 5.440000000000000000e+02 -8.400000000000000000e+02
1.281500000000000000e+04 -7.200000000000000000e+01 5.200000000000000000e+02 -8.880000000000000000e+02
1.285500000000000000e+04 -7.200000000000000000e+01 5.680000000000000000e+02 -8.320000000000000000e+02
1.289500000000000000e+04 -6.400000000000000000e+01 5.280000000000000000e+02 -9.440000000000000000e+02
1.293500000000000000e+04 -6.400000000000000000e+01 5.200000000000000000e+02 -8.960000000000000000e+02
1.296700000000000000e+04 -5.600000000000000000e+01 5.360000000000000000e+02 -8.160000000000000000e+02
1.300700000000000000e+04 -8.000000000000000000e+01 5.760000000000000000e+02 -8.480000000000000000e+02
1.304700000000000000e+04 -7.200000000000000000e+01 5.920000000000000000e+02 -7.680000000000000000e+02
1.308700000000000000e+04 -8.000000000000000000e+01 5.920000000000000000e+02 -8.800000000000000000e+02
1.312700000000000000e+04 -7.200000000000000000e+01 5.680000000000000000e+02 -8.400000000000000000e+02
1.316700000000000000e+04 -7.200000000000000000e+01 5.840000000000000000e+02 -8.320000000000000000e+02
1.320700000000000000e+04 -7.200000000000000000e+01 5.680000000000000000e+02 -8.000000000000000000e+02
1.324700000000000000e+04 -6.400000000000000000e+01 5.760000000000000000e+02 -8.160000000000000000e+02
1.328700000000000000e+04 -7.200000000000000000e+01 6.000000000000000000e+02 -8.080000000000000000e+02
1.332700000000000000e+04 -8.000000000000000000e+01 5.920000000000000000e+02 -7.920000000000000000e+02
1.336700000000000000e+04 -7.200000000000000000e+01 6.000000000000000000e+02 -8.240000000000000000e+02
1.340700000000000000e+04 -8.000000000000000000e+01 6.000000000000000000e+02 -8.240000000000000000e+02
1.344700000000000000e+04 -8.000000000000000000e+01 6.160000000000000000e+02 -7.840000000000000000e+02
1.348700000000000000e+04 -8.000000000000000000e+01 6.160000000000000000e+02 -8.160000000000000000e+02
1.352700000000000000e+04 -8.000000000000000000e+01 6.160000000000000000e+02 -8.000000000000000000e+02
1.356700000000000000e+04 -8.800000000000000000e+01 6.080000000000000000e+02 -8.000000000000000000e+02
1.360700000000000000e+04 -8.000000000000000000e+01 5.920000000000000000e+02 -8.240000000000000000e+02
1.364700000000000000e+04 -8.000000000000000000e+01 6.080000000000000000e+02 -8.160000000000000000e+02
1.368700000000000000e+04 -9.600000000000000000e+01 5.920000000000000000e+02 -8.400000000000000000e+02
1.372700000000000000e+04 -8.800000000000000000e+01 5.840000000000000000e+02 -8.480000000000000000e+02
1.376700000000000000e+04 -8.800000000000000000e+01 6.160000000000000000e+02 -8.320000000000000000e+02
1.380700000000000000e+04 -8.800000000000000000e+01 6.240000000000000000e+02 -8.160000000000000000e+02
1.384700000000000000e+04 -1.040000000000000000e+02 6.080000000000000000e+02 -8.320000000000000000e+02
1.388700000000000000e+04 -9.600000000000000000e+01 6.080000000000000000e+02 -8.160000000000000000e+02
1.392700000000000000e+04 -1.040000000000000000e+02 6.080000000000000000e+02 -8.160000000000000000e+02
1.395800000000000000e+04 -8.800000000000000000e+01 6.160000000000000000e+02 -7.840000000000000000e+02
1.399800000000000000e+04 -1.120000000000000000e+02 6.240000000000000000e+02 -8.080000000000000000e+02
1.403800000000000000e+04 -9.600000000000000000e+01 5.920000000000000000e+02 -8.160000000000000000e+02
1.407800000000000000e+04 -7.200000000000000000e+01 5.600000000000000000e+02 -8.000000000000000000e+02
1.411800000000000000e+04 -8.800000000000000000e+01 5.840000000000000000e+02 -8.160000000000000000e+02
1.415800000000000000e+04 -8.000000000000000000e+01 6.080000000000000000e+02 -8.000000000000000000e+02
1.419800000000000000e+04 -7.200000000000000000e+01 6.000000000000000000e+02 -7.840000000000000000e+02
1.423800000000000000e+04 -7.200000000000000000e+01 6.080000000000000000e+02 -8.240000000000000000e+02
1.427800000000000000e+04 -6.400000000000000000e+01 6.080000000000000000e+02 -7.760000000000000000e+02
1.431800000000000000e+04 -6.400000000000000000e+01 6.080000000000000000e+02 -8.160000000000000000e+02
1.435800000000000000e+04 -6.400000000000000000e+01 6.080000000000000000e+02 -8.160000000000000000e+02
1.439800000000000000e+04 -7.200000000000000000e+01 6.080000000000000000e+02 -8.240000000000000000e+02
1.443800000000000000e+04 -7.200000000000000000e+01 6.240000000000000000e+02 -8.240000000000000000e+02
1.447800000000000000e+04 -7.200000000000000000e+01 6.320000000000000000e+02 -8.080000000000000000e+02
1.451800000000000000e+04 -7.200000000000000000e+01 6.000000000000000000e+02 -8.320000000000000000e+02
1.455800000000000000e+04 -9.600000000000000000e+01 6.080000000000000000e+02 -7.920000000000000000e+02
1.459800000000000000e+04 -9.600000000000000000e+01 6.000000000000000000e+02 -7.840000000000000000e+02
1.463800000000000000e+04 -1.040000000000000000e+02 5.840000000000000000e+02 -8.240000000000000000e+02
1.467800000000000000e+04 -1.120000000000000000e+02 6.320000000000000000e+02 -7.840000000000000000e+02
1.471800000000000000e+04 -1.120000000000000000e+02 6.160000000000000000e+02 -7.920000000000000000e+02
1.475800000000000000e+04 -1.280000000000000000e+02 6.160000000000000000e+02 -8.160000000000000000e+02
1.479800000000000000e+04 -1.200000000000000000e+02 6.000000000000000000e+02 -8.240000000000000000e+02
1.483800000000000000e+04 -1.120000000000000000e+02 6.400000000000000000e+02 -7.760000000000000000e+02
1.487800000000000000e+04 -1.120000000000000000e+02 6.000000000000000000e+02 -8.400000000000000000e+02
1.491800000000000000e+04 -1.120000000000000000e+02 5.920000000000000000e+02 -8.320000000000000000e+02
1.495000000000000000e+04 -1.040000000000000000e+02 6.080000000000000000e+02 -8.000000000000000000e+02
1.499000000000000000e+04 -1.040000000000000000e+02 6.000000000000000000e+02 -8.640000000000000000e+02
1.503000000000000000e+04 -1.120000000000000000e+02 6.000000000000000000e+02 -8.160000000000000000e+02
1.507000000000000000e+04 -1.040000000000000000e+02 5.920000000000000000e+02 -8.000000000000000000e+02
1.511000000000000000e+04 -1.040000000000000000e+02 6.000000000000000000e+02 -7.920000000000000000e+02
1.515000000000000000e+04 -1.040000000000000000e+02 6.000000000000000000e+02 -8.160000000000000000e+02
1.519000000000000000e+04 -1.040000000000000000e+02 6.000000000000000000e+02 -8.080000000000000000e+02
1.523000000000000000e+04 -1.200000000000000000e+02 6.000000000000000000e+02 -8.320000000000000000e+02
1.527000000000000000e+04 -8.000000000000000000e+01 6.080000000000000000e+02 -8.240000000000000000e+02
1.531000000000000000e+04 -9.600000000000000000e+01 6.080000000000000000e+02 -8.080000000000000000e+02
1.535000000000000000e+04 -9.600000000000000000e+01 6.000000000000000000e+02 -8.160000000000000000e+02
1.539000000000000000e+04 -1.120000000000000000e+02 5.920000000000000000e+02 -8.160000000000000000e+02
1.543000000000000000e+04 -1.120000000000000000e+02 5.920000000000000000e+02 -8.560000000000000000e+02
1.547000000000000000e+04 -8.800000000000000000e+01 5.920000000000000000e+02 -8.160000000000000000e+02
1.551000000000000000e+04 -8.800000000000000000e+01 6.080000000000000000e+02 -8.000000000000000000e+02
1.555000000000000000e+04 -8.800000000000000000e+01 6.000000000000000000e+02 -8.320000000000000000e+02
1.559000000000000000e+04 -9.600000000000000000e+01 6.000000000000000000e+02 -8.320000000000000000e+02
1.563000000000000000e+04 -9.600000000000000000e+01 6.080000000000000000e+02 -8.000000000000000000e+02
1.567000000000000000e+04 -9.600000000000000000e+01 6.000000000000000000e+02 -8.160000000000000000e+02
1.571000000000000000e+04 -9.600000000000000000e+01 6.000000000000000000e+02 -8.640000000000000000e+02
1.575000000000000000e+04 -1.120000000000000000e+02 6.000000000000000000e+02 -8.400000000000000000e+02
1.579000000000000000e+04 -1.120000000000000000e+02 5.840000000000000000e+02 -8.240000000000000000e+02
1.583000000000000000e+04 -1.040000000000000000e+02 5.680000000000000000e+02 -8.160000000000000000e+02
1.587000000000000000e+04 -1.040000000000000000e+02 5.760000000000000000e+02 -8.080000000000000000e+02
1.591000000000000000e+04 -1.040000000000000000e+02 5.840000000000000000e+02 -8.480000000000000000e+02
1.594200000000000000e+04 -9.600000000000000000e+01 5.680000000000000000e+02 -8.400000000000000000e+02
1.598200000000000000e+04 -8.800000000000000000e+01 5.680000000000000000e+02 -8.320000000000000000e+02
1.602200000000000000e+04 -9.600000000000000000e+01 5.920000000000000000e+02 -8.320000000000000000e+02
1.606200000000000000e+04 -9.600000000000000000e+01 5.840000000000000000e+02 -8.240000000000000000e+02
1.610200000000000000e+04 -9.600000000000000000e+01 5.840000000000000000e+02 -8.320000000000000000e+02
1.614200000000000000e+04 -1.120000000000000000e+02 5.840000000000000000e+02 -8.240000000000000000e+02
1.618200000000000000e+04 -1.040000000000000000e+02 5.840000000000000000e+02 -8.080000000000000000e+02
1.622200000000000000e+04 -1.040000000000000000e+02 5.840000000000000000e+02 -8.000000000000000000e+02
1.626200000000000000e+04 -1.040000000000000000e+02 5.840000000000000000e+02 -8.400000000000000000e+02
1.630200000000000000e+04 -9.600000000000000000e+01 5.920000000000000000e+02 -8.000000000000000000e+02
1.634200000000000000e+04 -9.600000000000000000e+01 5.840000000000000000e+02 -8.160000000000000000e+02
1.638200000000000000e+04 -1.040000000000000000e+02 5.840000000000000000e+02 -8.240000000000000000e+02
1.642200000000000000e+04 -1.120000000000000000e+02 6.000000000000000000e+02 -8.560000000000000000e+02
1.646200000000000000e+04 -1.120000000000000000e+02 6.000000000000000000e+02 -8.240000000000000000e+02
1.650200000000000000e+04 -1.040000000000000000e+02 5.840000000000000000e+02 -8.400000000000000000e+02
1.654200000000000000e+04 -9.600000000000000000e+01 5.760000000000000000e+02 -8.160000000000000000e+02
1.658200000000000000e+04 -9.600000000000000000e+01 5.840000000000000000e+02 -8.000000000000000000e+02
1.662200000000000000e+04 -1.040000000000000000e+02 5.760000000000000000e+02 -8.240000000000000000e+02
1.666200000000000000e+04 -1.120000000000000000e+02 5.840000000000000000e+02 -8.320000000000000000e+02
1.670200000000000000e+04 -1.120000000000000000e+02 5.840000000000000000e+02 -8.080000000000000000e+02
1.674200000000000000e+04 -1.040000000000000000e+02 6.080000000000000000e+02 -8.320000000000000000e+02
1.678200000000000000e+04 -1.200000000000000000e+02 6.000000000000000000e+02 -8.000000000000000000e+02
1.682200000000000000e+04 -1.120000000000000000e+02 6.080000000000000000e+02 -8.240000000000000000e+02
1.686200000000000000e+04 -1.040000000000000000e+02 5.920000000000000000e+02 -8.080000000000000000e+02
1.690200000000000000e+04 -9.600000000000000000e+01 5.920000000000000000e+02 -8.240000000000000000e+02
1.693500000000000000e+04 -9.600000000000000000e+01 5.920000000000000000e+02 -8.640000000000000000e+02
1.697500000000000000e+04 -9.600000000000000000e+01 5.920000000000000000e+02 -8.160000000000000000e+02
1.701500000000000000e+04 -8.800000000000000000e+01 5.920000000000000000e+02 -8.240000000000000000e+02
1.705500000000000000e+04 -8.800000000000000000e+01 5.920000000000000000e+02 -8.240000000000000000e+02
1.709500000000000000e+04 -8.800000000000000000e+01 5.840000000000000000e+02 -7.680000000000000000e+02
1.713500000000000000e+04 -9.600000000000000000e+01 5.840000000000000000e+02 -8.160000000000000000e+02
1.717500000000000000e+04 -1.040000000000000000e+02 5.760000000000000000e+02 -8.320000000000000000e+02
1.721500000000000000e+04 -1.040000000000000000e+02 5.840000000000000000e+02 -8.160000000000000000e+02
1.725500000000000000e+04 -1.120000000000000000e+02 5.760000000000000000e+02 -8.480000000000000000e+02
1.729500000000000000e+04 -1.120000000000000000e+02 5.680000000000000000e+02 -8.400000000000000000e+02
1.733500000000000000e+04 -9.600000000000000000e+01 5.760000000000000000e+02 -8.400000000000000000e+02
1.737500000000000000e+04 -1.040000000000000000e+02 5.920000000000000000e+02 -8.240000000000000000e+02
1.741500000000000000e+04 -1.120000000000000000e+02 5.680000000000000000e+02 -8.000000000000000000e+02
1.745500000000000000e+04 -1.040000000000000000e+02 5.760000000000000000e+02 -8.400000000000000000e+02
1.749500000000000000e+04 -9.600000000000000000e+01 5.520000000000000000e+02 -8.480000000000000000e+02
1.753500000000000000e+04 -1.040000000000000000e+02 5.840000000000000000e+02 -8.240000000000000000e+02
1.757500000000000000e+04 -9.600000000000000000e+01 5.760000000000000000e+02 -8.160000000000000000e+02
1.761500000000000000e+04 -9.600000000000000000e+01 5.920000000000000000e+02 -8.160000000000000000e+02
1.765500000000000000e+04 -1.040000000000000000e+02 5.920000000000000000e+02 -8.240000000000000000e+02
1.769500000000000000e+04 -1.040000000000000000e+02 5.920000000000000000e+02 -8.160000000000000000e+02
1.773500000000000000e+04 -1.040000000000000000e+02 6.080000000000000000e+02 -8.080000000000000000e+02
1.777500000000000000e+04 -1.120000000000000000e+02 5.920000000000000000e+02 -8.240000000000000000e+02
1.781500000000000000e+04 -1.040000000000000000e+02 6.000000000000000000e+02 -8.320000000000000000e+02
1.785500000000000000e+04 -1.120000000000000000e+02 5.840000000000000000e+02 -8.480000000000000000e+02
1.789500000000000000e+04 -1.120000000000000000e+02 5.920000000000000000e+02 -8.240000000000000000e+02
1.792700000000000000e+04 -1.040000000000000000e+02 5.920000000000000000e+02 -8.160000000000000000e+02
1.796700000000000000e+04 -7.200000000000000000e+01 5.840000000000000000e+02 -8.160000000000000000e+02
1.800700000000000000e+04 -7.200000000000000000e+01 6.000000000000000000e+02 -7.920000000000000000e+02
1.804700000000000000e+04 -8.000000000000000000e+01 5.840000000000000000e+02 -8.320000000000000000e+02
1.808700000000000000e+04 -8.000000000000000000e+01 5.840000000000000000e+02 -8.080000000000000000e+02
1.812700000000000000e+04 -7.200000000000000000e+01 6.080000000000000000e+02 -8.160000000000000000e+02
1.816700000000000000e+04 -1.200000000000000000e+02 6.000000000000000000e+02 -8.320000000000000000e+02
1.820700000000000000e+04 -1.040000000000000000e+02 5.920000000000000000e+02 -8.240000000000000000e+02
1.824700000000000000e+04 -1.200000000000000000e+02 5.920000000000000000e+02 -8.240000000000000000e+02
1.828700000000000000e+04 -1.040000000000000000e+02 5.920000000000000000e+02 -8.160000000000000000e+02
1.832700000000000000e+04 -1.120000000000000000e+02 6.080000000000000000e+02 -8.320000000000000000e+02
1.836700000000000000e+04 -1.120000000000000000e+02 6.000000000000000000e+02 -8.160000000000000000e+02
1.840700000000000000e+04 -1.040000000000000000e+02 5.920000000000000000e+02 -8.400000000000000000e+02
1.844700000000000000e+04 -1.040000000000000000e+02 6.000000000000000000e+02 -8.320000000000000000e+02
1.848700000000000000e+04 -1.040000000000000000e+02 5.920000000000000000e+02 -8.240000000000000000e+02
1.852700000000000000e+04 -1.120000000000000000e+02 5.840000000000000000e+02 -8.400000000000000000e+02
1.856700000000000000e+04 -1.040000000000000000e+02 5.920000000000000000e+02 -8.080000000000000000e+02
1.860700000000000000e+04 -1.040000000000000000e+02 5.920000000000000000e+02 -8.160000000000000000e+02
1.864700000000000000e+04 -1.040000000000000000e+02 5.840000000000000000e+02 -8.400000000000000000e+02
1.868700000000000000e+04 -9.600000000000000000e+01 6.000000000000000000e+02 -8.000000000000000000e+02
1.872700000000000000e+04 -9.600000000000000000e+01 6.000000000000000000e+02 -8.240000000000000000e+02
1.876700000000000000e+04 -9.600000000000000000e+01 5.920000000000000000e+02 -8.080000000000000000e+02
1.880700000000000000e+04 -9.600000000000000000e+01 5.920000000000000000e+02 -8.240000000000000000e+02
1.884700000000000000e+04 -9.600000000000000000e+01 5.920000000000000000e+02 -8.240000000000000000e+02
1.888700000000000000e+04 -9.600000000000000000e+01 5.840000000000000000e+02 -8.080000000000000000e+02
1.891900000000000000e+04 -1.040000000000000000e+02 5.920000000000000000e+02 -8.160000000000000000e+02
1.895900000000000000e+04 -1.040000000000000000e+02 5.840000000000000000e+02 -8.080000000000000000e+02
1.899900000000000000e+04 -1.040000000000000000e+02 5.840000000000000000e+02 -8.080000000000000000e+02
1.903900000000000000e+04 -9.600000000000000000e+01 5.840000000000000000e+02 -8.400000000000000000e+02
1.907900000000000000e+04 -9.600000000000000000e+01 5.920000000000000000e+02 -8.160000000000000000e+02
1.911900000000000000e+04 -9.600000000000000000e+01 5.920000000000000000e+02 -8.080000000000000000e+02
1.915900000000000000e+04 -9.600000000000000000e+01 5.840000000000000000e+02 -8.240000000000000000e+02
1.919900000000000000e+04 -8.800000000000000000e+01 5.920000000000000000e+02 -7.920000000000000000e+02
1.923900000000000000e+04 -8.800000000000000000e+01 5.760000000000000000e+02 -8.080000000000000000e+02
1.927900000000000000e+04 -1.040000000000000000e+02 5.840000000000000000e+02 -8.160000000000000000e+02
1.931900000000000000e+04 -1.040000000000000000e+02 5.840000000000000000e+02 -8.160000000000000000e+02
1.935900000000000000e+04 -9.600000000000000000e+01 5.920000000000000000e+02 -8.080000000000000000e+02
1.939900000000000000e+04 -1.040000000000000000e+02 5.920000000000000000e+02 -8.240000000000000000e+02
1.943900000000000000e+04 -8.800000000000000000e+01 5.840000000000000000e+02 -7.920000000000000000e+02
1.947900000000000000e+04 -1.120000000000000000e+02 5.840000000000000000e+02 -8.240000000000000000e+02
1.951900000000000000e+04 -1.040000000000000000e+02 5.840000000000000000e+02 -8.240000000000000000e+02
1.955900000000000000e+04 -1.040000000000000000e+02 5.840000000000000000e+02 -7.920000000000000000e+02
1.959900000000000000e+04 -1.200000000000000000e+02 5.680000000000000000e+02 -8.240000000000000000e+02
1.963900000000000000e+04 -9.600000000000000000e+01 5.760000000000000000e+02 -7.840000000000000000e+02
1.967900000000000000e+04 -8.000000000000000000e+01 5.840000000000000000e+02 -8.240000000000000000e+02
1.971900000000000000e+04 -8.800000000000000000e+01 5.920000000000000000e+02 -8.240000000000000000e+02
1.975900000000000000e+04 -9.600000000000000000e+01 6.000000000000000000e+02 -8.080000000000000000e+02
1.979900000000000000e+04 -1.040000000000000000e+02 6.000000000000000000e+02 -8.080000000000000000e+02
1.983900000000000000e+04 -1.040000000000000000e+02 5.920000000000000000e+02 -8.080000000000000000e+02
1.987900000000000000e+04 -1.040000000000000000e+02 6.080000000000000000e+02 -8.160000000000000000e+02
