2.800000000000000000e+01 1.600000000000000000e+01 -3.200000000000000000e+01 -1.024000000000000000e+03
6.800000000000000000e+01 1.600000000000000000e+01 -1.600000000000000000e+01 -1.000000000000000000e+03
1.080000000000000000e+02 1.600000000000000000e+01 -2.400000000000000000e+01 -1.040000000000000000e+03
1.480000000000000000e+02 1.600000000000000000e+01 -2.400000000000000000e+01 -1.048000000000000000e+03
1.880000000000000000e+02 8.000000000000000000e+00 -2.400000000000000000e+01 -1.048000000000000000e+03
2.280000000000000000e+02 1.600000000000000000e+01 -1.600000000000000000e+01 -1.040000000000000000e+03
2.680000000000000000e+02 1.600000000000000000e+01 -2.400000000000000000e+01 -1.032000000000000000e+03
3.080000000000000000e+02 2.400000000000000000e+01 -2.400000000000000000e+01 -1.032000000000000000e+03
3.480000000000000000e+02 1.600000000000000000e+01 -2.400000000000000000e+01 -1.032000000000000000e+03
3.880000000000000000e+02 8.000000000000000000e+00 -2.400000000000000000e+01 -1.040000000000000000e+03
4.280000000000000000e+02 0.000000000000000000e+00 -1.600000000000000000e+01 -1.072000000000000000e+03
4.680000000000000000e+02 8.000000000000000000e+00 -2.400000000000000000e+01 -1.024000000000000000e+03
5.080000000000000000e+02 1.600000000000000000e+01 -2.400000000000000000e+01 -1.032000000000000000e+03
5.480000000000000000e+02 1.600000000000000000e+01 -2.400000000000000000e+01 -1.048000000000000000e+03
5.880000000000000000e+02 0.000000000000000000e+00 -2.400000000000000000e+01 -1.032000000000000000e+03
6.280000000000000000e+02 1.600000000000000000e+01 -3.200000000000000000e+01 -1.024000000000000000e+03
6.680000000000000000e+02 1.600000000000000000e+01 -2.400000000000000000e+01 -1.048000000000000000e+03
7.080000000000000000e+02 1.600000000000000000e+01 -2.400000000000000000e+01 -1.040000000000000000e+03
7.480000000000000000e+02 1.600000000000000000e+01 -3.200000000000000000e+01 -1.032000000000000000e+03
7.880000000000000000e+02 4.000000000000000000e+01 -3.200000000000000000e+01 -1.040000000000000000e+03
8.280000000000000000e+02 2.400000000000000000e+01 -1.600000000000000000e+01 -1.024000000000000000e+03
8.680000000000000000e+02 3.200000000000000000e+01 -2.400000000000000000e+01 -1.040000000000000000e+03
9.080000000000000000e+02 1.600000000000000000e+01 -2.400000000000000000e+01 -1.032000000000000000e+03
9.480000000000000000e+02 3.200000000000000000e+01 -2.400000000000000000e+01 -1.040000000000000000e+03
9.880000000000000000e+02 2.400000000000000000e+01 -2.400000000000000000e+01 -1.032000000000000000e+03
1.020000000000000000e+03 2.400000000000000000e+01 -1.600000000000000000e+01 -1.040000000000000000e+03
1.060000000000000000e+03 1.600000000000000000e+01 -4.800000000000000000e+01 -1.000000000000000000e+03
1.100000000000000000e+03 8.000000000000000000e+00 -4.000000000000000000e+01 -1.024000000000000000e+03
1.140000000000000000e+03 1.600000000000000000e+01 -4.000000000000000000e+01 -1.040000000000000000e+03
1.180000000000000000e+03 8.000000000000000000e+00 -3.200000000000000000e+01 -1.056000000000000000e+03
1.220000000000000000e+03 -1.600000000000000000e+01 -2.400000000000000000e+01 -1.048000000000000000e+03
1.260000000000000000e+03 -1.600000000000000000e+01 -1.600000000000000000e+01 -1.008000000000000000e+03
1.300000000000000000e+03 -8.000000000000000000e+00 -2.400000000000000000e+01 -1.024000000000000000e+03
1.340000000000000000e+03 8.000000000000000000e+00 -2.400000000000000000e+01 -1.048000000000000000e+03
1.380000000000000000e+03 8.000000000000000000e+00 0.000000000000000000e+00 -1.008000000000000000e+03
1.420000000000000000e+03 2.400000000000000000e+01 -1.600000000000000000e+01 -1.080000000000000000e+03
1.460000000000000000e+03 2.400000000000000000e+01 -8.000000000000000000e+00 -1.008000000000000000e+03
1.500000000000000000e+03 2.400000000000000000e+01 -4.000000000000000000e+01 -1.032000000000000000e+03
1.540000000000000000e+03 1.600000000000000000e+01 -3.200000000000000000e+01 -1.064000000000000000e+03
1.580000000000000000e+03 1.600000000000000000e+01 -2.400000000000000000e+01 -1.032000000000000000e+03
1.620000000000000000e+03 1.600000000000000000e+01 -3.200000000000000000e+01 -1.040000000000000000e+03
1.660000000000000000e+03 0.000000000000000000e+00 -8.000000000000000000e+00 -1.024000000000000000e+03
1.700000000000000000e+03 0.000000000000000000e+00 -1.600000000000000000e+01 -1.008000000000000000e+03
1.740000000000000000e+03 8.000000000000000000e+00 -1.600000000000000000e+01 -1.032000000000000000e+03
1.780000000000000000e+03 1.600000000000000000e+01 -1.600000000000000000e+01 -1.016000000000000000e+03
1.820000000000000000e+03 1.600000000000000000e+01 -1.600000000000000000e+01 -1.032000000000000000e+03
1.860000000000000000e+03 1.600000000000000000e+01 -4.000000000000000000e+01 -1.032000000000000000e+03
1.900000000000000000e+03 0.000000000000000000e+00 -3.200000000000000000e+01 -1.048000000000000000e+03
1.940000000000000000e+03 8.000000000000000000e+00 -3.200000000000000000e+01 -1.016000000000000000e+03
1.980000000000000000e+03 8.000000000000000000e+00 -3.200000000000000000e+01 -1.032000000000000000e+03
2.012000000000000000e+03 3.200000000000000000e+01 -1.600000000000000000e+01 -9.920000000000000000e+02
2.052000000000000000e+03 2.400000000000000000e+01 -2.400000000000000000e+01 -1.048000000000000000e+03
2.092000000000000000e+03 0.000000000000000000e+00 -2.400000000000000000e+01 -9.840000000000000000e+02
2.132000000000000000e+03 -1.600000000000000000e+01 -3.200000000000000000e+01 -1.072000000000000000e+03
2.172000000000000000e+03 0.000000000000000000e+00 -1.600000000000000000e+01 -1.040000000000000000e+03
2.212000000000000000e+03 8.000000000000000000e+00 -8.000000000000000000e+00 -1.008000000000000000e+03
2.252000000000000000e+03 8.000000000000000000e+00 -3.200000000000000000e+01 -1.032000000000000000e+03
2.292000000000000000e+03 2.400000000000000000e+01 -2.400000000000000000e+01 -1.072000000000000000e+03
2.332000000000000000e+03 2.400000000000000000e+01 -5.600000000000000000e+01 -1.056000000000000000e+03
2.372000000000000000e+03 4.000000000000000000e+01 -3.200000000000000000e+01 -1.016000000000000000e+03
2.412000000000000000e+03 4.800000000000000000e+01 -3.200000000000000000e+01 -1.064000000000000000e+03
2.452000000000000000e+03 4.800000000000000000e+01 -4.000000000000000000e+01 -1.056000000000000000e+03
2.492000000000000000e+03 -8.000000000000000000e+00 -3.200000000000000000e+01 -1.016000000000000000e+03
2.532000000000000000e+03 0.000000000000000000e+00 -2.400000000000000000e+01 -1.032000000000000000e+03
2.572000000000000000e+03 -8.000000000000000000e+00 -3.200000000000000000e+01 -1.000000000000000000e+03
2.612000000000000000e+03 8.000000000000000000e+00 -4.000000000000000000e+01 -1.064000000000000000e+03
2.652000000000000000e+03 5.600000000000000000e+01 -4.000000000000000000e+01 -1.032000000000000000e+03
2.692000000000000000e+03 4.800000000000000000e+01 -3.200000000000000000e+01 -1.032000000000000000e+03
2.732000000000000000e+03 6.400000000000000000e+01 -3.200000000000000000e+01 -1.056000000000000000e+03
2.772000000000000000e+03 4.000000000000000000e+01 -2.400000000000000000e+01 -9.920000000000000000e+02
2.812000000000000000e+03 3.200000000000000000e+01 -1.600000000000000000e+01 -1.040000000000000000e+03
2.852000000000000000e+03 2.400000000000000000e+01 0.000000000000000000e+00 -1.064000000000000000e+03
2.892000000000000000e+03 0.000000000000000000e+00 -2.400000000000000000e+01 -1.080000000000000000e+03
2.932000000000000000e+03 8.000000000000000000e+00 -8.000000000000000000e+00 -1.024000000000000000e+03
2.972000000000000000e+03 -1.600000000000000000e+01 2.400000000000000000e+01 -1.048000000000000000e+03
2.012000000000000000e+03 3.200000000000000000e+01 -1.600000000000000000e+01 -9.920000000000000000e+02
2.052000000000000000e+03 2.400000000000000000e+01 -2.400000000000000000e+01 -1.048000000000000000e+03
2.092000000000000000e+03 0.000000000000000000e+00 -2.400000000000000000e+01 -9.840000000000000000e+02
2.132000000000000000e+03 -1.600000000000000000e+01 -3.200000000000000000e+01 -1.072000000000000000e+03
2.172000000000000000e+03 0.000000000000000000e+00 -1.600000000000000000e+01 -1.040000000000000000e+03
2.212000000000000000e+03 8.000000000000000000e+00 -8.000000000000000000e+00 -1.008000000000000000e+03
2.252000000000000000e+03 8.000000000000000000e+00 -3.200000000000000000e+01 -1.032000000000000000e+03
2.292000000000000000e+03 2.400000000000000000e+01 -2.400000000000000000e+01 -1.072000000000000000e+03
2.332000000000000000e+03 2.400000000000000000e+01 -5.600000000000000000e+01 -1.056000000000000000e+03
2.372000000000000000e+03 4.000000000000000000e+01 -3.200000000000000000e+01 -1.016000000000000000e+03
2.412000000000000000e+03 4.800000000000000000e+01 -3.200000000000000000e+01 -1.064000000000000000e+03
2.452000000000000000e+03 4.800000000000000000e+01 -4.000000000000000000e+01 -1.056000000000000000e+03
2.492000000000000000e+03 -8.000000000000000000e+00 -3.200000000000000000e+01 -1.016000000000000000e+03
2.532000000000000000e+03 0.000000000000000000e+00 -2.400000000000000000e+01 -1.032000000000000000e+03
2.572000000000000000e+03 -8.000000000000000000e+00 -3.200000000000000000e+01 -1.000000000000000000e+03
2.612000000000000000e+03 8.000000000000000000e+00 -4.000000000000000000e+01 -1.064000000000000000e+03
2.652000000000000000e+03 5.600000000000000000e+01 -4.000000000000000000e+01 -1.032000000000000000e+03
2.692000000000000000e+03 4.800000000000000000e+01 -3.200000000000000000e+01 -1.032000000000000000e+03
2.732000000000000000e+03 6.400000000000000000e+01 -3.200000000000000000e+01 -1.056000000000000000e+03
2.772000000000000000e+03 4.000000000000000000e+01 -2.400000000000000000e+01 -9.920000000000000000e+02
2.812000000000000000e+03 3.200000000000000000e+01 -1.600000000000000000e+01 -1.040000000000000000e+03
2.852000000000000000e+03 2.400000000000000000e+01 0.000000000000000000e+00 -1.064000000000000000e+03
2.892000000000000000e+03 0.000000000000000000e+00 -2.400000000000000000e+01 -1.080000000000000000e+03
2.932000000000000000e+03 8.000000000000000000e+00 -8.000000000000000000e+00 -1.024000000000000000e+03
2.972000000000000000e+03 -1.600000000000000000e+01 2.400000000000000000e+01 -1.048000000000000000e+03
2.012000000000000000e+03 3.200000000000000000e+01 -1.600000000000000000e+01 -9.920000000000000000e+02
2.052000000000000000e+03 2.400000000000000000e+01 -2.400000000000000000e+01 -1.048000000000000000e+03
2.092000000000000000e+03 0.000000000000000000e+00 -2.400000000000000000e+01 -9.840000000000000000e+02
2.132000000000000000e+03 -1.600000000000000000e+01 -3.200000000000000000e+01 -1.072000000000000000e+03
2.172000000000000000e+03 0.000000000000000000e+00 -1.600000000000000000e+01 -1.040000000000000000e+03
2.212000000000000000e+03 8.000000000000000000e+00 -8.000000000000000000e+00 -1.008000000000000000e+03
2.252000000000000000e+03 8.000000000000000000e+00 -3.200000000000000000e+01 -1.032000000000000000e+03
2.292000000000000000e+03 2.400000000000000000e+01 -2.400000000000000000e+01 -1.072000000000000000e+03
2.332000000000000000e+03 2.400000000000000000e+01 -5.600000000000000000e+01 -1.056000000000000000e+03
2.372000000000000000e+03 4.000000000000000000e+01 -3.200000000000000000e+01 -1.016000000000000000e+03
2.412000000000000000e+03 4.800000000000000000e+01 -3.200000000000000000e+01 -1.064000000000000000e+03
2.452000000000000000e+03 4.800000000000000000e+01 -4.000000000000000000e+01 -1.056000000000000000e+03
2.492000000000000000e+03 -8.000000000000000000e+00 -3.200000000000000000e+01 -1.016000000000000000e+03
2.532000000000000000e+03 0.000000000000000000e+00 -2.400000000000000000e+01 -1.032000000000000000e+03
2.572000000000000000e+03 -8.000000000000000000e+00 -3.200000000000000000e+01 -1.000000000000000000e+03
2.612000000000000000e+03 8.000000000000000000e+00 -4.000000000000000000e+01 -1.064000000000000000e+03
2.652000000000000000e+03 5.600000000000000000e+01 -4.000000000000000000e+01 -1.032000000000000000e+03
2.692000000000000000e+03 4.800000000000000000e+01 -3.200000000000000000e+01 -1.032000000000000000e+03
2.732000000000000000e+03 6.400000000000000000e+01 -3.200000000000000000e+01 -1.056000000000000000e+03
2.772000000000000000e+03 4.000000000000000000e+01 -2.400000000000000000e+01 -9.920000000000000000e+02
2.812000000000000000e+03 3.200000000000000000e+01 -1.600000000000000000e+01 -1.040000000000000000e+03
2.852000000000000000e+03 2.400000000000000000e+01 0.000000000000000000e+00 -1.064000000000000000e+03
2.892000000000000000e+03 0.000000000000000000e+00 -2.400000000000000000e+01 -1.080000000000000000e+03
2.932000000000000000e+03 8.000000000000000000e+00 -8.000000000000000000e+00 -1.024000000000000000e+03
2.972000000000000000e+03 -1.600000000000000000e+01 2.400000000000000000e+01 -1.048000000000000000e+03
7.962000000000000000e+03 2.400000000000000000e+01 -4.800000000000000000e+01 -1.000000000000000000e+03
8.002000000000000000e+03 2.400000000000000000e+01 -4.000000000000000000e+01 -1.056000000000000000e+03
8.042000000000000000e+03 3.200000000000000000e+01 -4.000000000000000000e+01 -1.008000000000000000e+03
8.082000000000000000e+03 1.600000000000000000e+01 -4.000000000000000000e+01 -1.008000000000000000e+03
8.122000000000000000e+03 3.200000000000000000e+01 -1.600000000000000000e+01 -1.040000000000000000e+03
8.162000000000000000e+03 3.200000000000000000e+01 -2.400000000000000000e+01 -1.048000000000000000e+03
8.202000000000000000e+03 2.400000000000000000e+01 -2.400000000000000000e+01 -1.032000000000000000e+03
8.242000000000000000e+03 3.200000000000000000e+01 -2.400000000000000000e+01 -1.008000000000000000e+03
8.282000000000000000e+03 4.000000000000000000e+01 -3.200000000000000000e+01 -1.008000000000000000e+03
8.322000000000000000e+03 3.200000000000000000e+01 -4.800000000000000000e+01 -1.016000000000000000e+03
8.362000000000000000e+03 1.600000000000000000e+01 -2.400000000000000000e+01 -1.064000000000000000e+03
8.402000000000000000e+03 2.400000000000000000e+01 -2.400000000000000000e+01 -1.024000000000000000e+03
8.442000000000000000e+03 -8.000000000000000000e+00 -1.600000000000000000e+01 -1.040000000000000000e+03
8.482000000000000000e+03 8.000000000000000000e+00 -3.200000000000000000e+01 -1.024000000000000000e+03
8.522000000000000000e+03 8.000000000000000000e+00 -2.400000000000000000e+01 -1.008000000000000000e+03
8.562000000000000000e+03 8.000000000000000000e+00 -2.400000000000000000e+01 -1.040000000000000000e+03
8.602000000000000000e+03 8.000000000000000000e+00 -2.400000000000000000e+01 -1.072000000000000000e+03
8.642000000000000000e+03 8.000000000000000000e+00 -4.000000000000000000e+01 -1.048000000000000000e+03
8.682000000000000000e+03 1.600000000000000000e+01 -8.000000000000000000e+00 -1.000000000000000000e+03
8.722000000000000000e+03 1.600000000000000000e+01 -8.000000000000000000e+00 -1.056000000000000000e+03
8.762000000000000000e+03 2.400000000000000000e+01 -1.600000000000000000e+01 -1.040000000000000000e+03
8.802000000000000000e+03 1.600000000000000000e+01 -1.600000000000000000e+01 -1.032000000000000000e+03
8.842000000000000000e+03 2.400000000000000000e+01 -1.600000000000000000e+01 -9.920000000000000000e+02
8.882000000000000000e+03 8.000000000000000000e+00 -3.200000000000000000e+01 -1.032000000000000000e+03
8.922000000000000000e+03 1.600000000000000000e+01 -2.400000000000000000e+01 -1.032000000000000000e+03
8.954000000000000000e+03 2.400000000000000000e+01 -1.600000000000000000e+01 -9.840000000000000000e+02
8.994000000000000000e+03 3.200000000000000000e+01 -8.000000000000000000e+00 -1.040000000000000000e+03
9.034000000000000000e+03 8.000000000000000000e+00 -8.000000000000000000e+00 -1.024000000000000000e+03
9.074000000000000000e+03 8.000000000000000000e+00 -8.000000000000000000e+00 -1.024000000000000000e+03
9.114000000000000000e+03 8.000000000000000000e+00 -1.600000000000000000e+01 -1.032000000000000000e+03
9.154000000000000000e+03 1.600000000000000000e+01 -1.600000000000000000e+01 -1.024000000000000000e+03
9.194000000000000000e+03 8.000000000000000000e+00 -2.400000000000000000e+01 -1.032000000000000000e+03
9.234000000000000000e+03 8.000000000000000000e+00 -3.200000000000000000e+01 -9.680000000000000000e+02
9.274000000000000000e+03 1.600000000000000000e+01 -3.200000000000000000e+01 -1.048000000000000000e+03
9.314000000000000000e+03 1.600000000000000000e+01 -2.400000000000000000e+01 -1.040000000000000000e+03
9.354000000000000000e+03 1.600000000000000000e+01 -3.200000000000000000e+01 -1.032000000000000000e+03
9.394000000000000000e+03 2.400000000000000000e+01 -2.400000000000000000e+01 -1.048000000000000000e+03
9.434000000000000000e+03 1.600000000000000000e+01 -2.400000000000000000e+01 -1.024000000000000000e+03
9.474000000000000000e+03 1.600000000000000000e+01 -2.400000000000000000e+01 -1.008000000000000000e+03
9.514000000000000000e+03 3.200000000000000000e+01 -3.200000000000000000e+01 -1.056000000000000000e+03
9.554000000000000000e+03 2.400000000000000000e+01 -2.400000000000000000e+01 -1.032000000000000000e+03
9.594000000000000000e+03 4.800000000000000000e+01 -3.200000000000000000e+01 -1.072000000000000000e+03
9.634000000000000000e+03 2.400000000000000000e+01 -4.000000000000000000e+01 -1.024000000000000000e+03
9.674000000000000000e+03 3.200000000000000000e+01 -2.400000000000000000e+01 -1.032000000000000000e+03
9.714000000000000000e+03 2.400000000000000000e+01 -2.400000000000000000e+01 -1.040000000000000000e+03
9.754000000000000000e+03 3.200000000000000000e+01 -4.000000000000000000e+01 -1.040000000000000000e+03
9.794000000000000000e+03 2.400000000000000000e+01 -2.400000000000000000e+01 -1.032000000000000000e+03
9.834000000000000000e+03 1.600000000000000000e+01 -2.400000000000000000e+01 -1.024000000000000000e+03
9.874000000000000000e+03 1.600000000000000000e+01 -3.200000000000000000e+01 -1.016000000000000000e+03
9.914000000000000000e+03 2.400000000000000000e+01 -3.200000000000000000e+01 -1.040000000000000000e+03
9.945000000000000000e+03 3.200000000000000000e+01 -1.600000000000000000e+01 -1.032000000000000000e+03
9.985000000000000000e+03 8.000000000000000000e+00 -8.000000000000000000e+00 -1.000000000000000000e+03
1.002500000000000000e+04 8.000000000000000000e+00 -1.600000000000000000e+01 -1.008000000000000000e+03
1.006500000000000000e+04 1.600000000000000000e+01 -8.000000000000000000e+00 -1.008000000000000000e+03
1.010500000000000000e+04 2.400000000000000000e+01 -1.600000000000000000e+01 -1.056000000000000000e+03
1.014500000000000000e+04 2.400000000000000000e+01 -8.000000000000000000e+00 -1.024000000000000000e+03
1.018500000000000000e+04 3.200000000000000000e+01 -1.600000000000000000e+01 -1.048000000000000000e+03
1.022500000000000000e+04 2.400000000000000000e+01 -8.000000000000000000e+00 -1.032000000000000000e+03
1.026500000000000000e+04 3.200000000000000000e+01 -1.600000000000000000e+01 -1.056000000000000000e+03
1.030500000000000000e+04 1.600000000000000000e+01 -2.400000000000000000e+01 -1.040000000000000000e+03
1.034500000000000000e+04 1.600000000000000000e+01 -3.200000000000000000e+01 -1.016000000000000000e+03
1.038500000000000000e+04 1.600000000000000000e+01 -2.400000000000000000e+01 -1.032000000000000000e+03
1.042500000000000000e+04 4.800000000000000000e+01 -1.600000000000000000e+01 -1.072000000000000000e+03
1.046500000000000000e+04 4.000000000000000000e+01 0.000000000000000000e+00 -1.000000000000000000e+03
1.050500000000000000e+04 2.400000000000000000e+01 -2.400000000000000000e+01 -1.064000000000000000e+03
1.054500000000000000e+04 -8.000000000000000000e+00 -1.600000000000000000e+01 -1.000000000000000000e+03
1.058500000000000000e+04 1.600000000000000000e+01 -1.600000000000000000e+01 -1.032000000000000000e+03
1.062500000000000000e+04 1.600000000000000000e+01 -8.000000000000000000e+00 -1.032000000000000000e+03
1.066500000000000000e+04 2.400000000000000000e+01 -1.600000000000000000e+01 -1.048000000000000000e+03
1.070500000000000000e+04 1.600000000000000000e+01 -1.600000000000000000e+01 -1.024000000000000000e+03
1.074500000000000000e+04 8.000000000000000000e+00 -2.400000000000000000e+01 -1.056000000000000000e+03
1.078500000000000000e+04 8.000000000000000000e+00 -2.400000000000000000e+01 -1.056000000000000000e+03
1.082500000000000000e+04 2.400000000000000000e+01 -4.000000000000000000e+01 -1.016000000000000000e+03
1.086500000000000000e+04 2.400000000000000000e+01 -4.000000000000000000e+01 -1.032000000000000000e+03
1.090500000000000000e+04 1.600000000000000000e+01 -4.000000000000000000e+01 -1.040000000000000000e+03
1.093700000000000000e+04 2.400000000000000000e+01 -3.200000000000000000e+01 -1.056000000000000000e+03
1.097700000000000000e+04 4.800000000000000000e+01 -4.000000000000000000e+01 -1.064000000000000000e+03
1.101700000000000000e+04 4.000000000000000000e+01 -4.000000000000000000e+01 -1.008000000000000000e+03
1.105700000000000000e+04 2.400000000000000000e+01 -3.200000000000000000e+01 -1.016000000000000000e+03
1.109700000000000000e+04 8.000000000000000000e+00 -8.000000000000000000e+00 -9.840000000000000000e+02
1.113700000000000000e+04 1.600000000000000000e+01 -8.000000000000000000e+00 -1.032000000000000000e+03
1.117700000000000000e+04 0.000000000000000000e+00 -2.400000000000000000e+01 -1.024000000000000000e+03
1.121700000000000000e+04 8.000000000000000000e+00 -2.400000000000000000e+01 -1.024000000000000000e+03
1.125700000000000000e+04 8.000000000000000000e+00 -5.600000000000000000e+01 -1.064000000000000000e+03
1.129700000000000000e+04 1.600000000000000000e+01 -4.000000000000000000e+01 -1.040000000000000000e+03
1.133700000000000000e+04 2.400000000000000000e+01 -4.000000000000000000e+01 -1.016000000000000000e+03
1.137700000000000000e+04 8.000000000000000000e+00 -6.400000000000000000e+01 -1.032000000000000000e+03
1.141700000000000000e+04 2.400000000000000000e+01 -4.000000000000000000e+01 -1.032000000000000000e+03
1.145700000000000000e+04 8.000000000000000000e+00 -3.200000000000000000e+01 -1.048000000000000000e+03
1.149700000000000000e+04 8.000000000000000000e+00 -4.800000000000000000e+01 -1.008000000000000000e+03
1.153700000000000000e+04 8.000000000000000000e+00 -3.200000000000000000e+01 -1.024000000000000000e+03
1.157700000000000000e+04 2.400000000000000000e+01 -1.600000000000000000e+01 -1.032000000000000000e+03
1.161700000000000000e+04 3.200000000000000000e+01 -2.400000000000000000e+01 -1.048000000000000000e+03
1.165700000000000000e+04 3.200000000000000000e+01 -2.400000000000000000e+01 -1.000000000000000000e+03
1.169700000000000000e+04 2.400000000000000000e+01 -4.000000000000000000e+01 -1.048000000000000000e+03
1.173700000000000000e+04 8.000000000000000000e+00 -2.400000000000000000e+01 -9.680000000000000000e+02
1.177700000000000000e+04 8.000000000000000000e+00 -3.200000000000000000e+01 -1.032000000000000000e+03
1.181700000000000000e+04 1.600000000000000000e+01 -3.200000000000000000e+01 -1.064000000000000000e+03
1.185700000000000000e+04 8.000000000000000000e+00 -4.800000000000000000e+01 -1.024000000000000000e+03
1.189700000000000000e+04 8.000000000000000000e+00 -4.000000000000000000e+01 -1.032000000000000000e+03
1.192800000000000000e+04 8.000000000000000000e+00 -3.200000000000000000e+01 -9.920000000000000000e+02
1.196800000000000000e+04 3.200000000000000000e+01 -3.200000000000000000e+01 -1.008000000000000000e+03
1.200800000000000000e+04 1.600000000000000000e+01 -4.800000000000000000e+01 -1.016000000000000000e+03
1.204800000000000000e+04 8.000000000000000000e+00 -4.000000000000000000e+01 -1.016000000000000000e+03
1.208800000000000000e+04 0.000000000000000000e+00 -3.200000000000000000e+01 -1.000000000000000000e+03
1.212800000000000000e+04 8.000000000000000000e+00 -2.400000000000000000e+01 -1.024000000000000000e+03
1.216800000000000000e+04 0.000000000000000000e+00 -4.800000000000000000e+01 -1.016000000000000000e+03
1.220800000000000000e+04 8.000000000000000000e+00 -4.000000000000000000e+01 -1.040000000000000000e+03
1.224800000000000000e+04 8.000000000000000000e+00 -4.000000000000000000e+01 -1.040000000000000000e+03
1.228800000000000000e+04 3.200000000000000000e+01 -4.800000000000000000e+01 -1.040000000000000000e+03
1.232800000000000000e+04 3.200000000000000000e+01 -3.200000000000000000e+01 -1.024000000000000000e+03
1.236800000000000000e+04 2.400000000000000000e+01 -2.400000000000000000e+01 -1.024000000000000000e+03
1.240800000000000000e+04 1.600000000000000000e+01 -2.400000000000000000e+01 -1.032000000000000000e+03
1.244800000000000000e+04 8.000000000000000000e+00 -2.400000000000000000e+01 -1.040000000000000000e+03
1.248800000000000000e+04 8.000000000000000000e+00 -1.600000000000000000e+01 -1.008000000000000000e+03
1.252800000000000000e+04 1.600000000000000000e+01 8.000000000000000000e+00 -1.032000000000000000e+03
1.256800000000000000e+04 2.400000000000000000e+01 -8.000000000000000000e+00 -1.024000000000000000e+03
1.260800000000000000e+04 1.600000000000000000e+01 -4.000000000000000000e+01 -1.040000000000000000e+03
1.264800000000000000e+04 1.600000000000000000e+01 -3.200000000000000000e+01 -1.032000000000000000e+03
1.268800000000000000e+04 8.000000000000000000e+00 -3.200000000000000000e+01 -1.032000000000000000e+03
1.272800000000000000e+04 8.000000000000000000e+00 -2.400000000000000000e+01 -1.032000000000000000e+03
1.276800000000000000e+04 3.200000000000000000e+01 -1.600000000000000000e+01 -1.032000000000000000e+03
1.280800000000000000e+04 1.600000000000000000e+01 -1.600000000000000000e+01 -1.032000000000000000e+03
1.284800000000000000e+04 1.600000000000000000e+01 -1.600000000000000000e+01 -1.032000000000000000e+03
1.288800000000000000e+04 8.000000000000000000e+00 -1.600000000000000000e+01 -1.048000000000000000e+03
1.292100000000000000e+04 8.000000000000000000e+00 -1.600000000000000000e+01 -1.032000000000000000e+03
1.296100000000000000e+04 0.000000000000000000e+00 -3.200000000000000000e+01 -1.024000000000000000e+03
1.300100000000000000e+04 8.000000000000000000e+00 -4.800000000000000000e+01 -1.032000000000000000e+03
1.304100000000000000e+04 0.000000000000000000e+00 -4.000000000000000000e+01 -1.064000000000000000e+03
1.308100000000000000e+04 1.600000000000000000e+01 -5.600000000000000000e+01 -1.056000000000000000e+03
1.312100000000000000e+04 2.400000000000000000e+01 -4.000000000000000000e+01 -1.032000000000000000e+03
1.316100000000000000e+04 2.400000000000000000e+01 -3.200000000000000000e+01 -1.048000000000000000e+03
1.320100000000000000e+04 2.400000000000000000e+01 -1.600000000000000000e+01 -1.032000000000000000e+03
1.324100000000000000e+04 3.200000000000000000e+01 -3.200000000000000000e+01 -1.072000000000000000e+03
1.328100000000000000e+04 4.000000000000000000e+01 -3.200000000000000000e+01 -1.040000000000000000e+03
1.332100000000000000e+04 2.400000000000000000e+01 -2.400000000000000000e+01 -1.024000000000000000e+03
1.336100000000000000e+04 1.600000000000000000e+01 -4.000000000000000000e+01 -1.088000000000000000e+03
1.340100000000000000e+04 1.600000000000000000e+01 -2.400000000000000000e+01 -1.040000000000000000e+03
1.344100000000000000e+04 2.400000000000000000e+01 -2.400000000000000000e+01 -1.032000000000000000e+03
1.348100000000000000e+04 8.000000000000000000e+00 -3.200000000000000000e+01 -1.040000000000000000e+03
1.352100000000000000e+04 1.600000000000000000e+01 -3.200000000000000000e+01 -1.040000000000000000e+03
1.356100000000000000e+04 1.600000000000000000e+01 -4.800000000000000000e+01 -1.040000000000000000e+03
1.360100000000000000e+04 2.400000000000000000e+01 -4.000000000000000000e+01 -1.032000000000000000e+03
1.364100000000000000e+04 2.400000000000000000e+01 -4.800000000000000000e+01 -1.056000000000000000e+03
1.368100000000000000e+04 8.000000000000000000e+00 -4.000000000000000000e+01 -1.040000000000000000e+03
1.372100000000000000e+04 -8.000000000000000000e+00 -4.000000000000000000e+01 -1.040000000000000000e+03
1.376100000000000000e+04 1.600000000000000000e+01 -4.800000000000000000e+01 -1.000000000000000000e+03
1.380100000000000000e+04 2.400000000000000000e+01 -4.000000000000000000e+01 -1.032000000000000000e+03
1.384100000000000000e+04 8.000000000000000000e+00 -4.800000000000000000e+01 -1.072000000000000000e+03
1.388100000000000000e+04 1.600000000000000000e+01 -4.000000000000000000e+01 -1.048000000000000000e+03
1.391300000000000000e+04 1.600000000000000000e+01 -3.200000000000000000e+01 -1.008000000000000000e+03
1.395300000000000000e+04 2.400000000000000000e+01 -3.200000000000000000e+01 -1.040000000000000000e+03
1.399300000000000000e+04 3.200000000000000000e+01 -3.200000000000000000e+01 -1.064000000000000000e+03
1.403300000000000000e+04 4.000000000000000000e+01 -3.200000000000000000e+01 -1.040000000000000000e+03
1.407300000000000000e+04 3.200000000000000000e+01 -3.200000000000000000e+01 -1.024000000000000000e+03
1.411300000000000000e+04 2.400000000000000000e+01 -2.400000000000000000e+01 -1.032000000000000000e+03
1.415300000000000000e+04 1.600000000000000000e+01 -2.400000000000000000e+01 -1.056000000000000000e+03
1.419300000000000000e+04 2.400000000000000000e+01 -2.400000000000000000e+01 -1.008000000000000000e+03
1.423300000000000000e+04 2.400000000000000000e+01 -4.000000000000000000e+01 -1.040000000000000000e+03
1.427300000000000000e+04 2.400000000000000000e+01 -3.200000000000000000e+01 -1.048000000000000000e+03
1.431300000000000000e+04 2.400000000000000000e+01 -4.000000000000000000e+01 -1.056000000000000000e+03
1.435300000000000000e+04 3.200000000000000000e+01 -3.200000000000000000e+01 -1.056000000000000000e+03
1.439300000000000000e+04 3.200000000000000000e+01 -4.800000000000000000e+01 -1.032000000000000000e+03
1.443300000000000000e+04 1.600000000000000000e+01 -3.200000000000000000e+01 -1.056000000000000000e+03
1.447300000000000000e+04 8.000000000000000000e+00 -3.200000000000000000e+01 -1.000000000000000000e+03
1.451300000000000000e+04 0.000000000000000000e+00 -2.400000000000000000e+01 -1.000000000000000000e+03
1.455300000000000000e+04 1.600000000000000000e+01 -3.200000000000000000e+01 -1.024000000000000000e+03
1.459300000000000000e+04 2.400000000000000000e+01 -3.200000000000000000e+01 -1.040000000000000000e+03
1.463300000000000000e+04 2.400000000000000000e+01 -8.000000000000000000e+00 -9.840000000000000000e+02
1.467300000000000000e+04 8.000000000000000000e+00 -1.600000000000000000e+01 -1.016000000000000000e+03
1.471300000000000000e+04 8.000000000000000000e+00 -1.600000000000000000e+01 -1.040000000000000000e+03
1.475300000000000000e+04 8.000000000000000000e+00 -1.600000000000000000e+01 -1.016000000000000000e+03
1.479300000000000000e+04 8.000000000000000000e+00 -2.400000000000000000e+01 -1.040000000000000000e+03
1.483300000000000000e+04 2.400000000000000000e+01 -1.600000000000000000e+01 -1.008000000000000000e+03
1.487300000000000000e+04 8.000000000000000000e+00 -1.600000000000000000e+01 -1.040000000000000000e+03
1.490400000000000000e+04 3.200000000000000000e+01 -8.000000000000000000e+00 -1.064000000000000000e+03
1.494400000000000000e+04 2.400000000000000000e+01 -1.600000000000000000e+01 -1.056000000000000000e+03
1.498400000000000000e+04 8.000000000000000000e+00 -3.200000000000000000e+01 -1.032000000000000000e+03
1.502400000000000000e+04 8.000000000000000000e+00 -4.000000000000000000e+01 -1.040000000000000000e+03
1.506400000000000000e+04 1.600000000000000000e+01 -3.200000000000000000e+01 -1.040000000000000000e+03
1.510400000000000000e+04 2.400000000000000000e+01 -3.200000000000000000e+01 -1.032000000000000000e+03
1.514400000000000000e+04 2.400000000000000000e+01 -2.400000000000000000e+01 -1.032000000000000000e+03
1.518400000000000000e+04 3.200000000000000000e+01 -2.400000000000000000e+01 -1.056000000000000000e+03
1.522400000000000000e+04 8.000000000000000000e+00 -3.200000000000000000e+01 -1.016000000000000000e+03
1.526400000000000000e+04 8.000000000000000000e+00 -3.200000000000000000e+01 -1.032000000000000000e+03
1.530400000000000000e+04 1.600000000000000000e+01 -2.400000000000000000e+01 -1.024000000000000000e+03
1.534400000000000000e+04 2.400000000000000000e+01 -1.600000000000000000e+01 -1.040000000000000000e+03
1.538400000000000000e+04 1.600000000000000000e+01 -2.400000000000000000e+01 -1.032000000000000000e+03
1.542400000000000000e+04 3.200000000000000000e+01 -2.400000000000000000e+01 -1.024000000000000000e+03
1.546400000000000000e+04 2.400000000000000000e+01 -2.400000000000000000e+01 -1.056000000000000000e+03
1.550400000000000000e+04 8.000000000000000000e+00 -3.200000000000000000e+01 -1.024000000000000000e+03
1.554400000000000000e+04 0.000000000000000000e+00 -4.800000000000000000e+01 -1.056000000000000000e+03
1.558400000000000000e+04 -8.000000000000000000e+00 -1.600000000000000000e+01 -1.032000000000000000e+03
1.562400000000000000e+04 8.000000000000000000e+00 -2.400000000000000000e+01 -1.024000000000000000e+03
1.566400000000000000e+04 1.600000000000000000e+01 -1.600000000000000000e+01 -1.040000000000000000e+03
1.570400000000000000e+04 1.600000000000000000e+01 -4.000000000000000000e+01 -1.016000000000000000e+03
1.574400000000000000e+04 1.600000000000000000e+01 -4.800000000000000000e+01 -1.032000000000000000e+03
1.578400000000000000e+04 8.000000000000000000e+00 -4.000000000000000000e+01 -1.032000000000000000e+03
1.582400000000000000e+04 0.000000000000000000e+00 -3.200000000000000000e+01 -1.048000000000000000e+03
1.586400000000000000e+04 1.600000000000000000e+01 -4.000000000000000000e+01 -1.048000000000000000e+03
1.589600000000000000e+04 1.600000000000000000e+01 -3.200000000000000000e+01 -1.064000000000000000e+03
1.593600000000000000e+04 2.400000000000000000e+01 -2.400000000000000000e+01 -1.048000000000000000e+03
1.597600000000000000e+04 4.000000000000000000e+01 -1.600000000000000000e+01 -1.040000000000000000e+03
1.601600000000000000e+04 3.200000000000000000e+01 -2.400000000000000000e+01 -1.032000000000000000e+03
1.605600000000000000e+04 2.400000000000000000e+01 -2.400000000000000000e+01 -1.040000000000000000e+03
1.609600000000000000e+04 1.600000000000000000e+01 -2.400000000000000000e+01 -1.000000000000000000e+03
1.613600000000000000e+04 -8.000000000000000000e+00 -2.400000000000000000e+01 -1.024000000000000000e+03
1.617600000000000000e+04 0.000000000000000000e+00 -2.400000000000000000e+01 -1.024000000000000000e+03
1.621600000000000000e+04 8.000000000000000000e+00 -2.400000000000000000e+01 -1.056000000000000000e+03
1.625600000000000000e+04 -8.000000000000000000e+00 -2.400000000000000000e+01 -1.024000000000000000e+03
1.629600000000000000e+04 -8.000000000000000000e+00 -3.200000000000000000e+01 -1.040000000000000000e+03
1.633600000000000000e+04 8.000000000000000000e+00 -3.200000000000000000e+01 -1.040000000000000000e+03
1.637600000000000000e+04 8.000000000000000000e+00 -4.800000000000000000e+01 -1.080000000000000000e+03
1.641600000000000000e+04 8.000000000000000000e+00 -4.000000000000000000e+01 -1.016000000000000000e+03
1.645600000000000000e+04 0.000000000000000000e+00 -1.600000000000000000e+01 -1.016000000000000000e+03
1.649600000000000000e+04 -8.000000000000000000e+00 -2.400000000000000000e+01 -1.024000000000000000e+03
1.653600000000000000e+04 0.000000000000000000e+00 -3.200000000000000000e+01 -9.840000000000000000e+02
1.657600000000000000e+04 0.000000000000000000e+00 -2.400000000000000000e+01 -1.032000000000000000e+03
1.661600000000000000e+04 2.400000000000000000e+01 0.000000000000000000e+00 -1.008000000000000000e+03
1.665600000000000000e+04 1.600000000000000000e+01 -8.000000000000000000e+00 -1.064000000000000000e+03
1.669600000000000000e+04 2.400000000000000000e+01 -1.600000000000000000e+01 -1.024000000000000000e+03
1.673600000000000000e+04 3.200000000000000000e+01 -8.000000000000000000e+00 -1.000000000000000000e+03
1.677600000000000000e+04 1.600000000000000000e+01 -1.600000000000000000e+01 -1.032000000000000000e+03
1.681600000000000000e+04 1.600000000000000000e+01 -1.600000000000000000e+01 -1.008000000000000000e+03
1.685600000000000000e+04 1.600000000000000000e+01 -2.400000000000000000e+01 -1.048000000000000000e+03
1.688700000000000000e+04 1.600000000000000000e+01 -2.400000000000000000e+01 -1.048000000000000000e+03
1.692700000000000000e+04 2.400000000000000000e+01 -2.400000000000000000e+01 -1.040000000000000000e+03
1.696700000000000000e+04 2.400000000000000000e+01 -2.400000000000000000e+01 -1.000000000000000000e+03
1.700700000000000000e+04 1.600000000000000000e+01 -8.000000000000000000e+00 -1.032000000000000000e+03
1.704700000000000000e+04 0.000000000000000000e+00 -3.200000000000000000e+01 -1.016000000000000000e+03
1.708700000000000000e+04 0.000000000000000000e+00 -2.400000000000000000e+01 -1.056000000000000000e+03
1.712700000000000000e+04 0.000000000000000000e+00 -3.200000000000000000e+01 -1.008000000000000000e+03
1.716700000000000000e+04 8.000000000000000000e+00 -3.200000000000000000e+01 -1.032000000000000000e+03
1.720700000000000000e+04 8.000000000000000000e+00 -3.200000000000000000e+01 -1.032000000000000000e+03
1.724700000000000000e+04 8.000000000000000000e+00 -3.200000000000000000e+01 -1.048000000000000000e+03
1.728700000000000000e+04 1.600000000000000000e+01 -3.200000000000000000e+01 -1.048000000000000000e+03
1.732700000000000000e+04 3.200000000000000000e+01 -3.200000000000000000e+01 -1.024000000000000000e+03
1.736700000000000000e+04 3.200000000000000000e+01 -2.400000000000000000e+01 -1.016000000000000000e+03
1.740700000000000000e+04 2.400000000000000000e+01 -4.000000000000000000e+01 -1.048000000000000000e+03
1.744700000000000000e+04 8.000000000000000000e+00 -3.200000000000000000e+01 -1.016000000000000000e+03
1.748700000000000000e+04 8.000000000000000000e+00 -4.000000000000000000e+01 -9.840000000000000000e+02
1.752700000000000000e+04 8.000000000000000000e+00 -3.200000000000000000e+01 -1.032000000000000000e+03
1.756700000000000000e+04 8.000000000000000000e+00 -3.200000000000000000e+01 -1.040000000000000000e+03
1.760700000000000000e+04 1.600000000000000000e+01 -3.200000000000000000e+01 -1.040000000000000000e+03
1.764700000000000000e+04 2.400000000000000000e+01 0.000000000000000000e+00 -1.040000000000000000e+03
1.768700000000000000e+04 2.400000000000000000e+01 -1.600000000000000000e+01 -1.032000000000000000e+03
1.772700000000000000e+04 3.200000000000000000e+01 -2.400000000000000000e+01 -1.032000000000000000e+03
1.776700000000000000e+04 2.400000000000000000e+01 -1.600000000000000000e+01 -1.048000000000000000e+03
1.780700000000000000e+04 1.600000000000000000e+01 -8.000000000000000000e+00 -1.072000000000000000e+03
1.784700000000000000e+04 1.600000000000000000e+01 -1.600000000000000000e+01 -1.040000000000000000e+03
1.788000000000000000e+04 1.600000000000000000e+01 -1.600000000000000000e+01 -1.032000000000000000e+03
1.792000000000000000e+04 2.400000000000000000e+01 -1.600000000000000000e+01 -1.024000000000000000e+03
1.796000000000000000e+04 2.400000000000000000e+01 -2.400000000000000000e+01 -1.024000000000000000e+03
1.800000000000000000e+04 8.000000000000000000e+00 -2.400000000000000000e+01 -1.056000000000000000e+03
1.804000000000000000e+04 1.600000000000000000e+01 -4.000000000000000000e+01 -1.024000000000000000e+03
1.808000000000000000e+04 2.400000000000000000e+01 -2.400000000000000000e+01 -1.016000000000000000e+03
1.812000000000000000e+04 8.000000000000000000e+00 -2.400000000000000000e+01 -1.040000000000000000e+03
1.816000000000000000e+04 1.600000000000000000e+01 -1.600000000000000000e+01 -1.024000000000000000e+03
1.820000000000000000e+04 1.600000000000000000e+01 -1.600000000000000000e+01 -1.000000000000000000e+03
1.824000000000000000e+04 1.600000000000000000e+01 -8.000000000000000000e+00 -1.064000000000000000e+03
1.828000000000000000e+04 8.000000000000000000e+00 -2.400000000000000000e+01 -1.056000000000000000e+03
1.832000000000000000e+04 1.600000000000000000e+01 -8.000000000000000000e+00 -1.048000000000000000e+03
1.836000000000000000e+04 2.400000000000000000e+01 -2.400000000000000000e+01 -1.032000000000000000e+03
1.840000000000000000e+04 2.400000000000000000e+01 -2.400000000000000000e+01 -1.032000000000000000e+03
1.844000000000000000e+04 2.400000000000000000e+01 -4.000000000000000000e+01 -9.920000000000000000e+02
1.848000000000000000e+04 2.400000000000000000e+01 -3.200000000000000000e+01 -1.032000000000000000e+03
1.852000000000000000e+04 2.400000000000000000e+01 -2.400000000000000000e+01 -1.016000000000000000e+03
1.856000000000000000e+04 3.200000000000000000e+01 -1.600000000000000000e+01 -1.048000000000000000e+03
1.860000000000000000e+04 3.200000000000000000e+01 -1.600000000000000000e+01 -9.920000000000000000e+02
1.864000000000000000e+04 2.400000000000000000e+01 -2.400000000000000000e+01 -1.016000000000000000e+03
1.868000000000000000e+04 2.400000000000000000e+01 -2.400000000000000000e+01 -1.040000000000000000e+03
1.872000000000000000e+04 8.000000000000000000e+00 -3.200000000000000000e+01 -1.032000000000000000e+03
1.876000000000000000e+04 0.000000000000000000e+00 -2.400000000000000000e+01 -1.032000000000000000e+03
1.880000000000000000e+04 8.000000000000000000e+00 -2.400000000000000000e+01 -1.032000000000000000e+03
1.884000000000000000e+04 8.000000000000000000e+00 -3.200000000000000000e+01 -1.040000000000000000e+03
1.887100000000000000e+04 0.000000000000000000e+00 -4.000000000000000000e+01 -1.064000000000000000e+03
1.891100000000000000e+04 0.000000000000000000e+00 -3.200000000000000000e+01 -1.048000000000000000e+03
1.895100000000000000e+04 -8.000000000000000000e+00 -1.600000000000000000e+01 -1.032000000000000000e+03
1.899100000000000000e+04 0.000000000000000000e+00 -1.600000000000000000e+01 -1.032000000000000000e+03
1.903100000000000000e+04 2.400000000000000000e+01 -3.200000000000000000e+01 -1.040000000000000000e+03
1.907100000000000000e+04 3.200000000000000000e+01 -3.200000000000000000e+01 -1.040000000000000000e+03
1.911100000000000000e+04 3.200000000000000000e+01 -3.200000000000000000e+01 -1.016000000000000000e+03
1.915100000000000000e+04 2.400000000000000000e+01 -4.000000000000000000e+01 -1.056000000000000000e+03
1.919100000000000000e+04 1.600000000000000000e+01 -3.200000000000000000e+01 -1.056000000000000000e+03
1.923100000000000000e+04 1.600000000000000000e+01 -2.400000000000000000e+01 -1.040000000000000000e+03
1.927100000000000000e+04 2.400000000000000000e+01 -8.000000000000000000e+00 -1.024000000000000000e+03
1.931100000000000000e+04 1.600000000000000000e+01 -1.600000000000000000e+01 -1.040000000000000000e+03
1.935100000000000000e+04 1.600000000000000000e+01 -2.400000000000000000e+01 -1.032000000000000000e+03
1.939100000000000000e+04 2.400000000000000000e+01 -1.600000000000000000e+01 -1.032000000000000000e+03
1.943100000000000000e+04 2.400000000000000000e+01 -1.600000000000000000e+01 -1.048000000000000000e+03
1.947100000000000000e+04 2.400000000000000000e+01 0.000000000000000000e+00 -9.920000000000000000e+02
1.951100000000000000e+04 3.200000000000000000e+01 -1.600000000000000000e+01 -1.040000000000000000e+03
1.955100000000000000e+04 2.400000000000000000e+01 -2.400000000000000000e+01 -1.024000000000000000e+03
1.959100000000000000e+04 3.200000000000000000e+01 -2.400000000000000000e+01 -1.016000000000000000e+03
1.963100000000000000e+04 2.400000000000000000e+01 -2.400000000000000000e+01 -1.040000000000000000e+03
1.967100000000000000e+04 1.600000000000000000e+01 -2.400000000000000000e+01 -1.016000000000000000e+03
1.971100000000000000e+04 1.600000000000000000e+01 -2.400000000000000000e+01 -1.040000000000000000e+03
1.975100000000000000e+04 1.600000000000000000e+01 -3.200000000000000000e+01 -1.032000000000000000e+03
1.979100000000000000e+04 4.000000000000000000e+01 -2.400000000000000000e+01 -1.056000000000000000e+03
1.983100000000000000e+04 1.600000000000000000e+01 -3.200000000000000000e+01 -1.024000000000000000e+03
1.986300000000000000e+04 1.600000000000000000e+01 -2.400000000000000000e+01 -1.040000000000000000e+03
1.990300000000000000e+04 2.400000000000000000e+01 -1.600000000000000000e+01 -1.024000000000000000e+03
1.994300000000000000e+04 3.200000000000000000e+01 -4.800000000000000000e+01 -1.016000000000000000e+03
1.998300000000000000e+04 3.200000000000000000e+01 -4.000000000000000000e+01 -1.056000000000000000e+03
2.002300000000000000e+04 2.400000000000000000e+01 -2.400000000000000000e+01 -1.032000000000000000e+03
2.006300000000000000e+04 1.600000000000000000e+01 -2.400000000000000000e+01 -9.920000000000000000e+02
2.010300000000000000e+04 2.400000000000000000e+01 -2.400000000000000000e+01 -1.032000000000000000e+03
2.014300000000000000e+04 2.400000000000000000e+01 -1.600000000000000000e+01 -1.024000000000000000e+03
2.018300000000000000e+04 8.000000000000000000e+00 -2.400000000000000000e+01 -1.056000000000000000e+03
2.022300000000000000e+04 8.000000000000000000e+00 -2.400000000000000000e+01 -1.056000000000000000e+03
2.026300000000000000e+04 8.000000000000000000e+00 -3.200000000000000000e+01 -1.048000000000000000e+03
2.030300000000000000e+04 1.600000000000000000e+01 -1.600000000000000000e+01 -1.048000000000000000e+03
2.034300000000000000e+04 8.000000000000000000e+00 -3.200000000000000000e+01 -1.016000000000000000e+03
2.038300000000000000e+04 0.000000000000000000e+00 -3.200000000000000000e+01 -1.000000000000000000e+03
2.042300000000000000e+04 8.000000000000000000e+00 -2.400000000000000000e+01 -1.032000000000000000e+03
2.046300000000000000e+04 8.000000000000000000e+00 -2.400000000000000000e+01 -1.032000000000000000e+03
2.050300000000000000e+04 1.600000000000000000e+01 -2.400000000000000000e+01 -1.032000000000000000e+03
2.054300000000000000e+04 8.000000000000000000e+00 -1.600000000000000000e+01 -1.032000000000000000e+03
2.058300000000000000e+04 1.600000000000000000e+01 -2.400000000000000000e+01 -1.016000000000000000e+03
2.062300000000000000e+04 8.000000000000000000e+00 -3.200000000000000000e+01 -1.032000000000000000e+03
2.066300000000000000e+04 4.800000000000000000e+01 -3.200000000000000000e+01 -1.064000000000000000e+03
2.070300000000000000e+04 4.000000000000000000e+01 -4.800000000000000000e+01 -1.032000000000000000e+03
2.074300000000000000e+04 2.400000000000000000e+01 -3.200000000000000000e+01 -1.032000000000000000e+03
2.078300000000000000e+04 3.200000000000000000e+01 -2.400000000000000000e+01 -1.064000000000000000e+03
2.082300000000000000e+04 4.000000000000000000e+01 -2.400000000000000000e+01 -1.048000000000000000e+03
2.085500000000000000e+04 2.400000000000000000e+01 -2.400000000000000000e+01 -1.032000000000000000e+03
2.089500000000000000e+04 3.200000000000000000e+01 -8.000000000000000000e+00 -1.040000000000000000e+03
2.093500000000000000e+04 3.200000000000000000e+01 -8.000000000000000000e+00 -1.032000000000000000e+03
2.097500000000000000e+04 2.400000000000000000e+01 -2.400000000000000000e+01 -1.016000000000000000e+03
2.101500000000000000e+04 1.600000000000000000e+01 -3.200000000000000000e+01 -1.016000000000000000e+03
2.105500000000000000e+04 1.600000000000000000e+01 -2.400000000000000000e+01 -1.008000000000000000e+03
2.109500000000000000e+04 2.400000000000000000e+01 -4.000000000000000000e+01 -1.032000000000000000e+03
2.113500000000000000e+04 2.400000000000000000e+01 -2.400000000000000000e+01 -1.032000000000000000e+03
2.117500000000000000e+04 2.400000000000000000e+01 -2.400000000000000000e+01 -1.008000000000000000e+03
2.121500000000000000e+04 2.400000000000000000e+01 -2.400000000000000000e+01 -1.048000000000000000e+03
2.125500000000000000e+04 8.000000000000000000e+00 -3.200000000000000000e+01 -9.920000000000000000e+02
2.129500000000000000e+04 -8.000000000000000000e+00 -3.200000000000000000e+01 -1.056000000000000000e+03
2.133500000000000000e+04 8.000000000000000000e+00 -4.000000000000000000e+01 -1.016000000000000000e+03
2.137500000000000000e+04 4.000000000000000000e+01 -4.000000000000000000e+01 -1.096000000000000000e+03
2.141500000000000000e+04 2.400000000000000000e+01 -4.000000000000000000e+01 -1.000000000000000000e+03
2.145500000000000000e+04 2.400000000000000000e+01 -2.400000000000000000e+01 -1.056000000000000000e+03
2.149500000000000000e+04 0.000000000000000000e+00 -2.400000000000000000e+01 -1.008000000000000000e+03
2.153500000000000000e+04 8.000000000000000000e+00 -2.400000000000000000e+01 -1.016000000000000000e+03
2.157500000000000000e+04 2.400000000000000000e+01 -3.200000000000000000e+01 -1.016000000000000000e+03
2.161500000000000000e+04 1.600000000000000000e+01 -3.200000000000000000e+01 -1.008000000000000000e+03
2.165500000000000000e+04 1.600000000000000000e+01 -2.400000000000000000e+01 -1.024000000000000000e+03
2.169500000000000000e+04 2.400000000000000000e+01 -3.200000000000000000e+01 -1.024000000000000000e+03
2.173500000000000000e+04 8.000000000000000000e+00 -4.000000000000000000e+01 -1.016000000000000000e+03
2.177500000000000000e+04 8.000000000000000000e+00 -4.000000000000000000e+01 -1.040000000000000000e+03
2.181500000000000000e+04 1.600000000000000000e+01 -2.400000000000000000e+01 -1.000000000000000000e+03
2.184600000000000000e+04 -8.000000000000000000e+00 -3.200000000000000000e+01 -1.024000000000000000e+03
2.188600000000000000e+04 0.000000000000000000e+00 -1.600000000000000000e+01 -1.040000000000000000e+03
2.192600000000000000e+04 8.000000000000000000e+00 -2.400000000000000000e+01 -1.024000000000000000e+03
2.196600000000000000e+04 1.600000000000000000e+01 -2.400000000000000000e+01 -1.024000000000000000e+03
2.200600000000000000e+04 2.400000000000000000e+01 -8.000000000000000000e+00 -9.920000000000000000e+02
2.204600000000000000e+04 1.600000000000000000e+01 -1.600000000000000000e+01 -1.032000000000000000e+03
2.208600000000000000e+04 1.600000000000000000e+01 -2.400000000000000000e+01 -1.024000000000000000e+03
2.212600000000000000e+04 3.200000000000000000e+01 -4.000000000000000000e+01 -1.040000000000000000e+03
2.216600000000000000e+04 8.000000000000000000e+00 -4.000000000000000000e+01 -1.000000000000000000e+03
2.220600000000000000e+04 0.000000000000000000e+00 -3.200000000000000000e+01 -1.016000000000000000e+03
2.224600000000000000e+04 8.000000000000000000e+00 -3.200000000000000000e+01 -1.024000000000000000e+03
2.228600000000000000e+04 1.600000000000000000e+01 -2.400000000000000000e+01 -1.024000000000000000e+03
2.232600000000000000e+04 1.600000000000000000e+01 -2.400000000000000000e+01 -1.040000000000000000e+03
2.236600000000000000e+04 1.600000000000000000e+01 -2.400000000000000000e+01 -1.064000000000000000e+03
2.240600000000000000e+04 2.400000000000000000e+01 -1.600000000000000000e+01 -1.040000000000000000e+03
2.244600000000000000e+04 1.600000000000000000e+01 -1.600000000000000000e+01 -1.032000000000000000e+03
2.248600000000000000e+04 2.400000000000000000e+01 -2.400000000000000000e+01 -1.032000000000000000e+03
2.252600000000000000e+04 8.000000000000000000e+00 -2.400000000000000000e+01 -1.016000000000000000e+03
2.256600000000000000e+04 8.000000000000000000e+00 -2.400000000000000000e+01 -1.024000000000000000e+03
2.260600000000000000e+04 2.400000000000000000e+01 -2.400000000000000000e+01 -1.032000000000000000e+03
2.264600000000000000e+04 1.600000000000000000e+01 -2.400000000000000000e+01 -1.024000000000000000e+03
2.268600000000000000e+04 2.400000000000000000e+01 -4.000000000000000000e+01 -1.056000000000000000e+03
2.272600000000000000e+04 2.400000000000000000e+01 -3.200000000000000000e+01 -1.040000000000000000e+03
2.276600000000000000e+04 8.000000000000000000e+00 -3.200000000000000000e+01 -1.032000000000000000e+03
2.280600000000000000e+04 1.600000000000000000e+01 -3.200000000000000000e+01 -1.032000000000000000e+03
