4.800000000000000000e+01 4.800000000000000000e+01 7.120000000000000000e+02 7.280000000000000000e+02
8.800000000000000000e+01 4.800000000000000000e+01 9.680000000000000000e+02 -2.800000000000000000e+02
1.280000000000000000e+02 4.800000000000000000e+01 9.680000000000000000e+02 -3.120000000000000000e+02
1.680000000000000000e+02 4.000000000000000000e+01 9.680000000000000000e+02 -3.120000000000000000e+02
2.080000000000000000e+02 4.000000000000000000e+01 9.680000000000000000e+02 -3.040000000000000000e+02
2.480000000000000000e+02 4.000000000000000000e+01 9.600000000000000000e+02 -3.280000000000000000e+02
2.880000000000000000e+02 5.600000000000000000e+01 9.680000000000000000e+02 -3.280000000000000000e+02
3.280000000000000000e+02 4.000000000000000000e+01 9.600000000000000000e+02 -3.280000000000000000e+02
3.680000000000000000e+02 4.000000000000000000e+01 9.520000000000000000e+02 -2.560000000000000000e+02
4.080000000000000000e+02 3.200000000000000000e+01 9.360000000000000000e+02 -3.600000000000000000e+02
4.480000000000000000e+02 8.000000000000000000e+01 9.600000000000000000e+02 -3.520000000000000000e+02
4.880000000000000000e+02 6.400000000000000000e+01 9.680000000000000000e+02 -3.120000000000000000e+02
5.280000000000000000e+02 5.600000000000000000e+01 9.600000000000000000e+02 -3.520000000000000000e+02
5.680000000000000000e+02 4.800000000000000000e+01 9.520000000000000000e+02 -3.280000000000000000e+02
6.080000000000000000e+02 4.800000000000000000e+01 9.520000000000000000e+02 -3.280000000000000000e+02
6.480000000000000000e+02 4.000000000000000000e+01 9.680000000000000000e+02 -3.200000000000000000e+02
6.880000000000000000e+02 4.000000000000000000e+01 9.600000000000000000e+02 -3.280000000000000000e+02
7.280000000000000000e+02 4.000000000000000000e+01 9.600000000000000000e+02 -3.120000000000000000e+02
7.680000000000000000e+02 4.000000000000000000e+01 9.600000000000000000e+02 -3.120000000000000000e+02
8.080000000000000000e+02 4.000000000000000000e+01 9.600000000000000000e+02 -3.200000000000000000e+02
8.480000000000000000e+02 4.000000000000000000e+01 9.600000000000000000e+02 -3.360000000000000000e+02
8.880000000000000000e+02 4.000000000000000000e+01 9.600000000000000000e+02 -3.440000000000000000e+02
9.280000000000000000e+02 4.000000000000000000e+01 9.600000000000000000e+02 -3.520000000000000000e+02
9.680000000000000000e+02 4.000000000000000000e+01 9.520000000000000000e+02 -3.520000000000000000e+02
1.008000000000000000e+03 4.000000000000000000e+01 9.520000000000000000e+02 -3.440000000000000000e+02
1.040000000000000000e+03 4.000000000000000000e+01 9.440000000000000000e+02 -3.600000000000000000e+02
1.080000000000000000e+03 4.800000000000000000e+01 9.600000000000000000e+02 -3.440000000000000000e+02
1.120000000000000000e+03 4.000000000000000000e+01 9.680000000000000000e+02 -3.200000000000000000e+02
1.160000000000000000e+03 4.000000000000000000e+01 9.520000000000000000e+02 -3.360000000000000000e+02
1.200000000000000000e+03 4.800000000000000000e+01 9.360000000000000000e+02 -3.440000000000000000e+02
1.240000000000000000e+03 4.800000000000000000e+01 9.440000000000000000e+02 -3.280000000000000000e+02
1.280000000000000000e+03 4.000000000000000000e+01 9.440000000000000000e+02 -3.680000000000000000e+02
1.320000000000000000e+03 4.000000000000000000e+01 9.600000000000000000e+02 -3.360000000000000000e+02
1.360000000000000000e+03 4.000000000000000000e+01 9.600000000000000000e+02 -3.440000000000000000e+02
1.400000000000000000e+03 4.800000000000000000e+01 9.440000000000000000e+02 -3.680000000000000000e+02
1.440000000000000000e+03 7.200000000000000000e+01 9.360000000000000000e+02 -3.200000000000000000e+02
1.480000000000000000e+03 6.400000000000000000e+01 9.440000000000000000e+02 -3.440000000000000000e+02
1.520000000000000000e+03 5.600000000000000000e+01 9.440000000000000000e+02 -3.600000000000000000e+02
1.560000000000000000e+03 4.000000000000000000e+01 9.440000000000000000e+02 -2.880000000000000000e+02
1.600000000000000000e+03 4.000000000000000000e+01 9.600000000000000000e+02 -3.040000000000000000e+02
1.640000000000000000e+03 4.000000000000000000e+01 9.760000000000000000e+02 -3.440000000000000000e+02
1.680000000000000000e+03 4.800000000000000000e+01 9.680000000000000000e+02 -2.720000000000000000e+02
1.720000000000000000e+03 6.400000000000000000e+01 9.680000000000000000e+02 -3.280000000000000000e+02
1.760000000000000000e+03 5.600000000000000000e+01 9.600000000000000000e+02 -3.200000000000000000e+02
1.800000000000000000e+03 3.200000000000000000e+01 9.520000000000000000e+02 -3.360000000000000000e+02
1.840000000000000000e+03 4.000000000000000000e+01 9.440000000000000000e+02 -3.200000000000000000e+02
1.880000000000000000e+03 4.000000000000000000e+01 9.520000000000000000e+02 -3.120000000000000000e+02
1.920000000000000000e+03 4.000000000000000000e+01 9.600000000000000000e+02 -3.840000000000000000e+02
1.960000000000000000e+03 4.000000000000000000e+01 9.760000000000000000e+02 -3.280000000000000000e+02
2.000000000000000000e+03 4.800000000000000000e+01 9.760000000000000000e+02 -3.760000000000000000e+02
2.032000000000000000e+03 5.600000000000000000e+01 9.760000000000000000e+02 -3.280000000000000000e+02
2.072000000000000000e+03 4.000000000000000000e+01 9.680000000000000000e+02 -3.200000000000000000e+02
2.112000000000000000e+03 4.000000000000000000e+01 9.520000000000000000e+02 -3.440000000000000000e+02
2.152000000000000000e+03 5.600000000000000000e+01 9.520000000000000000e+02 -3.200000000000000000e+02
2.192000000000000000e+03 5.600000000000000000e+01 9.600000000000000000e+02 -3.520000000000000000e+02
2.232000000000000000e+03 5.600000000000000000e+01 9.440000000000000000e+02 -4.080000000000000000e+02
2.272000000000000000e+03 4.800000000000000000e+01 9.680000000000000000e+02 -3.040000000000000000e+02
2.312000000000000000e+03 4.800000000000000000e+01 9.680000000000000000e+02 -3.360000000000000000e+02
2.352000000000000000e+03 4.800000000000000000e+01 9.600000000000000000e+02 -3.120000000000000000e+02
2.392000000000000000e+03 2.400000000000000000e+01 9.600000000000000000e+02 -3.520000000000000000e+02
2.432000000000000000e+03 4.000000000000000000e+01 9.520000000000000000e+02 -3.440000000000000000e+02
2.472000000000000000e+03 4.000000000000000000e+01 9.440000000000000000e+02 -2.960000000000000000e+02
2.512000000000000000e+03 6.400000000000000000e+01 9.600000000000000000e+02 -3.520000000000000000e+02
2.552000000000000000e+03 6.400000000000000000e+01 9.520000000000000000e+02 -3.440000000000000000e+02
2.592000000000000000e+03 5.600000000000000000e+01 9.600000000000000000e+02 -3.360000000000000000e+02
2.632000000000000000e+03 4.800000000000000000e+01 9.520000000000000000e+02 -3.520000000000000000e+02
2.672000000000000000e+03 4.000000000000000000e+01 9.600000000000000000e+02 -3.280000000000000000e+02
2.712000000000000000e+03 4.000000000000000000e+01 9.600000000000000000e+02 -3.360000000000000000e+02
2.752000000000000000e+03 4.000000000000000000e+01 9.520000000000000000e+02 -3.520000000000000000e+02
2.792000000000000000e+03 4.800000000000000000e+01 9.600000000000000000e+02 -3.280000000000000000e+02
2.832000000000000000e+03 4.800000000000000000e+01 9.520000000000000000e+02 -3.680000000000000000e+02
2.872000000000000000e+03 4.800000000000000000e+01 9.520000000000000000e+02 -3.120000000000000000e+02
2.912000000000000000e+03 5.600000000000000000e+01 9.440000000000000000e+02 -3.200000000000000000e+02
2.952000000000000000e+03 4.800000000000000000e+01 9.520000000000000000e+02 -3.280000000000000000e+02
2.992000000000000000e+03 5.600000000000000000e+01 9.120000000000000000e+02 -3.280000000000000000e+02
3.023000000000000000e+03 5.600000000000000000e+01 9.520000000000000000e+02 -3.280000000000000000e+02
3.063000000000000000e+03 5.600000000000000000e+01 9.680000000000000000e+02 -3.600000000000000000e+02
3.103000000000000000e+03 5.600000000000000000e+01 9.360000000000000000e+02 -3.360000000000000000e+02
3.143000000000000000e+03 4.800000000000000000e+01 9.520000000000000000e+02 -3.600000000000000000e+02
3.183000000000000000e+03 4.000000000000000000e+01 9.280000000000000000e+02 -3.280000000000000000e+02
3.223000000000000000e+03 4.000000000000000000e+01 9.440000000000000000e+02 -3.280000000000000000e+02
3.263000000000000000e+03 3.200000000000000000e+01 9.520000000000000000e+02 -3.440000000000000000e+02
3.303000000000000000e+03 3.200000000000000000e+01 9.440000000000000000e+02 -3.600000000000000000e+02
3.343000000000000000e+03 3.200000000000000000e+01 9.440000000000000000e+02 -3.280000000000000000e+02
3.383000000000000000e+03 3.200000000000000000e+01 9.440000000000000000e+02 -3.520000000000000000e+02
3.423000000000000000e+03 3.200000000000000000e+01 9.600000000000000000e+02 -3.360000000000000000e+02
3.463000000000000000e+03 4.000000000000000000e+01 9.440000000000000000e+02 -3.280000000000000000e+02
3.503000000000000000e+03 4.800000000000000000e+01 9.520000000000000000e+02 -3.280000000000000000e+02
3.543000000000000000e+03 4.000000000000000000e+01 9.440000000000000000e+02 -4.080000000000000000e+02
3.583000000000000000e+03 3.200000000000000000e+01 9.520000000000000000e+02 -3.360000000000000000e+02
3.623000000000000000e+03 3.200000000000000000e+01 9.520000000000000000e+02 -3.600000000000000000e+02
3.663000000000000000e+03 3.200000000000000000e+01 9.600000000000000000e+02 -3.280000000000000000e+02
3.703000000000000000e+03 4.000000000000000000e+01 9.440000000000000000e+02 -3.680000000000000000e+02
3.743000000000000000e+03 4.000000000000000000e+01 9.680000000000000000e+02 -3.600000000000000000e+02
3.783000000000000000e+03 4.000000000000000000e+01 9.600000000000000000e+02 -3.840000000000000000e+02
3.823000000000000000e+03 4.800000000000000000e+01 9.600000000000000000e+02 -3.760000000000000000e+02
3.863000000000000000e+03 4.800000000000000000e+01 9.600000000000000000e+02 -3.600000000000000000e+02
3.903000000000000000e+03 4.800000000000000000e+01 9.600000000000000000e+02 -3.680000000000000000e+02
3.943000000000000000e+03 4.000000000000000000e+01 9.440000000000000000e+02 -3.520000000000000000e+02
3.983000000000000000e+03 3.200000000000000000e+01 9.520000000000000000e+02 -3.520000000000000000e+02
4.015000000000000000e+03 4.000000000000000000e+01 9.360000000000000000e+02 -3.520000000000000000e+02
4.055000000000000000e+03 3.200000000000000000e+01 9.360000000000000000e+02 -3.760000000000000000e+02
4.095000000000000000e+03 3.200000000000000000e+01 9.360000000000000000e+02 -3.840000000000000000e+02
4.135000000000000000e+03 3.200000000000000000e+01 9.280000000000000000e+02 -3.840000000000000000e+02
4.175000000000000000e+03 5.600000000000000000e+01 9.280000000000000000e+02 -3.760000000000000000e+02
4.215000000000000000e+03 6.400000000000000000e+01 9.520000000000000000e+02 -3.520000000000000000e+02
4.255000000000000000e+03 5.600000000000000000e+01 9.360000000000000000e+02 -3.840000000000000000e+02
4.295000000000000000e+03 4.800000000000000000e+01 9.360000000000000000e+02 -3.920000000000000000e+02
4.335000000000000000e+03 4.000000000000000000e+01 9.440000000000000000e+02 -3.760000000000000000e+02
4.375000000000000000e+03 4.000000000000000000e+01 9.440000000000000000e+02 -3.600000000000000000e+02
4.415000000000000000e+03 4.000000000000000000e+01 9.360000000000000000e+02 -4.080000000000000000e+02
4.455000000000000000e+03 4.000000000000000000e+01 9.120000000000000000e+02 -3.920000000000000000e+02
4.495000000000000000e+03 1.600000000000000000e+01 9.120000000000000000e+02 -4.160000000000000000e+02
4.535000000000000000e+03 3.200000000000000000e+01 9.280000000000000000e+02 -4.240000000000000000e+02
4.575000000000000000e+03 3.200000000000000000e+01 9.360000000000000000e+02 -3.920000000000000000e+02
4.615000000000000000e+03 4.000000000000000000e+01 9.280000000000000000e+02 -4.160000000000000000e+02
4.655000000000000000e+03 3.200000000000000000e+01 8.880000000000000000e+02 -4.640000000000000000e+02
4.695000000000000000e+03 2.400000000000000000e+01 8.880000000000000000e+02 -5.040000000000000000e+02
4.735000000000000000e+03 3.200000000000000000e+01 8.880000000000000000e+02 -4.880000000000000000e+02
4.775000000000000000e+03 4.000000000000000000e+01 8.800000000000000000e+02 -4.480000000000000000e+02
4.815000000000000000e+03 4.000000000000000000e+01 8.640000000000000000e+02 -4.960000000000000000e+02
4.855000000000000000e+03 4.000000000000000000e+01 8.640000000000000000e+02 -5.360000000000000000e+02
4.895000000000000000e+03 3.200000000000000000e+01 8.480000000000000000e+02 -5.520000000000000000e+02
4.935000000000000000e+03 4.000000000000000000e+01 8.480000000000000000e+02 -6.000000000000000000e+02
4.975000000000000000e+03 3.200000000000000000e+01 8.560000000000000000e+02 -5.120000000000000000e+02
5.006000000000000000e+03 3.200000000000000000e+01 8.560000000000000000e+02 -5.440000000000000000e+02
5.046000000000000000e+03 6.400000000000000000e+01 8.720000000000000000e+02 -4.880000000000000000e+02
5.086000000000000000e+03 4.800000000000000000e+01 8.640000000000000000e+02 -5.520000000000000000e+02
5.126000000000000000e+03 4.000000000000000000e+01 8.560000000000000000e+02 -5.440000000000000000e+02
5.166000000000000000e+03 5.600000000000000000e+01 8.560000000000000000e+02 -5.280000000000000000e+02
5.206000000000000000e+03 4.800000000000000000e+01 8.400000000000000000e+02 -5.280000000000000000e+02
5.246000000000000000e+03 4.800000000000000000e+01 8.320000000000000000e+02 -5.280000000000000000e+02
5.286000000000000000e+03 3.200000000000000000e+01 8.480000000000000000e+02 -5.520000000000000000e+02
5.326000000000000000e+03 3.200000000000000000e+01 8.560000000000000000e+02 -5.520000000000000000e+02
5.366000000000000000e+03 3.200000000000000000e+01 8.640000000000000000e+02 -5.440000000000000000e+02
5.406000000000000000e+03 4.000000000000000000e+01 8.560000000000000000e+02 -5.360000000000000000e+02
5.446000000000000000e+03 3.200000000000000000e+01 8.640000000000000000e+02 -5.440000000000000000e+02
5.486000000000000000e+03 3.200000000000000000e+01 8.480000000000000000e+02 -5.280000000000000000e+02
5.526000000000000000e+03 1.600000000000000000e+01 8.560000000000000000e+02 -5.520000000000000000e+02
5.566000000000000000e+03 3.200000000000000000e+01 8.560000000000000000e+02 -5.440000000000000000e+02
5.606000000000000000e+03 2.400000000000000000e+01 8.640000000000000000e+02 -5.600000000000000000e+02
5.646000000000000000e+03 3.200000000000000000e+01 8.560000000000000000e+02 -5.680000000000000000e+02
5.686000000000000000e+03 3.200000000000000000e+01 8.480000000000000000e+02 -5.760000000000000000e+02
5.726000000000000000e+03 3.200000000000000000e+01 8.560000000000000000e+02 -5.680000000000000000e+02
5.766000000000000000e+03 3.200000000000000000e+01 8.560000000000000000e+02 -5.760000000000000000e+02
5.806000000000000000e+03 2.400000000000000000e+01 8.560000000000000000e+02 -5.600000000000000000e+02
5.846000000000000000e+03 2.400000000000000000e+01 8.480000000000000000e+02 -5.760000000000000000e+02
5.886000000000000000e+03 2.400000000000000000e+01 8.480000000000000000e+02 -5.360000000000000000e+02
5.926000000000000000e+03 2.400000000000000000e+01 8.480000000000000000e+02 -5.440000000000000000e+02
5.966000000000000000e+03 1.600000000000000000e+01 8.560000000000000000e+02 -5.280000000000000000e+02
5.999000000000000000e+03 3.200000000000000000e+01 8.480000000000000000e+02 -5.360000000000000000e+02
6.039000000000000000e+03 3.200000000000000000e+01 8.480000000000000000e+02 -5.520000000000000000e+02
6.079000000000000000e+03 3.200000000000000000e+01 8.480000000000000000e+02 -5.760000000000000000e+02
6.119000000000000000e+03 3.200000000000000000e+01 8.640000000000000000e+02 -5.440000000000000000e+02
6.159000000000000000e+03 1.600000000000000000e+01 8.480000000000000000e+02 -5.440000000000000000e+02
6.199000000000000000e+03 3.200000000000000000e+01 8.560000000000000000e+02 -5.200000000000000000e+02
6.239000000000000000e+03 4.800000000000000000e+01 8.480000000000000000e+02 -5.440000000000000000e+02
6.279000000000000000e+03 4.000000000000000000e+01 8.320000000000000000e+02 -6.240000000000000000e+02
6.319000000000000000e+03 2.400000000000000000e+01 8.400000000000000000e+02 -5.680000000000000000e+02
6.359000000000000000e+03 2.400000000000000000e+01 8.400000000000000000e+02 -5.680000000000000000e+02
6.399000000000000000e+03 1.600000000000000000e+01 8.480000000000000000e+02 -5.760000000000000000e+02
6.439000000000000000e+03 1.600000000000000000e+01 8.560000000000000000e+02 -5.360000000000000000e+02
6.479000000000000000e+03 1.600000000000000000e+01 8.480000000000000000e+02 -5.600000000000000000e+02
6.519000000000000000e+03 1.600000000000000000e+01 8.400000000000000000e+02 -5.600000000000000000e+02
6.559000000000000000e+03 2.400000000000000000e+01 8.400000000000000000e+02 -5.520000000000000000e+02
6.599000000000000000e+03 3.200000000000000000e+01 8.400000000000000000e+02 -5.600000000000000000e+02
6.639000000000000000e+03 3.200000000000000000e+01 8.400000000000000000e+02 -5.840000000000000000e+02
6.679000000000000000e+03 0.000000000000000000e+00 8.400000000000000000e+02 -5.520000000000000000e+02
6.719000000000000000e+03 8.000000000000000000e+00 8.400000000000000000e+02 -5.680000000000000000e+02
6.759000000000000000e+03 8.000000000000000000e+00 8.320000000000000000e+02 -5.600000000000000000e+02
6.799000000000000000e+03 1.600000000000000000e+01 8.400000000000000000e+02 -5.520000000000000000e+02
6.839000000000000000e+03 2.400000000000000000e+01 8.400000000000000000e+02 -5.680000000000000000e+02
6.879000000000000000e+03 2.400000000000000000e+01 8.400000000000000000e+02 -5.760000000000000000e+02
6.919000000000000000e+03 8.000000000000000000e+00 8.400000000000000000e+02 -5.760000000000000000e+02
6.959000000000000000e+03 1.600000000000000000e+01 8.240000000000000000e+02 -5.600000000000000000e+02
6.990000000000000000e+03 2.400000000000000000e+01 8.240000000000000000e+02 -5.840000000000000000e+02
7.030000000000000000e+03 3.200000000000000000e+01 8.320000000000000000e+02 -5.760000000000000000e+02
7.070000000000000000e+03 3.200000000000000000e+01 8.400000000000000000e+02 -5.920000000000000000e+02
7.110000000000000000e+03 2.400000000000000000e+01 8.400000000000000000e+02 -5.680000000000000000e+02
7.150000000000000000e+03 2.400000000000000000e+01 8.320000000000000000e+02 -5.680000000000000000e+02
7.190000000000000000e+03 2.400000000000000000e+01 8.400000000000000000e+02 -5.840000000000000000e+02
7.230000000000000000e+03 2.400000000000000000e+01 8.320000000000000000e+02 -6.000000000000000000e+02
7.270000000000000000e+03 1.600000000000000000e+01 8.320000000000000000e+02 -5.760000000000000000e+02
7.310000000000000000e+03 3.200000000000000000e+01 8.320000000000000000e+02 -5.760000000000000000e+02
7.350000000000000000e+03 3.200000000000000000e+01 8.320000000000000000e+02 -5.680000000000000000e+02
7.390000000000000000e+03 2.400000000000000000e+01 8.240000000000000000e+02 -5.760000000000000000e+02
7.430000000000000000e+03 3.200000000000000000e+01 8.240000000000000000e+02 -5.200000000000000000e+02
7.470000000000000000e+03 3.200000000000000000e+01 8.320000000000000000e+02 -5.840000000000000000e+02
7.510000000000000000e+03 8.000000000000000000e+00 8.240000000000000000e+02 -5.840000000000000000e+02
7.550000000000000000e+03 8.000000000000000000e+00 8.320000000000000000e+02 -5.840000000000000000e+02
7.590000000000000000e+03 8.000000000000000000e+00 8.400000000000000000e+02 -5.840000000000000000e+02
7.630000000000000000e+03 1.600000000000000000e+01 8.240000000000000000e+02 -5.680000000000000000e+02
7.670000000000000000e+03 3.200000000000000000e+01 8.080000000000000000e+02 -5.840000000000000000e+02
7.710000000000000000e+03 2.400000000000000000e+01 8.000000000000000000e+02 -5.840000000000000000e+02
7.750000000000000000e+03 3.200000000000000000e+01 8.080000000000000000e+02 -5.840000000000000000e+02
7.790000000000000000e+03 2.400000000000000000e+01 8.160000000000000000e+02 -5.840000000000000000e+02
7.830000000000000000e+03 3.200000000000000000e+01 8.240000000000000000e+02 -6.160000000000000000e+02
7.870000000000000000e+03 3.200000000000000000e+01 8.320000000000000000e+02 -5.520000000000000000e+02
7.910000000000000000e+03 3.200000000000000000e+01 8.320000000000000000e+02 -6.000000000000000000e+02
7.950000000000000000e+03 3.200000000000000000e+01 8.240000000000000000e+02 -5.840000000000000000e+02
7.981000000000000000e+03 4.800000000000000000e+01 8.160000000000000000e+02 -5.680000000000000000e+02
8.021000000000000000e+03 3.200000000000000000e+01 8.240000000000000000e+02 -5.920000000000000000e+02
8.061000000000000000e+03 3.200000000000000000e+01 8.080000000000000000e+02 -6.000000000000000000e+02
8.101000000000000000e+03 3.200000000000000000e+01 8.000000000000000000e+02 -5.520000000000000000e+02
8.141000000000000000e+03 2.400000000000000000e+01 8.240000000000000000e+02 -6.080000000000000000e+02
8.181000000000000000e+03 3.200000000000000000e+01 8.400000000000000000e+02 -6.560000000000000000e+02
8.221000000000000000e+03 8.000000000000000000e+00 8.480000000000000000e+02 -5.760000000000000000e+02
8.261000000000000000e+03 2.400000000000000000e+01 8.240000000000000000e+02 -6.320000000000000000e+02
8.301000000000000000e+03 3.200000000000000000e+01 8.000000000000000000e+02 -5.520000000000000000e+02
8.341000000000000000e+03 5.600000000000000000e+01 8.080000000000000000e+02 -6.000000000000000000e+02
8.381000000000000000e+03 2.400000000000000000e+01 8.240000000000000000e+02 -6.000000000000000000e+02
8.421000000000000000e+03 3.200000000000000000e+01 8.160000000000000000e+02 -5.840000000000000000e+02
8.461000000000000000e+03 2.400000000000000000e+01 8.160000000000000000e+02 -6.000000000000000000e+02
8.501000000000000000e+03 3.200000000000000000e+01 8.160000000000000000e+02 -6.000000000000000000e+02
8.541000000000000000e+03 3.200000000000000000e+01 8.240000000000000000e+02 -6.000000000000000000e+02
8.581000000000000000e+03 4.800000000000000000e+01 8.160000000000000000e+02 -5.760000000000000000e+02
8.621000000000000000e+03 5.600000000000000000e+01 8.080000000000000000e+02 -6.080000000000000000e+02
8.661000000000000000e+03 4.000000000000000000e+01 8.080000000000000000e+02 -5.920000000000000000e+02
8.701000000000000000e+03 2.400000000000000000e+01 8.160000000000000000e+02 -6.480000000000000000e+02
8.741000000000000000e+03 3.200000000000000000e+01 8.160000000000000000e+02 -5.680000000000000000e+02
8.781000000000000000e+03 2.400000000000000000e+01 8.160000000000000000e+02 -5.920000000000000000e+02
8.821000000000000000e+03 2.400000000000000000e+01 8.160000000000000000e+02 -5.760000000000000000e+02
8.861000000000000000e+03 5.600000000000000000e+01 8.160000000000000000e+02 -5.840000000000000000e+02
8.901000000000000000e+03 4.000000000000000000e+01 8.160000000000000000e+02 -5.680000000000000000e+02
8.941000000000000000e+03 4.000000000000000000e+01 8.240000000000000000e+02 -6.080000000000000000e+02
8.973000000000000000e+03 4.000000000000000000e+01 8.160000000000000000e+02 -5.600000000000000000e+02
9.013000000000000000e+03 3.200000000000000000e+01 7.920000000000000000e+02 -4.800000000000000000e+02
9.053000000000000000e+03 3.200000000000000000e+01 8.160000000000000000e+02 -6.160000000000000000e+02
9.093000000000000000e+03 3.200000000000000000e+01 8.000000000000000000e+02 -6.400000000000000000e+02
9.133000000000000000e+03 3.200000000000000000e+01 8.080000000000000000e+02 -6.880000000000000000e+02
9.173000000000000000e+03 4.800000000000000000e+01 7.920000000000000000e+02 -7.040000000000000000e+02
9.213000000000000000e+03 5.600000000000000000e+01 7.680000000000000000e+02 -7.200000000000000000e+02
9.253000000000000000e+03 4.800000000000000000e+01 8.640000000000000000e+02 -4.960000000000000000e+02
9.293000000000000000e+03 6.400000000000000000e+01 9.040000000000000000e+02 -2.160000000000000000e+02
9.333000000000000000e+03 4.800000000000000000e+01 8.960000000000000000e+02 -6.400000000000000000e+01
9.373000000000000000e+03 4.000000000000000000e+01 8.000000000000000000e+02 1.600000000000000000e+02
9.413000000000000000e+03 8.000000000000000000e+00 8.800000000000000000e+02 2.800000000000000000e+02
9.453000000000000000e+03 -8.000000000000000000e+00 8.720000000000000000e+02 4.960000000000000000e+02
9.493000000000000000e+03 1.600000000000000000e+01 8.720000000000000000e+02 5.920000000000000000e+02
9.533000000000000000e+03 8.000000000000000000e+00 7.920000000000000000e+02 6.960000000000000000e+02
9.573000000000000000e+03 2.400000000000000000e+01 6.880000000000000000e+02 7.840000000000000000e+02
9.613000000000000000e+03 4.000000000000000000e+01 6.080000000000000000e+02 9.360000000000000000e+02
9.653000000000000000e+03 5.600000000000000000e+01 5.200000000000000000e+02 1.032000000000000000e+03
9.693000000000000000e+03 8.000000000000000000e+01 4.480000000000000000e+02 1.072000000000000000e+03
9.733000000000000000e+03 8.000000000000000000e+01 3.680000000000000000e+02 1.064000000000000000e+03
9.773000000000000000e+03 1.200000000000000000e+02 3.200000000000000000e+02 1.008000000000000000e+03
9.813000000000000000e+03 1.280000000000000000e+02 2.880000000000000000e+02 9.680000000000000000e+02
9.853000000000000000e+03 1.280000000000000000e+02 2.560000000000000000e+02 8.880000000000000000e+02
9.893000000000000000e+03 1.920000000000000000e+02 1.440000000000000000e+02 1.160000000000000000e+03
9.933000000000000000e+03 1.600000000000000000e+02 2.400000000000000000e+02 9.520000000000000000e+02
9.964000000000000000e+03 1.360000000000000000e+02 2.880000000000000000e+02 1.000000000000000000e+03
1.000400000000000000e+04 1.360000000000000000e+02 2.960000000000000000e+02 9.840000000000000000e+02
1.004400000000000000e+04 1.520000000000000000e+02 3.200000000000000000e+02 9.680000000000000000e+02
1.008400000000000000e+04 1.440000000000000000e+02 3.360000000000000000e+02 9.440000000000000000e+02
1.012400000000000000e+04 1.440000000000000000e+02 3.280000000000000000e+02 9.760000000000000000e+02
1.016400000000000000e+04 1.520000000000000000e+02 2.960000000000000000e+02 9.440000000000000000e+02
1.020400000000000000e+04 1.600000000000000000e+02 3.200000000000000000e+02 9.360000000000000000e+02
1.024400000000000000e+04 1.440000000000000000e+02 3.360000000000000000e+02 9.360000000000000000e+02
1.028400000000000000e+04 1.360000000000000000e+02 3.360000000000000000e+02 9.520000000000000000e+02
1.032400000000000000e+04 1.200000000000000000e+02 3.440000000000000000e+02 9.680000000000000000e+02
1.036400000000000000e+04 1.440000000000000000e+02 3.360000000000000000e+02 9.600000000000000000e+02
1.040400000000000000e+04 1.600000000000000000e+02 3.280000000000000000e+02 9.600000000000000000e+02
1.044400000000000000e+04 1.680000000000000000e+02 3.200000000000000000e+02 9.840000000000000000e+02
1.048400000000000000e+04 1.600000000000000000e+02 3.360000000000000000e+02 9.840000000000000000e+02
1.052400000000000000e+04 1.440000000000000000e+02 3.280000000000000000e+02 1.008000000000000000e+03
1.056400000000000000e+04 1.440000000000000000e+02 3.440000000000000000e+02 9.760000000000000000e+02
1.060400000000000000e+04 1.360000000000000000e+02 3.520000000000000000e+02 9.200000000000000000e+02
1.064400000000000000e+04 1.520000000000000000e+02 3.680000000000000000e+02 9.040000000000000000e+02
1.068400000000000000e+04 1.520000000000000000e+02 3.680000000000000000e+02 9.600000000000000000e+02
1.072400000000000000e+04 1.360000000000000000e+02 3.520000000000000000e+02 9.600000000000000000e+02
1.076400000000000000e+04 1.360000000000000000e+02 3.200000000000000000e+02 9.600000000000000000e+02
1.080400000000000000e+04 1.440000000000000000e+02 3.280000000000000000e+02 1.016000000000000000e+03
1.084400000000000000e+04 1.520000000000000000e+02 3.280000000000000000e+02 9.840000000000000000e+02
1.088400000000000000e+04 1.360000000000000000e+02 3.360000000000000000e+02 9.600000000000000000e+02
1.092400000000000000e+04 1.360000000000000000e+02 3.440000000000000000e+02 9.600000000000000000e+02
1.095700000000000000e+04 1.200000000000000000e+02 3.440000000000000000e+02 9.680000000000000000e+02
1.099700000000000000e+04 1.200000000000000000e+02 3.440000000000000000e+02 9.760000000000000000e+02
1.103700000000000000e+04 1.600000000000000000e+02 3.520000000000000000e+02 9.440000000000000000e+02
1.107700000000000000e+04 1.280000000000000000e+02 3.360000000000000000e+02 9.600000000000000000e+02
1.111700000000000000e+04 1.360000000000000000e+02 3.360000000000000000e+02 9.680000000000000000e+02
1.115700000000000000e+04 1.280000000000000000e+02 3.360000000000000000e+02 9.440000000000000000e+02
1.119700000000000000e+04 1.280000000000000000e+02 3.360000000000000000e+02 9.600000000000000000e+02
1.123700000000000000e+04 1.200000000000000000e+02 3.520000000000000000e+02 9.440000000000000000e+02
1.127700000000000000e+04 1.280000000000000000e+02 3.440000000000000000e+02 9.520000000000000000e+02
1.131700000000000000e+04 1.200000000000000000e+02 3.440000000000000000e+02 9.760000000000000000e+02
1.135700000000000000e+04 1.280000000000000000e+02 3.600000000000000000e+02 9.680000000000000000e+02
1.139700000000000000e+04 1.200000000000000000e+02 3.440000000000000000e+02 9.920000000000000000e+02
1.143700000000000000e+04 1.280000000000000000e+02 3.360000000000000000e+02 9.440000000000000000e+02
1.147700000000000000e+04 1.280000000000000000e+02 3.280000000000000000e+02 9.760000000000000000e+02
1.151700000000000000e+04 1.280000000000000000e+02 3.280000000000000000e+02 9.520000000000000000e+02
1.155700000000000000e+04 1.040000000000000000e+02 3.440000000000000000e+02 9.360000000000000000e+02
1.159700000000000000e+04 1.360000000000000000e+02 3.440000000000000000e+02 9.760000000000000000e+02
1.163700000000000000e+04 1.200000000000000000e+02 3.440000000000000000e+02 9.840000000000000000e+02
1.167700000000000000e+04 1.120000000000000000e+02 3.200000000000000000e+02 9.520000000000000000e+02
1.171700000000000000e+04 1.200000000000000000e+02 3.280000000000000000e+02 9.840000000000000000e+02
1.175700000000000000e+04 1.440000000000000000e+02 3.280000000000000000e+02 9.520000000000000000e+02
1.179700000000000000e+04 1.120000000000000000e+02 3.280000000000000000e+02 9.600000000000000000e+02
1.183700000000000000e+04 1.040000000000000000e+02 3.200000000000000000e+02 9.600000000000000000e+02
1.187700000000000000e+04 1.040000000000000000e+02 3.120000000000000000e+02 9.200000000000000000e+02
1.191700000000000000e+04 1.120000000000000000e+02 3.360000000000000000e+02 9.680000000000000000e+02
1.194800000000000000e+04 1.200000000000000000e+02 3.600000000000000000e+02 9.040000000000000000e+02
1.198800000000000000e+04 1.520000000000000000e+02 3.360000000000000000e+02 9.440000000000000000e+02
1.202800000000000000e+04 1.360000000000000000e+02 3.280000000000000000e+02 1.000000000000000000e+03
1.206800000000000000e+04 1.200000000000000000e+02 3.120000000000000000e+02 9.680000000000000000e+02
1.210800000000000000e+04 1.200000000000000000e+02 2.960000000000000000e+02 9.680000000000000000e+02
1.214800000000000000e+04 1.120000000000000000e+02 3.120000000000000000e+02 9.600000000000000000e+02
1.218800000000000000e+04 1.120000000000000000e+02 3.200000000000000000e+02 9.600000000000000000e+02
1.222800000000000000e+04 1.200000000000000000e+02 3.440000000000000000e+02 9.600000000000000000e+02
1.226800000000000000e+04 1.280000000000000000e+02 3.760000000000000000e+02 9.520000000000000000e+02
1.230800000000000000e+04 1.120000000000000000e+02 3.760000000000000000e+02 9.440000000000000000e+02
1.234800000000000000e+04 1.200000000000000000e+02 3.920000000000000000e+02 9.600000000000000000e+02
1.238800000000000000e+04 1.440000000000000000e+02 4.000000000000000000e+02 9.680000000000000000e+02
1.242800000000000000e+04 1.680000000000000000e+02 4.000000000000000000e+02 9.760000000000000000e+02
1.246800000000000000e+04 2.080000000000000000e+02 4.240000000000000000e+02 9.040000000000000000e+02
1.250800000000000000e+04 2.160000000000000000e+02 4.160000000000000000e+02 9.040000000000000000e+02
1.254800000000000000e+04 1.920000000000000000e+02 4.000000000000000000e+02 8.720000000000000000e+02
1.258800000000000000e+04 2.160000000000000000e+02 3.920000000000000000e+02 9.040000000000000000e+02
1.262800000000000000e+04 2.160000000000000000e+02 3.920000000000000000e+02 1.008000000000000000e+03
1.266800000000000000e+04 2.080000000000000000e+02 3.760000000000000000e+02 1.024000000000000000e+03
1.270800000000000000e+04 1.120000000000000000e+02 4.000000000000000000e+02 9.600000000000000000e+02
1.274800000000000000e+04 1.120000000000000000e+02 3.520000000000000000e+02 9.040000000000000000e+02
1.278800000000000000e+04 1.760000000000000000e+02 2.960000000000000000e+02 9.440000000000000000e+02
1.282800000000000000e+04 2.080000000000000000e+02 2.400000000000000000e+02 9.680000000000000000e+02
1.286800000000000000e+04 2.080000000000000000e+02 2.160000000000000000e+02 9.600000000000000000e+02
1.290800000000000000e+04 2.000000000000000000e+02 2.320000000000000000e+02 9.280000000000000000e+02
1.294000000000000000e+04 1.600000000000000000e+02 2.400000000000000000e+02 9.440000000000000000e+02
1.298000000000000000e+04 1.280000000000000000e+02 2.560000000000000000e+02 9.680000000000000000e+02
1.302000000000000000e+04 9.600000000000000000e+01 2.720000000000000000e+02 9.680000000000000000e+02
1.306000000000000000e+04 6.400000000000000000e+01 3.040000000000000000e+02 9.760000000000000000e+02
1.310000000000000000e+04 7.200000000000000000e+01 3.200000000000000000e+02 9.840000000000000000e+02
1.314000000000000000e+04 7.200000000000000000e+01 3.600000000000000000e+02 9.680000000000000000e+02
1.318000000000000000e+04 1.040000000000000000e+02 3.440000000000000000e+02 1.008000000000000000e+03
1.322000000000000000e+04 1.360000000000000000e+02 3.520000000000000000e+02 9.920000000000000000e+02
1.326000000000000000e+04 1.440000000000000000e+02 3.600000000000000000e+02 9.760000000000000000e+02
1.330000000000000000e+04 1.440000000000000000e+02 3.360000000000000000e+02 9.520000000000000000e+02
1.334000000000000000e+04 1.440000000000000000e+02 3.120000000000000000e+02 9.520000000000000000e+02
1.338000000000000000e+04 1.280000000000000000e+02 2.720000000000000000e+02 1.008000000000000000e+03
1.342000000000000000e+04 1.120000000000000000e+02 2.640000000000000000e+02 1.040000000000000000e+03
1.346000000000000000e+04 7.200000000000000000e+01 2.640000000000000000e+02 1.000000000000000000e+03
1.350000000000000000e+04 5.600000000000000000e+01 3.040000000000000000e+02 1.064000000000000000e+03
1.354000000000000000e+04 4.000000000000000000e+01 2.960000000000000000e+02 1.072000000000000000e+03
1.358000000000000000e+04 4.800000000000000000e+01 3.120000000000000000e+02 1.056000000000000000e+03
1.362000000000000000e+04 6.400000000000000000e+01 2.960000000000000000e+02 1.048000000000000000e+03
1.366000000000000000e+04 5.600000000000000000e+01 2.800000000000000000e+02 1.048000000000000000e+03
1.370000000000000000e+04 5.600000000000000000e+01 2.720000000000000000e+02 1.064000000000000000e+03
1.374000000000000000e+04 4.000000000000000000e+01 2.800000000000000000e+02 1.112000000000000000e+03
1.378000000000000000e+04 3.200000000000000000e+01 3.200000000000000000e+02 1.000000000000000000e+03
1.382000000000000000e+04 2.400000000000000000e+01 2.880000000000000000e+02 1.000000000000000000e+03
1.386000000000000000e+04 8.000000000000000000e+00 2.880000000000000000e+02 8.560000000000000000e+02
1.390000000000000000e+04 8.000000000000000000e+00 2.800000000000000000e+02 8.160000000000000000e+02
1.393100000000000000e+04 0.000000000000000000e+00 2.960000000000000000e+02 8.000000000000000000e+02
1.397100000000000000e+04 -8.000000000000000000e+00 3.120000000000000000e+02 8.080000000000000000e+02
1.401100000000000000e+04 -3.200000000000000000e+01 3.120000000000000000e+02 8.800000000000000000e+02
1.405100000000000000e+04 0.000000000000000000e+00 2.960000000000000000e+02 9.200000000000000000e+02
1.409100000000000000e+04 -3.200000000000000000e+01 2.800000000000000000e+02 9.040000000000000000e+02
1.413100000000000000e+04 -4.000000000000000000e+01 2.880000000000000000e+02 9.120000000000000000e+02
1.417100000000000000e+04 -2.400000000000000000e+01 3.440000000000000000e+02 9.360000000000000000e+02
1.421100000000000000e+04 0.000000000000000000e+00 3.600000000000000000e+02 8.720000000000000000e+02
1.425100000000000000e+04 2.400000000000000000e+01 3.840000000000000000e+02 8.880000000000000000e+02
1.429100000000000000e+04 5.600000000000000000e+01 4.000000000000000000e+02 8.640000000000000000e+02
1.433100000000000000e+04 8.800000000000000000e+01 3.840000000000000000e+02 9.120000000000000000e+02
1.437100000000000000e+04 1.120000000000000000e+02 3.840000000000000000e+02 1.048000000000000000e+03
1.441100000000000000e+04 1.280000000000000000e+02 3.760000000000000000e+02 9.440000000000000000e+02
1.445100000000000000e+04 1.440000000000000000e+02 4.080000000000000000e+02 9.040000000000000000e+02
1.449100000000000000e+04 1.680000000000000000e+02 3.680000000000000000e+02 9.760000000000000000e+02
1.453100000000000000e+04 1.840000000000000000e+02 3.360000000000000000e+02 9.520000000000000000e+02
1.457100000000000000e+04 1.840000000000000000e+02 3.520000000000000000e+02 9.520000000000000000e+02
1.461100000000000000e+04 2.160000000000000000e+02 3.600000000000000000e+02 9.840000000000000000e+02
1.465100000000000000e+04 2.720000000000000000e+02 3.440000000000000000e+02 9.760000000000000000e+02
1.469100000000000000e+04 2.960000000000000000e+02 3.760000000000000000e+02 9.200000000000000000e+02
1.473100000000000000e+04 2.960000000000000000e+02 3.920000000000000000e+02 8.240000000000000000e+02
1.477100000000000000e+04 3.360000000000000000e+02 3.680000000000000000e+02 8.720000000000000000e+02
1.481100000000000000e+04 4.000000000000000000e+02 3.760000000000000000e+02 9.600000000000000000e+02
1.485100000000000000e+04 4.400000000000000000e+02 4.000000000000000000e+02 8.480000000000000000e+02
1.489100000000000000e+04 4.560000000000000000e+02 3.920000000000000000e+02 9.280000000000000000e+02
1.492200000000000000e+04 4.720000000000000000e+02 4.000000000000000000e+02 9.920000000000000000e+02
1.496200000000000000e+04 4.240000000000000000e+02 4.880000000000000000e+02 7.840000000000000000e+02
1.500200000000000000e+04 3.760000000000000000e+02 5.040000000000000000e+02 8.400000000000000000e+02
1.504200000000000000e+04 3.600000000000000000e+02 5.120000000000000000e+02 7.760000000000000000e+02
1.508200000000000000e+04 3.920000000000000000e+02 5.440000000000000000e+02 8.080000000000000000e+02
1.512200000000000000e+04 4.960000000000000000e+02 5.360000000000000000e+02 7.360000000000000000e+02
1.516200000000000000e+04 4.400000000000000000e+02 6.160000000000000000e+02 8.000000000000000000e+02
1.520200000000000000e+04 4.080000000000000000e+02 6.240000000000000000e+02 7.440000000000000000e+02
1.524200000000000000e+04 3.360000000000000000e+02 6.240000000000000000e+02 7.440000000000000000e+02
1.528200000000000000e+04 2.720000000000000000e+02 6.080000000000000000e+02 7.200000000000000000e+02
1.532200000000000000e+04 2.560000000000000000e+02 6.240000000000000000e+02 8.320000000000000000e+02
1.536200000000000000e+04 2.800000000000000000e+02 5.840000000000000000e+02 8.480000000000000000e+02
1.540200000000000000e+04 2.640000000000000000e+02 6.000000000000000000e+02 7.680000000000000000e+02
1.544200000000000000e+04 2.720000000000000000e+02 6.160000000000000000e+02 8.160000000000000000e+02
1.548200000000000000e+04 2.960000000000000000e+02 6.400000000000000000e+02 7.600000000000000000e+02
1.552200000000000000e+04 2.720000000000000000e+02 6.640000000000000000e+02 6.960000000000000000e+02
1.556200000000000000e+04 2.800000000000000000e+02 6.640000000000000000e+02 6.080000000000000000e+02
1.560200000000000000e+04 3.040000000000000000e+02 6.800000000000000000e+02 5.680000000000000000e+02
1.564200000000000000e+04 2.880000000000000000e+02 7.200000000000000000e+02 5.040000000000000000e+02
1.568200000000000000e+04 2.560000000000000000e+02 7.680000000000000000e+02 6.400000000000000000e+02
1.572200000000000000e+04 2.400000000000000000e+02 7.920000000000000000e+02 6.720000000000000000e+02
1.576200000000000000e+04 2.480000000000000000e+02 7.920000000000000000e+02 6.800000000000000000e+02
1.580200000000000000e+04 2.480000000000000000e+02 8.080000000000000000e+02 6.320000000000000000e+02
1.584200000000000000e+04 2.560000000000000000e+02 7.360000000000000000e+02 6.400000000000000000e+02
1.588200000000000000e+04 2.560000000000000000e+02 7.680000000000000000e+02 6.720000000000000000e+02
1.591500000000000000e+04 2.320000000000000000e+02 7.600000000000000000e+02 6.880000000000000000e+02
1.595500000000000000e+04 2.320000000000000000e+02 7.360000000000000000e+02 7.200000000000000000e+02
1.599500000000000000e+04 2.480000000000000000e+02 7.520000000000000000e+02 5.680000000000000000e+02
1.603500000000000000e+04 2.480000000000000000e+02 7.840000000000000000e+02 4.320000000000000000e+02
1.607500000000000000e+04 2.480000000000000000e+02 7.680000000000000000e+02 5.440000000000000000e+02
1.611500000000000000e+04 2.640000000000000000e+02 8.320000000000000000e+02 5.200000000000000000e+02
1.615500000000000000e+04 2.400000000000000000e+02 8.080000000000000000e+02 5.600000000000000000e+02
1.619500000000000000e+04 2.400000000000000000e+02 8.320000000000000000e+02 4.640000000000000000e+02
1.623500000000000000e+04 2.320000000000000000e+02 8.320000000000000000e+02 5.200000000000000000e+02
1.627500000000000000e+04 2.000000000000000000e+02 8.400000000000000000e+02 5.440000000000000000e+02
1.631500000000000000e+04 2.080000000000000000e+02 8.240000000000000000e+02 5.200000000000000000e+02
1.635500000000000000e+04 1.920000000000000000e+02 8.000000000000000000e+02 5.840000000000000000e+02
1.639500000000000000e+04 2.000000000000000000e+02 7.680000000000000000e+02 6.240000000000000000e+02
1.643500000000000000e+04 2.240000000000000000e+02 8.080000000000000000e+02 5.520000000000000000e+02
1.647500000000000000e+04 2.160000000000000000e+02 8.160000000000000000e+02 5.520000000000000000e+02
1.651500000000000000e+04 2.160000000000000000e+02 8.320000000000000000e+02 6.000000000000000000e+02
1.655500000000000000e+04 2.320000000000000000e+02 8.080000000000000000e+02 5.600000000000000000e+02
1.659500000000000000e+04 2.240000000000000000e+02 8.160000000000000000e+02 5.520000000000000000e+02
1.663500000000000000e+04 2.160000000000000000e+02 8.160000000000000000e+02 6.000000000000000000e+02
1.667500000000000000e+04 2.240000000000000000e+02 7.680000000000000000e+02 5.600000000000000000e+02
1.671500000000000000e+04 2.320000000000000000e+02 8.000000000000000000e+02 5.920000000000000000e+02
1.675500000000000000e+04 2.320000000000000000e+02 7.920000000000000000e+02 5.840000000000000000e+02
1.679500000000000000e+04 2.240000000000000000e+02 7.760000000000000000e+02 6.400000000000000000e+02
1.683500000000000000e+04 2.240000000000000000e+02 7.840000000000000000e+02 6.800000000000000000e+02
1.687500000000000000e+04 2.000000000000000000e+02 7.680000000000000000e+02 6.160000000000000000e+02
1.690600000000000000e+04 2.080000000000000000e+02 7.600000000000000000e+02 6.800000000000000000e+02
1.694600000000000000e+04 2.240000000000000000e+02 7.760000000000000000e+02 6.320000000000000000e+02
1.698600000000000000e+04 2.160000000000000000e+02 7.760000000000000000e+02 6.800000000000000000e+02
1.702600000000000000e+04 2.000000000000000000e+02 7.440000000000000000e+02 6.880000000000000000e+02
1.706600000000000000e+04 2.240000000000000000e+02 7.280000000000000000e+02 7.280000000000000000e+02
1.710600000000000000e+04 2.240000000000000000e+02 7.280000000000000000e+02 6.720000000000000000e+02
1.714600000000000000e+04 2.240000000000000000e+02 7.280000000000000000e+02 6.400000000000000000e+02
1.718600000000000000e+04 2.160000000000000000e+02 7.280000000000000000e+02 7.200000000000000000e+02
1.722600000000000000e+04 2.240000000000000000e+02 7.440000000000000000e+02 6.880000000000000000e+02
1.726600000000000000e+04 2.320000000000000000e+02 7.360000000000000000e+02 6.880000000000000000e+02
1.730600000000000000e+04 2.240000000000000000e+02 7.280000000000000000e+02 6.640000000000000000e+02
1.734600000000000000e+04 2.160000000000000000e+02 7.040000000000000000e+02 6.880000000000000000e+02
1.738600000000000000e+04 2.080000000000000000e+02 7.120000000000000000e+02 6.800000000000000000e+02
1.742600000000000000e+04 2.160000000000000000e+02 7.200000000000000000e+02 6.960000000000000000e+02
1.746600000000000000e+04 2.080000000000000000e+02 7.120000000000000000e+02 6.720000000000000000e+02
1.750600000000000000e+04 2.080000000000000000e+02 7.120000000000000000e+02 6.640000000000000000e+02
1.754600000000000000e+04 2.080000000000000000e+02 7.200000000000000000e+02 6.880000000000000000e+02
1.758600000000000000e+04 1.920000000000000000e+02 7.200000000000000000e+02 6.960000000000000000e+02
1.762600000000000000e+04 1.840000000000000000e+02 7.200000000000000000e+02 7.120000000000000000e+02
1.766600000000000000e+04 1.920000000000000000e+02 6.960000000000000000e+02 7.120000000000000000e+02
1.770600000000000000e+04 2.000000000000000000e+02 6.960000000000000000e+02 7.120000000000000000e+02
1.774600000000000000e+04 2.080000000000000000e+02 7.040000000000000000e+02 6.880000000000000000e+02
1.778600000000000000e+04 2.160000000000000000e+02 7.120000000000000000e+02 6.880000000000000000e+02
1.782600000000000000e+04 2.160000000000000000e+02 7.040000000000000000e+02 6.960000000000000000e+02
1.786600000000000000e+04 2.320000000000000000e+02 6.960000000000000000e+02 7.200000000000000000e+02
1.789800000000000000e+04 2.240000000000000000e+02 7.120000000000000000e+02 7.200000000000000000e+02
1.793800000000000000e+04 1.920000000000000000e+02 7.360000000000000000e+02 7.360000000000000000e+02
1.797800000000000000e+04 2.320000000000000000e+02 7.200000000000000000e+02 6.960000000000000000e+02
1.801800000000000000e+04 2.560000000000000000e+02 6.880000000000000000e+02 7.200000000000000000e+02
1.805800000000000000e+04 2.400000000000000000e+02 6.960000000000000000e+02 6.960000000000000000e+02
1.809800000000000000e+04 2.320000000000000000e+02 7.120000000000000000e+02 6.080000000000000000e+02
1.813800000000000000e+04 2.320000000000000000e+02 7.040000000000000000e+02 6.640000000000000000e+02
1.817800000000000000e+04 2.400000000000000000e+02 7.280000000000000000e+02 6.240000000000000000e+02
1.821800000000000000e+04 2.320000000000000000e+02 7.120000000000000000e+02 6.480000000000000000e+02
1.825800000000000000e+04 2.320000000000000000e+02 7.120000000000000000e+02 6.960000000000000000e+02
1.829800000000000000e+04 2.400000000000000000e+02 7.360000000000000000e+02 7.040000000000000000e+02
1.833800000000000000e+04 2.640000000000000000e+02 7.600000000000000000e+02 6.640000000000000000e+02
1.837800000000000000e+04 2.560000000000000000e+02 7.520000000000000000e+02 7.200000000000000000e+02
1.841800000000000000e+04 2.560000000000000000e+02 7.280000000000000000e+02 6.720000000000000000e+02
1.845800000000000000e+04 2.080000000000000000e+02 6.960000000000000000e+02 7.040000000000000000e+02
1.849800000000000000e+04 2.160000000000000000e+02 7.040000000000000000e+02 5.360000000000000000e+02
1.853800000000000000e+04 2.320000000000000000e+02 7.600000000000000000e+02 6.160000000000000000e+02
1.857800000000000000e+04 2.320000000000000000e+02 8.000000000000000000e+02 6.320000000000000000e+02
1.861800000000000000e+04 2.240000000000000000e+02 7.520000000000000000e+02 6.080000000000000000e+02
1.865800000000000000e+04 2.400000000000000000e+02 7.360000000000000000e+02 6.080000000000000000e+02
1.869800000000000000e+04 2.400000000000000000e+02 7.120000000000000000e+02 6.400000000000000000e+02
1.873800000000000000e+04 2.400000000000000000e+02 7.520000000000000000e+02 6.400000000000000000e+02
1.877800000000000000e+04 2.240000000000000000e+02 7.200000000000000000e+02 6.160000000000000000e+02
1.881800000000000000e+04 2.160000000000000000e+02 7.680000000000000000e+02 6.560000000000000000e+02
1.885800000000000000e+04 2.160000000000000000e+02 8.000000000000000000e+02 6.400000000000000000e+02
1.888900000000000000e+04 2.400000000000000000e+02 7.680000000000000000e+02 6.080000000000000000e+02
1.892900000000000000e+04 2.320000000000000000e+02 7.520000000000000000e+02 6.960000000000000000e+02
1.896900000000000000e+04 2.320000000000000000e+02 7.680000000000000000e+02 6.800000000000000000e+02
1.900900000000000000e+04 2.160000000000000000e+02 7.520000000000000000e+02 6.000000000000000000e+02
1.904900000000000000e+04 2.160000000000000000e+02 7.360000000000000000e+02 6.000000000000000000e+02
1.908900000000000000e+04 2.160000000000000000e+02 7.680000000000000000e+02 6.480000000000000000e+02
1.912900000000000000e+04 2.000000000000000000e+02 7.760000000000000000e+02 6.400000000000000000e+02
1.916900000000000000e+04 2.080000000000000000e+02 7.760000000000000000e+02 6.640000000000000000e+02
1.920900000000000000e+04 2.080000000000000000e+02 7.600000000000000000e+02 5.760000000000000000e+02
1.924900000000000000e+04 2.080000000000000000e+02 7.600000000000000000e+02 6.240000000000000000e+02
1.928900000000000000e+04 2.000000000000000000e+02 7.600000000000000000e+02 6.480000000000000000e+02
1.932900000000000000e+04 2.000000000000000000e+02 7.680000000000000000e+02 6.560000000000000000e+02
1.936900000000000000e+04 2.000000000000000000e+02 7.600000000000000000e+02 6.240000000000000000e+02
1.940900000000000000e+04 2.080000000000000000e+02 7.360000000000000000e+02 6.640000000000000000e+02
1.944900000000000000e+04 1.920000000000000000e+02 7.840000000000000000e+02 6.960000000000000000e+02
1.948900000000000000e+04 1.920000000000000000e+02 7.760000000000000000e+02 5.920000000000000000e+02
1.952900000000000000e+04 1.840000000000000000e+02 7.760000000000000000e+02 5.680000000000000000e+02
1.956900000000000000e+04 2.080000000000000000e+02 8.000000000000000000e+02 6.320000000000000000e+02
1.960900000000000000e+04 2.160000000000000000e+02 8.000000000000000000e+02 6.080000000000000000e+02
1.964900000000000000e+04 2.320000000000000000e+02 8.000000000000000000e+02 6.240000000000000000e+02
1.968900000000000000e+04 2.240000000000000000e+02 7.600000000000000000e+02 6.160000000000000000e+02
1.972900000000000000e+04 2.160000000000000000e+02 7.520000000000000000e+02 6.640000000000000000e+02
1.976900000000000000e+04 2.240000000000000000e+02 7.440000000000000000e+02 6.160000000000000000e+02
1.980900000000000000e+04 2.320000000000000000e+02 7.920000000000000000e+02 5.520000000000000000e+02
1.984900000000000000e+04 2.320000000000000000e+02 8.000000000000000000e+02 6.240000000000000000e+02
