1.220000000000000000e+02 -4.800000000000000000e+01 5.120000000000000000e+02 7.440000000000000000e+02
1.620000000000000000e+02 -7.200000000000000000e+01 5.520000000000000000e+02 8.240000000000000000e+02
2.020000000000000000e+02 -7.200000000000000000e+01 6.720000000000000000e+02 1.024000000000000000e+03
2.420000000000000000e+02 -2.400000000000000000e+01 6.960000000000000000e+02 9.840000000000000000e+02
2.820000000000000000e+02 1.040000000000000000e+02 7.840000000000000000e+02 1.264000000000000000e+03
3.220000000000000000e+02 2.640000000000000000e+02 8.720000000000000000e+02 8.640000000000000000e+02
3.620000000000000000e+02 3.520000000000000000e+02 8.160000000000000000e+02 8.080000000000000000e+02
4.020000000000000000e+02 3.920000000000000000e+02 7.040000000000000000e+02 6.400000000000000000e+02
4.420000000000000000e+02 4.160000000000000000e+02 6.800000000000000000e+02 7.600000000000000000e+02
4.820000000000000000e+02 3.760000000000000000e+02 6.960000000000000000e+02 5.920000000000000000e+02
5.220000000000000000e+02 2.240000000000000000e+02 6.240000000000000000e+02 4.880000000000000000e+02
5.620000000000000000e+02 1.760000000000000000e+02 4.880000000000000000e+02 4.880000000000000000e+02
6.020000000000000000e+02 1.440000000000000000e+02 4.320000000000000000e+02 5.440000000000000000e+02
6.420000000000000000e+02 1.520000000000000000e+02 5.040000000000000000e+02 6.560000000000000000e+02
6.820000000000000000e+02 2.160000000000000000e+02 6.000000000000000000e+02 8.080000000000000000e+02
7.220000000000000000e+02 2.400000000000000000e+02 6.880000000000000000e+02 1.056000000000000000e+03
7.620000000000000000e+02 2.080000000000000000e+02 7.360000000000000000e+02 9.760000000000000000e+02
8.020000000000000000e+02 2.000000000000000000e+02 8.160000000000000000e+02 1.096000000000000000e+03
8.420000000000000000e+02 2.720000000000000000e+02 8.240000000000000000e+02 6.320000000000000000e+02
8.820000000000000000e+02 4.400000000000000000e+02 8.160000000000000000e+02 6.240000000000000000e+02
9.220000000000000000e+02 4.800000000000000000e+02 7.600000000000000000e+02 5.600000000000000000e+02
9.620000000000000000e+02 4.080000000000000000e+02 7.600000000000000000e+02 4.320000000000000000e+02
1.002000000000000000e+03 2.640000000000000000e+02 6.960000000000000000e+02 4.240000000000000000e+02
1.042000000000000000e+03 1.280000000000000000e+02 5.920000000000000000e+02 4.880000000000000000e+02
1.082000000000000000e+03 6.400000000000000000e+01 5.440000000000000000e+02 5.840000000000000000e+02
1.090000000000000000e+03 5.600000000000000000e+01 5.600000000000000000e+02 6.960000000000000000e+02
1.130000000000000000e+03 4.000000000000000000e+01 5.920000000000000000e+02 7.280000000000000000e+02
1.170000000000000000e+03 8.000000000000000000e+01 6.800000000000000000e+02 1.008000000000000000e+03
1.210000000000000000e+03 1.840000000000000000e+02 7.520000000000000000e+02 1.032000000000000000e+03
1.250000000000000000e+03 1.440000000000000000e+02 7.760000000000000000e+02 1.008000000000000000e+03
1.290000000000000000e+03 2.400000000000000000e+02 8.320000000000000000e+02 1.144000000000000000e+03
1.330000000000000000e+03 3.520000000000000000e+02 7.920000000000000000e+02 8.480000000000000000e+02
1.370000000000000000e+03 4.240000000000000000e+02 6.800000000000000000e+02 8.080000000000000000e+02
1.410000000000000000e+03 4.480000000000000000e+02 5.680000000000000000e+02 6.800000000000000000e+02
1.450000000000000000e+03 3.920000000000000000e+02 5.760000000000000000e+02 7.200000000000000000e+02
1.490000000000000000e+03 3.200000000000000000e+02 5.680000000000000000e+02 6.320000000000000000e+02
1.530000000000000000e+03 2.080000000000000000e+02 5.280000000000000000e+02 5.120000000000000000e+02
1.570000000000000000e+03 2.320000000000000000e+02 4.720000000000000000e+02 5.680000000000000000e+02
1.610000000000000000e+03 2.640000000000000000e+02 4.160000000000000000e+02 5.360000000000000000e+02
1.650000000000000000e+03 2.880000000000000000e+02 4.880000000000000000e+02 7.440000000000000000e+02
1.690000000000000000e+03 3.920000000000000000e+02 6.480000000000000000e+02 1.000000000000000000e+03
1.730000000000000000e+03 3.840000000000000000e+02 7.520000000000000000e+02 1.056000000000000000e+03
1.770000000000000000e+03 2.880000000000000000e+02 7.920000000000000000e+02 1.056000000000000000e+03
1.810000000000000000e+03 2.560000000000000000e+02 8.240000000000000000e+02 1.064000000000000000e+03
1.850000000000000000e+03 3.840000000000000000e+02 7.520000000000000000e+02 5.920000000000000000e+02
1.890000000000000000e+03 5.200000000000000000e+02 6.640000000000000000e+02 4.720000000000000000e+02
1.930000000000000000e+03 5.040000000000000000e+02 6.160000000000000000e+02 4.400000000000000000e+02
1.970000000000000000e+03 4.160000000000000000e+02 5.680000000000000000e+02 5.440000000000000000e+02
2.010000000000000000e+03 2.560000000000000000e+02 5.680000000000000000e+02 6.080000000000000000e+02
2.050000000000000000e+03 1.840000000000000000e+02 5.440000000000000000e+02 5.920000000000000000e+02
2.082000000000000000e+03 1.440000000000000000e+02 5.200000000000000000e+02 5.840000000000000000e+02
2.122000000000000000e+03 1.040000000000000000e+02 5.120000000000000000e+02 6.560000000000000000e+02
2.162000000000000000e+03 7.200000000000000000e+01 5.760000000000000000e+02 8.080000000000000000e+02
2.202000000000000000e+03 4.800000000000000000e+01 6.320000000000000000e+02 9.920000000000000000e+02
2.242000000000000000e+03 1.200000000000000000e+02 7.200000000000000000e+02 1.008000000000000000e+03
2.282000000000000000e+03 1.200000000000000000e+02 7.760000000000000000e+02 1.048000000000000000e+03
2.322000000000000000e+03 1.280000000000000000e+02 8.160000000000000000e+02 1.104000000000000000e+03
2.362000000000000000e+03 2.400000000000000000e+02 7.600000000000000000e+02 8.160000000000000000e+02
2.402000000000000000e+03 3.040000000000000000e+02 7.040000000000000000e+02 9.440000000000000000e+02
2.442000000000000000e+03 3.600000000000000000e+02 6.160000000000000000e+02 8.000000000000000000e+02
2.482000000000000000e+03 3.200000000000000000e+02 5.600000000000000000e+02 6.800000000000000000e+02
2.522000000000000000e+03 2.880000000000000000e+02 5.120000000000000000e+02 6.080000000000000000e+02
2.562000000000000000e+03 2.160000000000000000e+02 4.720000000000000000e+02 4.960000000000000000e+02
2.602000000000000000e+03 1.280000000000000000e+02 4.720000000000000000e+02 5.520000000000000000e+02
2.642000000000000000e+03 6.400000000000000000e+01 4.880000000000000000e+02 5.760000000000000000e+02
2.682000000000000000e+03 5.600000000000000000e+01 5.920000000000000000e+02 8.240000000000000000e+02
2.722000000000000000e+03 1.200000000000000000e+02 7.440000000000000000e+02 9.760000000000000000e+02
2.762000000000000000e+03 1.120000000000000000e+02 8.480000000000000000e+02 8.480000000000000000e+02
2.802000000000000000e+03 1.200000000000000000e+02 9.360000000000000000e+02 1.120000000000000000e+03
2.842000000000000000e+03 1.360000000000000000e+02 9.280000000000000000e+02 8.640000000000000000e+02
2.882000000000000000e+03 2.240000000000000000e+02 9.280000000000000000e+02 5.440000000000000000e+02
2.922000000000000000e+03 3.200000000000000000e+02 8.320000000000000000e+02 6.000000000000000000e+02
2.962000000000000000e+03 2.480000000000000000e+02 6.880000000000000000e+02 5.600000000000000000e+02
3.002000000000000000e+03 1.040000000000000000e+02 5.760000000000000000e+02 5.120000000000000000e+02
3.042000000000000000e+03 -8.000000000000000000e+00 5.120000000000000000e+02 4.480000000000000000e+02
3.075000000000000000e+03 -7.200000000000000000e+01 4.800000000000000000e+02 5.520000000000000000e+02
3.115000000000000000e+03 -1.200000000000000000e+02 4.880000000000000000e+02 6.480000000000000000e+02
3.155000000000000000e+03 -1.600000000000000000e+02 5.040000000000000000e+02 7.600000000000000000e+02
3.195000000000000000e+03 -2.160000000000000000e+02 6.400000000000000000e+02 8.960000000000000000e+02
3.235000000000000000e+03 -1.600000000000000000e+02 7.760000000000000000e+02 1.024000000000000000e+03
3.275000000000000000e+03 -1.280000000000000000e+02 8.240000000000000000e+02 1.120000000000000000e+03
3.315000000000000000e+03 -9.600000000000000000e+01 8.480000000000000000e+02 1.216000000000000000e+03
3.355000000000000000e+03 -1.600000000000000000e+01 7.920000000000000000e+02 9.120000000000000000e+02
3.395000000000000000e+03 8.000000000000000000e+01 7.040000000000000000e+02 9.520000000000000000e+02
3.435000000000000000e+03 8.000000000000000000e+01 6.400000000000000000e+02 9.440000000000000000e+02
3.475000000000000000e+03 8.800000000000000000e+01 5.760000000000000000e+02 7.200000000000000000e+02
3.515000000000000000e+03 8.800000000000000000e+01 4.800000000000000000e+02 6.000000000000000000e+02
3.555000000000000000e+03 9.600000000000000000e+01 4.720000000000000000e+02 5.360000000000000000e+02
3.595000000000000000e+03 7.200000000000000000e+01 4.800000000000000000e+02 5.200000000000000000e+02
3.635000000000000000e+03 0.000000000000000000e+00 5.200000000000000000e+02 6.320000000000000000e+02
3.675000000000000000e+03 1.600000000000000000e+01 5.840000000000000000e+02 7.680000000000000000e+02
3.715000000000000000e+03 2.400000000000000000e+01 6.880000000000000000e+02 9.360000000000000000e+02
3.755000000000000000e+03 8.000000000000000000e+00 7.760000000000000000e+02 1.024000000000000000e+03
3.795000000000000000e+03 -8.800000000000000000e+01 8.880000000000000000e+02 1.152000000000000000e+03
3.835000000000000000e+03 -3.200000000000000000e+01 8.960000000000000000e+02 9.840000000000000000e+02
3.875000000000000000e+03 3.200000000000000000e+01 8.480000000000000000e+02 6.960000000000000000e+02
3.915000000000000000e+03 7.200000000000000000e+01 8.400000000000000000e+02 6.880000000000000000e+02
3.955000000000000000e+03 1.520000000000000000e+02 7.680000000000000000e+02 5.600000000000000000e+02
3.995000000000000000e+03 9.600000000000000000e+01 6.720000000000000000e+02 4.880000000000000000e+02
4.035000000000000000e+03 1.600000000000000000e+01 6.080000000000000000e+02 4.720000000000000000e+02
4.067000000000000000e+03 -4.800000000000000000e+01 5.360000000000000000e+02 4.480000000000000000e+02
4.107000000000000000e+03 -9.600000000000000000e+01 4.800000000000000000e+02 5.360000000000000000e+02
4.147000000000000000e+03 -1.600000000000000000e+02 5.040000000000000000e+02 6.160000000000000000e+02
4.187000000000000000e+03 -2.080000000000000000e+02 5.440000000000000000e+02 7.360000000000000000e+02
4.227000000000000000e+03 -2.320000000000000000e+02 6.960000000000000000e+02 9.680000000000000000e+02
4.267000000000000000e+03 -1.840000000000000000e+02 7.920000000000000000e+02 1.016000000000000000e+03
4.307000000000000000e+03 -1.600000000000000000e+02 9.520000000000000000e+02 1.232000000000000000e+03
4.347000000000000000e+03 8.000000000000000000e+00 9.520000000000000000e+02 9.360000000000000000e+02
4.387000000000000000e+03 1.440000000000000000e+02 7.600000000000000000e+02 6.640000000000000000e+02
4.427000000000000000e+03 1.680000000000000000e+02 6.960000000000000000e+02 7.040000000000000000e+02
4.467000000000000000e+03 1.280000000000000000e+02 6.480000000000000000e+02 7.680000000000000000e+02
4.507000000000000000e+03 8.000000000000000000e+01 6.640000000000000000e+02 8.080000000000000000e+02
4.547000000000000000e+03 8.000000000000000000e+01 6.160000000000000000e+02 5.520000000000000000e+02
4.587000000000000000e+03 3.200000000000000000e+01 5.360000000000000000e+02 4.800000000000000000e+02
4.627000000000000000e+03 1.600000000000000000e+01 5.200000000000000000e+02 5.040000000000000000e+02
4.667000000000000000e+03 -3.200000000000000000e+01 5.360000000000000000e+02 5.440000000000000000e+02
4.707000000000000000e+03 -8.000000000000000000e+00 6.160000000000000000e+02 6.720000000000000000e+02
4.747000000000000000e+03 1.600000000000000000e+01 7.200000000000000000e+02 9.760000000000000000e+02
4.787000000000000000e+03 0.000000000000000000e+00 8.160000000000000000e+02 1.056000000000000000e+03
4.827000000000000000e+03 0.000000000000000000e+00 8.960000000000000000e+02 1.072000000000000000e+03
4.867000000000000000e+03 4.800000000000000000e+01 9.440000000000000000e+02 8.640000000000000000e+02
4.907000000000000000e+03 1.360000000000000000e+02 9.760000000000000000e+02 7.280000000000000000e+02
4.947000000000000000e+03 2.720000000000000000e+02 8.960000000000000000e+02 5.840000000000000000e+02
4.987000000000000000e+03 2.560000000000000000e+02 7.760000000000000000e+02 5.040000000000000000e+02
5.027000000000000000e+03 1.280000000000000000e+02 6.480000000000000000e+02 4.080000000000000000e+02
5.059000000000000000e+03 4.000000000000000000e+01 5.520000000000000000e+02 4.320000000000000000e+02
5.099000000000000000e+03 -2.400000000000000000e+01 5.200000000000000000e+02 5.600000000000000000e+02
5.139000000000000000e+03 -8.000000000000000000e+01 5.120000000000000000e+02 6.160000000000000000e+02
5.179000000000000000e+03 -1.120000000000000000e+02 5.440000000000000000e+02 7.280000000000000000e+02
5.219000000000000000e+03 -1.280000000000000000e+02 6.320000000000000000e+02 8.640000000000000000e+02
5.259000000000000000e+03 -1.600000000000000000e+02 7.520000000000000000e+02 1.064000000000000000e+03
5.299000000000000000e+03 -1.440000000000000000e+02 7.920000000000000000e+02 9.920000000000000000e+02
5.339000000000000000e+03 -1.280000000000000000e+02 8.720000000000000000e+02 1.160000000000000000e+03
5.379000000000000000e+03 4.000000000000000000e+01 7.920000000000000000e+02 8.240000000000000000e+02
5.419000000000000000e+03 1.840000000000000000e+02 7.200000000000000000e+02 8.400000000000000000e+02
5.459000000000000000e+03 2.240000000000000000e+02 6.240000000000000000e+02 7.360000000000000000e+02
5.499000000000000000e+03 2.640000000000000000e+02 6.000000000000000000e+02 8.000000000000000000e+02
5.539000000000000000e+03 2.640000000000000000e+02 6.000000000000000000e+02 6.800000000000000000e+02
5.579000000000000000e+03 1.600000000000000000e+02 6.080000000000000000e+02 5.280000000000000000e+02
5.619000000000000000e+03 6.400000000000000000e+01 6.640000000000000000e+02 6.000000000000000000e+02
5.659000000000000000e+03 1.280000000000000000e+02 6.240000000000000000e+02 5.440000000000000000e+02
5.699000000000000000e+03 1.440000000000000000e+02 5.440000000000000000e+02 6.160000000000000000e+02
5.739000000000000000e+03 1.360000000000000000e+02 6.000000000000000000e+02 7.120000000000000000e+02
5.779000000000000000e+03 8.000000000000000000e+01 6.960000000000000000e+02 8.960000000000000000e+02
5.819000000000000000e+03 4.800000000000000000e+01 8.560000000000000000e+02 1.176000000000000000e+03
5.859000000000000000e+03 8.000000000000000000e+01 8.400000000000000000e+02 9.920000000000000000e+02
5.899000000000000000e+03 2.800000000000000000e+02 8.160000000000000000e+02 7.040000000000000000e+02
5.939000000000000000e+03 4.160000000000000000e+02 8.160000000000000000e+02 6.080000000000000000e+02
5.979000000000000000e+03 3.840000000000000000e+02 7.280000000000000000e+02 5.120000000000000000e+02
6.019000000000000000e+03 2.800000000000000000e+02 6.960000000000000000e+02 5.360000000000000000e+02
6.051000000000000000e+03 2.160000000000000000e+02 6.480000000000000000e+02 5.360000000000000000e+02
6.091000000000000000e+03 1.760000000000000000e+02 5.840000000000000000e+02 5.040000000000000000e+02
6.131000000000000000e+03 8.000000000000000000e+01 6.000000000000000000e+02 6.080000000000000000e+02
6.171000000000000000e+03 -2.400000000000000000e+01 6.400000000000000000e+02 6.480000000000000000e+02
6.211000000000000000e+03 -1.360000000000000000e+02 6.720000000000000000e+02 7.360000000000000000e+02
6.251000000000000000e+03 -8.000000000000000000e+00 6.400000000000000000e+02 8.240000000000000000e+02
6.291000000000000000e+03 1.200000000000000000e+02 7.040000000000000000e+02 8.800000000000000000e+02
6.331000000000000000e+03 8.800000000000000000e+01 8.320000000000000000e+02 1.088000000000000000e+03
6.371000000000000000e+03 2.160000000000000000e+02 8.720000000000000000e+02 1.144000000000000000e+03
6.411000000000000000e+03 3.600000000000000000e+02 8.320000000000000000e+02 8.800000000000000000e+02
6.451000000000000000e+03 2.640000000000000000e+02 7.200000000000000000e+02 7.920000000000000000e+02
6.491000000000000000e+03 2.560000000000000000e+02 5.840000000000000000e+02 8.000000000000000000e+02
6.531000000000000000e+03 3.280000000000000000e+02 4.720000000000000000e+02 7.680000000000000000e+02
6.571000000000000000e+03 3.040000000000000000e+02 4.800000000000000000e+02 6.400000000000000000e+02
6.611000000000000000e+03 2.560000000000000000e+02 4.880000000000000000e+02 6.080000000000000000e+02
6.651000000000000000e+03 2.240000000000000000e+02 5.040000000000000000e+02 6.000000000000000000e+02
6.691000000000000000e+03 2.000000000000000000e+02 5.120000000000000000e+02 5.840000000000000000e+02
6.731000000000000000e+03 1.840000000000000000e+02 5.440000000000000000e+02 6.880000000000000000e+02
6.771000000000000000e+03 1.920000000000000000e+02 6.160000000000000000e+02 7.680000000000000000e+02
6.811000000000000000e+03 1.600000000000000000e+02 6.800000000000000000e+02 9.280000000000000000e+02
6.851000000000000000e+03 1.280000000000000000e+02 7.680000000000000000e+02 1.024000000000000000e+03
6.891000000000000000e+03 1.600000000000000000e+02 8.560000000000000000e+02 1.008000000000000000e+03
6.931000000000000000e+03 1.360000000000000000e+02 8.880000000000000000e+02 1.072000000000000000e+03
6.971000000000000000e+03 1.920000000000000000e+02 8.400000000000000000e+02 7.840000000000000000e+02
7.011000000000000000e+03 3.200000000000000000e+02 7.120000000000000000e+02 6.880000000000000000e+02
7.043000000000000000e+03 3.680000000000000000e+02 6.720000000000000000e+02 6.000000000000000000e+02
7.083000000000000000e+03 3.200000000000000000e+02 6.800000000000000000e+02 5.680000000000000000e+02
7.123000000000000000e+03 2.080000000000000000e+02 6.560000000000000000e+02 5.360000000000000000e+02
7.163000000000000000e+03 9.600000000000000000e+01 5.920000000000000000e+02 5.360000000000000000e+02
7.203000000000000000e+03 4.000000000000000000e+01 5.600000000000000000e+02 6.000000000000000000e+02
7.243000000000000000e+03 1.600000000000000000e+01 5.760000000000000000e+02 6.560000000000000000e+02
7.283000000000000000e+03 2.400000000000000000e+01 5.840000000000000000e+02 7.440000000000000000e+02
7.323000000000000000e+03 -8.000000000000000000e+00 6.240000000000000000e+02 7.360000000000000000e+02
7.363000000000000000e+03 -1.600000000000000000e+01 6.800000000000000000e+02 8.800000000000000000e+02
7.403000000000000000e+03 -2.400000000000000000e+01 7.680000000000000000e+02 1.008000000000000000e+03
7.443000000000000000e+03 -7.200000000000000000e+01 8.160000000000000000e+02 9.840000000000000000e+02
7.483000000000000000e+03 -4.800000000000000000e+01 8.480000000000000000e+02 1.040000000000000000e+03
7.523000000000000000e+03 5.600000000000000000e+01 7.360000000000000000e+02 7.840000000000000000e+02
7.563000000000000000e+03 1.440000000000000000e+02 6.720000000000000000e+02 7.920000000000000000e+02
7.603000000000000000e+03 1.920000000000000000e+02 6.400000000000000000e+02 8.160000000000000000e+02
7.643000000000000000e+03 2.080000000000000000e+02 6.160000000000000000e+02 7.360000000000000000e+02
7.683000000000000000e+03 1.840000000000000000e+02 5.920000000000000000e+02 6.720000000000000000e+02
7.723000000000000000e+03 1.520000000000000000e+02 5.520000000000000000e+02 6.240000000000000000e+02
7.763000000000000000e+03 9.600000000000000000e+01 5.040000000000000000e+02 5.120000000000000000e+02
7.803000000000000000e+03 6.400000000000000000e+01 5.280000000000000000e+02 5.840000000000000000e+02
7.843000000000000000e+03 9.600000000000000000e+01 6.080000000000000000e+02 6.160000000000000000e+02
7.883000000000000000e+03 1.120000000000000000e+02 6.640000000000000000e+02 6.720000000000000000e+02
7.923000000000000000e+03 1.280000000000000000e+02 7.200000000000000000e+02 8.240000000000000000e+02
7.963000000000000000e+03 1.040000000000000000e+02 7.920000000000000000e+02 9.120000000000000000e+02
8.003000000000000000e+03 8.800000000000000000e+01 8.720000000000000000e+02 1.048000000000000000e+03
8.036000000000000000e+03 8.800000000000000000e+01 8.080000000000000000e+02 9.760000000000000000e+02
8.076000000000000000e+03 7.200000000000000000e+01 7.840000000000000000e+02 8.080000000000000000e+02
8.116000000000000000e+03 1.360000000000000000e+02 7.520000000000000000e+02 7.360000000000000000e+02
8.156000000000000000e+03 2.640000000000000000e+02 7.520000000000000000e+02 5.360000000000000000e+02
8.196000000000000000e+03 2.560000000000000000e+02 7.200000000000000000e+02 4.800000000000000000e+02
8.236000000000000000e+03 1.680000000000000000e+02 6.880000000000000000e+02 4.160000000000000000e+02
8.276000000000000000e+03 5.600000000000000000e+01 6.160000000000000000e+02 5.360000000000000000e+02
8.316000000000000000e+03 -4.800000000000000000e+01 6.080000000000000000e+02 5.840000000000000000e+02
8.356000000000000000e+03 -1.120000000000000000e+02 6.160000000000000000e+02 6.880000000000000000e+02
8.396000000000000000e+03 -1.360000000000000000e+02 6.400000000000000000e+02 7.120000000000000000e+02
8.436000000000000000e+03 -1.520000000000000000e+02 7.120000000000000000e+02 8.000000000000000000e+02
8.476000000000000000e+03 -7.200000000000000000e+01 7.840000000000000000e+02 8.000000000000000000e+02
8.516000000000000000e+03 -1.600000000000000000e+01 7.760000000000000000e+02 9.200000000000000000e+02
8.556000000000000000e+03 -8.000000000000000000e+01 8.800000000000000000e+02 1.112000000000000000e+03
8.596000000000000000e+03 4.000000000000000000e+01 9.440000000000000000e+02 9.840000000000000000e+02
8.636000000000000000e+03 1.120000000000000000e+02 8.000000000000000000e+02 6.720000000000000000e+02
8.676000000000000000e+03 3.200000000000000000e+01 7.360000000000000000e+02 7.120000000000000000e+02
8.716000000000000000e+03 4.000000000000000000e+01 6.640000000000000000e+02 7.840000000000000000e+02
8.756000000000000000e+03 4.800000000000000000e+01 5.680000000000000000e+02 7.040000000000000000e+02
8.796000000000000000e+03 8.800000000000000000e+01 5.120000000000000000e+02 6.320000000000000000e+02
8.836000000000000000e+03 5.600000000000000000e+01 4.880000000000000000e+02 6.240000000000000000e+02
8.876000000000000000e+03 -1.600000000000000000e+01 4.800000000000000000e+02 5.760000000000000000e+02
8.916000000000000000e+03 -8.000000000000000000e+01 5.200000000000000000e+02 6.560000000000000000e+02
8.956000000000000000e+03 -1.360000000000000000e+02 5.760000000000000000e+02 7.920000000000000000e+02
8.996000000000000000e+03 -1.200000000000000000e+02 7.600000000000000000e+02 1.280000000000000000e+03
9.028000000000000000e+03 -8.000000000000000000e+00 8.400000000000000000e+02 1.024000000000000000e+03
9.068000000000000000e+03 0.000000000000000000e+00 8.720000000000000000e+02 1.040000000000000000e+03
9.108000000000000000e+03 3.200000000000000000e+01 7.760000000000000000e+02 9.360000000000000000e+02
9.148000000000000000e+03 4.000000000000000000e+01 7.600000000000000000e+02 7.280000000000000000e+02
9.188000000000000000e+03 -1.600000000000000000e+01 6.560000000000000000e+02 8.080000000000000000e+02
9.228000000000000000e+03 -5.600000000000000000e+01 6.160000000000000000e+02 7.680000000000000000e+02
9.268000000000000000e+03 -4.800000000000000000e+01 6.640000000000000000e+02 5.200000000000000000e+02
9.308000000000000000e+03 -8.800000000000000000e+01 5.440000000000000000e+02 4.880000000000000000e+02
9.348000000000000000e+03 -8.000000000000000000e+01 5.600000000000000000e+02 7.280000000000000000e+02
9.388000000000000000e+03 -8.800000000000000000e+01 5.520000000000000000e+02 5.200000000000000000e+02
9.428000000000000000e+03 -1.280000000000000000e+02 5.200000000000000000e+02 6.800000000000000000e+02
9.468000000000000000e+03 -1.920000000000000000e+02 5.760000000000000000e+02 7.440000000000000000e+02
9.508000000000000000e+03 -2.880000000000000000e+02 6.720000000000000000e+02 9.040000000000000000e+02
9.548000000000000000e+03 -3.280000000000000000e+02 7.440000000000000000e+02 9.520000000000000000e+02
9.588000000000000000e+03 -3.680000000000000000e+02 8.320000000000000000e+02 1.096000000000000000e+03
9.628000000000000000e+03 -3.600000000000000000e+02 8.400000000000000000e+02 9.360000000000000000e+02
9.668000000000000000e+03 -3.280000000000000000e+02 7.360000000000000000e+02 9.200000000000000000e+02
9.708000000000000000e+03 -2.480000000000000000e+02 6.080000000000000000e+02 8.960000000000000000e+02
9.748000000000000000e+03 -2.400000000000000000e+02 5.360000000000000000e+02 8.240000000000000000e+02
9.788000000000000000e+03 -2.320000000000000000e+02 4.960000000000000000e+02 6.880000000000000000e+02
9.828000000000000000e+03 -2.160000000000000000e+02 4.480000000000000000e+02 5.280000000000000000e+02
9.868000000000000000e+03 -2.240000000000000000e+02 4.400000000000000000e+02 5.760000000000000000e+02
9.908000000000000000e+03 -2.720000000000000000e+02 4.720000000000000000e+02 4.960000000000000000e+02
9.948000000000000000e+03 -3.600000000000000000e+02 4.800000000000000000e+02 6.160000000000000000e+02
9.988000000000000000e+03 -4.320000000000000000e+02 5.600000000000000000e+02 7.760000000000000000e+02
1.002100000000000000e+04 -4.560000000000000000e+02 6.560000000000000000e+02 8.240000000000000000e+02
1.006100000000000000e+04 -4.720000000000000000e+02 7.360000000000000000e+02 8.960000000000000000e+02
1.010100000000000000e+04 -4.800000000000000000e+02 8.000000000000000000e+02 1.008000000000000000e+03
1.014100000000000000e+04 -4.640000000000000000e+02 7.920000000000000000e+02 7.920000000000000000e+02
1.018100000000000000e+04 -3.760000000000000000e+02 7.920000000000000000e+02 7.840000000000000000e+02
1.022100000000000000e+04 -3.360000000000000000e+02 7.520000000000000000e+02 6.640000000000000000e+02
1.026100000000000000e+04 -3.120000000000000000e+02 6.400000000000000000e+02 5.120000000000000000e+02
1.030100000000000000e+04 -3.120000000000000000e+02 6.000000000000000000e+02 4.480000000000000000e+02
1.034100000000000000e+04 -3.280000000000000000e+02 5.440000000000000000e+02 4.320000000000000000e+02
1.038100000000000000e+04 -3.440000000000000000e+02 4.640000000000000000e+02 4.400000000000000000e+02
1.042100000000000000e+04 -4.080000000000000000e+02 4.560000000000000000e+02 5.200000000000000000e+02
1.046100000000000000e+04 -5.040000000000000000e+02 5.200000000000000000e+02 5.280000000000000000e+02
1.050100000000000000e+04 -5.920000000000000000e+02 5.680000000000000000e+02 6.800000000000000000e+02
1.054100000000000000e+04 -6.320000000000000000e+02 6.160000000000000000e+02 7.520000000000000000e+02
1.058100000000000000e+04 -6.720000000000000000e+02 6.480000000000000000e+02 7.280000000000000000e+02
1.062100000000000000e+04 -6.960000000000000000e+02 6.880000000000000000e+02 9.920000000000000000e+02
1.066100000000000000e+04 -6.320000000000000000e+02 6.640000000000000000e+02 8.560000000000000000e+02
1.070100000000000000e+04 -5.120000000000000000e+02 5.920000000000000000e+02 8.640000000000000000e+02
1.074100000000000000e+04 -4.400000000000000000e+02 5.440000000000000000e+02 7.600000000000000000e+02
1.078100000000000000e+04 -4.320000000000000000e+02 4.720000000000000000e+02 7.040000000000000000e+02
1.082100000000000000e+04 -4.160000000000000000e+02 4.720000000000000000e+02 5.040000000000000000e+02
1.086100000000000000e+04 -3.840000000000000000e+02 4.640000000000000000e+02 4.240000000000000000e+02
1.090100000000000000e+04 -3.440000000000000000e+02 4.400000000000000000e+02 4.320000000000000000e+02
1.094100000000000000e+04 -4.080000000000000000e+02 4.640000000000000000e+02 5.520000000000000000e+02
1.098100000000000000e+04 -4.640000000000000000e+02 5.120000000000000000e+02 8.560000000000000000e+02
1.101300000000000000e+04 -5.680000000000000000e+02 6.160000000000000000e+02 5.840000000000000000e+02
1.105300000000000000e+04 -6.240000000000000000e+02 6.720000000000000000e+02 9.200000000000000000e+02
1.109300000000000000e+04 -6.400000000000000000e+02 7.520000000000000000e+02 9.840000000000000000e+02
1.113300000000000000e+04 -5.200000000000000000e+02 7.920000000000000000e+02 8.640000000000000000e+02
1.117300000000000000e+04 -3.520000000000000000e+02 8.160000000000000000e+02 8.400000000000000000e+02
1.121300000000000000e+04 -3.200000000000000000e+02 7.520000000000000000e+02 7.840000000000000000e+02
1.125300000000000000e+04 -2.480000000000000000e+02 6.480000000000000000e+02 5.520000000000000000e+02
1.129300000000000000e+04 -3.280000000000000000e+02 5.920000000000000000e+02 5.840000000000000000e+02
1.133300000000000000e+04 -3.680000000000000000e+02 5.600000000000000000e+02 4.880000000000000000e+02
1.137300000000000000e+04 -4.080000000000000000e+02 4.560000000000000000e+02 4.720000000000000000e+02
1.141300000000000000e+04 -3.920000000000000000e+02 5.040000000000000000e+02 4.960000000000000000e+02
1.145300000000000000e+04 -4.240000000000000000e+02 4.960000000000000000e+02 5.280000000000000000e+02
1.149300000000000000e+04 -4.960000000000000000e+02 5.120000000000000000e+02 5.920000000000000000e+02
1.153300000000000000e+04 -5.600000000000000000e+02 5.760000000000000000e+02 7.840000000000000000e+02
1.157300000000000000e+04 -6.000000000000000000e+02 6.160000000000000000e+02 8.320000000000000000e+02
1.161300000000000000e+04 -6.400000000000000000e+02 6.640000000000000000e+02 9.920000000000000000e+02
1.165300000000000000e+04 -5.680000000000000000e+02 7.040000000000000000e+02 1.104000000000000000e+03
1.169300000000000000e+04 -4.880000000000000000e+02 6.160000000000000000e+02 8.960000000000000000e+02
1.173300000000000000e+04 -3.840000000000000000e+02 6.000000000000000000e+02 8.960000000000000000e+02
1.177300000000000000e+04 -3.920000000000000000e+02 4.800000000000000000e+02 7.120000000000000000e+02
1.181300000000000000e+04 -4.080000000000000000e+02 4.560000000000000000e+02 8.080000000000000000e+02
1.185300000000000000e+04 -3.680000000000000000e+02 4.320000000000000000e+02 5.360000000000000000e+02
1.189300000000000000e+04 -3.600000000000000000e+02 4.080000000000000000e+02 4.800000000000000000e+02
1.193300000000000000e+04 -3.760000000000000000e+02 4.160000000000000000e+02 5.920000000000000000e+02
1.197300000000000000e+04 -4.000000000000000000e+02 4.160000000000000000e+02 5.920000000000000000e+02
1.200500000000000000e+04 -4.400000000000000000e+02 4.240000000000000000e+02 7.440000000000000000e+02
1.204500000000000000e+04 -4.480000000000000000e+02 5.120000000000000000e+02 8.400000000000000000e+02
1.208500000000000000e+04 -4.400000000000000000e+02 6.160000000000000000e+02 8.960000000000000000e+02
1.212500000000000000e+04 -4.640000000000000000e+02 7.360000000000000000e+02 1.072000000000000000e+03
1.216500000000000000e+04 -3.920000000000000000e+02 7.840000000000000000e+02 9.680000000000000000e+02
1.220500000000000000e+04 -3.120000000000000000e+02 8.720000000000000000e+02 9.680000000000000000e+02
1.224500000000000000e+04 -2.080000000000000000e+02 8.480000000000000000e+02 8.160000000000000000e+02
1.228500000000000000e+04 -8.800000000000000000e+01 7.520000000000000000e+02 4.960000000000000000e+02
1.232500000000000000e+04 -8.000000000000000000e+01 6.720000000000000000e+02 3.840000000000000000e+02
1.236500000000000000e+04 -1.280000000000000000e+02 6.560000000000000000e+02 1.920000000000000000e+02
1.240500000000000000e+04 -1.680000000000000000e+02 6.000000000000000000e+02 4.160000000000000000e+02
1.244500000000000000e+04 -2.080000000000000000e+02 6.720000000000000000e+02 3.920000000000000000e+02
1.248500000000000000e+04 -2.640000000000000000e+02 6.160000000000000000e+02 3.760000000000000000e+02
1.252500000000000000e+04 -3.600000000000000000e+02 6.880000000000000000e+02 4.400000000000000000e+02
1.256500000000000000e+04 -3.760000000000000000e+02 8.720000000000000000e+02 5.920000000000000000e+02
1.260500000000000000e+04 -4.160000000000000000e+02 1.072000000000000000e+03 6.800000000000000000e+02
1.264500000000000000e+04 -3.440000000000000000e+02 1.176000000000000000e+03 7.520000000000000000e+02
1.268500000000000000e+04 -3.040000000000000000e+02 1.168000000000000000e+03 7.840000000000000000e+02
1.272500000000000000e+04 -1.840000000000000000e+02 1.104000000000000000e+03 6.400000000000000000e+02
1.276500000000000000e+04 -1.200000000000000000e+02 9.760000000000000000e+02 6.880000000000000000e+02
1.280500000000000000e+04 -7.200000000000000000e+01 9.840000000000000000e+02 6.720000000000000000e+02
1.284500000000000000e+04 -8.000000000000000000e+01 1.016000000000000000e+03 5.440000000000000000e+02
1.288500000000000000e+04 -4.000000000000000000e+01 8.960000000000000000e+02 3.760000000000000000e+02
1.292500000000000000e+04 -1.600000000000000000e+01 7.680000000000000000e+02 2.240000000000000000e+02
1.296500000000000000e+04 -3.200000000000000000e+01 6.480000000000000000e+02 2.720000000000000000e+02
1.299700000000000000e+04 -7.200000000000000000e+01 6.560000000000000000e+02 3.200000000000000000e+02
1.303700000000000000e+04 -1.360000000000000000e+02 6.960000000000000000e+02 3.440000000000000000e+02
1.307700000000000000e+04 -1.680000000000000000e+02 7.280000000000000000e+02 4.640000000000000000e+02
1.311700000000000000e+04 -1.600000000000000000e+02 8.640000000000000000e+02 5.280000000000000000e+02
1.315700000000000000e+04 -1.920000000000000000e+02 1.040000000000000000e+03 6.880000000000000000e+02
1.319700000000000000e+04 -1.440000000000000000e+02 1.136000000000000000e+03 8.000000000000000000e+02
1.323700000000000000e+04 -5.600000000000000000e+01 1.128000000000000000e+03 4.480000000000000000e+02
1.327700000000000000e+04 -1.600000000000000000e+01 1.088000000000000000e+03 4.400000000000000000e+02
1.331700000000000000e+04 -1.600000000000000000e+01 9.520000000000000000e+02 3.840000000000000000e+02
1.335700000000000000e+04 -2.400000000000000000e+01 7.680000000000000000e+02 3.040000000000000000e+02
1.339700000000000000e+04 -7.200000000000000000e+01 6.800000000000000000e+02 3.120000000000000000e+02
1.343700000000000000e+04 -1.440000000000000000e+02 6.960000000000000000e+02 4.480000000000000000e+02
1.347700000000000000e+04 -1.520000000000000000e+02 6.880000000000000000e+02 4.160000000000000000e+02
1.351700000000000000e+04 -1.920000000000000000e+02 7.280000000000000000e+02 4.560000000000000000e+02
1.355700000000000000e+04 -2.480000000000000000e+02 8.000000000000000000e+02 5.280000000000000000e+02
1.359700000000000000e+04 -2.560000000000000000e+02 8.880000000000000000e+02 5.920000000000000000e+02
1.363700000000000000e+04 -2.720000000000000000e+02 9.600000000000000000e+02 6.160000000000000000e+02
1.367700000000000000e+04 -3.120000000000000000e+02 1.000000000000000000e+03 7.600000000000000000e+02
1.371700000000000000e+04 -2.640000000000000000e+02 1.096000000000000000e+03 9.600000000000000000e+02
1.375700000000000000e+04 -1.360000000000000000e+02 1.056000000000000000e+03 7.600000000000000000e+02
1.379700000000000000e+04 -7.200000000000000000e+01 9.280000000000000000e+02 7.120000000000000000e+02
1.383700000000000000e+04 -3.200000000000000000e+01 8.240000000000000000e+02 5.680000000000000000e+02
1.387700000000000000e+04 8.000000000000000000e+00 7.360000000000000000e+02 4.800000000000000000e+02
1.391700000000000000e+04 1.600000000000000000e+01 7.040000000000000000e+02 4.320000000000000000e+02
1.395700000000000000e+04 -1.600000000000000000e+01 6.720000000000000000e+02 2.880000000000000000e+02
1.399000000000000000e+04 -3.200000000000000000e+01 6.640000000000000000e+02 3.520000000000000000e+02
1.403000000000000000e+04 -6.400000000000000000e+01 6.880000000000000000e+02 3.440000000000000000e+02
1.407000000000000000e+04 -9.600000000000000000e+01 7.360000000000000000e+02 4.720000000000000000e+02
1.411000000000000000e+04 -1.360000000000000000e+02 8.720000000000000000e+02 6.080000000000000000e+02
1.415000000000000000e+04 -1.440000000000000000e+02 9.280000000000000000e+02 7.120000000000000000e+02
1.419000000000000000e+04 -1.440000000000000000e+02 9.920000000000000000e+02 8.000000000000000000e+02
1.423000000000000000e+04 -1.120000000000000000e+02 1.048000000000000000e+03 8.960000000000000000e+02
1.427000000000000000e+04 -6.400000000000000000e+01 1.024000000000000000e+03 7.280000000000000000e+02
1.431000000000000000e+04 0.000000000000000000e+00 9.040000000000000000e+02 5.840000000000000000e+02
1.435000000000000000e+04 6.400000000000000000e+01 7.760000000000000000e+02 5.200000000000000000e+02
1.439000000000000000e+04 8.000000000000000000e+00 7.440000000000000000e+02 5.680000000000000000e+02
1.443000000000000000e+04 -8.000000000000000000e+00 7.840000000000000000e+02 5.760000000000000000e+02
1.447000000000000000e+04 -6.400000000000000000e+01 7.040000000000000000e+02 5.040000000000000000e+02
1.451000000000000000e+04 -1.120000000000000000e+02 6.880000000000000000e+02 5.280000000000000000e+02
1.455000000000000000e+04 -1.440000000000000000e+02 7.040000000000000000e+02 5.680000000000000000e+02
1.459000000000000000e+04 -1.520000000000000000e+02 6.720000000000000000e+02 6.480000000000000000e+02
1.463000000000000000e+04 -2.320000000000000000e+02 6.560000000000000000e+02 7.520000000000000000e+02
1.467000000000000000e+04 -2.560000000000000000e+02 6.960000000000000000e+02 9.920000000000000000e+02
1.471000000000000000e+04 -2.640000000000000000e+02 8.000000000000000000e+02 1.256000000000000000e+03
1.475000000000000000e+04 -1.600000000000000000e+02 7.920000000000000000e+02 9.440000000000000000e+02
1.479000000000000000e+04 -1.360000000000000000e+02 6.560000000000000000e+02 7.600000000000000000e+02
1.483000000000000000e+04 -1.280000000000000000e+02 5.600000000000000000e+02 9.440000000000000000e+02
1.487000000000000000e+04 -8.800000000000000000e+01 5.360000000000000000e+02 7.600000000000000000e+02
1.491000000000000000e+04 -2.400000000000000000e+01 4.880000000000000000e+02 6.960000000000000000e+02
1.495000000000000000e+04 -1.600000000000000000e+01 4.480000000000000000e+02 6.320000000000000000e+02
1.498200000000000000e+04 -2.400000000000000000e+01 4.400000000000000000e+02 6.800000000000000000e+02
1.502200000000000000e+04 -3.200000000000000000e+01 5.200000000000000000e+02 7.920000000000000000e+02
1.506200000000000000e+04 -4.800000000000000000e+01 5.760000000000000000e+02 8.480000000000000000e+02
1.510200000000000000e+04 -3.200000000000000000e+01 6.480000000000000000e+02 8.560000000000000000e+02
1.514200000000000000e+04 0.000000000000000000e+00 7.040000000000000000e+02 9.440000000000000000e+02
1.518200000000000000e+04 8.000000000000000000e+00 7.600000000000000000e+02 1.136000000000000000e+03
1.522200000000000000e+04 8.000000000000000000e+01 7.840000000000000000e+02 1.024000000000000000e+03
1.526200000000000000e+04 1.760000000000000000e+02 8.640000000000000000e+02 9.200000000000000000e+02
1.530200000000000000e+04 2.720000000000000000e+02 8.240000000000000000e+02 7.280000000000000000e+02
1.534200000000000000e+04 2.640000000000000000e+02 7.520000000000000000e+02 5.760000000000000000e+02
1.538200000000000000e+04 1.920000000000000000e+02 6.560000000000000000e+02 4.720000000000000000e+02
1.542200000000000000e+04 6.400000000000000000e+01 5.440000000000000000e+02 4.640000000000000000e+02
1.546200000000000000e+04 -8.000000000000000000e+00 5.200000000000000000e+02 5.040000000000000000e+02
1.550200000000000000e+04 -2.400000000000000000e+01 5.520000000000000000e+02 6.080000000000000000e+02
1.554200000000000000e+04 -5.600000000000000000e+01 5.520000000000000000e+02 6.400000000000000000e+02
1.558200000000000000e+04 -1.200000000000000000e+02 6.240000000000000000e+02 7.200000000000000000e+02
1.562200000000000000e+04 -1.520000000000000000e+02 7.120000000000000000e+02 9.200000000000000000e+02
1.566200000000000000e+04 -1.520000000000000000e+02 7.680000000000000000e+02 1.088000000000000000e+03
1.570200000000000000e+04 -1.120000000000000000e+02 8.880000000000000000e+02 1.192000000000000000e+03
1.574200000000000000e+04 0.000000000000000000e+00 9.040000000000000000e+02 8.960000000000000000e+02
1.578200000000000000e+04 8.000000000000000000e+01 8.080000000000000000e+02 9.520000000000000000e+02
1.582200000000000000e+04 1.280000000000000000e+02 7.280000000000000000e+02 8.080000000000000000e+02
1.586200000000000000e+04 1.360000000000000000e+02 6.800000000000000000e+02 7.760000000000000000e+02
1.590200000000000000e+04 1.280000000000000000e+02 6.240000000000000000e+02 5.680000000000000000e+02
1.594200000000000000e+04 6.400000000000000000e+01 5.360000000000000000e+02 4.400000000000000000e+02
1.597500000000000000e+04 2.400000000000000000e+01 5.040000000000000000e+02 4.800000000000000000e+02
1.601500000000000000e+04 -1.600000000000000000e+01 5.280000000000000000e+02 5.200000000000000000e+02
1.605500000000000000e+04 -3.200000000000000000e+01 5.760000000000000000e+02 6.400000000000000000e+02
1.609500000000000000e+04 -8.000000000000000000e+00 6.640000000000000000e+02 8.000000000000000000e+02
1.613500000000000000e+04 3.200000000000000000e+01 7.360000000000000000e+02 9.120000000000000000e+02
1.617500000000000000e+04 4.800000000000000000e+01 8.240000000000000000e+02 1.024000000000000000e+03
1.621500000000000000e+04 1.040000000000000000e+02 9.040000000000000000e+02 9.840000000000000000e+02
1.625500000000000000e+04 1.520000000000000000e+02 8.640000000000000000e+02 7.760000000000000000e+02
1.629500000000000000e+04 1.200000000000000000e+02 8.400000000000000000e+02 8.880000000000000000e+02
1.633500000000000000e+04 2.240000000000000000e+02 8.320000000000000000e+02 8.080000000000000000e+02
1.637500000000000000e+04 2.000000000000000000e+02 7.200000000000000000e+02 5.840000000000000000e+02
1.641500000000000000e+04 1.200000000000000000e+02 6.320000000000000000e+02 5.280000000000000000e+02
1.645500000000000000e+04 3.200000000000000000e+01 5.360000000000000000e+02 4.160000000000000000e+02
1.649500000000000000e+04 -4.000000000000000000e+01 5.200000000000000000e+02 5.200000000000000000e+02
1.653500000000000000e+04 -8.000000000000000000e+01 5.200000000000000000e+02 6.480000000000000000e+02
1.657500000000000000e+04 -8.800000000000000000e+01 6.000000000000000000e+02 6.720000000000000000e+02
1.661500000000000000e+04 -1.120000000000000000e+02 6.480000000000000000e+02 8.960000000000000000e+02
1.665500000000000000e+04 -8.800000000000000000e+01 6.800000000000000000e+02 9.680000000000000000e+02
1.669500000000000000e+04 -8.800000000000000000e+01 7.680000000000000000e+02 1.344000000000000000e+03
1.673500000000000000e+04 7.200000000000000000e+01 8.240000000000000000e+02 1.072000000000000000e+03
1.677500000000000000e+04 1.600000000000000000e+02 7.680000000000000000e+02 1.048000000000000000e+03
1.681500000000000000e+04 1.440000000000000000e+02 6.560000000000000000e+02 8.800000000000000000e+02
1.685500000000000000e+04 1.440000000000000000e+02 5.840000000000000000e+02 7.920000000000000000e+02
1.689500000000000000e+04 1.520000000000000000e+02 5.440000000000000000e+02 5.840000000000000000e+02
1.693500000000000000e+04 1.360000000000000000e+02 5.280000000000000000e+02 5.440000000000000000e+02
1.696700000000000000e+04 1.280000000000000000e+02 5.840000000000000000e+02 4.560000000000000000e+02
1.700700000000000000e+04 8.000000000000000000e+01 5.920000000000000000e+02 5.520000000000000000e+02
1.704700000000000000e+04 6.400000000000000000e+01 6.160000000000000000e+02 5.520000000000000000e+02
1.708700000000000000e+04 4.000000000000000000e+01 7.120000000000000000e+02 7.040000000000000000e+02
1.712700000000000000e+04 6.400000000000000000e+01 8.240000000000000000e+02 7.840000000000000000e+02
1.716700000000000000e+04 1.200000000000000000e+02 8.480000000000000000e+02 9.280000000000000000e+02
1.720700000000000000e+04 1.440000000000000000e+02 9.520000000000000000e+02 1.112000000000000000e+03
1.724700000000000000e+04 2.320000000000000000e+02 9.600000000000000000e+02 8.960000000000000000e+02
1.728700000000000000e+04 2.960000000000000000e+02 9.440000000000000000e+02 7.040000000000000000e+02
1.732700000000000000e+04 2.800000000000000000e+02 8.480000000000000000e+02 5.840000000000000000e+02
1.736700000000000000e+04 2.320000000000000000e+02 7.680000000000000000e+02 3.680000000000000000e+02
1.740700000000000000e+04 1.360000000000000000e+02 6.800000000000000000e+02 2.800000000000000000e+02
1.744700000000000000e+04 4.000000000000000000e+01 6.160000000000000000e+02 3.520000000000000000e+02
1.748700000000000000e+04 -4.000000000000000000e+01 5.440000000000000000e+02 4.160000000000000000e+02
1.752700000000000000e+04 -1.120000000000000000e+02 6.080000000000000000e+02 4.560000000000000000e+02
1.756700000000000000e+04 -1.360000000000000000e+02 6.960000000000000000e+02 5.520000000000000000e+02
1.760700000000000000e+04 -1.200000000000000000e+02 8.240000000000000000e+02 6.320000000000000000e+02
1.764700000000000000e+04 -8.800000000000000000e+01 9.280000000000000000e+02 7.360000000000000000e+02
1.768700000000000000e+04 -8.800000000000000000e+01 1.096000000000000000e+03 9.680000000000000000e+02
1.772700000000000000e+04 -8.000000000000000000e+00 1.240000000000000000e+03 1.008000000000000000e+03
1.776700000000000000e+04 1.200000000000000000e+02 1.184000000000000000e+03 7.120000000000000000e+02
1.780700000000000000e+04 9.600000000000000000e+01 9.920000000000000000e+02 5.120000000000000000e+02
1.784700000000000000e+04 8.000000000000000000e+01 8.480000000000000000e+02 4.560000000000000000e+02
1.788700000000000000e+04 7.200000000000000000e+01 7.920000000000000000e+02 3.040000000000000000e+02
1.792700000000000000e+04 8.800000000000000000e+01 7.920000000000000000e+02 1.920000000000000000e+02
1.795900000000000000e+04 4.800000000000000000e+01 7.200000000000000000e+02 8.000000000000000000e+01
1.799900000000000000e+04 2.400000000000000000e+01 6.960000000000000000e+02 4.800000000000000000e+01
1.803900000000000000e+04 -3.200000000000000000e+01 7.120000000000000000e+02 1.440000000000000000e+02
1.807900000000000000e+04 -4.000000000000000000e+01 8.320000000000000000e+02 1.840000000000000000e+02
1.811900000000000000e+04 -3.200000000000000000e+01 9.680000000000000000e+02 3.120000000000000000e+02
1.815900000000000000e+04 -2.400000000000000000e+01 1.088000000000000000e+03 3.680000000000000000e+02
1.819900000000000000e+04 -3.200000000000000000e+01 1.240000000000000000e+03 4.720000000000000000e+02
1.823900000000000000e+04 1.600000000000000000e+01 1.200000000000000000e+03 4.720000000000000000e+02
1.827900000000000000e+04 3.200000000000000000e+01 1.184000000000000000e+03 2.480000000000000000e+02
1.831900000000000000e+04 6.400000000000000000e+01 1.112000000000000000e+03 2.320000000000000000e+02
1.835900000000000000e+04 4.800000000000000000e+01 9.840000000000000000e+02 2.720000000000000000e+02
1.839900000000000000e+04 2.400000000000000000e+01 8.240000000000000000e+02 1.280000000000000000e+02
1.843900000000000000e+04 -4.800000000000000000e+01 7.680000000000000000e+02 1.920000000000000000e+02
1.847900000000000000e+04 -1.040000000000000000e+02 6.960000000000000000e+02 2.080000000000000000e+02
1.851900000000000000e+04 -1.440000000000000000e+02 7.600000000000000000e+02 2.080000000000000000e+02
1.855900000000000000e+04 -1.760000000000000000e+02 8.320000000000000000e+02 2.560000000000000000e+02
1.859900000000000000e+04 -2.320000000000000000e+02 9.280000000000000000e+02 2.320000000000000000e+02
1.863900000000000000e+04 -2.640000000000000000e+02 1.016000000000000000e+03 2.960000000000000000e+02
1.867900000000000000e+04 -2.720000000000000000e+02 1.104000000000000000e+03 4.800000000000000000e+02
1.871900000000000000e+04 -3.040000000000000000e+02 1.184000000000000000e+03 4.560000000000000000e+02
1.875900000000000000e+04 -2.240000000000000000e+02 1.192000000000000000e+03 5.120000000000000000e+02
1.879900000000000000e+04 -1.840000000000000000e+02 1.128000000000000000e+03 4.880000000000000000e+02
1.883900000000000000e+04 -1.520000000000000000e+02 1.016000000000000000e+03 4.720000000000000000e+02
1.887900000000000000e+04 -1.280000000000000000e+02 9.600000000000000000e+02 5.040000000000000000e+02
1.891900000000000000e+04 -5.600000000000000000e+01 9.040000000000000000e+02 4.800000000000000000e+02
1.895200000000000000e+04 -2.400000000000000000e+01 8.320000000000000000e+02 3.440000000000000000e+02
1.899200000000000000e+04 -3.200000000000000000e+01 7.280000000000000000e+02 2.480000000000000000e+02
1.903200000000000000e+04 -7.200000000000000000e+01 6.800000000000000000e+02 2.000000000000000000e+02
1.907200000000000000e+04 -1.120000000000000000e+02 6.880000000000000000e+02 2.240000000000000000e+02
1.911200000000000000e+04 -1.360000000000000000e+02 7.920000000000000000e+02 2.320000000000000000e+02
1.915200000000000000e+04 -9.600000000000000000e+01 9.760000000000000000e+02 3.280000000000000000e+02
1.919200000000000000e+04 -8.800000000000000000e+01 1.120000000000000000e+03 3.600000000000000000e+02
1.923200000000000000e+04 -1.440000000000000000e+02 1.240000000000000000e+03 4.320000000000000000e+02
1.927200000000000000e+04 -1.040000000000000000e+02 1.192000000000000000e+03 4.560000000000000000e+02
1.931200000000000000e+04 -6.400000000000000000e+01 1.144000000000000000e+03 4.160000000000000000e+02
1.935200000000000000e+04 -6.400000000000000000e+01 1.056000000000000000e+03 4.160000000000000000e+02
1.939200000000000000e+04 -4.000000000000000000e+01 9.840000000000000000e+02 3.760000000000000000e+02
1.943200000000000000e+04 -3.200000000000000000e+01 8.640000000000000000e+02 2.560000000000000000e+02
1.947200000000000000e+04 -8.800000000000000000e+01 7.680000000000000000e+02 2.080000000000000000e+02
1.951200000000000000e+04 -1.520000000000000000e+02 7.120000000000000000e+02 2.000000000000000000e+02
1.955200000000000000e+04 -1.600000000000000000e+02 7.120000000000000000e+02 2.160000000000000000e+02
1.959200000000000000e+04 -2.000000000000000000e+02 7.760000000000000000e+02 3.680000000000000000e+02
1.963200000000000000e+04 -3.520000000000000000e+02 8.320000000000000000e+02 4.160000000000000000e+02
1.967200000000000000e+04 -5.120000000000000000e+02 9.920000000000000000e+02 6.560000000000000000e+02
1.971200000000000000e+04 -5.280000000000000000e+02 1.056000000000000000e+03 7.120000000000000000e+02
1.975200000000000000e+04 -5.440000000000000000e+02 1.000000000000000000e+03 7.120000000000000000e+02
1.979200000000000000e+04 -4.800000000000000000e+02 1.096000000000000000e+03 8.720000000000000000e+02
1.983200000000000000e+04 -3.680000000000000000e+02 1.080000000000000000e+03 7.280000000000000000e+02
1.987200000000000000e+04 -2.800000000000000000e+02 9.840000000000000000e+02 6.880000000000000000e+02
1.991200000000000000e+04 -1.600000000000000000e+02 8.400000000000000000e+02 4.240000000000000000e+02
