1.220000000000000000e+02 -9.600000000000000000e+01 9.840000000000000000e+02 -2.880000000000000000e+02
1.620000000000000000e+02 -8.800000000000000000e+01 9.840000000000000000e+02 -2.880000000000000000e+02
2.020000000000000000e+02 -8.800000000000000000e+01 9.680000000000000000e+02 -2.960000000000000000e+02
2.420000000000000000e+02 -8.000000000000000000e+01 9.680000000000000000e+02 -3.120000000000000000e+02
2.820000000000000000e+02 -7.200000000000000000e+01 9.680000000000000000e+02 -3.360000000000000000e+02
3.220000000000000000e+02 -4.000000000000000000e+01 9.600000000000000000e+02 -3.280000000000000000e+02
3.620000000000000000e+02 -5.600000000000000000e+01 9.760000000000000000e+02 -3.200000000000000000e+02
4.020000000000000000e+02 -1.200000000000000000e+02 9.680000000000000000e+02 -3.440000000000000000e+02
4.420000000000000000e+02 -1.040000000000000000e+02 9.600000000000000000e+02 -3.040000000000000000e+02
4.820000000000000000e+02 -8.000000000000000000e+01 9.680000000000000000e+02 -3.360000000000000000e+02
5.220000000000000000e+02 -8.000000000000000000e+01 9.680000000000000000e+02 -3.440000000000000000e+02
5.620000000000000000e+02 -8.000000000000000000e+01 9.600000000000000000e+02 -3.440000000000000000e+02
6.020000000000000000e+02 -8.000000000000000000e+01 9.520000000000000000e+02 -3.360000000000000000e+02
6.420000000000000000e+02 -6.400000000000000000e+01 9.440000000000000000e+02 -3.520000000000000000e+02
6.820000000000000000e+02 -6.400000000000000000e+01 9.360000000000000000e+02 -3.760000000000000000e+02
7.220000000000000000e+02 -6.400000000000000000e+01 9.360000000000000000e+02 -3.680000000000000000e+02
7.620000000000000000e+02 -4.800000000000000000e+01 9.840000000000000000e+02 -3.360000000000000000e+02
8.020000000000000000e+02 -5.600000000000000000e+01 1.032000000000000000e+03 -3.200000000000000000e+02
8.420000000000000000e+02 -7.200000000000000000e+01 1.104000000000000000e+03 -4.240000000000000000e+02
8.820000000000000000e+02 -1.360000000000000000e+02 1.080000000000000000e+03 -4.320000000000000000e+02
9.220000000000000000e+02 -1.840000000000000000e+02 1.008000000000000000e+03 -4.240000000000000000e+02
9.620000000000000000e+02 -2.160000000000000000e+02 9.520000000000000000e+02 -3.840000000000000000e+02
1.002000000000000000e+03 -2.400000000000000000e+02 8.960000000000000000e+02 -3.840000000000000000e+02
1.042000000000000000e+03 -2.800000000000000000e+02 7.840000000000000000e+02 -3.360000000000000000e+02
1.082000000000000000e+03 -3.200000000000000000e+02 6.720000000000000000e+02 -3.200000000000000000e+02
1.088000000000000000e+03 -3.040000000000000000e+02 6.560000000000000000e+02 -3.120000000000000000e+02
1.128000000000000000e+03 -2.960000000000000000e+02 6.560000000000000000e+02 -4.800000000000000000e+02
1.168000000000000000e+03 -2.080000000000000000e+02 7.680000000000000000e+02 -7.760000000000000000e+02
1.208000000000000000e+03 -1.280000000000000000e+02 7.040000000000000000e+02 -6.880000000000000000e+02
1.248000000000000000e+03 -1.360000000000000000e+02 7.040000000000000000e+02 -7.360000000000000000e+02
1.288000000000000000e+03 -9.600000000000000000e+01 7.520000000000000000e+02 -8.400000000000000000e+02
1.328000000000000000e+03 -9.600000000000000000e+01 6.880000000000000000e+02 -7.360000000000000000e+02
1.368000000000000000e+03 -7.200000000000000000e+01 7.200000000000000000e+02 -8.080000000000000000e+02
1.408000000000000000e+03 -8.000000000000000000e+01 6.560000000000000000e+02 -7.360000000000000000e+02
1.448000000000000000e+03 -6.400000000000000000e+01 6.880000000000000000e+02 -7.360000000000000000e+02
1.488000000000000000e+03 -3.200000000000000000e+01 7.360000000000000000e+02 -8.000000000000000000e+02
1.528000000000000000e+03 -2.400000000000000000e+01 6.960000000000000000e+02 -7.440000000000000000e+02
1.568000000000000000e+03 -3.200000000000000000e+01 6.720000000000000000e+02 -7.760000000000000000e+02
1.608000000000000000e+03 -5.600000000000000000e+01 6.320000000000000000e+02 -7.600000000000000000e+02
1.648000000000000000e+03 -7.200000000000000000e+01 6.320000000000000000e+02 -7.760000000000000000e+02
1.688000000000000000e+03 -7.200000000000000000e+01 6.960000000000000000e+02 -7.760000000000000000e+02
1.728000000000000000e+03 -9.600000000000000000e+01 7.120000000000000000e+02 -6.480000000000000000e+02
1.768000000000000000e+03 -9.600000000000000000e+01 6.960000000000000000e+02 -7.440000000000000000e+02
1.808000000000000000e+03 -1.200000000000000000e+02 6.720000000000000000e+02 -8.000000000000000000e+02
1.848000000000000000e+03 -1.200000000000000000e+02 6.640000000000000000e+02 -7.680000000000000000e+02
1.888000000000000000e+03 -1.280000000000000000e+02 6.720000000000000000e+02 -7.440000000000000000e+02
1.928000000000000000e+03 -1.200000000000000000e+02 6.960000000000000000e+02 -7.120000000000000000e+02
1.968000000000000000e+03 -8.800000000000000000e+01 7.040000000000000000e+02 -7.600000000000000000e+02
2.008000000000000000e+03 -8.800000000000000000e+01 7.040000000000000000e+02 -7.280000000000000000e+02
2.048000000000000000e+03 -8.800000000000000000e+01 6.880000000000000000e+02 -7.760000000000000000e+02
2.079000000000000000e+03 -6.400000000000000000e+01 6.880000000000000000e+02 -7.520000000000000000e+02
2.119000000000000000e+03 -8.000000000000000000e+01 7.120000000000000000e+02 -6.960000000000000000e+02
2.159000000000000000e+03 -1.200000000000000000e+02 7.360000000000000000e+02 -6.560000000000000000e+02
2.199000000000000000e+03 -1.280000000000000000e+02 7.360000000000000000e+02 -6.560000000000000000e+02
2.239000000000000000e+03 -1.360000000000000000e+02 7.440000000000000000e+02 -6.720000000000000000e+02
2.279000000000000000e+03 -1.200000000000000000e+02 7.360000000000000000e+02 -7.120000000000000000e+02
2.319000000000000000e+03 -9.600000000000000000e+01 7.120000000000000000e+02 -7.360000000000000000e+02
2.359000000000000000e+03 -1.120000000000000000e+02 7.040000000000000000e+02 -7.280000000000000000e+02
2.399000000000000000e+03 -1.040000000000000000e+02 7.040000000000000000e+02 -6.960000000000000000e+02
2.439000000000000000e+03 -9.600000000000000000e+01 6.720000000000000000e+02 -7.280000000000000000e+02
2.479000000000000000e+03 -9.600000000000000000e+01 6.560000000000000000e+02 -7.600000000000000000e+02
2.519000000000000000e+03 -7.200000000000000000e+01 6.720000000000000000e+02 -7.680000000000000000e+02
2.559000000000000000e+03 -8.800000000000000000e+01 6.560000000000000000e+02 -7.840000000000000000e+02
2.599000000000000000e+03 -9.600000000000000000e+01 6.400000000000000000e+02 -7.760000000000000000e+02
2.639000000000000000e+03 -1.120000000000000000e+02 6.240000000000000000e+02 -8.240000000000000000e+02
2.679000000000000000e+03 -8.800000000000000000e+01 6.240000000000000000e+02 -8.160000000000000000e+02
2.719000000000000000e+03 -6.400000000000000000e+01 6.080000000000000000e+02 -7.920000000000000000e+02
2.759000000000000000e+03 -7.200000000000000000e+01 6.160000000000000000e+02 -8.080000000000000000e+02
2.799000000000000000e+03 -4.800000000000000000e+01 6.560000000000000000e+02 -8.080000000000000000e+02
2.839000000000000000e+03 -8.000000000000000000e+00 6.320000000000000000e+02 -7.840000000000000000e+02
2.879000000000000000e+03 -1.600000000000000000e+01 6.000000000000000000e+02 -8.320000000000000000e+02
2.919000000000000000e+03 -8.000000000000000000e+00 6.080000000000000000e+02 -8.320000000000000000e+02
2.959000000000000000e+03 -8.000000000000000000e+00 6.240000000000000000e+02 -8.640000000000000000e+02
2.999000000000000000e+03 5.600000000000000000e+01 6.800000000000000000e+02 -7.680000000000000000e+02
3.039000000000000000e+03 4.800000000000000000e+01 6.320000000000000000e+02 -8.000000000000000000e+02
3.071000000000000000e+03 4.000000000000000000e+01 6.080000000000000000e+02 -8.400000000000000000e+02
3.111000000000000000e+03 2.400000000000000000e+01 5.600000000000000000e+02 -8.720000000000000000e+02
3.151000000000000000e+03 4.800000000000000000e+01 5.520000000000000000e+02 -8.000000000000000000e+02
3.191000000000000000e+03 4.000000000000000000e+01 5.920000000000000000e+02 -8.160000000000000000e+02
3.231000000000000000e+03 3.200000000000000000e+01 6.000000000000000000e+02 -8.080000000000000000e+02
3.271000000000000000e+03 3.200000000000000000e+01 5.920000000000000000e+02 -8.480000000000000000e+02
3.311000000000000000e+03 3.200000000000000000e+01 5.680000000000000000e+02 -9.120000000000000000e+02
3.351000000000000000e+03 8.000000000000000000e+00 5.520000000000000000e+02 -8.560000000000000000e+02
3.391000000000000000e+03 1.600000000000000000e+01 5.360000000000000000e+02 -8.480000000000000000e+02
3.431000000000000000e+03 2.400000000000000000e+01 5.440000000000000000e+02 -8.720000000000000000e+02
3.471000000000000000e+03 2.400000000000000000e+01 5.360000000000000000e+02 -8.800000000000000000e+02
3.511000000000000000e+03 2.400000000000000000e+01 5.360000000000000000e+02 -8.560000000000000000e+02
3.551000000000000000e+03 2.400000000000000000e+01 5.520000000000000000e+02 -8.400000000000000000e+02
3.591000000000000000e+03 3.200000000000000000e+01 5.440000000000000000e+02 -8.720000000000000000e+02
3.631000000000000000e+03 6.400000000000000000e+01 5.440000000000000000e+02 -8.480000000000000000e+02
3.671000000000000000e+03 8.800000000000000000e+01 5.840000000000000000e+02 -8.400000000000000000e+02
3.711000000000000000e+03 8.800000000000000000e+01 5.760000000000000000e+02 -8.080000000000000000e+02
3.751000000000000000e+03 7.200000000000000000e+01 5.840000000000000000e+02 -8.320000000000000000e+02
3.791000000000000000e+03 4.000000000000000000e+01 5.600000000000000000e+02 -9.200000000000000000e+02
3.831000000000000000e+03 6.400000000000000000e+01 5.440000000000000000e+02 -8.560000000000000000e+02
3.871000000000000000e+03 8.000000000000000000e+01 5.920000000000000000e+02 -8.320000000000000000e+02
3.911000000000000000e+03 8.000000000000000000e+01 6.560000000000000000e+02 -8.320000000000000000e+02
3.951000000000000000e+03 7.200000000000000000e+01 5.920000000000000000e+02 -8.080000000000000000e+02
3.991000000000000000e+03 6.400000000000000000e+01 5.680000000000000000e+02 -8.800000000000000000e+02
4.031000000000000000e+03 5.600000000000000000e+01 5.680000000000000000e+02 -8.880000000000000000e+02
4.063000000000000000e+03 2.400000000000000000e+01 5.840000000000000000e+02 -8.480000000000000000e+02
4.103000000000000000e+03 3.200000000000000000e+01 5.760000000000000000e+02 -8.080000000000000000e+02
4.143000000000000000e+03 3.200000000000000000e+01 5.680000000000000000e+02 -8.480000000000000000e+02
4.183000000000000000e+03 5.600000000000000000e+01 5.600000000000000000e+02 -8.800000000000000000e+02
4.223000000000000000e+03 4.800000000000000000e+01 5.680000000000000000e+02 -8.720000000000000000e+02
4.263000000000000000e+03 7.200000000000000000e+01 5.760000000000000000e+02 -8.320000000000000000e+02
4.303000000000000000e+03 5.600000000000000000e+01 5.760000000000000000e+02 -8.640000000000000000e+02
4.343000000000000000e+03 4.000000000000000000e+01 5.600000000000000000e+02 -8.560000000000000000e+02
4.383000000000000000e+03 4.000000000000000000e+01 5.600000000000000000e+02 -8.080000000000000000e+02
4.423000000000000000e+03 3.200000000000000000e+01 5.600000000000000000e+02 -8.320000000000000000e+02
4.463000000000000000e+03 4.800000000000000000e+01 5.520000000000000000e+02 -8.800000000000000000e+02
4.503000000000000000e+03 5.600000000000000000e+01 5.760000000000000000e+02 -8.480000000000000000e+02
4.543000000000000000e+03 6.400000000000000000e+01 5.440000000000000000e+02 -8.720000000000000000e+02
4.583000000000000000e+03 8.000000000000000000e+01 5.520000000000000000e+02 -7.920000000000000000e+02
4.623000000000000000e+03 8.800000000000000000e+01 5.840000000000000000e+02 -8.560000000000000000e+02
4.663000000000000000e+03 8.000000000000000000e+01 6.000000000000000000e+02 -8.400000000000000000e+02
4.703000000000000000e+03 7.200000000000000000e+01 5.680000000000000000e+02 -8.400000000000000000e+02
4.743000000000000000e+03 5.600000000000000000e+01 5.600000000000000000e+02 -7.840000000000000000e+02
4.783000000000000000e+03 6.400000000000000000e+01 5.680000000000000000e+02 -8.720000000000000000e+02
4.823000000000000000e+03 6.400000000000000000e+01 5.680000000000000000e+02 -8.240000000000000000e+02
4.863000000000000000e+03 5.600000000000000000e+01 6.080000000000000000e+02 -7.920000000000000000e+02
4.903000000000000000e+03 7.200000000000000000e+01 6.080000000000000000e+02 -8.320000000000000000e+02
4.943000000000000000e+03 8.000000000000000000e+01 5.920000000000000000e+02 -8.320000000000000000e+02
4.983000000000000000e+03 6.400000000000000000e+01 5.680000000000000000e+02 -9.280000000000000000e+02
5.023000000000000000e+03 5.600000000000000000e+01 5.840000000000000000e+02 -8.800000000000000000e+02
5.055000000000000000e+03 4.800000000000000000e+01 5.360000000000000000e+02 -8.640000000000000000e+02
5.095000000000000000e+03 3.200000000000000000e+01 5.520000000000000000e+02 -8.720000000000000000e+02
5.135000000000000000e+03 5.600000000000000000e+01 6.000000000000000000e+02 -8.240000000000000000e+02
5.175000000000000000e+03 8.000000000000000000e+01 6.000000000000000000e+02 -8.640000000000000000e+02
5.215000000000000000e+03 7.200000000000000000e+01 5.680000000000000000e+02 -8.240000000000000000e+02
5.255000000000000000e+03 7.200000000000000000e+01 5.840000000000000000e+02 -8.160000000000000000e+02
5.295000000000000000e+03 7.200000000000000000e+01 5.680000000000000000e+02 -8.400000000000000000e+02
5.335000000000000000e+03 7.200000000000000000e+01 5.520000000000000000e+02 -9.520000000000000000e+02
5.375000000000000000e+03 4.000000000000000000e+01 5.440000000000000000e+02 -8.480000000000000000e+02
5.415000000000000000e+03 4.800000000000000000e+01 5.200000000000000000e+02 -9.040000000000000000e+02
5.455000000000000000e+03 8.000000000000000000e+01 5.280000000000000000e+02 -8.560000000000000000e+02
5.495000000000000000e+03 1.120000000000000000e+02 6.080000000000000000e+02 -8.320000000000000000e+02
5.535000000000000000e+03 8.800000000000000000e+01 5.760000000000000000e+02 -7.680000000000000000e+02
5.575000000000000000e+03 7.200000000000000000e+01 5.440000000000000000e+02 -8.400000000000000000e+02
5.615000000000000000e+03 7.200000000000000000e+01 5.680000000000000000e+02 -8.560000000000000000e+02
5.655000000000000000e+03 4.800000000000000000e+01 5.920000000000000000e+02 -8.400000000000000000e+02
5.695000000000000000e+03 5.600000000000000000e+01 5.760000000000000000e+02 -9.520000000000000000e+02
5.735000000000000000e+03 4.000000000000000000e+01 5.840000000000000000e+02 -8.560000000000000000e+02
5.775000000000000000e+03 4.800000000000000000e+01 6.000000000000000000e+02 -8.640000000000000000e+02
5.815000000000000000e+03 4.800000000000000000e+01 5.040000000000000000e+02 -8.720000000000000000e+02
5.855000000000000000e+03 4.800000000000000000e+01 5.120000000000000000e+02 -8.720000000000000000e+02
5.895000000000000000e+03 4.800000000000000000e+01 5.440000000000000000e+02 -8.480000000000000000e+02
5.935000000000000000e+03 4.000000000000000000e+01 5.520000000000000000e+02 -8.240000000000000000e+02
5.975000000000000000e+03 4.000000000000000000e+01 5.360000000000000000e+02 -8.400000000000000000e+02
6.015000000000000000e+03 4.800000000000000000e+01 5.360000000000000000e+02 -8.480000000000000000e+02
6.046000000000000000e+03 4.000000000000000000e+01 5.200000000000000000e+02 -8.800000000000000000e+02
6.086000000000000000e+03 5.600000000000000000e+01 5.200000000000000000e+02 -8.720000000000000000e+02
6.126000000000000000e+03 5.600000000000000000e+01 5.360000000000000000e+02 -8.720000000000000000e+02
6.166000000000000000e+03 4.800000000000000000e+01 5.520000000000000000e+02 -8.240000000000000000e+02
6.206000000000000000e+03 4.800000000000000000e+01 5.440000000000000000e+02 -8.560000000000000000e+02
6.246000000000000000e+03 5.600000000000000000e+01 5.360000000000000000e+02 -8.800000000000000000e+02
6.286000000000000000e+03 7.200000000000000000e+01 5.360000000000000000e+02 -8.400000000000000000e+02
6.326000000000000000e+03 5.600000000000000000e+01 5.440000000000000000e+02 -8.160000000000000000e+02
6.366000000000000000e+03 8.000000000000000000e+01 5.520000000000000000e+02 -8.320000000000000000e+02
6.406000000000000000e+03 5.600000000000000000e+01 5.440000000000000000e+02 -8.640000000000000000e+02
6.446000000000000000e+03 6.400000000000000000e+01 5.360000000000000000e+02 -8.720000000000000000e+02
6.486000000000000000e+03 6.400000000000000000e+01 5.360000000000000000e+02 -8.720000000000000000e+02
6.526000000000000000e+03 6.400000000000000000e+01 5.360000000000000000e+02 -8.720000000000000000e+02
6.566000000000000000e+03 5.600000000000000000e+01 5.360000000000000000e+02 -7.920000000000000000e+02
6.606000000000000000e+03 5.600000000000000000e+01 5.280000000000000000e+02 -8.480000000000000000e+02
6.646000000000000000e+03 5.600000000000000000e+01 5.360000000000000000e+02 -8.480000000000000000e+02
6.686000000000000000e+03 4.000000000000000000e+01 5.280000000000000000e+02 -8.800000000000000000e+02
6.726000000000000000e+03 3.200000000000000000e+01 5.280000000000000000e+02 -8.640000000000000000e+02
6.766000000000000000e+03 3.200000000000000000e+01 5.200000000000000000e+02 -8.880000000000000000e+02
6.806000000000000000e+03 4.000000000000000000e+01 5.360000000000000000e+02 -8.720000000000000000e+02
6.846000000000000000e+03 4.800000000000000000e+01 5.440000000000000000e+02 -8.400000000000000000e+02
6.886000000000000000e+03 4.800000000000000000e+01 5.680000000000000000e+02 -8.640000000000000000e+02
6.926000000000000000e+03 5.600000000000000000e+01 5.520000000000000000e+02 -7.760000000000000000e+02
6.966000000000000000e+03 7.200000000000000000e+01 5.200000000000000000e+02 -8.960000000000000000e+02
7.006000000000000000e+03 6.400000000000000000e+01 5.440000000000000000e+02 -8.640000000000000000e+02
7.038000000000000000e+03 5.600000000000000000e+01 5.680000000000000000e+02 -8.960000000000000000e+02
7.078000000000000000e+03 4.800000000000000000e+01 5.360000000000000000e+02 -8.800000000000000000e+02
7.118000000000000000e+03 4.800000000000000000e+01 5.440000000000000000e+02 -8.720000000000000000e+02
7.158000000000000000e+03 4.000000000000000000e+01 5.360000000000000000e+02 -8.640000000000000000e+02
7.198000000000000000e+03 4.000000000000000000e+01 5.120000000000000000e+02 -8.800000000000000000e+02
7.238000000000000000e+03 4.800000000000000000e+01 5.120000000000000000e+02 -8.960000000000000000e+02
7.278000000000000000e+03 4.800000000000000000e+01 4.880000000000000000e+02 -9.040000000000000000e+02
7.318000000000000000e+03 3.200000000000000000e+01 5.120000000000000000e+02 -8.800000000000000000e+02
7.358000000000000000e+03 2.400000000000000000e+01 5.040000000000000000e+02 -9.120000000000000000e+02
7.398000000000000000e+03 3.200000000000000000e+01 4.880000000000000000e+02 -9.040000000000000000e+02
7.438000000000000000e+03 8.000000000000000000e+00 4.880000000000000000e+02 -9.120000000000000000e+02
7.478000000000000000e+03 0.000000000000000000e+00 4.960000000000000000e+02 -8.560000000000000000e+02
7.518000000000000000e+03 8.000000000000000000e+00 4.960000000000000000e+02 -9.040000000000000000e+02
7.558000000000000000e+03 1.600000000000000000e+01 4.960000000000000000e+02 -9.120000000000000000e+02
7.598000000000000000e+03 1.600000000000000000e+01 4.960000000000000000e+02 -9.120000000000000000e+02
7.638000000000000000e+03 1.600000000000000000e+01 4.960000000000000000e+02 -8.960000000000000000e+02
7.678000000000000000e+03 1.600000000000000000e+01 4.880000000000000000e+02 -8.880000000000000000e+02
7.718000000000000000e+03 2.400000000000000000e+01 4.960000000000000000e+02 -9.120000000000000000e+02
7.758000000000000000e+03 1.600000000000000000e+01 4.880000000000000000e+02 -8.880000000000000000e+02
7.798000000000000000e+03 8.000000000000000000e+00 4.880000000000000000e+02 -8.640000000000000000e+02
7.838000000000000000e+03 8.000000000000000000e+00 4.960000000000000000e+02 -8.880000000000000000e+02
7.878000000000000000e+03 1.600000000000000000e+01 4.880000000000000000e+02 -8.800000000000000000e+02
7.918000000000000000e+03 1.600000000000000000e+01 4.960000000000000000e+02 -9.280000000000000000e+02
7.958000000000000000e+03 1.600000000000000000e+01 4.960000000000000000e+02 -8.960000000000000000e+02
7.998000000000000000e+03 1.600000000000000000e+01 4.960000000000000000e+02 -8.960000000000000000e+02
8.030000000000000000e+03 2.400000000000000000e+01 4.880000000000000000e+02 -8.960000000000000000e+02
8.070000000000000000e+03 2.400000000000000000e+01 4.800000000000000000e+02 -8.560000000000000000e+02
8.110000000000000000e+03 3.200000000000000000e+01 4.960000000000000000e+02 -8.640000000000000000e+02
8.150000000000000000e+03 3.200000000000000000e+01 4.960000000000000000e+02 -8.880000000000000000e+02
8.190000000000000000e+03 3.200000000000000000e+01 4.960000000000000000e+02 -9.360000000000000000e+02
8.230000000000000000e+03 2.400000000000000000e+01 4.880000000000000000e+02 -9.120000000000000000e+02
8.270000000000000000e+03 1.600000000000000000e+01 4.880000000000000000e+02 -8.960000000000000000e+02
8.310000000000000000e+03 4.000000000000000000e+01 4.880000000000000000e+02 -8.960000000000000000e+02
8.350000000000000000e+03 3.200000000000000000e+01 4.880000000000000000e+02 -8.720000000000000000e+02
8.390000000000000000e+03 3.200000000000000000e+01 4.880000000000000000e+02 -8.720000000000000000e+02
8.430000000000000000e+03 2.400000000000000000e+01 4.880000000000000000e+02 -9.040000000000000000e+02
8.470000000000000000e+03 2.400000000000000000e+01 4.880000000000000000e+02 -8.880000000000000000e+02
8.510000000000000000e+03 0.000000000000000000e+00 4.800000000000000000e+02 -8.880000000000000000e+02
8.550000000000000000e+03 1.600000000000000000e+01 4.960000000000000000e+02 -8.880000000000000000e+02
8.590000000000000000e+03 8.000000000000000000e+00 4.960000000000000000e+02 -9.280000000000000000e+02
8.630000000000000000e+03 2.400000000000000000e+01 4.880000000000000000e+02 -8.960000000000000000e+02
8.670000000000000000e+03 4.800000000000000000e+01 4.800000000000000000e+02 -9.120000000000000000e+02
8.710000000000000000e+03 3.200000000000000000e+01 4.800000000000000000e+02 -8.960000000000000000e+02
8.750000000000000000e+03 2.400000000000000000e+01 4.880000000000000000e+02 -8.560000000000000000e+02
8.790000000000000000e+03 2.400000000000000000e+01 4.800000000000000000e+02 -8.800000000000000000e+02
8.830000000000000000e+03 2.400000000000000000e+01 4.960000000000000000e+02 -9.040000000000000000e+02
8.870000000000000000e+03 2.400000000000000000e+01 4.880000000000000000e+02 -8.880000000000000000e+02
8.910000000000000000e+03 3.200000000000000000e+01 4.880000000000000000e+02 -8.960000000000000000e+02
8.950000000000000000e+03 4.000000000000000000e+01 4.640000000000000000e+02 -8.880000000000000000e+02
8.990000000000000000e+03 3.200000000000000000e+01 4.800000000000000000e+02 -8.960000000000000000e+02
9.022000000000000000e+03 2.400000000000000000e+01 4.960000000000000000e+02 -8.880000000000000000e+02
9.062000000000000000e+03 1.600000000000000000e+01 4.800000000000000000e+02 -8.800000000000000000e+02
9.102000000000000000e+03 4.000000000000000000e+01 4.800000000000000000e+02 -8.640000000000000000e+02
9.142000000000000000e+03 3.200000000000000000e+01 4.800000000000000000e+02 -8.960000000000000000e+02
9.182000000000000000e+03 3.200000000000000000e+01 4.720000000000000000e+02 -9.040000000000000000e+02
9.222000000000000000e+03 3.200000000000000000e+01 4.640000000000000000e+02 -9.200000000000000000e+02
9.262000000000000000e+03 2.400000000000000000e+01 4.640000000000000000e+02 -8.320000000000000000e+02
9.302000000000000000e+03 3.200000000000000000e+01 5.040000000000000000e+02 -8.800000000000000000e+02
9.342000000000000000e+03 4.800000000000000000e+01 5.200000000000000000e+02 -8.880000000000000000e+02
9.382000000000000000e+03 7.200000000000000000e+01 4.720000000000000000e+02 -9.600000000000000000e+02
9.422000000000000000e+03 4.000000000000000000e+01 4.320000000000000000e+02 -9.120000000000000000e+02
9.462000000000000000e+03 1.600000000000000000e+01 3.360000000000000000e+02 -1.000000000000000000e+03
9.502000000000000000e+03 1.600000000000000000e+01 2.960000000000000000e+02 -9.760000000000000000e+02
9.542000000000000000e+03 1.600000000000000000e+01 3.120000000000000000e+02 -9.920000000000000000e+02
9.582000000000000000e+03 3.200000000000000000e+01 3.040000000000000000e+02 -1.024000000000000000e+03
9.622000000000000000e+03 8.000000000000000000e+00 3.200000000000000000e+02 -9.600000000000000000e+02
9.662000000000000000e+03 1.600000000000000000e+01 3.600000000000000000e+02 -9.200000000000000000e+02
9.702000000000000000e+03 3.200000000000000000e+01 3.440000000000000000e+02 -9.360000000000000000e+02
9.742000000000000000e+03 4.000000000000000000e+01 3.600000000000000000e+02 -9.280000000000000000e+02
9.782000000000000000e+03 3.200000000000000000e+01 3.680000000000000000e+02 -9.760000000000000000e+02
9.822000000000000000e+03 2.400000000000000000e+01 3.920000000000000000e+02 -9.840000000000000000e+02
9.862000000000000000e+03 3.200000000000000000e+01 3.600000000000000000e+02 -1.040000000000000000e+03
9.902000000000000000e+03 3.200000000000000000e+01 4.000000000000000000e+02 -9.040000000000000000e+02
9.942000000000000000e+03 5.600000000000000000e+01 4.080000000000000000e+02 -9.440000000000000000e+02
9.982000000000000000e+03 6.400000000000000000e+01 4.720000000000000000e+02 -8.960000000000000000e+02
1.001300000000000000e+04 6.400000000000000000e+01 5.760000000000000000e+02 -8.400000000000000000e+02
1.005300000000000000e+04 7.200000000000000000e+01 5.200000000000000000e+02 -8.880000000000000000e+02
1.009300000000000000e+04 7.200000000000000000e+01 4.880000000000000000e+02 -9.360000000000000000e+02
1.013300000000000000e+04 8.800000000000000000e+01 5.120000000000000000e+02 -8.720000000000000000e+02
1.017300000000000000e+04 9.600000000000000000e+01 5.280000000000000000e+02 -9.200000000000000000e+02
1.021300000000000000e+04 8.000000000000000000e+01 4.880000000000000000e+02 -9.280000000000000000e+02
1.025300000000000000e+04 7.200000000000000000e+01 4.800000000000000000e+02 -9.520000000000000000e+02
1.029300000000000000e+04 6.400000000000000000e+01 4.880000000000000000e+02 -8.960000000000000000e+02
1.033300000000000000e+04 5.600000000000000000e+01 4.880000000000000000e+02 -8.800000000000000000e+02
1.037300000000000000e+04 5.600000000000000000e+01 5.040000000000000000e+02 -8.960000000000000000e+02
1.041300000000000000e+04 4.000000000000000000e+01 4.480000000000000000e+02 -8.720000000000000000e+02
1.045300000000000000e+04 5.600000000000000000e+01 4.560000000000000000e+02 -9.120000000000000000e+02
1.049300000000000000e+04 5.600000000000000000e+01 5.120000000000000000e+02 -8.800000000000000000e+02
1.053300000000000000e+04 4.000000000000000000e+01 5.200000000000000000e+02 -9.120000000000000000e+02
1.057300000000000000e+04 5.600000000000000000e+01 5.200000000000000000e+02 -9.120000000000000000e+02
1.061300000000000000e+04 4.800000000000000000e+01 4.480000000000000000e+02 -9.440000000000000000e+02
1.065300000000000000e+04 4.800000000000000000e+01 5.040000000000000000e+02 -9.520000000000000000e+02
1.069300000000000000e+04 5.600000000000000000e+01 4.960000000000000000e+02 -8.640000000000000000e+02
1.073300000000000000e+04 4.000000000000000000e+01 4.960000000000000000e+02 -8.720000000000000000e+02
1.077300000000000000e+04 4.000000000000000000e+01 4.880000000000000000e+02 -9.120000000000000000e+02
1.081300000000000000e+04 4.800000000000000000e+01 4.640000000000000000e+02 -9.600000000000000000e+02
1.085300000000000000e+04 4.800000000000000000e+01 4.640000000000000000e+02 -8.320000000000000000e+02
1.089300000000000000e+04 5.600000000000000000e+01 4.320000000000000000e+02 -8.960000000000000000e+02
1.093300000000000000e+04 6.400000000000000000e+01 4.480000000000000000e+02 -8.880000000000000000e+02
1.097300000000000000e+04 5.600000000000000000e+01 4.400000000000000000e+02 -8.960000000000000000e+02
1.100400000000000000e+04 4.000000000000000000e+01 4.960000000000000000e+02 -8.880000000000000000e+02
1.104400000000000000e+04 3.200000000000000000e+01 4.960000000000000000e+02 -8.960000000000000000e+02
1.108400000000000000e+04 5.600000000000000000e+01 5.120000000000000000e+02 -9.520000000000000000e+02
1.112400000000000000e+04 4.800000000000000000e+01 4.640000000000000000e+02 -8.800000000000000000e+02
1.116400000000000000e+04 7.200000000000000000e+01 4.480000000000000000e+02 -9.360000000000000000e+02
1.120400000000000000e+04 5.600000000000000000e+01 4.720000000000000000e+02 -9.120000000000000000e+02
1.124400000000000000e+04 4.000000000000000000e+01 4.480000000000000000e+02 -9.040000000000000000e+02
1.128400000000000000e+04 4.000000000000000000e+01 4.720000000000000000e+02 -8.960000000000000000e+02
1.132400000000000000e+04 4.800000000000000000e+01 4.400000000000000000e+02 -9.520000000000000000e+02
1.136400000000000000e+04 4.800000000000000000e+01 4.400000000000000000e+02 -9.280000000000000000e+02
1.140400000000000000e+04 4.000000000000000000e+01 4.400000000000000000e+02 -9.440000000000000000e+02
1.144400000000000000e+04 4.000000000000000000e+01 4.400000000000000000e+02 -9.200000000000000000e+02
1.148400000000000000e+04 4.000000000000000000e+01 4.560000000000000000e+02 -9.200000000000000000e+02
1.152400000000000000e+04 4.800000000000000000e+01 4.400000000000000000e+02 -9.520000000000000000e+02
1.156400000000000000e+04 3.200000000000000000e+01 4.240000000000000000e+02 -9.280000000000000000e+02
1.160400000000000000e+04 4.000000000000000000e+01 4.160000000000000000e+02 -9.840000000000000000e+02
1.164400000000000000e+04 4.000000000000000000e+01 4.240000000000000000e+02 -9.200000000000000000e+02
1.168400000000000000e+04 4.000000000000000000e+01 4.320000000000000000e+02 -9.360000000000000000e+02
1.172400000000000000e+04 3.200000000000000000e+01 4.240000000000000000e+02 -9.440000000000000000e+02
1.176400000000000000e+04 2.400000000000000000e+01 4.480000000000000000e+02 -8.960000000000000000e+02
1.180400000000000000e+04 3.200000000000000000e+01 4.480000000000000000e+02 -9.280000000000000000e+02
1.184400000000000000e+04 4.000000000000000000e+01 4.720000000000000000e+02 -9.120000000000000000e+02
1.188400000000000000e+04 3.200000000000000000e+01 5.040000000000000000e+02 -8.960000000000000000e+02
1.192400000000000000e+04 2.400000000000000000e+01 4.640000000000000000e+02 -9.440000000000000000e+02
1.196400000000000000e+04 2.400000000000000000e+01 4.880000000000000000e+02 -9.200000000000000000e+02
1.199600000000000000e+04 4.800000000000000000e+01 5.520000000000000000e+02 -8.720000000000000000e+02
1.203600000000000000e+04 9.600000000000000000e+01 5.760000000000000000e+02 -8.720000000000000000e+02
1.207600000000000000e+04 1.120000000000000000e+02 5.440000000000000000e+02 -8.640000000000000000e+02
1.211600000000000000e+04 7.200000000000000000e+01 5.440000000000000000e+02 -8.640000000000000000e+02
1.215600000000000000e+04 6.400000000000000000e+01 5.040000000000000000e+02 -8.800000000000000000e+02
1.219600000000000000e+04 9.600000000000000000e+01 5.040000000000000000e+02 -8.800000000000000000e+02
1.223600000000000000e+04 7.200000000000000000e+01 5.440000000000000000e+02 -8.880000000000000000e+02
1.227600000000000000e+04 6.400000000000000000e+01 5.280000000000000000e+02 -8.800000000000000000e+02
1.231600000000000000e+04 8.000000000000000000e+01 5.040000000000000000e+02 -9.040000000000000000e+02
1.235600000000000000e+04 8.800000000000000000e+01 5.200000000000000000e+02 -8.640000000000000000e+02
1.239600000000000000e+04 1.040000000000000000e+02 4.880000000000000000e+02 -9.280000000000000000e+02
1.243600000000000000e+04 9.600000000000000000e+01 5.040000000000000000e+02 -8.320000000000000000e+02
1.247600000000000000e+04 9.600000000000000000e+01 5.120000000000000000e+02 -8.480000000000000000e+02
1.251600000000000000e+04 8.800000000000000000e+01 5.440000000000000000e+02 -9.040000000000000000e+02
1.255600000000000000e+04 7.200000000000000000e+01 5.200000000000000000e+02 -8.400000000000000000e+02
1.259600000000000000e+04 4.000000000000000000e+01 5.280000000000000000e+02 -9.280000000000000000e+02
1.263600000000000000e+04 7.200000000000000000e+01 5.200000000000000000e+02 -8.800000000000000000e+02
1.267600000000000000e+04 7.200000000000000000e+01 4.960000000000000000e+02 -9.280000000000000000e+02
1.271600000000000000e+04 6.400000000000000000e+01 4.880000000000000000e+02 -9.200000000000000000e+02
1.275600000000000000e+04 8.000000000000000000e+01 4.800000000000000000e+02 -8.480000000000000000e+02
1.279600000000000000e+04 7.200000000000000000e+01 4.720000000000000000e+02 -8.880000000000000000e+02
1.283600000000000000e+04 8.000000000000000000e+01 4.640000000000000000e+02 -9.200000000000000000e+02
1.287600000000000000e+04 8.800000000000000000e+01 4.800000000000000000e+02 -8.720000000000000000e+02
1.291600000000000000e+04 7.200000000000000000e+01 4.880000000000000000e+02 -9.040000000000000000e+02
1.295600000000000000e+04 5.600000000000000000e+01 5.040000000000000000e+02 -9.040000000000000000e+02
1.298800000000000000e+04 4.800000000000000000e+01 5.200000000000000000e+02 -8.880000000000000000e+02
1.302800000000000000e+04 4.800000000000000000e+01 4.880000000000000000e+02 -9.040000000000000000e+02
1.306800000000000000e+04 4.000000000000000000e+01 4.960000000000000000e+02 -8.880000000000000000e+02
1.310800000000000000e+04 4.800000000000000000e+01 4.400000000000000000e+02 -9.280000000000000000e+02
1.314800000000000000e+04 6.400000000000000000e+01 4.400000000000000000e+02 -9.200000000000000000e+02
1.318800000000000000e+04 6.400000000000000000e+01 4.720000000000000000e+02 -8.800000000000000000e+02
1.322800000000000000e+04 6.400000000000000000e+01 4.720000000000000000e+02 -9.200000000000000000e+02
1.326800000000000000e+04 5.600000000000000000e+01 4.640000000000000000e+02 -9.200000000000000000e+02
1.330800000000000000e+04 4.800000000000000000e+01 4.640000000000000000e+02 -9.200000000000000000e+02
1.334800000000000000e+04 4.800000000000000000e+01 4.720000000000000000e+02 -9.200000000000000000e+02
1.338800000000000000e+04 5.600000000000000000e+01 4.800000000000000000e+02 -9.040000000000000000e+02
1.342800000000000000e+04 6.400000000000000000e+01 4.800000000000000000e+02 -9.040000000000000000e+02
1.346800000000000000e+04 7.200000000000000000e+01 4.880000000000000000e+02 -9.360000000000000000e+02
1.350800000000000000e+04 8.800000000000000000e+01 4.880000000000000000e+02 -9.040000000000000000e+02
1.354800000000000000e+04 7.200000000000000000e+01 4.560000000000000000e+02 -9.440000000000000000e+02
1.358800000000000000e+04 8.000000000000000000e+01 4.480000000000000000e+02 -8.960000000000000000e+02
1.362800000000000000e+04 7.200000000000000000e+01 4.880000000000000000e+02 -8.480000000000000000e+02
1.366800000000000000e+04 8.000000000000000000e+01 5.200000000000000000e+02 -8.560000000000000000e+02
1.370800000000000000e+04 1.040000000000000000e+02 5.120000000000000000e+02 -8.480000000000000000e+02
1.374800000000000000e+04 1.040000000000000000e+02 5.120000000000000000e+02 -8.960000000000000000e+02
1.378800000000000000e+04 1.040000000000000000e+02 5.040000000000000000e+02 -8.640000000000000000e+02
1.382800000000000000e+04 8.800000000000000000e+01 5.040000000000000000e+02 -9.040000000000000000e+02
1.386800000000000000e+04 8.800000000000000000e+01 5.200000000000000000e+02 -9.120000000000000000e+02
1.390800000000000000e+04 7.200000000000000000e+01 5.280000000000000000e+02 -9.200000000000000000e+02
1.394800000000000000e+04 8.800000000000000000e+01 5.680000000000000000e+02 -7.840000000000000000e+02
1.398000000000000000e+04 8.800000000000000000e+01 5.600000000000000000e+02 -8.640000000000000000e+02
1.402000000000000000e+04 9.600000000000000000e+01 5.200000000000000000e+02 -8.640000000000000000e+02
1.406000000000000000e+04 8.000000000000000000e+01 5.360000000000000000e+02 -8.720000000000000000e+02
1.410000000000000000e+04 8.000000000000000000e+01 5.120000000000000000e+02 -8.800000000000000000e+02
1.414000000000000000e+04 8.800000000000000000e+01 4.960000000000000000e+02 -9.280000000000000000e+02
1.418000000000000000e+04 8.000000000000000000e+01 5.040000000000000000e+02 -8.960000000000000000e+02
1.422000000000000000e+04 6.400000000000000000e+01 4.960000000000000000e+02 -8.880000000000000000e+02
1.426000000000000000e+04 7.200000000000000000e+01 4.960000000000000000e+02 -9.200000000000000000e+02
1.430000000000000000e+04 7.200000000000000000e+01 4.960000000000000000e+02 -8.640000000000000000e+02
1.434000000000000000e+04 8.000000000000000000e+01 5.440000000000000000e+02 -8.480000000000000000e+02
1.438000000000000000e+04 7.200000000000000000e+01 6.160000000000000000e+02 -8.320000000000000000e+02
1.442000000000000000e+04 1.120000000000000000e+02 5.440000000000000000e+02 -9.840000000000000000e+02
1.446000000000000000e+04 9.600000000000000000e+01 5.440000000000000000e+02 -8.560000000000000000e+02
1.450000000000000000e+04 8.000000000000000000e+01 5.600000000000000000e+02 -8.560000000000000000e+02
1.454000000000000000e+04 8.000000000000000000e+01 5.360000000000000000e+02 -9.200000000000000000e+02
1.458000000000000000e+04 6.400000000000000000e+01 5.360000000000000000e+02 -8.240000000000000000e+02
1.462000000000000000e+04 8.800000000000000000e+01 5.120000000000000000e+02 -8.960000000000000000e+02
1.466000000000000000e+04 8.800000000000000000e+01 5.200000000000000000e+02 -8.160000000000000000e+02
1.470000000000000000e+04 6.400000000000000000e+01 5.200000000000000000e+02 -9.040000000000000000e+02
1.474000000000000000e+04 7.200000000000000000e+01 5.120000000000000000e+02 -9.200000000000000000e+02
1.478000000000000000e+04 6.400000000000000000e+01 5.040000000000000000e+02 -8.960000000000000000e+02
1.482000000000000000e+04 8.800000000000000000e+01 5.280000000000000000e+02 -8.640000000000000000e+02
1.486000000000000000e+04 8.800000000000000000e+01 5.200000000000000000e+02 -8.960000000000000000e+02
1.490000000000000000e+04 7.200000000000000000e+01 5.120000000000000000e+02 -8.560000000000000000e+02
1.494000000000000000e+04 7.200000000000000000e+01 5.040000000000000000e+02 -8.560000000000000000e+02
1.497100000000000000e+04 4.000000000000000000e+01 4.720000000000000000e+02 -8.960000000000000000e+02
1.501100000000000000e+04 5.600000000000000000e+01 4.960000000000000000e+02 -8.720000000000000000e+02
1.505100000000000000e+04 8.000000000000000000e+01 5.200000000000000000e+02 -8.560000000000000000e+02
1.509100000000000000e+04 7.200000000000000000e+01 4.880000000000000000e+02 -9.200000000000000000e+02
1.513100000000000000e+04 6.400000000000000000e+01 4.880000000000000000e+02 -9.280000000000000000e+02
1.517100000000000000e+04 7.200000000000000000e+01 4.880000000000000000e+02 -8.240000000000000000e+02
1.521100000000000000e+04 7.200000000000000000e+01 5.120000000000000000e+02 -8.240000000000000000e+02
1.525100000000000000e+04 8.000000000000000000e+01 4.960000000000000000e+02 -8.800000000000000000e+02
1.529100000000000000e+04 7.200000000000000000e+01 5.040000000000000000e+02 -8.800000000000000000e+02
1.533100000000000000e+04 7.200000000000000000e+01 5.120000000000000000e+02 -8.880000000000000000e+02
1.537100000000000000e+04 4.800000000000000000e+01 5.040000000000000000e+02 -1.000000000000000000e+03
1.541100000000000000e+04 4.800000000000000000e+01 5.440000000000000000e+02 -7.840000000000000000e+02
1.545100000000000000e+04 6.400000000000000000e+01 5.600000000000000000e+02 -8.720000000000000000e+02
1.549100000000000000e+04 9.600000000000000000e+01 5.120000000000000000e+02 -8.800000000000000000e+02
1.553100000000000000e+04 1.120000000000000000e+02 4.800000000000000000e+02 -8.880000000000000000e+02
1.557100000000000000e+04 9.600000000000000000e+01 4.960000000000000000e+02 -8.400000000000000000e+02
1.561100000000000000e+04 8.800000000000000000e+01 4.800000000000000000e+02 -8.720000000000000000e+02
1.565100000000000000e+04 8.800000000000000000e+01 4.640000000000000000e+02 -8.480000000000000000e+02
1.569100000000000000e+04 9.600000000000000000e+01 5.040000000000000000e+02 -7.360000000000000000e+02
1.573100000000000000e+04 9.600000000000000000e+01 5.280000000000000000e+02 -8.560000000000000000e+02
1.577100000000000000e+04 6.400000000000000000e+01 5.600000000000000000e+02 -8.560000000000000000e+02
1.581100000000000000e+04 4.000000000000000000e+01 5.600000000000000000e+02 -9.200000000000000000e+02
1.585100000000000000e+04 4.800000000000000000e+01 5.360000000000000000e+02 -9.440000000000000000e+02
1.589100000000000000e+04 4.800000000000000000e+01 5.120000000000000000e+02 -8.720000000000000000e+02
1.593100000000000000e+04 5.600000000000000000e+01 5.200000000000000000e+02 -8.560000000000000000e+02
1.596300000000000000e+04 4.800000000000000000e+01 5.360000000000000000e+02 -8.800000000000000000e+02
1.600300000000000000e+04 4.800000000000000000e+01 5.120000000000000000e+02 -9.120000000000000000e+02
1.604300000000000000e+04 4.800000000000000000e+01 5.040000000000000000e+02 -8.800000000000000000e+02
1.608300000000000000e+04 5.600000000000000000e+01 5.200000000000000000e+02 -9.040000000000000000e+02
1.612300000000000000e+04 6.400000000000000000e+01 5.280000000000000000e+02 -9.280000000000000000e+02
1.616300000000000000e+04 6.400000000000000000e+01 5.280000000000000000e+02 -9.200000000000000000e+02
1.620300000000000000e+04 6.400000000000000000e+01 5.520000000000000000e+02 -8.800000000000000000e+02
1.624300000000000000e+04 6.400000000000000000e+01 5.120000000000000000e+02 -8.960000000000000000e+02
1.628300000000000000e+04 6.400000000000000000e+01 5.040000000000000000e+02 -8.720000000000000000e+02
1.632300000000000000e+04 5.600000000000000000e+01 5.120000000000000000e+02 -8.640000000000000000e+02
1.636300000000000000e+04 4.800000000000000000e+01 5.040000000000000000e+02 -8.800000000000000000e+02
1.640300000000000000e+04 4.800000000000000000e+01 4.960000000000000000e+02 -9.040000000000000000e+02
1.644300000000000000e+04 2.400000000000000000e+01 4.880000000000000000e+02 -8.880000000000000000e+02
1.648300000000000000e+04 1.600000000000000000e+01 4.640000000000000000e+02 -9.360000000000000000e+02
1.652300000000000000e+04 8.000000000000000000e+00 4.320000000000000000e+02 -9.360000000000000000e+02
1.656300000000000000e+04 0.000000000000000000e+00 4.720000000000000000e+02 -9.200000000000000000e+02
1.660300000000000000e+04 -1.600000000000000000e+01 5.120000000000000000e+02 -8.720000000000000000e+02
1.664300000000000000e+04 -1.600000000000000000e+01 4.880000000000000000e+02 -8.560000000000000000e+02
1.668300000000000000e+04 -8.000000000000000000e+00 4.800000000000000000e+02 -8.400000000000000000e+02
1.672300000000000000e+04 -3.200000000000000000e+01 4.640000000000000000e+02 -9.200000000000000000e+02
1.676300000000000000e+04 -4.000000000000000000e+01 4.720000000000000000e+02 -8.880000000000000000e+02
1.680300000000000000e+04 -2.400000000000000000e+01 5.120000000000000000e+02 -8.560000000000000000e+02
1.684300000000000000e+04 -4.000000000000000000e+01 5.040000000000000000e+02 -8.480000000000000000e+02
1.688300000000000000e+04 -3.200000000000000000e+01 4.880000000000000000e+02 -8.880000000000000000e+02
1.692300000000000000e+04 -8.000000000000000000e+00 5.040000000000000000e+02 -8.720000000000000000e+02
1.695400000000000000e+04 -1.600000000000000000e+01 5.120000000000000000e+02 -8.560000000000000000e+02
1.699400000000000000e+04 -2.400000000000000000e+01 5.040000000000000000e+02 -8.880000000000000000e+02
1.703400000000000000e+04 -2.400000000000000000e+01 5.200000000000000000e+02 -8.560000000000000000e+02
1.707400000000000000e+04 -2.400000000000000000e+01 5.200000000000000000e+02 -8.880000000000000000e+02
1.711400000000000000e+04 -2.400000000000000000e+01 5.120000000000000000e+02 -8.800000000000000000e+02
1.715400000000000000e+04 -3.200000000000000000e+01 5.200000000000000000e+02 -8.400000000000000000e+02
1.719400000000000000e+04 -1.600000000000000000e+01 5.440000000000000000e+02 -8.720000000000000000e+02
1.723400000000000000e+04 -2.400000000000000000e+01 5.200000000000000000e+02 -9.120000000000000000e+02
1.727400000000000000e+04 -2.400000000000000000e+01 4.960000000000000000e+02 -9.040000000000000000e+02
1.731400000000000000e+04 -2.400000000000000000e+01 4.960000000000000000e+02 -8.720000000000000000e+02
1.735400000000000000e+04 -3.200000000000000000e+01 4.960000000000000000e+02 -8.880000000000000000e+02
1.739400000000000000e+04 -4.000000000000000000e+01 4.880000000000000000e+02 -9.120000000000000000e+02
1.743400000000000000e+04 -3.200000000000000000e+01 4.880000000000000000e+02 -9.040000000000000000e+02
1.747400000000000000e+04 -2.400000000000000000e+01 4.880000000000000000e+02 -8.800000000000000000e+02
1.751400000000000000e+04 -4.000000000000000000e+01 4.880000000000000000e+02 -8.960000000000000000e+02
1.755400000000000000e+04 -4.000000000000000000e+01 4.960000000000000000e+02 -9.040000000000000000e+02
1.759400000000000000e+04 -4.000000000000000000e+01 4.960000000000000000e+02 -8.880000000000000000e+02
1.763400000000000000e+04 -4.000000000000000000e+01 4.720000000000000000e+02 -8.320000000000000000e+02
1.767400000000000000e+04 -2.400000000000000000e+01 4.880000000000000000e+02 -8.880000000000000000e+02
1.771400000000000000e+04 -2.400000000000000000e+01 5.360000000000000000e+02 -8.720000000000000000e+02
1.775400000000000000e+04 -4.000000000000000000e+01 5.200000000000000000e+02 -8.240000000000000000e+02
1.779400000000000000e+04 -8.000000000000000000e+00 5.600000000000000000e+02 -7.760000000000000000e+02
1.783400000000000000e+04 -2.400000000000000000e+01 5.200000000000000000e+02 -7.680000000000000000e+02
1.787400000000000000e+04 -2.400000000000000000e+01 5.520000000000000000e+02 -8.400000000000000000e+02
1.791400000000000000e+04 -2.400000000000000000e+01 5.600000000000000000e+02 -8.480000000000000000e+02
1.794600000000000000e+04 -3.200000000000000000e+01 5.920000000000000000e+02 -8.640000000000000000e+02
1.798600000000000000e+04 -4.800000000000000000e+01 5.760000000000000000e+02 -8.000000000000000000e+02
1.802600000000000000e+04 -4.800000000000000000e+01 5.360000000000000000e+02 -8.720000000000000000e+02
1.806600000000000000e+04 -3.200000000000000000e+01 5.360000000000000000e+02 -8.720000000000000000e+02
1.810600000000000000e+04 -7.200000000000000000e+01 5.040000000000000000e+02 -7.600000000000000000e+02
1.814600000000000000e+04 -4.800000000000000000e+01 5.520000000000000000e+02 -8.560000000000000000e+02
1.818600000000000000e+04 -4.000000000000000000e+01 5.440000000000000000e+02 -8.160000000000000000e+02
1.822600000000000000e+04 -2.400000000000000000e+01 5.200000000000000000e+02 -8.960000000000000000e+02
1.826600000000000000e+04 -2.400000000000000000e+01 5.360000000000000000e+02 -8.800000000000000000e+02
1.830600000000000000e+04 -4.000000000000000000e+01 5.760000000000000000e+02 -8.560000000000000000e+02
1.834600000000000000e+04 -4.800000000000000000e+01 5.760000000000000000e+02 -8.560000000000000000e+02
1.838600000000000000e+04 -3.200000000000000000e+01 5.840000000000000000e+02 -8.560000000000000000e+02
1.842600000000000000e+04 -3.200000000000000000e+01 6.160000000000000000e+02 -7.520000000000000000e+02
1.846600000000000000e+04 -2.400000000000000000e+01 6.000000000000000000e+02 -8.240000000000000000e+02
1.850600000000000000e+04 -4.000000000000000000e+01 5.520000000000000000e+02 -8.560000000000000000e+02
1.854600000000000000e+04 -3.200000000000000000e+01 6.080000000000000000e+02 -7.840000000000000000e+02
1.858600000000000000e+04 -3.200000000000000000e+01 5.680000000000000000e+02 -8.800000000000000000e+02
1.862600000000000000e+04 0.000000000000000000e+00 5.440000000000000000e+02 -8.480000000000000000e+02
1.866600000000000000e+04 -3.200000000000000000e+01 6.240000000000000000e+02 -8.640000000000000000e+02
1.870600000000000000e+04 -2.400000000000000000e+01 5.920000000000000000e+02 -8.240000000000000000e+02
1.874600000000000000e+04 8.000000000000000000e+00 5.600000000000000000e+02 -8.480000000000000000e+02
1.878600000000000000e+04 -1.600000000000000000e+01 5.680000000000000000e+02 -8.400000000000000000e+02
1.882600000000000000e+04 -8.000000000000000000e+00 5.360000000000000000e+02 -8.560000000000000000e+02
1.886600000000000000e+04 -1.600000000000000000e+01 5.760000000000000000e+02 -7.840000000000000000e+02
1.890600000000000000e+04 -8.000000000000000000e+00 5.840000000000000000e+02 -8.320000000000000000e+02
1.893800000000000000e+04 -8.000000000000000000e+00 5.840000000000000000e+02 -8.240000000000000000e+02
1.897800000000000000e+04 -8.000000000000000000e+00 5.920000000000000000e+02 -7.920000000000000000e+02
1.901800000000000000e+04 -1.600000000000000000e+01 5.440000000000000000e+02 -8.000000000000000000e+02
1.905800000000000000e+04 -8.000000000000000000e+00 5.440000000000000000e+02 -8.560000000000000000e+02
1.909800000000000000e+04 -1.600000000000000000e+01 5.600000000000000000e+02 -8.160000000000000000e+02
1.913800000000000000e+04 -1.600000000000000000e+01 6.000000000000000000e+02 -8.720000000000000000e+02
1.917800000000000000e+04 8.000000000000000000e+00 6.240000000000000000e+02 -7.840000000000000000e+02
1.921800000000000000e+04 -8.000000000000000000e+00 6.320000000000000000e+02 -8.400000000000000000e+02
1.925800000000000000e+04 -2.400000000000000000e+01 5.920000000000000000e+02 -8.400000000000000000e+02
1.929800000000000000e+04 -3.200000000000000000e+01 5.840000000000000000e+02 -8.400000000000000000e+02
1.933800000000000000e+04 -3.200000000000000000e+01 5.600000000000000000e+02 -8.400000000000000000e+02
1.937800000000000000e+04 -3.200000000000000000e+01 5.760000000000000000e+02 -8.320000000000000000e+02
1.941800000000000000e+04 -3.200000000000000000e+01 5.840000000000000000e+02 -8.560000000000000000e+02
1.945800000000000000e+04 -3.200000000000000000e+01 5.680000000000000000e+02 -8.400000000000000000e+02
1.949800000000000000e+04 -4.000000000000000000e+01 5.600000000000000000e+02 -8.240000000000000000e+02
1.953800000000000000e+04 -3.200000000000000000e+01 5.840000000000000000e+02 -8.240000000000000000e+02
1.957800000000000000e+04 -1.600000000000000000e+01 5.680000000000000000e+02 -7.520000000000000000e+02
1.961800000000000000e+04 -2.400000000000000000e+01 5.760000000000000000e+02 -8.560000000000000000e+02
1.965800000000000000e+04 -2.400000000000000000e+01 5.840000000000000000e+02 -8.640000000000000000e+02
1.969800000000000000e+04 -5.600000000000000000e+01 5.760000000000000000e+02 -8.400000000000000000e+02
1.973800000000000000e+04 -4.800000000000000000e+01 5.760000000000000000e+02 -8.320000000000000000e+02
1.977800000000000000e+04 -4.000000000000000000e+01 5.840000000000000000e+02 -8.720000000000000000e+02
1.981800000000000000e+04 -4.000000000000000000e+01 6.000000000000000000e+02 -8.240000000000000000e+02
1.985800000000000000e+04 -3.200000000000000000e+01 5.760000000000000000e+02 -8.240000000000000000e+02
1.989800000000000000e+04 -3.200000000000000000e+01 5.840000000000000000e+02 -8.080000000000000000e+02
