2.800000000000000000e+01 8.000000000000000000e+00 -1.600000000000000000e+01 -1.032000000000000000e+03
6.800000000000000000e+01 1.600000000000000000e+01 -8.000000000000000000e+00 -1.024000000000000000e+03
1.080000000000000000e+02 1.600000000000000000e+01 -1.600000000000000000e+01 -1.048000000000000000e+03
1.480000000000000000e+02 2.400000000000000000e+01 -1.600000000000000000e+01 -1.024000000000000000e+03
1.880000000000000000e+02 2.400000000000000000e+01 -1.600000000000000000e+01 -1.032000000000000000e+03
2.280000000000000000e+02 1.600000000000000000e+01 -2.400000000000000000e+01 -1.040000000000000000e+03
2.680000000000000000e+02 1.600000000000000000e+01 -2.400000000000000000e+01 -1.032000000000000000e+03
3.080000000000000000e+02 1.600000000000000000e+01 -1.600000000000000000e+01 -1.024000000000000000e+03
3.480000000000000000e+02 1.600000000000000000e+01 -1.600000000000000000e+01 -1.032000000000000000e+03
3.880000000000000000e+02 2.400000000000000000e+01 -1.600000000000000000e+01 -1.040000000000000000e+03
4.280000000000000000e+02 2.400000000000000000e+01 -8.000000000000000000e+00 -1.048000000000000000e+03
4.680000000000000000e+02 1.600000000000000000e+01 0.000000000000000000e+00 -1.032000000000000000e+03
5.080000000000000000e+02 2.400000000000000000e+01 -8.000000000000000000e+00 -1.040000000000000000e+03
5.480000000000000000e+02 1.600000000000000000e+01 -1.600000000000000000e+01 -1.040000000000000000e+03
5.880000000000000000e+02 1.600000000000000000e+01 -1.600000000000000000e+01 -1.024000000000000000e+03
6.280000000000000000e+02 1.600000000000000000e+01 -8.000000000000000000e+00 -1.040000000000000000e+03
6.680000000000000000e+02 1.600000000000000000e+01 -8.000000000000000000e+00 -1.040000000000000000e+03
7.080000000000000000e+02 2.400000000000000000e+01 -8.000000000000000000e+00 -1.040000000000000000e+03
7.480000000000000000e+02 1.600000000000000000e+01 -1.600000000000000000e+01 -1.024000000000000000e+03
7.880000000000000000e+02 1.600000000000000000e+01 -1.600000000000000000e+01 -1.032000000000000000e+03
8.280000000000000000e+02 1.600000000000000000e+01 -1.600000000000000000e+01 -1.024000000000000000e+03
8.680000000000000000e+02 1.600000000000000000e+01 -1.600000000000000000e+01 -1.032000000000000000e+03
9.080000000000000000e+02 8.000000000000000000e+00 -1.600000000000000000e+01 -1.016000000000000000e+03
9.480000000000000000e+02 1.600000000000000000e+01 -2.400000000000000000e+01 -1.032000000000000000e+03
9.880000000000000000e+02 1.600000000000000000e+01 -2.400000000000000000e+01 -1.024000000000000000e+03
1.021000000000000000e+03 1.600000000000000000e+01 -2.400000000000000000e+01 -1.040000000000000000e+03
1.061000000000000000e+03 2.400000000000000000e+01 -2.400000000000000000e+01 -1.024000000000000000e+03
1.101000000000000000e+03 8.000000000000000000e+00 -4.000000000000000000e+01 -1.032000000000000000e+03
1.141000000000000000e+03 1.600000000000000000e+01 -3.200000000000000000e+01 -1.032000000000000000e+03
1.181000000000000000e+03 8.000000000000000000e+00 8.000000000000000000e+00 -9.760000000000000000e+02
1.221000000000000000e+03 1.600000000000000000e+01 0.000000000000000000e+00 -1.032000000000000000e+03
1.261000000000000000e+03 0.000000000000000000e+00 -2.400000000000000000e+01 -1.056000000000000000e+03
1.301000000000000000e+03 8.000000000000000000e+00 -1.600000000000000000e+01 -1.040000000000000000e+03
1.341000000000000000e+03 1.600000000000000000e+01 -1.600000000000000000e+01 -1.024000000000000000e+03
1.381000000000000000e+03 1.600000000000000000e+01 -8.000000000000000000e+00 -1.024000000000000000e+03
1.421000000000000000e+03 0.000000000000000000e+00 -1.600000000000000000e+01 -1.048000000000000000e+03
1.461000000000000000e+03 8.000000000000000000e+00 -1.600000000000000000e+01 -1.032000000000000000e+03
1.501000000000000000e+03 8.000000000000000000e+00 -3.200000000000000000e+01 -1.048000000000000000e+03
1.541000000000000000e+03 2.400000000000000000e+01 -3.200000000000000000e+01 -1.040000000000000000e+03
1.581000000000000000e+03 2.400000000000000000e+01 -8.000000000000000000e+00 -1.032000000000000000e+03
1.621000000000000000e+03 2.400000000000000000e+01 -1.600000000000000000e+01 -1.016000000000000000e+03
1.661000000000000000e+03 3.200000000000000000e+01 -1.600000000000000000e+01 -1.040000000000000000e+03
1.701000000000000000e+03 2.400000000000000000e+01 -2.400000000000000000e+01 -1.064000000000000000e+03
1.741000000000000000e+03 1.600000000000000000e+01 -8.000000000000000000e+00 -1.048000000000000000e+03
1.781000000000000000e+03 1.600000000000000000e+01 -8.000000000000000000e+00 -1.048000000000000000e+03
1.821000000000000000e+03 2.400000000000000000e+01 -8.000000000000000000e+00 -1.032000000000000000e+03
1.861000000000000000e+03 1.600000000000000000e+01 -8.000000000000000000e+00 -1.040000000000000000e+03
1.901000000000000000e+03 1.600000000000000000e+01 -8.000000000000000000e+00 -1.008000000000000000e+03
1.941000000000000000e+03 2.400000000000000000e+01 -1.600000000000000000e+01 -1.032000000000000000e+03
1.981000000000000000e+03 2.400000000000000000e+01 -1.600000000000000000e+01 -1.040000000000000000e+03
2.013000000000000000e+03 1.600000000000000000e+01 -1.600000000000000000e+01 -1.040000000000000000e+03
2.053000000000000000e+03 -8.000000000000000000e+00 -1.600000000000000000e+01 -1.040000000000000000e+03
2.093000000000000000e+03 0.000000000000000000e+00 -3.200000000000000000e+01 -1.008000000000000000e+03
2.133000000000000000e+03 2.400000000000000000e+01 -2.400000000000000000e+01 -1.064000000000000000e+03
2.173000000000000000e+03 0.000000000000000000e+00 -2.400000000000000000e+01 -1.032000000000000000e+03
2.213000000000000000e+03 0.000000000000000000e+00 -1.600000000000000000e+01 -1.048000000000000000e+03
2.253000000000000000e+03 8.000000000000000000e+00 -1.600000000000000000e+01 -1.072000000000000000e+03
2.293000000000000000e+03 1.600000000000000000e+01 -1.600000000000000000e+01 -1.032000000000000000e+03
2.333000000000000000e+03 1.600000000000000000e+01 -2.400000000000000000e+01 -9.920000000000000000e+02
2.373000000000000000e+03 8.000000000000000000e+00 -2.400000000000000000e+01 -1.064000000000000000e+03
2.413000000000000000e+03 1.600000000000000000e+01 -1.600000000000000000e+01 -1.040000000000000000e+03
2.453000000000000000e+03 3.200000000000000000e+01 -1.600000000000000000e+01 -1.040000000000000000e+03
2.493000000000000000e+03 8.000000000000000000e+00 -2.400000000000000000e+01 -1.032000000000000000e+03
2.533000000000000000e+03 8.000000000000000000e+00 -2.400000000000000000e+01 -1.040000000000000000e+03
2.573000000000000000e+03 1.600000000000000000e+01 -4.000000000000000000e+01 -1.040000000000000000e+03
2.613000000000000000e+03 1.600000000000000000e+01 -4.000000000000000000e+01 -1.032000000000000000e+03
2.653000000000000000e+03 2.400000000000000000e+01 -3.200000000000000000e+01 -1.064000000000000000e+03
2.693000000000000000e+03 2.400000000000000000e+01 -2.400000000000000000e+01 -1.048000000000000000e+03
2.733000000000000000e+03 2.400000000000000000e+01 -2.400000000000000000e+01 -1.040000000000000000e+03
2.773000000000000000e+03 2.400000000000000000e+01 -1.600000000000000000e+01 -1.056000000000000000e+03
2.813000000000000000e+03 1.600000000000000000e+01 -3.200000000000000000e+01 -1.032000000000000000e+03
2.853000000000000000e+03 8.000000000000000000e+00 -2.400000000000000000e+01 -1.032000000000000000e+03
2.893000000000000000e+03 1.600000000000000000e+01 -2.400000000000000000e+01 -1.048000000000000000e+03
2.933000000000000000e+03 8.000000000000000000e+00 -8.000000000000000000e+00 -1.016000000000000000e+03
2.973000000000000000e+03 8.000000000000000000e+00 -2.400000000000000000e+01 -1.040000000000000000e+03
3.006000000000000000e+03 8.000000000000000000e+00 -2.400000000000000000e+01 -1.056000000000000000e+03
3.046000000000000000e+03 1.600000000000000000e+01 -1.600000000000000000e+01 -1.032000000000000000e+03
3.086000000000000000e+03 1.600000000000000000e+01 -8.000000000000000000e+00 -1.040000000000000000e+03
3.126000000000000000e+03 2.400000000000000000e+01 -2.400000000000000000e+01 -1.064000000000000000e+03
3.166000000000000000e+03 2.400000000000000000e+01 -2.400000000000000000e+01 -1.032000000000000000e+03
3.206000000000000000e+03 1.600000000000000000e+01 -2.400000000000000000e+01 -1.056000000000000000e+03
3.246000000000000000e+03 1.600000000000000000e+01 -2.400000000000000000e+01 -1.040000000000000000e+03
3.286000000000000000e+03 8.000000000000000000e+00 -2.400000000000000000e+01 -1.024000000000000000e+03
3.326000000000000000e+03 1.600000000000000000e+01 -3.200000000000000000e+01 -1.056000000000000000e+03
3.366000000000000000e+03 0.000000000000000000e+00 -1.600000000000000000e+01 -1.024000000000000000e+03
3.406000000000000000e+03 8.000000000000000000e+00 -1.600000000000000000e+01 -1.032000000000000000e+03
3.446000000000000000e+03 0.000000000000000000e+00 -1.600000000000000000e+01 -1.008000000000000000e+03
3.486000000000000000e+03 8.000000000000000000e+00 -1.600000000000000000e+01 -1.056000000000000000e+03
3.526000000000000000e+03 1.600000000000000000e+01 -2.400000000000000000e+01 -9.840000000000000000e+02
3.566000000000000000e+03 0.000000000000000000e+00 -1.600000000000000000e+01 -1.040000000000000000e+03
3.606000000000000000e+03 8.000000000000000000e+00 -8.000000000000000000e+00 -1.024000000000000000e+03
3.646000000000000000e+03 8.000000000000000000e+00 -3.200000000000000000e+01 -1.024000000000000000e+03
3.686000000000000000e+03 1.600000000000000000e+01 -2.400000000000000000e+01 -1.016000000000000000e+03
3.726000000000000000e+03 1.600000000000000000e+01 -1.600000000000000000e+01 -1.032000000000000000e+03
3.766000000000000000e+03 8.000000000000000000e+00 -1.600000000000000000e+01 -1.048000000000000000e+03
3.806000000000000000e+03 1.600000000000000000e+01 -2.400000000000000000e+01 -1.040000000000000000e+03
3.846000000000000000e+03 1.600000000000000000e+01 -2.400000000000000000e+01 -1.056000000000000000e+03
3.886000000000000000e+03 0.000000000000000000e+00 -2.400000000000000000e+01 -1.016000000000000000e+03
3.926000000000000000e+03 8.000000000000000000e+00 0.000000000000000000e+00 -1.024000000000000000e+03
3.966000000000000000e+03 1.600000000000000000e+01 -8.000000000000000000e+00 -1.024000000000000000e+03
3.998000000000000000e+03 1.600000000000000000e+01 -8.000000000000000000e+00 -1.048000000000000000e+03
4.038000000000000000e+03 1.600000000000000000e+01 -1.600000000000000000e+01 -1.032000000000000000e+03
4.078000000000000000e+03 1.600000000000000000e+01 -1.600000000000000000e+01 -1.032000000000000000e+03
4.118000000000000000e+03 1.600000000000000000e+01 -1.600000000000000000e+01 -1.024000000000000000e+03
4.158000000000000000e+03 1.600000000000000000e+01 -3.200000000000000000e+01 -1.032000000000000000e+03
4.198000000000000000e+03 1.600000000000000000e+01 -2.400000000000000000e+01 -1.032000000000000000e+03
4.238000000000000000e+03 1.600000000000000000e+01 -3.200000000000000000e+01 -1.024000000000000000e+03
4.278000000000000000e+03 2.400000000000000000e+01 -3.200000000000000000e+01 -1.024000000000000000e+03
4.318000000000000000e+03 8.000000000000000000e+00 -2.400000000000000000e+01 -1.056000000000000000e+03
4.358000000000000000e+03 1.600000000000000000e+01 -4.000000000000000000e+01 -1.016000000000000000e+03
4.398000000000000000e+03 1.600000000000000000e+01 -3.200000000000000000e+01 -1.032000000000000000e+03
4.438000000000000000e+03 2.400000000000000000e+01 -2.400000000000000000e+01 -1.024000000000000000e+03
4.478000000000000000e+03 1.600000000000000000e+01 -2.400000000000000000e+01 -1.032000000000000000e+03
4.518000000000000000e+03 8.000000000000000000e+00 -1.600000000000000000e+01 -1.024000000000000000e+03
4.558000000000000000e+03 1.600000000000000000e+01 -1.600000000000000000e+01 -1.048000000000000000e+03
4.598000000000000000e+03 1.600000000000000000e+01 -2.400000000000000000e+01 -1.016000000000000000e+03
4.638000000000000000e+03 2.400000000000000000e+01 -2.400000000000000000e+01 -1.024000000000000000e+03
4.678000000000000000e+03 2.400000000000000000e+01 -2.400000000000000000e+01 -1.048000000000000000e+03
4.718000000000000000e+03 2.400000000000000000e+01 -2.400000000000000000e+01 -1.024000000000000000e+03
4.758000000000000000e+03 1.600000000000000000e+01 -2.400000000000000000e+01 -1.032000000000000000e+03
4.798000000000000000e+03 1.600000000000000000e+01 -2.400000000000000000e+01 -1.016000000000000000e+03
4.838000000000000000e+03 2.400000000000000000e+01 -2.400000000000000000e+01 -1.024000000000000000e+03
4.878000000000000000e+03 1.600000000000000000e+01 -2.400000000000000000e+01 -1.032000000000000000e+03
4.918000000000000000e+03 1.600000000000000000e+01 -2.400000000000000000e+01 -1.032000000000000000e+03
4.958000000000000000e+03 2.400000000000000000e+01 -3.200000000000000000e+01 -1.040000000000000000e+03
4.990000000000000000e+03 1.600000000000000000e+01 -1.600000000000000000e+01 -1.016000000000000000e+03
5.030000000000000000e+03 8.000000000000000000e+00 -2.400000000000000000e+01 -1.048000000000000000e+03
5.070000000000000000e+03 3.200000000000000000e+01 -8.000000000000000000e+00 -1.032000000000000000e+03
5.110000000000000000e+03 4.800000000000000000e+01 -8.000000000000000000e+00 -1.032000000000000000e+03
5.150000000000000000e+03 3.200000000000000000e+01 -8.000000000000000000e+00 -1.016000000000000000e+03
5.190000000000000000e+03 1.600000000000000000e+01 0.000000000000000000e+00 -1.024000000000000000e+03
5.230000000000000000e+03 1.600000000000000000e+01 -8.000000000000000000e+00 -9.920000000000000000e+02
5.270000000000000000e+03 1.600000000000000000e+01 -1.600000000000000000e+01 -1.016000000000000000e+03
5.310000000000000000e+03 1.600000000000000000e+01 -2.400000000000000000e+01 -1.016000000000000000e+03
5.350000000000000000e+03 8.000000000000000000e+00 -2.400000000000000000e+01 -1.016000000000000000e+03
5.390000000000000000e+03 1.600000000000000000e+01 -8.000000000000000000e+00 -1.024000000000000000e+03
5.430000000000000000e+03 -1.600000000000000000e+01 -8.000000000000000000e+00 -1.032000000000000000e+03
5.470000000000000000e+03 -8.000000000000000000e+00 -1.600000000000000000e+01 -1.032000000000000000e+03
5.510000000000000000e+03 8.000000000000000000e+00 -1.600000000000000000e+01 -1.040000000000000000e+03
5.550000000000000000e+03 8.000000000000000000e+00 -1.600000000000000000e+01 -1.056000000000000000e+03
5.590000000000000000e+03 1.600000000000000000e+01 -2.400000000000000000e+01 -1.032000000000000000e+03
5.630000000000000000e+03 2.400000000000000000e+01 -1.600000000000000000e+01 -1.016000000000000000e+03
5.670000000000000000e+03 1.600000000000000000e+01 -2.400000000000000000e+01 -1.016000000000000000e+03
5.710000000000000000e+03 1.600000000000000000e+01 -1.600000000000000000e+01 -1.024000000000000000e+03
5.750000000000000000e+03 1.600000000000000000e+01 -1.600000000000000000e+01 -1.048000000000000000e+03
5.790000000000000000e+03 2.400000000000000000e+01 -8.000000000000000000e+00 -1.032000000000000000e+03
5.830000000000000000e+03 3.200000000000000000e+01 -1.600000000000000000e+01 -1.040000000000000000e+03
5.870000000000000000e+03 1.600000000000000000e+01 -8.000000000000000000e+00 -1.024000000000000000e+03
5.910000000000000000e+03 1.600000000000000000e+01 -8.000000000000000000e+00 -1.072000000000000000e+03
5.950000000000000000e+03 1.600000000000000000e+01 -2.400000000000000000e+01 -1.040000000000000000e+03
6.975000000000000000e+03 2.400000000000000000e+01 -2.400000000000000000e+01 -1.072000000000000000e+03
7.015000000000000000e+03 4.000000000000000000e+01 -1.600000000000000000e+01 -1.032000000000000000e+03
7.055000000000000000e+03 2.400000000000000000e+01 -1.600000000000000000e+01 -1.024000000000000000e+03
7.095000000000000000e+03 1.600000000000000000e+01 -1.600000000000000000e+01 -1.032000000000000000e+03
7.135000000000000000e+03 1.600000000000000000e+01 -1.600000000000000000e+01 -1.024000000000000000e+03
7.175000000000000000e+03 8.000000000000000000e+00 -1.600000000000000000e+01 -1.032000000000000000e+03
7.215000000000000000e+03 8.000000000000000000e+00 -4.000000000000000000e+01 -1.008000000000000000e+03
7.255000000000000000e+03 1.600000000000000000e+01 -3.200000000000000000e+01 -1.040000000000000000e+03
7.295000000000000000e+03 1.600000000000000000e+01 -2.400000000000000000e+01 -1.040000000000000000e+03
7.335000000000000000e+03 1.600000000000000000e+01 -1.600000000000000000e+01 -1.024000000000000000e+03
7.375000000000000000e+03 1.600000000000000000e+01 -1.600000000000000000e+01 -1.048000000000000000e+03
7.415000000000000000e+03 3.200000000000000000e+01 -1.600000000000000000e+01 -1.056000000000000000e+03
7.455000000000000000e+03 2.400000000000000000e+01 -1.600000000000000000e+01 -1.048000000000000000e+03
7.495000000000000000e+03 4.800000000000000000e+01 -4.000000000000000000e+01 -9.760000000000000000e+02
7.535000000000000000e+03 2.400000000000000000e+01 -3.200000000000000000e+01 -1.024000000000000000e+03
7.575000000000000000e+03 1.600000000000000000e+01 -2.400000000000000000e+01 -1.024000000000000000e+03
7.615000000000000000e+03 2.400000000000000000e+01 -3.200000000000000000e+01 -1.040000000000000000e+03
7.655000000000000000e+03 2.400000000000000000e+01 -3.200000000000000000e+01 -1.024000000000000000e+03
7.695000000000000000e+03 1.600000000000000000e+01 -1.600000000000000000e+01 -1.024000000000000000e+03
7.735000000000000000e+03 1.600000000000000000e+01 -1.600000000000000000e+01 -1.016000000000000000e+03
7.775000000000000000e+03 1.600000000000000000e+01 -1.600000000000000000e+01 -1.032000000000000000e+03
7.815000000000000000e+03 1.600000000000000000e+01 -1.600000000000000000e+01 -1.024000000000000000e+03
7.855000000000000000e+03 0.000000000000000000e+00 -1.600000000000000000e+01 -1.040000000000000000e+03
7.895000000000000000e+03 -8.000000000000000000e+00 -1.600000000000000000e+01 -1.024000000000000000e+03
7.935000000000000000e+03 0.000000000000000000e+00 -2.400000000000000000e+01 -1.048000000000000000e+03
7.968000000000000000e+03 2.400000000000000000e+01 -2.400000000000000000e+01 -1.040000000000000000e+03
8.008000000000000000e+03 1.600000000000000000e+01 -8.000000000000000000e+00 -1.064000000000000000e+03
8.048000000000000000e+03 3.200000000000000000e+01 -1.600000000000000000e+01 -1.040000000000000000e+03
8.088000000000000000e+03 8.000000000000000000e+00 -1.600000000000000000e+01 -1.040000000000000000e+03
8.128000000000000000e+03 2.400000000000000000e+01 -2.400000000000000000e+01 -1.040000000000000000e+03
8.168000000000000000e+03 2.400000000000000000e+01 -1.600000000000000000e+01 -1.024000000000000000e+03
8.208000000000000000e+03 2.400000000000000000e+01 -3.200000000000000000e+01 -1.032000000000000000e+03
8.248000000000000000e+03 1.600000000000000000e+01 -2.400000000000000000e+01 -1.040000000000000000e+03
8.288000000000000000e+03 2.400000000000000000e+01 -1.600000000000000000e+01 -1.040000000000000000e+03
8.328000000000000000e+03 1.600000000000000000e+01 0.000000000000000000e+00 -1.016000000000000000e+03
8.368000000000000000e+03 2.400000000000000000e+01 -8.000000000000000000e+00 -1.032000000000000000e+03
8.408000000000000000e+03 4.800000000000000000e+01 -1.600000000000000000e+01 -1.024000000000000000e+03
8.448000000000000000e+03 3.200000000000000000e+01 -1.600000000000000000e+01 -1.024000000000000000e+03
8.488000000000000000e+03 2.400000000000000000e+01 -2.400000000000000000e+01 -1.040000000000000000e+03
8.528000000000000000e+03 2.400000000000000000e+01 -2.400000000000000000e+01 -1.040000000000000000e+03
8.568000000000000000e+03 1.600000000000000000e+01 -2.400000000000000000e+01 -1.040000000000000000e+03
8.608000000000000000e+03 4.000000000000000000e+01 -2.400000000000000000e+01 -1.024000000000000000e+03
8.648000000000000000e+03 3.200000000000000000e+01 -1.600000000000000000e+01 -1.024000000000000000e+03
8.688000000000000000e+03 8.000000000000000000e+00 0.000000000000000000e+00 -1.024000000000000000e+03
8.728000000000000000e+03 1.600000000000000000e+01 -8.000000000000000000e+00 -1.032000000000000000e+03
8.768000000000000000e+03 4.000000000000000000e+01 -2.400000000000000000e+01 -1.072000000000000000e+03
8.808000000000000000e+03 3.200000000000000000e+01 -2.400000000000000000e+01 -1.016000000000000000e+03
8.848000000000000000e+03 8.000000000000000000e+00 -2.400000000000000000e+01 -1.032000000000000000e+03
8.888000000000000000e+03 1.600000000000000000e+01 -2.400000000000000000e+01 -1.008000000000000000e+03
8.928000000000000000e+03 1.600000000000000000e+01 -2.400000000000000000e+01 -1.072000000000000000e+03
8.960000000000000000e+03 1.600000000000000000e+01 -1.600000000000000000e+01 -1.032000000000000000e+03
9.000000000000000000e+03 2.400000000000000000e+01 -2.400000000000000000e+01 -1.032000000000000000e+03
9.040000000000000000e+03 2.400000000000000000e+01 -2.400000000000000000e+01 -1.040000000000000000e+03
9.080000000000000000e+03 1.600000000000000000e+01 -2.400000000000000000e+01 -1.016000000000000000e+03
9.120000000000000000e+03 1.600000000000000000e+01 -1.600000000000000000e+01 -1.032000000000000000e+03
9.160000000000000000e+03 1.600000000000000000e+01 -2.400000000000000000e+01 -1.032000000000000000e+03
9.200000000000000000e+03 1.600000000000000000e+01 -1.600000000000000000e+01 -1.000000000000000000e+03
9.240000000000000000e+03 1.600000000000000000e+01 -2.400000000000000000e+01 -1.040000000000000000e+03
9.280000000000000000e+03 -8.000000000000000000e+00 -2.400000000000000000e+01 -1.024000000000000000e+03
9.320000000000000000e+03 0.000000000000000000e+00 -1.600000000000000000e+01 -1.000000000000000000e+03
9.360000000000000000e+03 3.200000000000000000e+01 -2.400000000000000000e+01 -1.040000000000000000e+03
9.400000000000000000e+03 2.400000000000000000e+01 -1.600000000000000000e+01 -1.040000000000000000e+03
9.440000000000000000e+03 2.400000000000000000e+01 -1.600000000000000000e+01 -1.032000000000000000e+03
9.480000000000000000e+03 2.400000000000000000e+01 -1.600000000000000000e+01 -1.040000000000000000e+03
9.520000000000000000e+03 1.600000000000000000e+01 0.000000000000000000e+00 -1.024000000000000000e+03
9.560000000000000000e+03 1.600000000000000000e+01 -8.000000000000000000e+00 -1.024000000000000000e+03
9.600000000000000000e+03 2.400000000000000000e+01 -2.400000000000000000e+01 -1.032000000000000000e+03
9.640000000000000000e+03 2.400000000000000000e+01 -2.400000000000000000e+01 -1.064000000000000000e+03
9.680000000000000000e+03 1.600000000000000000e+01 -2.400000000000000000e+01 -1.032000000000000000e+03
9.720000000000000000e+03 3.200000000000000000e+01 -1.600000000000000000e+01 -1.024000000000000000e+03
9.760000000000000000e+03 3.200000000000000000e+01 -3.200000000000000000e+01 -1.024000000000000000e+03
9.800000000000000000e+03 4.000000000000000000e+01 -3.200000000000000000e+01 -1.056000000000000000e+03
9.840000000000000000e+03 2.400000000000000000e+01 -1.600000000000000000e+01 -1.040000000000000000e+03
9.880000000000000000e+03 2.400000000000000000e+01 -1.600000000000000000e+01 -1.032000000000000000e+03
9.920000000000000000e+03 1.600000000000000000e+01 -1.600000000000000000e+01 -1.032000000000000000e+03
9.952000000000000000e+03 1.600000000000000000e+01 -2.400000000000000000e+01 -1.024000000000000000e+03
9.992000000000000000e+03 1.600000000000000000e+01 -1.600000000000000000e+01 -1.000000000000000000e+03
1.003200000000000000e+04 1.600000000000000000e+01 -2.400000000000000000e+01 -1.032000000000000000e+03
1.007200000000000000e+04 1.600000000000000000e+01 -2.400000000000000000e+01 -1.040000000000000000e+03
1.011200000000000000e+04 2.400000000000000000e+01 -1.600000000000000000e+01 -1.024000000000000000e+03
1.015200000000000000e+04 1.600000000000000000e+01 -2.400000000000000000e+01 -1.032000000000000000e+03
1.019200000000000000e+04 1.600000000000000000e+01 -2.400000000000000000e+01 -1.032000000000000000e+03
1.023200000000000000e+04 8.000000000000000000e+00 -2.400000000000000000e+01 -1.032000000000000000e+03
1.027200000000000000e+04 8.000000000000000000e+00 -1.600000000000000000e+01 -1.048000000000000000e+03
1.031200000000000000e+04 8.000000000000000000e+00 -1.600000000000000000e+01 -1.048000000000000000e+03
1.035200000000000000e+04 1.600000000000000000e+01 -2.400000000000000000e+01 -1.008000000000000000e+03
1.039200000000000000e+04 1.600000000000000000e+01 -1.600000000000000000e+01 -1.024000000000000000e+03
1.043200000000000000e+04 1.600000000000000000e+01 -1.600000000000000000e+01 -1.016000000000000000e+03
1.047200000000000000e+04 2.400000000000000000e+01 8.000000000000000000e+00 -1.040000000000000000e+03
1.051200000000000000e+04 1.600000000000000000e+01 -8.000000000000000000e+00 -1.008000000000000000e+03
1.055200000000000000e+04 1.600000000000000000e+01 -1.600000000000000000e+01 -1.032000000000000000e+03
1.059200000000000000e+04 2.400000000000000000e+01 -1.600000000000000000e+01 -1.040000000000000000e+03
1.063200000000000000e+04 2.400000000000000000e+01 -1.600000000000000000e+01 -1.048000000000000000e+03
1.067200000000000000e+04 3.200000000000000000e+01 -1.600000000000000000e+01 -1.048000000000000000e+03
1.071200000000000000e+04 1.600000000000000000e+01 -2.400000000000000000e+01 -1.056000000000000000e+03
1.075200000000000000e+04 2.400000000000000000e+01 -1.600000000000000000e+01 -1.008000000000000000e+03
1.079200000000000000e+04 1.600000000000000000e+01 0.000000000000000000e+00 -1.048000000000000000e+03
1.083200000000000000e+04 1.600000000000000000e+01 0.000000000000000000e+00 -1.032000000000000000e+03
1.087200000000000000e+04 1.600000000000000000e+01 -1.600000000000000000e+01 -1.040000000000000000e+03
1.091200000000000000e+04 1.600000000000000000e+01 -2.400000000000000000e+01 -1.032000000000000000e+03
1.094400000000000000e+04 1.600000000000000000e+01 -1.600000000000000000e+01 -1.024000000000000000e+03
1.098400000000000000e+04 1.600000000000000000e+01 -1.600000000000000000e+01 -1.048000000000000000e+03
1.102400000000000000e+04 8.000000000000000000e+00 -2.400000000000000000e+01 -1.048000000000000000e+03
1.106400000000000000e+04 1.600000000000000000e+01 -2.400000000000000000e+01 -1.040000000000000000e+03
1.110400000000000000e+04 8.000000000000000000e+00 -2.400000000000000000e+01 -1.032000000000000000e+03
1.114400000000000000e+04 1.600000000000000000e+01 -2.400000000000000000e+01 -1.056000000000000000e+03
1.118400000000000000e+04 2.400000000000000000e+01 -1.600000000000000000e+01 -1.040000000000000000e+03
1.122400000000000000e+04 1.600000000000000000e+01 -1.600000000000000000e+01 -1.040000000000000000e+03
1.126400000000000000e+04 1.600000000000000000e+01 -2.400000000000000000e+01 -1.032000000000000000e+03
1.130400000000000000e+04 1.600000000000000000e+01 -2.400000000000000000e+01 -1.040000000000000000e+03
1.134400000000000000e+04 1.600000000000000000e+01 -2.400000000000000000e+01 -1.032000000000000000e+03
1.138400000000000000e+04 2.400000000000000000e+01 -1.600000000000000000e+01 -1.032000000000000000e+03
1.142400000000000000e+04 2.400000000000000000e+01 -2.400000000000000000e+01 -1.056000000000000000e+03
1.146400000000000000e+04 2.400000000000000000e+01 -1.600000000000000000e+01 -1.040000000000000000e+03
1.150400000000000000e+04 1.600000000000000000e+01 -2.400000000000000000e+01 -1.032000000000000000e+03
1.154400000000000000e+04 1.600000000000000000e+01 -2.400000000000000000e+01 -1.040000000000000000e+03
1.158400000000000000e+04 4.000000000000000000e+01 -4.000000000000000000e+01 -1.016000000000000000e+03
1.162400000000000000e+04 2.400000000000000000e+01 -2.400000000000000000e+01 -1.040000000000000000e+03
1.166400000000000000e+04 8.000000000000000000e+00 -3.200000000000000000e+01 -1.064000000000000000e+03
1.170400000000000000e+04 8.000000000000000000e+00 -2.400000000000000000e+01 -1.032000000000000000e+03
1.174400000000000000e+04 1.600000000000000000e+01 -4.800000000000000000e+01 -1.048000000000000000e+03
1.178400000000000000e+04 8.000000000000000000e+00 -3.200000000000000000e+01 -1.024000000000000000e+03
1.182400000000000000e+04 8.000000000000000000e+00 -2.400000000000000000e+01 -1.024000000000000000e+03
1.186400000000000000e+04 8.000000000000000000e+00 -2.400000000000000000e+01 -1.024000000000000000e+03
1.190400000000000000e+04 8.000000000000000000e+00 -3.200000000000000000e+01 -1.024000000000000000e+03
1.193800000000000000e+04 1.600000000000000000e+01 -2.400000000000000000e+01 -1.032000000000000000e+03
1.197800000000000000e+04 8.000000000000000000e+00 -2.400000000000000000e+01 -1.016000000000000000e+03
1.201800000000000000e+04 1.600000000000000000e+01 -3.200000000000000000e+01 -1.008000000000000000e+03
1.205800000000000000e+04 2.400000000000000000e+01 -2.400000000000000000e+01 -1.032000000000000000e+03
1.209800000000000000e+04 3.200000000000000000e+01 -8.000000000000000000e+00 -1.024000000000000000e+03
1.213800000000000000e+04 3.200000000000000000e+01 0.000000000000000000e+00 -1.016000000000000000e+03
1.217800000000000000e+04 2.400000000000000000e+01 -8.000000000000000000e+00 -1.080000000000000000e+03
1.221800000000000000e+04 1.600000000000000000e+01 -1.600000000000000000e+01 -1.024000000000000000e+03
1.225800000000000000e+04 8.000000000000000000e+00 -1.600000000000000000e+01 -1.032000000000000000e+03
1.229800000000000000e+04 1.600000000000000000e+01 -1.600000000000000000e+01 -1.040000000000000000e+03
1.233800000000000000e+04 1.600000000000000000e+01 -1.600000000000000000e+01 -1.032000000000000000e+03
1.237800000000000000e+04 2.400000000000000000e+01 -1.600000000000000000e+01 -1.040000000000000000e+03
1.241800000000000000e+04 2.400000000000000000e+01 -2.400000000000000000e+01 -1.032000000000000000e+03
1.245800000000000000e+04 2.400000000000000000e+01 -1.600000000000000000e+01 -1.040000000000000000e+03
1.249800000000000000e+04 8.000000000000000000e+00 -1.600000000000000000e+01 -1.064000000000000000e+03
1.253800000000000000e+04 0.000000000000000000e+00 -1.600000000000000000e+01 -1.040000000000000000e+03
1.257800000000000000e+04 8.000000000000000000e+00 -1.600000000000000000e+01 -1.056000000000000000e+03
1.261800000000000000e+04 1.600000000000000000e+01 -1.600000000000000000e+01 -1.032000000000000000e+03
1.265800000000000000e+04 1.600000000000000000e+01 -1.600000000000000000e+01 -1.032000000000000000e+03
1.269800000000000000e+04 1.600000000000000000e+01 -2.400000000000000000e+01 -1.032000000000000000e+03
1.273800000000000000e+04 1.600000000000000000e+01 -2.400000000000000000e+01 -1.032000000000000000e+03
1.277800000000000000e+04 1.600000000000000000e+01 -2.400000000000000000e+01 -1.024000000000000000e+03
1.281800000000000000e+04 1.600000000000000000e+01 -2.400000000000000000e+01 -1.024000000000000000e+03
1.285800000000000000e+04 1.600000000000000000e+01 -1.600000000000000000e+01 -1.032000000000000000e+03
1.289800000000000000e+04 2.400000000000000000e+01 -1.600000000000000000e+01 -1.032000000000000000e+03
1.392200000000000000e+04 2.400000000000000000e+01 -8.000000000000000000e+00 -1.016000000000000000e+03
1.396200000000000000e+04 2.400000000000000000e+01 -1.600000000000000000e+01 -1.016000000000000000e+03
1.400200000000000000e+04 2.400000000000000000e+01 -3.200000000000000000e+01 -1.048000000000000000e+03
1.404200000000000000e+04 3.200000000000000000e+01 -8.000000000000000000e+00 -1.032000000000000000e+03
1.408200000000000000e+04 2.400000000000000000e+01 -1.600000000000000000e+01 -1.024000000000000000e+03
1.412200000000000000e+04 2.400000000000000000e+01 -1.600000000000000000e+01 -1.032000000000000000e+03
1.416200000000000000e+04 1.600000000000000000e+01 -1.600000000000000000e+01 -1.016000000000000000e+03
1.420200000000000000e+04 8.000000000000000000e+00 -1.600000000000000000e+01 -1.040000000000000000e+03
1.424200000000000000e+04 8.000000000000000000e+00 -2.400000000000000000e+01 -1.040000000000000000e+03
1.428200000000000000e+04 1.600000000000000000e+01 -2.400000000000000000e+01 -1.048000000000000000e+03
1.432200000000000000e+04 1.600000000000000000e+01 -3.200000000000000000e+01 -1.024000000000000000e+03
1.436200000000000000e+04 1.600000000000000000e+01 -8.000000000000000000e+00 -1.032000000000000000e+03
1.440200000000000000e+04 2.400000000000000000e+01 -1.600000000000000000e+01 -1.016000000000000000e+03
1.444200000000000000e+04 2.400000000000000000e+01 -2.400000000000000000e+01 -1.040000000000000000e+03
1.448200000000000000e+04 2.400000000000000000e+01 -2.400000000000000000e+01 -1.040000000000000000e+03
1.452200000000000000e+04 2.400000000000000000e+01 -1.600000000000000000e+01 -1.056000000000000000e+03
1.456200000000000000e+04 2.400000000000000000e+01 -1.600000000000000000e+01 -1.024000000000000000e+03
1.460200000000000000e+04 1.600000000000000000e+01 -2.400000000000000000e+01 -1.032000000000000000e+03
1.464200000000000000e+04 1.600000000000000000e+01 -2.400000000000000000e+01 -1.040000000000000000e+03
1.468200000000000000e+04 1.600000000000000000e+01 -2.400000000000000000e+01 -1.016000000000000000e+03
1.472200000000000000e+04 1.600000000000000000e+01 -1.600000000000000000e+01 -1.008000000000000000e+03
1.476200000000000000e+04 1.600000000000000000e+01 -2.400000000000000000e+01 -1.040000000000000000e+03
1.480200000000000000e+04 1.600000000000000000e+01 -2.400000000000000000e+01 -1.032000000000000000e+03
1.484200000000000000e+04 3.200000000000000000e+01 -2.400000000000000000e+01 -1.008000000000000000e+03
1.488200000000000000e+04 2.400000000000000000e+01 -1.600000000000000000e+01 -1.032000000000000000e+03
1.491400000000000000e+04 1.600000000000000000e+01 -1.600000000000000000e+01 -1.040000000000000000e+03
1.495400000000000000e+04 1.600000000000000000e+01 -1.600000000000000000e+01 -1.024000000000000000e+03
1.499400000000000000e+04 1.600000000000000000e+01 -2.400000000000000000e+01 -1.016000000000000000e+03
1.503400000000000000e+04 1.600000000000000000e+01 -8.000000000000000000e+00 -1.048000000000000000e+03
1.507400000000000000e+04 8.000000000000000000e+00 -3.200000000000000000e+01 -1.072000000000000000e+03
1.511400000000000000e+04 1.600000000000000000e+01 -2.400000000000000000e+01 -1.032000000000000000e+03
1.515400000000000000e+04 1.600000000000000000e+01 -2.400000000000000000e+01 -1.040000000000000000e+03
1.519400000000000000e+04 1.600000000000000000e+01 -2.400000000000000000e+01 -1.024000000000000000e+03
1.523400000000000000e+04 1.600000000000000000e+01 -2.400000000000000000e+01 -1.032000000000000000e+03
1.527400000000000000e+04 3.200000000000000000e+01 8.000000000000000000e+00 -1.080000000000000000e+03
1.531400000000000000e+04 2.400000000000000000e+01 0.000000000000000000e+00 -1.016000000000000000e+03
1.535400000000000000e+04 3.200000000000000000e+01 -8.000000000000000000e+00 -1.032000000000000000e+03
1.539400000000000000e+04 2.400000000000000000e+01 0.000000000000000000e+00 -1.048000000000000000e+03
1.543400000000000000e+04 1.600000000000000000e+01 -8.000000000000000000e+00 -1.032000000000000000e+03
1.547400000000000000e+04 1.600000000000000000e+01 -4.000000000000000000e+01 -1.024000000000000000e+03
1.551400000000000000e+04 1.600000000000000000e+01 -3.200000000000000000e+01 -1.032000000000000000e+03
1.555400000000000000e+04 1.600000000000000000e+01 -2.400000000000000000e+01 -1.024000000000000000e+03
1.559400000000000000e+04 1.600000000000000000e+01 -2.400000000000000000e+01 -1.032000000000000000e+03
1.563400000000000000e+04 1.600000000000000000e+01 -2.400000000000000000e+01 -1.008000000000000000e+03
1.567400000000000000e+04 1.600000000000000000e+01 -2.400000000000000000e+01 -1.056000000000000000e+03
1.571400000000000000e+04 1.600000000000000000e+01 -2.400000000000000000e+01 -1.024000000000000000e+03
1.575400000000000000e+04 -8.000000000000000000e+00 -2.400000000000000000e+01 -1.040000000000000000e+03
1.579400000000000000e+04 8.000000000000000000e+00 -2.400000000000000000e+01 -1.024000000000000000e+03
1.583400000000000000e+04 8.000000000000000000e+00 -2.400000000000000000e+01 -1.024000000000000000e+03
1.587400000000000000e+04 2.400000000000000000e+01 -2.400000000000000000e+01 -1.008000000000000000e+03
1.590600000000000000e+04 2.400000000000000000e+01 -2.400000000000000000e+01 -1.032000000000000000e+03
1.594600000000000000e+04 2.400000000000000000e+01 0.000000000000000000e+00 -1.016000000000000000e+03
1.598600000000000000e+04 2.400000000000000000e+01 -8.000000000000000000e+00 -1.008000000000000000e+03
1.602600000000000000e+04 1.600000000000000000e+01 -8.000000000000000000e+00 -1.024000000000000000e+03
1.606600000000000000e+04 8.000000000000000000e+00 -1.600000000000000000e+01 -1.008000000000000000e+03
1.610600000000000000e+04 1.600000000000000000e+01 -1.600000000000000000e+01 -1.032000000000000000e+03
1.614600000000000000e+04 2.400000000000000000e+01 -2.400000000000000000e+01 -1.040000000000000000e+03
1.618600000000000000e+04 3.200000000000000000e+01 -1.600000000000000000e+01 -1.024000000000000000e+03
1.622600000000000000e+04 2.400000000000000000e+01 -1.600000000000000000e+01 -1.056000000000000000e+03
1.626600000000000000e+04 1.600000000000000000e+01 -1.600000000000000000e+01 -1.056000000000000000e+03
1.630600000000000000e+04 1.600000000000000000e+01 -2.400000000000000000e+01 -1.040000000000000000e+03
1.634600000000000000e+04 1.600000000000000000e+01 -2.400000000000000000e+01 -1.056000000000000000e+03
1.638600000000000000e+04 2.400000000000000000e+01 -1.600000000000000000e+01 -1.040000000000000000e+03
1.642600000000000000e+04 2.400000000000000000e+01 -1.600000000000000000e+01 -1.032000000000000000e+03
1.646600000000000000e+04 3.200000000000000000e+01 -1.600000000000000000e+01 -1.032000000000000000e+03
1.650600000000000000e+04 2.400000000000000000e+01 -1.600000000000000000e+01 -1.032000000000000000e+03
1.654600000000000000e+04 1.600000000000000000e+01 -2.400000000000000000e+01 -1.032000000000000000e+03
1.658600000000000000e+04 2.400000000000000000e+01 -1.600000000000000000e+01 -1.024000000000000000e+03
1.662600000000000000e+04 1.600000000000000000e+01 -1.600000000000000000e+01 -1.024000000000000000e+03
1.666600000000000000e+04 1.600000000000000000e+01 -1.600000000000000000e+01 -1.048000000000000000e+03
1.670600000000000000e+04 1.600000000000000000e+01 -1.600000000000000000e+01 -1.032000000000000000e+03
1.674600000000000000e+04 1.600000000000000000e+01 -1.600000000000000000e+01 -1.032000000000000000e+03
1.678600000000000000e+04 3.200000000000000000e+01 -2.400000000000000000e+01 -1.032000000000000000e+03
1.682600000000000000e+04 2.400000000000000000e+01 -2.400000000000000000e+01 -1.048000000000000000e+03
1.686600000000000000e+04 2.400000000000000000e+01 -1.600000000000000000e+01 -1.032000000000000000e+03
1.689800000000000000e+04 1.600000000000000000e+01 -1.600000000000000000e+01 -1.032000000000000000e+03
1.693800000000000000e+04 1.600000000000000000e+01 -1.600000000000000000e+01 -1.056000000000000000e+03
1.697800000000000000e+04 2.400000000000000000e+01 -3.200000000000000000e+01 -1.024000000000000000e+03
1.701800000000000000e+04 1.600000000000000000e+01 -2.400000000000000000e+01 -1.040000000000000000e+03
1.705800000000000000e+04 1.600000000000000000e+01 -2.400000000000000000e+01 -1.040000000000000000e+03
1.709800000000000000e+04 1.600000000000000000e+01 -2.400000000000000000e+01 -1.032000000000000000e+03
1.713800000000000000e+04 8.000000000000000000e+00 -2.400000000000000000e+01 -1.032000000000000000e+03
1.717800000000000000e+04 8.000000000000000000e+00 -2.400000000000000000e+01 -1.040000000000000000e+03
1.721800000000000000e+04 1.600000000000000000e+01 -2.400000000000000000e+01 -1.032000000000000000e+03
1.725800000000000000e+04 1.600000000000000000e+01 -2.400000000000000000e+01 -1.032000000000000000e+03
1.729800000000000000e+04 8.000000000000000000e+00 -2.400000000000000000e+01 -1.040000000000000000e+03
1.733800000000000000e+04 0.000000000000000000e+00 -1.600000000000000000e+01 -1.040000000000000000e+03
1.737800000000000000e+04 0.000000000000000000e+00 0.000000000000000000e+00 -9.360000000000000000e+02
1.741800000000000000e+04 1.600000000000000000e+01 -1.600000000000000000e+01 -1.024000000000000000e+03
1.745800000000000000e+04 1.600000000000000000e+01 0.000000000000000000e+00 -1.032000000000000000e+03
1.749800000000000000e+04 1.600000000000000000e+01 -8.000000000000000000e+00 -1.016000000000000000e+03
1.753800000000000000e+04 2.400000000000000000e+01 -1.600000000000000000e+01 -1.032000000000000000e+03
1.757800000000000000e+04 2.400000000000000000e+01 -1.600000000000000000e+01 -1.032000000000000000e+03
1.761800000000000000e+04 2.400000000000000000e+01 -1.600000000000000000e+01 -1.032000000000000000e+03
1.765800000000000000e+04 1.600000000000000000e+01 -2.400000000000000000e+01 -1.040000000000000000e+03
1.769800000000000000e+04 1.600000000000000000e+01 -8.000000000000000000e+00 -1.008000000000000000e+03
1.773800000000000000e+04 8.000000000000000000e+00 -3.200000000000000000e+01 -1.056000000000000000e+03
1.777800000000000000e+04 1.600000000000000000e+01 -2.400000000000000000e+01 -1.016000000000000000e+03
1.781800000000000000e+04 2.400000000000000000e+01 -1.600000000000000000e+01 -1.040000000000000000e+03
1.785800000000000000e+04 2.400000000000000000e+01 -1.600000000000000000e+01 -1.024000000000000000e+03
1.789100000000000000e+04 1.600000000000000000e+01 -3.200000000000000000e+01 -1.040000000000000000e+03
1.793100000000000000e+04 2.400000000000000000e+01 -3.200000000000000000e+01 -1.040000000000000000e+03
1.797100000000000000e+04 3.200000000000000000e+01 -2.400000000000000000e+01 -1.048000000000000000e+03
1.801100000000000000e+04 3.200000000000000000e+01 -1.600000000000000000e+01 -1.040000000000000000e+03
1.805100000000000000e+04 2.400000000000000000e+01 -2.400000000000000000e+01 -1.040000000000000000e+03
1.809100000000000000e+04 1.600000000000000000e+01 -2.400000000000000000e+01 -1.040000000000000000e+03
1.813100000000000000e+04 1.600000000000000000e+01 -2.400000000000000000e+01 -1.024000000000000000e+03
1.817100000000000000e+04 1.600000000000000000e+01 -3.200000000000000000e+01 -1.032000000000000000e+03
1.821100000000000000e+04 1.600000000000000000e+01 -1.600000000000000000e+01 -1.008000000000000000e+03
1.825100000000000000e+04 8.000000000000000000e+00 -2.400000000000000000e+01 -1.040000000000000000e+03
1.829100000000000000e+04 1.600000000000000000e+01 -1.600000000000000000e+01 -1.056000000000000000e+03
1.833100000000000000e+04 1.600000000000000000e+01 -2.400000000000000000e+01 -1.032000000000000000e+03
1.837100000000000000e+04 1.600000000000000000e+01 -1.600000000000000000e+01 -1.032000000000000000e+03
1.841100000000000000e+04 2.400000000000000000e+01 -2.400000000000000000e+01 -1.032000000000000000e+03
1.845100000000000000e+04 3.200000000000000000e+01 -2.400000000000000000e+01 -1.032000000000000000e+03
1.849100000000000000e+04 2.400000000000000000e+01 -1.600000000000000000e+01 -1.040000000000000000e+03
1.853100000000000000e+04 1.600000000000000000e+01 -1.600000000000000000e+01 -1.032000000000000000e+03
1.857100000000000000e+04 2.400000000000000000e+01 -1.600000000000000000e+01 -1.072000000000000000e+03
1.861100000000000000e+04 2.400000000000000000e+01 -2.400000000000000000e+01 -1.024000000000000000e+03
1.865100000000000000e+04 2.400000000000000000e+01 -2.400000000000000000e+01 -1.032000000000000000e+03
1.869100000000000000e+04 2.400000000000000000e+01 -4.800000000000000000e+01 -1.016000000000000000e+03
1.873100000000000000e+04 2.400000000000000000e+01 -3.200000000000000000e+01 -1.040000000000000000e+03
1.877100000000000000e+04 1.600000000000000000e+01 -1.600000000000000000e+01 -1.032000000000000000e+03
1.881100000000000000e+04 1.600000000000000000e+01 -2.400000000000000000e+01 -1.040000000000000000e+03
1.885100000000000000e+04 1.600000000000000000e+01 -2.400000000000000000e+01 -1.016000000000000000e+03
1.888300000000000000e+04 0.000000000000000000e+00 -2.400000000000000000e+01 -1.008000000000000000e+03
1.892300000000000000e+04 0.000000000000000000e+00 -8.000000000000000000e+00 -1.032000000000000000e+03
1.896300000000000000e+04 1.600000000000000000e+01 -1.600000000000000000e+01 -1.040000000000000000e+03
1.900300000000000000e+04 2.400000000000000000e+01 -1.600000000000000000e+01 -1.032000000000000000e+03
1.904300000000000000e+04 2.400000000000000000e+01 -2.400000000000000000e+01 -1.056000000000000000e+03
1.908300000000000000e+04 1.600000000000000000e+01 -1.600000000000000000e+01 -1.032000000000000000e+03
1.912300000000000000e+04 2.400000000000000000e+01 -2.400000000000000000e+01 -1.024000000000000000e+03
1.916300000000000000e+04 1.600000000000000000e+01 -1.600000000000000000e+01 -1.024000000000000000e+03
1.920300000000000000e+04 2.400000000000000000e+01 -2.400000000000000000e+01 -1.040000000000000000e+03
1.924300000000000000e+04 2.400000000000000000e+01 -1.600000000000000000e+01 -1.040000000000000000e+03
1.928300000000000000e+04 1.600000000000000000e+01 -1.600000000000000000e+01 -1.024000000000000000e+03
1.932300000000000000e+04 1.600000000000000000e+01 -2.400000000000000000e+01 -1.040000000000000000e+03
1.936300000000000000e+04 1.600000000000000000e+01 -2.400000000000000000e+01 -1.032000000000000000e+03
1.940300000000000000e+04 1.600000000000000000e+01 -1.600000000000000000e+01 -1.024000000000000000e+03
1.944300000000000000e+04 1.600000000000000000e+01 -2.400000000000000000e+01 -1.032000000000000000e+03
1.948300000000000000e+04 1.600000000000000000e+01 -2.400000000000000000e+01 -1.032000000000000000e+03
1.952300000000000000e+04 1.600000000000000000e+01 -2.400000000000000000e+01 -1.000000000000000000e+03
1.956300000000000000e+04 1.600000000000000000e+01 -2.400000000000000000e+01 -1.016000000000000000e+03
1.960300000000000000e+04 1.600000000000000000e+01 -2.400000000000000000e+01 -1.032000000000000000e+03
1.964300000000000000e+04 2.400000000000000000e+01 -2.400000000000000000e+01 -1.032000000000000000e+03
1.968300000000000000e+04 1.600000000000000000e+01 -1.600000000000000000e+01 -1.032000000000000000e+03
1.972300000000000000e+04 8.000000000000000000e+00 -1.600000000000000000e+01 -1.032000000000000000e+03
1.976300000000000000e+04 1.600000000000000000e+01 -2.400000000000000000e+01 -1.032000000000000000e+03
1.980300000000000000e+04 1.600000000000000000e+01 -2.400000000000000000e+01 -1.024000000000000000e+03
1.984300000000000000e+04 1.600000000000000000e+01 -1.600000000000000000e+01 -1.032000000000000000e+03
1.987500000000000000e+04 1.600000000000000000e+01 -1.600000000000000000e+01 -1.008000000000000000e+03
1.991500000000000000e+04 8.000000000000000000e+00 -1.600000000000000000e+01 -1.016000000000000000e+03
1.995500000000000000e+04 8.000000000000000000e+00 -2.400000000000000000e+01 -1.040000000000000000e+03
1.999500000000000000e+04 8.000000000000000000e+00 -4.000000000000000000e+01 -1.040000000000000000e+03
2.003500000000000000e+04 1.600000000000000000e+01 -3.200000000000000000e+01 -1.040000000000000000e+03
2.007500000000000000e+04 1.600000000000000000e+01 -2.400000000000000000e+01 -1.032000000000000000e+03
2.011500000000000000e+04 8.000000000000000000e+00 -2.400000000000000000e+01 -1.024000000000000000e+03
2.015500000000000000e+04 1.600000000000000000e+01 -1.600000000000000000e+01 -1.024000000000000000e+03
2.019500000000000000e+04 1.600000000000000000e+01 -1.600000000000000000e+01 -1.016000000000000000e+03
2.023500000000000000e+04 1.600000000000000000e+01 -8.000000000000000000e+00 -1.040000000000000000e+03
2.027500000000000000e+04 2.400000000000000000e+01 -1.600000000000000000e+01 -1.040000000000000000e+03
2.031500000000000000e+04 1.600000000000000000e+01 -1.600000000000000000e+01 -1.040000000000000000e+03
2.035500000000000000e+04 2.400000000000000000e+01 -2.400000000000000000e+01 -1.040000000000000000e+03
2.039500000000000000e+04 2.400000000000000000e+01 -8.000000000000000000e+00 -9.920000000000000000e+02
2.043500000000000000e+04 2.400000000000000000e+01 -8.000000000000000000e+00 -1.008000000000000000e+03
2.047500000000000000e+04 1.600000000000000000e+01 -8.000000000000000000e+00 -1.040000000000000000e+03
2.051500000000000000e+04 1.600000000000000000e+01 0.000000000000000000e+00 -1.040000000000000000e+03
2.055500000000000000e+04 1.600000000000000000e+01 -2.400000000000000000e+01 -1.032000000000000000e+03
2.059500000000000000e+04 1.600000000000000000e+01 -2.400000000000000000e+01 -1.032000000000000000e+03
2.063500000000000000e+04 2.400000000000000000e+01 -1.600000000000000000e+01 -1.032000000000000000e+03
2.067500000000000000e+04 1.600000000000000000e+01 -1.600000000000000000e+01 -1.024000000000000000e+03
2.071500000000000000e+04 1.600000000000000000e+01 -1.600000000000000000e+01 -1.032000000000000000e+03
2.075500000000000000e+04 8.000000000000000000e+00 -2.400000000000000000e+01 -1.032000000000000000e+03
2.079500000000000000e+04 0.000000000000000000e+00 -3.200000000000000000e+01 -1.056000000000000000e+03
2.083500000000000000e+04 3.200000000000000000e+01 -2.400000000000000000e+01 -1.032000000000000000e+03
2.086700000000000000e+04 2.400000000000000000e+01 -2.400000000000000000e+01 -1.032000000000000000e+03
2.090700000000000000e+04 1.600000000000000000e+01 -8.000000000000000000e+00 -1.016000000000000000e+03
2.094700000000000000e+04 8.000000000000000000e+00 -1.600000000000000000e+01 -1.048000000000000000e+03
2.098700000000000000e+04 3.200000000000000000e+01 -3.200000000000000000e+01 -1.024000000000000000e+03
2.102700000000000000e+04 2.400000000000000000e+01 -3.200000000000000000e+01 -1.016000000000000000e+03
2.106700000000000000e+04 2.400000000000000000e+01 -2.400000000000000000e+01 -1.032000000000000000e+03
2.110700000000000000e+04 1.600000000000000000e+01 -2.400000000000000000e+01 -1.024000000000000000e+03
2.114700000000000000e+04 1.600000000000000000e+01 -2.400000000000000000e+01 -1.048000000000000000e+03
2.118700000000000000e+04 0.000000000000000000e+00 -2.400000000000000000e+01 -1.024000000000000000e+03
2.122700000000000000e+04 1.600000000000000000e+01 -2.400000000000000000e+01 -1.032000000000000000e+03
2.126700000000000000e+04 1.600000000000000000e+01 -2.400000000000000000e+01 -1.000000000000000000e+03
2.130700000000000000e+04 1.600000000000000000e+01 -2.400000000000000000e+01 -1.040000000000000000e+03
2.134700000000000000e+04 2.400000000000000000e+01 -2.400000000000000000e+01 -1.032000000000000000e+03
2.138700000000000000e+04 2.400000000000000000e+01 -2.400000000000000000e+01 -1.032000000000000000e+03
2.142700000000000000e+04 1.600000000000000000e+01 -2.400000000000000000e+01 -1.032000000000000000e+03
2.146700000000000000e+04 1.600000000000000000e+01 -1.600000000000000000e+01 -1.032000000000000000e+03
2.150700000000000000e+04 3.200000000000000000e+01 -1.600000000000000000e+01 -1.032000000000000000e+03
2.154700000000000000e+04 2.400000000000000000e+01 -1.600000000000000000e+01 -1.032000000000000000e+03
2.158700000000000000e+04 2.400000000000000000e+01 -2.400000000000000000e+01 -1.024000000000000000e+03
2.162700000000000000e+04 5.600000000000000000e+01 -4.000000000000000000e+01 -9.840000000000000000e+02
2.166700000000000000e+04 3.200000000000000000e+01 -2.400000000000000000e+01 -1.040000000000000000e+03
2.170700000000000000e+04 1.600000000000000000e+01 -2.400000000000000000e+01 -1.048000000000000000e+03
2.174700000000000000e+04 1.600000000000000000e+01 -1.600000000000000000e+01 -1.024000000000000000e+03
2.178700000000000000e+04 8.000000000000000000e+00 -1.600000000000000000e+01 -1.048000000000000000e+03
2.182700000000000000e+04 8.000000000000000000e+00 -1.600000000000000000e+01 -1.088000000000000000e+03
