5.395280000000000000e+05 1.600000000000000000e+01 -2.400000000000000000e+01 -1.040000000000000000e+03
5.395680000000000000e+05 8.000000000000000000e+00 -2.400000000000000000e+01 -1.032000000000000000e+03
5.396080000000000000e+05 1.600000000000000000e+01 -2.400000000000000000e+01 -1.032000000000000000e+03
5.396480000000000000e+05 1.600000000000000000e+01 -2.400000000000000000e+01 -1.032000000000000000e+03
5.396880000000000000e+05 2.400000000000000000e+01 -2.400000000000000000e+01 -1.040000000000000000e+03
5.397280000000000000e+05 2.400000000000000000e+01 -2.400000000000000000e+01 -1.032000000000000000e+03
5.397680000000000000e+05 1.600000000000000000e+01 -2.400000000000000000e+01 -1.048000000000000000e+03
5.398080000000000000e+05 8.000000000000000000e+00 -2.400000000000000000e+01 -1.008000000000000000e+03
5.398480000000000000e+05 1.600000000000000000e+01 -2.400000000000000000e+01 -1.032000000000000000e+03
5.398880000000000000e+05 1.600000000000000000e+01 -2.400000000000000000e+01 -1.032000000000000000e+03
5.399280000000000000e+05 8.000000000000000000e+00 -2.400000000000000000e+01 -1.016000000000000000e+03
5.399680000000000000e+05 2.400000000000000000e+01 -2.400000000000000000e+01 -1.032000000000000000e+03
5.400080000000000000e+05 1.600000000000000000e+01 -2.400000000000000000e+01 -1.040000000000000000e+03
5.400480000000000000e+05 1.600000000000000000e+01 -2.400000000000000000e+01 -1.032000000000000000e+03
5.400880000000000000e+05 2.400000000000000000e+01 -1.600000000000000000e+01 -1.040000000000000000e+03
5.401280000000000000e+05 1.600000000000000000e+01 -1.600000000000000000e+01 -1.032000000000000000e+03
5.401680000000000000e+05 1.600000000000000000e+01 -1.600000000000000000e+01 -1.032000000000000000e+03
5.402080000000000000e+05 1.600000000000000000e+01 -2.400000000000000000e+01 -1.024000000000000000e+03
5.402480000000000000e+05 1.600000000000000000e+01 -2.400000000000000000e+01 -1.032000000000000000e+03
5.402880000000000000e+05 1.600000000000000000e+01 -2.400000000000000000e+01 -1.032000000000000000e+03
5.403280000000000000e+05 1.600000000000000000e+01 -2.400000000000000000e+01 -1.040000000000000000e+03
5.403680000000000000e+05 1.600000000000000000e+01 -2.400000000000000000e+01 -1.032000000000000000e+03
5.404080000000000000e+05 8.000000000000000000e+00 -2.400000000000000000e+01 -1.024000000000000000e+03
5.404480000000000000e+05 1.600000000000000000e+01 -2.400000000000000000e+01 -1.040000000000000000e+03
5.404880000000000000e+05 1.600000000000000000e+01 -2.400000000000000000e+01 -1.040000000000000000e+03
5.434940000000000000e+05 1.600000000000000000e+01 -2.400000000000000000e+01 -1.048000000000000000e+03
5.435340000000000000e+05 1.600000000000000000e+01 -2.400000000000000000e+01 -1.032000000000000000e+03
5.435740000000000000e+05 2.400000000000000000e+01 -2.400000000000000000e+01 -1.032000000000000000e+03
5.436140000000000000e+05 2.400000000000000000e+01 -2.400000000000000000e+01 -1.032000000000000000e+03
5.436540000000000000e+05 2.400000000000000000e+01 -2.400000000000000000e+01 -1.032000000000000000e+03
5.436940000000000000e+05 2.400000000000000000e+01 -2.400000000000000000e+01 -1.040000000000000000e+03
5.437340000000000000e+05 1.600000000000000000e+01 -2.400000000000000000e+01 -1.024000000000000000e+03
5.437740000000000000e+05 1.600000000000000000e+01 -1.600000000000000000e+01 -1.040000000000000000e+03
5.438140000000000000e+05 1.600000000000000000e+01 -2.400000000000000000e+01 -1.032000000000000000e+03
5.438540000000000000e+05 1.600000000000000000e+01 -3.200000000000000000e+01 -1.032000000000000000e+03
5.438940000000000000e+05 1.600000000000000000e+01 -2.400000000000000000e+01 -1.032000000000000000e+03
5.439340000000000000e+05 1.600000000000000000e+01 -2.400000000000000000e+01 -1.032000000000000000e+03
5.439740000000000000e+05 1.600000000000000000e+01 -2.400000000000000000e+01 -1.040000000000000000e+03
5.440140000000000000e+05 8.000000000000000000e+00 -1.600000000000000000e+01 -1.024000000000000000e+03
5.440540000000000000e+05 8.000000000000000000e+00 -2.400000000000000000e+01 -1.032000000000000000e+03
5.440940000000000000e+05 8.000000000000000000e+00 -2.400000000000000000e+01 -1.024000000000000000e+03
5.441340000000000000e+05 8.000000000000000000e+00 -2.400000000000000000e+01 -1.024000000000000000e+03
5.441740000000000000e+05 1.600000000000000000e+01 -2.400000000000000000e+01 -1.024000000000000000e+03
5.442140000000000000e+05 1.600000000000000000e+01 -2.400000000000000000e+01 -1.032000000000000000e+03
5.442540000000000000e+05 1.600000000000000000e+01 -2.400000000000000000e+01 -1.032000000000000000e+03
5.442940000000000000e+05 1.600000000000000000e+01 -2.400000000000000000e+01 -1.032000000000000000e+03
5.443340000000000000e+05 1.600000000000000000e+01 -2.400000000000000000e+01 -1.024000000000000000e+03
5.443740000000000000e+05 2.400000000000000000e+01 -2.400000000000000000e+01 -1.024000000000000000e+03
5.444140000000000000e+05 2.400000000000000000e+01 -2.400000000000000000e+01 -1.032000000000000000e+03
5.444540000000000000e+05 1.600000000000000000e+01 -2.400000000000000000e+01 -1.032000000000000000e+03
5.474600000000000000e+05 1.600000000000000000e+01 -1.600000000000000000e+01 -1.048000000000000000e+03
5.475000000000000000e+05 2.400000000000000000e+01 -1.600000000000000000e+01 -1.016000000000000000e+03
5.475400000000000000e+05 2.400000000000000000e+01 -8.000000000000000000e+00 -1.024000000000000000e+03
5.475800000000000000e+05 2.400000000000000000e+01 -8.000000000000000000e+00 -1.032000000000000000e+03
5.476200000000000000e+05 2.400000000000000000e+01 -1.600000000000000000e+01 -1.000000000000000000e+03
5.476600000000000000e+05 3.200000000000000000e+01 -2.400000000000000000e+01 -1.056000000000000000e+03
5.477000000000000000e+05 2.400000000000000000e+01 -2.400000000000000000e+01 -1.008000000000000000e+03
5.477400000000000000e+05 1.600000000000000000e+01 -1.600000000000000000e+01 -1.040000000000000000e+03
5.477800000000000000e+05 1.600000000000000000e+01 -2.400000000000000000e+01 -1.024000000000000000e+03
5.478200000000000000e+05 2.400000000000000000e+01 -2.400000000000000000e+01 -1.040000000000000000e+03
5.478600000000000000e+05 1.600000000000000000e+01 -3.200000000000000000e+01 -1.000000000000000000e+03
5.479000000000000000e+05 1.600000000000000000e+01 -3.200000000000000000e+01 -1.024000000000000000e+03
5.479400000000000000e+05 1.600000000000000000e+01 -2.400000000000000000e+01 -1.032000000000000000e+03
5.479800000000000000e+05 1.600000000000000000e+01 -2.400000000000000000e+01 -1.024000000000000000e+03
5.480200000000000000e+05 2.400000000000000000e+01 -1.600000000000000000e+01 -1.040000000000000000e+03
5.480600000000000000e+05 2.400000000000000000e+01 -1.600000000000000000e+01 -1.048000000000000000e+03
5.481000000000000000e+05 2.400000000000000000e+01 -1.600000000000000000e+01 -1.016000000000000000e+03
5.481400000000000000e+05 1.600000000000000000e+01 -2.400000000000000000e+01 -1.024000000000000000e+03
5.481800000000000000e+05 1.600000000000000000e+01 -2.400000000000000000e+01 -1.048000000000000000e+03
5.482200000000000000e+05 1.600000000000000000e+01 -2.400000000000000000e+01 -1.016000000000000000e+03
5.482600000000000000e+05 1.600000000000000000e+01 -2.400000000000000000e+01 -1.024000000000000000e+03
5.483000000000000000e+05 3.200000000000000000e+01 -4.000000000000000000e+01 -1.040000000000000000e+03
5.483400000000000000e+05 2.400000000000000000e+01 -3.200000000000000000e+01 -1.008000000000000000e+03
5.483800000000000000e+05 1.600000000000000000e+01 -3.200000000000000000e+01 -1.048000000000000000e+03
5.484200000000000000e+05 2.400000000000000000e+01 -3.200000000000000000e+01 -1.024000000000000000e+03
5.514260000000000000e+05 2.400000000000000000e+01 -2.400000000000000000e+01 -1.040000000000000000e+03
5.514660000000000000e+05 8.000000000000000000e+00 -3.200000000000000000e+01 -1.032000000000000000e+03
5.515060000000000000e+05 1.600000000000000000e+01 -2.400000000000000000e+01 -1.024000000000000000e+03
5.515460000000000000e+05 3.200000000000000000e+01 -2.400000000000000000e+01 -1.024000000000000000e+03
5.515860000000000000e+05 2.400000000000000000e+01 -2.400000000000000000e+01 -1.016000000000000000e+03
5.516260000000000000e+05 1.600000000000000000e+01 -1.600000000000000000e+01 -1.024000000000000000e+03
5.516660000000000000e+05 2.400000000000000000e+01 -2.400000000000000000e+01 -1.040000000000000000e+03
5.517060000000000000e+05 2.400000000000000000e+01 -3.200000000000000000e+01 -1.040000000000000000e+03
5.517460000000000000e+05 2.400000000000000000e+01 -2.400000000000000000e+01 -1.032000000000000000e+03
5.517860000000000000e+05 2.400000000000000000e+01 -2.400000000000000000e+01 -1.024000000000000000e+03
5.518260000000000000e+05 2.400000000000000000e+01 -2.400000000000000000e+01 -1.032000000000000000e+03
5.518660000000000000e+05 2.400000000000000000e+01 -2.400000000000000000e+01 -1.032000000000000000e+03
5.519060000000000000e+05 1.600000000000000000e+01 -3.200000000000000000e+01 -1.048000000000000000e+03
5.519460000000000000e+05 1.600000000000000000e+01 -3.200000000000000000e+01 -1.016000000000000000e+03
5.519860000000000000e+05 1.600000000000000000e+01 -2.400000000000000000e+01 -1.024000000000000000e+03
5.520260000000000000e+05 1.600000000000000000e+01 -2.400000000000000000e+01 -1.040000000000000000e+03
5.520660000000000000e+05 2.400000000000000000e+01 -2.400000000000000000e+01 -1.016000000000000000e+03
5.521060000000000000e+05 1.600000000000000000e+01 -2.400000000000000000e+01 -1.024000000000000000e+03
5.521460000000000000e+05 1.600000000000000000e+01 -2.400000000000000000e+01 -1.024000000000000000e+03
5.521860000000000000e+05 1.600000000000000000e+01 -2.400000000000000000e+01 -1.040000000000000000e+03
5.522260000000000000e+05 1.600000000000000000e+01 -1.600000000000000000e+01 -1.032000000000000000e+03
5.522660000000000000e+05 8.000000000000000000e+00 -2.400000000000000000e+01 -1.024000000000000000e+03
5.523060000000000000e+05 8.000000000000000000e+00 -2.400000000000000000e+01 -1.032000000000000000e+03
5.523460000000000000e+05 1.600000000000000000e+01 -2.400000000000000000e+01 -1.024000000000000000e+03
5.523860000000000000e+05 1.600000000000000000e+01 -2.400000000000000000e+01 -1.024000000000000000e+03
5.553930000000000000e+05 1.600000000000000000e+01 -2.400000000000000000e+01 -1.048000000000000000e+03
5.554330000000000000e+05 1.600000000000000000e+01 -1.600000000000000000e+01 -1.024000000000000000e+03
5.554730000000000000e+05 1.600000000000000000e+01 -2.400000000000000000e+01 -1.032000000000000000e+03
5.555130000000000000e+05 1.600000000000000000e+01 -2.400000000000000000e+01 -1.016000000000000000e+03
5.555530000000000000e+05 1.600000000000000000e+01 -2.400000000000000000e+01 -1.040000000000000000e+03
5.555930000000000000e+05 1.600000000000000000e+01 -2.400000000000000000e+01 -1.024000000000000000e+03
5.556330000000000000e+05 8.000000000000000000e+00 -2.400000000000000000e+01 -1.024000000000000000e+03
5.556730000000000000e+05 8.000000000000000000e+00 -2.400000000000000000e+01 -1.040000000000000000e+03
5.557130000000000000e+05 1.600000000000000000e+01 -1.600000000000000000e+01 -1.016000000000000000e+03
5.557530000000000000e+05 1.600000000000000000e+01 -2.400000000000000000e+01 -1.032000000000000000e+03
5.557930000000000000e+05 1.600000000000000000e+01 -1.600000000000000000e+01 -1.024000000000000000e+03
5.558330000000000000e+05 1.600000000000000000e+01 -2.400000000000000000e+01 -1.032000000000000000e+03
5.558730000000000000e+05 1.600000000000000000e+01 -3.200000000000000000e+01 -1.032000000000000000e+03
5.559130000000000000e+05 1.600000000000000000e+01 -2.400000000000000000e+01 -1.032000000000000000e+03
5.559530000000000000e+05 1.600000000000000000e+01 -2.400000000000000000e+01 -1.032000000000000000e+03
5.559930000000000000e+05 1.600000000000000000e+01 -2.400000000000000000e+01 -1.032000000000000000e+03
5.560330000000000000e+05 1.600000000000000000e+01 -2.400000000000000000e+01 -1.024000000000000000e+03
5.560730000000000000e+05 1.600000000000000000e+01 -2.400000000000000000e+01 -1.040000000000000000e+03
5.561130000000000000e+05 1.600000000000000000e+01 -3.200000000000000000e+01 -1.032000000000000000e+03
5.561530000000000000e+05 1.600000000000000000e+01 -2.400000000000000000e+01 -1.040000000000000000e+03
5.561930000000000000e+05 1.600000000000000000e+01 -2.400000000000000000e+01 -1.032000000000000000e+03
5.562330000000000000e+05 1.600000000000000000e+01 -8.000000000000000000e+00 -1.032000000000000000e+03
5.562730000000000000e+05 2.400000000000000000e+01 -1.600000000000000000e+01 -1.032000000000000000e+03
5.563130000000000000e+05 2.400000000000000000e+01 -2.400000000000000000e+01 -1.024000000000000000e+03
5.563530000000000000e+05 2.400000000000000000e+01 -2.400000000000000000e+01 -1.032000000000000000e+03
5.593600000000000000e+05 2.400000000000000000e+01 -2.400000000000000000e+01 -1.040000000000000000e+03
5.594000000000000000e+05 1.600000000000000000e+01 -1.600000000000000000e+01 -1.048000000000000000e+03
5.594400000000000000e+05 1.600000000000000000e+01 -1.600000000000000000e+01 -1.040000000000000000e+03
5.594800000000000000e+05 2.400000000000000000e+01 -2.400000000000000000e+01 -1.032000000000000000e+03
5.595200000000000000e+05 2.400000000000000000e+01 -1.600000000000000000e+01 -1.016000000000000000e+03
5.595600000000000000e+05 2.400000000000000000e+01 -1.600000000000000000e+01 -1.032000000000000000e+03
5.596000000000000000e+05 2.400000000000000000e+01 -1.600000000000000000e+01 -1.032000000000000000e+03
5.596400000000000000e+05 2.400000000000000000e+01 -2.400000000000000000e+01 -1.040000000000000000e+03
5.596800000000000000e+05 2.400000000000000000e+01 -2.400000000000000000e+01 -1.040000000000000000e+03
5.597200000000000000e+05 1.600000000000000000e+01 -2.400000000000000000e+01 -1.040000000000000000e+03
5.597600000000000000e+05 2.400000000000000000e+01 -3.200000000000000000e+01 -1.008000000000000000e+03
5.598000000000000000e+05 2.400000000000000000e+01 -1.600000000000000000e+01 -1.040000000000000000e+03
5.598400000000000000e+05 1.600000000000000000e+01 -2.400000000000000000e+01 -1.016000000000000000e+03
5.598800000000000000e+05 2.400000000000000000e+01 -2.400000000000000000e+01 -1.016000000000000000e+03
5.599200000000000000e+05 1.600000000000000000e+01 -2.400000000000000000e+01 -1.032000000000000000e+03
5.599600000000000000e+05 8.000000000000000000e+00 -1.600000000000000000e+01 -1.040000000000000000e+03
5.600000000000000000e+05 1.600000000000000000e+01 -2.400000000000000000e+01 -1.032000000000000000e+03
5.600400000000000000e+05 1.600000000000000000e+01 -2.400000000000000000e+01 -1.032000000000000000e+03
5.600800000000000000e+05 1.600000000000000000e+01 -2.400000000000000000e+01 -1.016000000000000000e+03
5.601200000000000000e+05 1.600000000000000000e+01 -2.400000000000000000e+01 -1.048000000000000000e+03
5.601600000000000000e+05 1.600000000000000000e+01 -2.400000000000000000e+01 -1.016000000000000000e+03
5.602000000000000000e+05 2.400000000000000000e+01 -2.400000000000000000e+01 -1.040000000000000000e+03
5.602400000000000000e+05 1.600000000000000000e+01 -2.400000000000000000e+01 -1.024000000000000000e+03
5.602800000000000000e+05 1.600000000000000000e+01 -2.400000000000000000e+01 -1.032000000000000000e+03
5.603200000000000000e+05 1.600000000000000000e+01 -2.400000000000000000e+01 -1.040000000000000000e+03
