1.259368000000000000e+06 1.600000000000000000e+01 -2.400000000000000000e+01 -1.048000000000000000e+03
1.259408000000000000e+06 1.600000000000000000e+01 -2.400000000000000000e+01 -1.008000000000000000e+03
1.259448000000000000e+06 2.400000000000000000e+01 -1.600000000000000000e+01 -1.040000000000000000e+03
1.259488000000000000e+06 2.400000000000000000e+01 -8.000000000000000000e+00 -1.032000000000000000e+03
1.259528000000000000e+06 2.400000000000000000e+01 -1.600000000000000000e+01 -1.048000000000000000e+03
1.259568000000000000e+06 1.600000000000000000e+01 -2.400000000000000000e+01 -1.040000000000000000e+03
1.259608000000000000e+06 1.600000000000000000e+01 -2.400000000000000000e+01 -1.048000000000000000e+03
1.259648000000000000e+06 1.600000000000000000e+01 -2.400000000000000000e+01 -1.024000000000000000e+03
1.259688000000000000e+06 1.600000000000000000e+01 -2.400000000000000000e+01 -1.032000000000000000e+03
1.259728000000000000e+06 1.600000000000000000e+01 -8.000000000000000000e+00 -1.008000000000000000e+03
1.259768000000000000e+06 3.200000000000000000e+01 -3.200000000000000000e+01 -1.040000000000000000e+03
1.259808000000000000e+06 1.600000000000000000e+01 -3.200000000000000000e+01 -1.024000000000000000e+03
1.259848000000000000e+06 1.600000000000000000e+01 -1.600000000000000000e+01 -1.048000000000000000e+03
1.259888000000000000e+06 0.000000000000000000e+00 1.600000000000000000e+01 -1.056000000000000000e+03
1.259928000000000000e+06 1.600000000000000000e+01 -8.000000000000000000e+00 -1.024000000000000000e+03
1.259968000000000000e+06 8.000000000000000000e+00 -8.000000000000000000e+00 -1.024000000000000000e+03
1.260008000000000000e+06 2.400000000000000000e+01 -1.600000000000000000e+01 -1.024000000000000000e+03
1.260048000000000000e+06 8.000000000000000000e+00 -2.400000000000000000e+01 -1.016000000000000000e+03
1.260088000000000000e+06 1.600000000000000000e+01 -1.600000000000000000e+01 -1.048000000000000000e+03
1.260128000000000000e+06 1.600000000000000000e+01 -8.000000000000000000e+00 -1.008000000000000000e+03
1.260168000000000000e+06 1.600000000000000000e+01 -1.600000000000000000e+01 -1.032000000000000000e+03
1.260208000000000000e+06 2.400000000000000000e+01 0.000000000000000000e+00 -1.048000000000000000e+03
1.260248000000000000e+06 8.000000000000000000e+00 -8.000000000000000000e+00 -1.040000000000000000e+03
1.260288000000000000e+06 1.600000000000000000e+01 -8.000000000000000000e+00 -1.024000000000000000e+03
1.260328000000000000e+06 1.600000000000000000e+01 -8.000000000000000000e+00 -1.048000000000000000e+03
1.263337000000000000e+06 1.600000000000000000e+01 -2.400000000000000000e+01 -1.032000000000000000e+03
1.263377000000000000e+06 8.000000000000000000e+00 -2.400000000000000000e+01 -1.032000000000000000e+03
1.263417000000000000e+06 1.600000000000000000e+01 -2.400000000000000000e+01 -1.032000000000000000e+03
1.263457000000000000e+06 1.600000000000000000e+01 -2.400000000000000000e+01 -1.024000000000000000e+03
1.263497000000000000e+06 1.600000000000000000e+01 -1.600000000000000000e+01 -1.032000000000000000e+03
1.263537000000000000e+06 8.000000000000000000e+00 -1.600000000000000000e+01 -1.024000000000000000e+03
1.263577000000000000e+06 1.600000000000000000e+01 -1.600000000000000000e+01 -1.032000000000000000e+03
1.263617000000000000e+06 8.000000000000000000e+00 -2.400000000000000000e+01 -1.040000000000000000e+03
1.263657000000000000e+06 1.600000000000000000e+01 -2.400000000000000000e+01 -1.040000000000000000e+03
1.263697000000000000e+06 1.600000000000000000e+01 -1.600000000000000000e+01 -1.048000000000000000e+03
1.263737000000000000e+06 1.600000000000000000e+01 -2.400000000000000000e+01 -1.024000000000000000e+03
1.263777000000000000e+06 1.600000000000000000e+01 -2.400000000000000000e+01 -1.032000000000000000e+03
1.263817000000000000e+06 1.600000000000000000e+01 -2.400000000000000000e+01 -1.016000000000000000e+03
1.263857000000000000e+06 2.400000000000000000e+01 -2.400000000000000000e+01 -1.016000000000000000e+03
1.263897000000000000e+06 2.400000000000000000e+01 -2.400000000000000000e+01 -1.032000000000000000e+03
1.263937000000000000e+06 1.600000000000000000e+01 -2.400000000000000000e+01 -1.024000000000000000e+03
1.263977000000000000e+06 1.600000000000000000e+01 -2.400000000000000000e+01 -1.032000000000000000e+03
1.264017000000000000e+06 1.600000000000000000e+01 -2.400000000000000000e+01 -1.032000000000000000e+03
1.264057000000000000e+06 1.600000000000000000e+01 -2.400000000000000000e+01 -1.032000000000000000e+03
1.264097000000000000e+06 8.000000000000000000e+00 -2.400000000000000000e+01 -1.040000000000000000e+03
1.264137000000000000e+06 8.000000000000000000e+00 -1.600000000000000000e+01 -1.032000000000000000e+03
1.264177000000000000e+06 8.000000000000000000e+00 -2.400000000000000000e+01 -1.024000000000000000e+03
1.264217000000000000e+06 8.000000000000000000e+00 -2.400000000000000000e+01 -1.016000000000000000e+03
1.264257000000000000e+06 1.600000000000000000e+01 -2.400000000000000000e+01 -1.048000000000000000e+03
1.264297000000000000e+06 2.400000000000000000e+01 -2.400000000000000000e+01 -1.064000000000000000e+03
1.267304000000000000e+06 1.600000000000000000e+01 -2.400000000000000000e+01 -1.024000000000000000e+03
1.267344000000000000e+06 1.600000000000000000e+01 -2.400000000000000000e+01 -1.032000000000000000e+03
1.267384000000000000e+06 1.600000000000000000e+01 -2.400000000000000000e+01 -1.016000000000000000e+03
1.267424000000000000e+06 1.600000000000000000e+01 -2.400000000000000000e+01 -1.040000000000000000e+03
1.267464000000000000e+06 1.600000000000000000e+01 -2.400000000000000000e+01 -1.032000000000000000e+03
1.267504000000000000e+06 1.600000000000000000e+01 -2.400000000000000000e+01 -1.032000000000000000e+03
1.267544000000000000e+06 1.600000000000000000e+01 -2.400000000000000000e+01 -1.024000000000000000e+03
1.267584000000000000e+06 1.600000000000000000e+01 -2.400000000000000000e+01 -1.032000000000000000e+03
1.267624000000000000e+06 1.600000000000000000e+01 -2.400000000000000000e+01 -1.040000000000000000e+03
1.267664000000000000e+06 1.600000000000000000e+01 -2.400000000000000000e+01 -1.032000000000000000e+03
1.267704000000000000e+06 2.400000000000000000e+01 -1.600000000000000000e+01 -1.040000000000000000e+03
1.267744000000000000e+06 1.600000000000000000e+01 -2.400000000000000000e+01 -1.032000000000000000e+03
1.267784000000000000e+06 2.400000000000000000e+01 -2.400000000000000000e+01 -1.032000000000000000e+03
1.267824000000000000e+06 1.600000000000000000e+01 -3.200000000000000000e+01 -1.024000000000000000e+03
1.267864000000000000e+06 2.400000000000000000e+01 -2.400000000000000000e+01 -1.024000000000000000e+03
1.267904000000000000e+06 2.400000000000000000e+01 -2.400000000000000000e+01 -1.032000000000000000e+03
1.267944000000000000e+06 1.600000000000000000e+01 -2.400000000000000000e+01 -1.032000000000000000e+03
1.267984000000000000e+06 1.600000000000000000e+01 -2.400000000000000000e+01 -1.016000000000000000e+03
1.268024000000000000e+06 1.600000000000000000e+01 -1.600000000000000000e+01 -1.024000000000000000e+03
1.268064000000000000e+06 1.600000000000000000e+01 -2.400000000000000000e+01 -1.032000000000000000e+03
1.268104000000000000e+06 1.600000000000000000e+01 -2.400000000000000000e+01 -1.016000000000000000e+03
1.268144000000000000e+06 1.600000000000000000e+01 -2.400000000000000000e+01 -9.920000000000000000e+02
1.268184000000000000e+06 1.600000000000000000e+01 -2.400000000000000000e+01 -1.048000000000000000e+03
1.268224000000000000e+06 1.600000000000000000e+01 -2.400000000000000000e+01 -1.032000000000000000e+03
1.268264000000000000e+06 1.600000000000000000e+01 -2.400000000000000000e+01 -1.032000000000000000e+03
1.271271000000000000e+06 1.600000000000000000e+01 -2.400000000000000000e+01 -1.032000000000000000e+03
1.271311000000000000e+06 8.000000000000000000e+00 -3.200000000000000000e+01 -1.016000000000000000e+03
1.271351000000000000e+06 1.600000000000000000e+01 -3.200000000000000000e+01 -1.000000000000000000e+03
1.271391000000000000e+06 1.600000000000000000e+01 -1.600000000000000000e+01 -1.032000000000000000e+03
1.271431000000000000e+06 1.600000000000000000e+01 -1.600000000000000000e+01 -1.016000000000000000e+03
1.271471000000000000e+06 1.600000000000000000e+01 -1.600000000000000000e+01 -1.024000000000000000e+03
1.271511000000000000e+06 8.000000000000000000e+00 -2.400000000000000000e+01 -1.016000000000000000e+03
1.271551000000000000e+06 8.000000000000000000e+00 -2.400000000000000000e+01 -1.032000000000000000e+03
1.271591000000000000e+06 8.000000000000000000e+00 -2.400000000000000000e+01 -1.032000000000000000e+03
1.271631000000000000e+06 2.400000000000000000e+01 -2.400000000000000000e+01 -1.032000000000000000e+03
1.271671000000000000e+06 2.400000000000000000e+01 -8.000000000000000000e+00 -1.040000000000000000e+03
1.271711000000000000e+06 2.400000000000000000e+01 -1.600000000000000000e+01 -1.048000000000000000e+03
1.271751000000000000e+06 2.400000000000000000e+01 -2.400000000000000000e+01 -1.024000000000000000e+03
1.271791000000000000e+06 2.400000000000000000e+01 -2.400000000000000000e+01 -1.024000000000000000e+03
1.271831000000000000e+06 1.600000000000000000e+01 -2.400000000000000000e+01 -1.024000000000000000e+03
1.271871000000000000e+06 1.600000000000000000e+01 -2.400000000000000000e+01 -1.040000000000000000e+03
1.271911000000000000e+06 8.000000000000000000e+00 -3.200000000000000000e+01 -1.032000000000000000e+03
1.271951000000000000e+06 1.600000000000000000e+01 -2.400000000000000000e+01 -1.032000000000000000e+03
1.271991000000000000e+06 1.600000000000000000e+01 -2.400000000000000000e+01 -1.032000000000000000e+03
1.272031000000000000e+06 2.400000000000000000e+01 -2.400000000000000000e+01 -1.032000000000000000e+03
1.272071000000000000e+06 2.400000000000000000e+01 -2.400000000000000000e+01 -1.024000000000000000e+03
1.272111000000000000e+06 2.400000000000000000e+01 -2.400000000000000000e+01 -1.032000000000000000e+03
1.272151000000000000e+06 2.400000000000000000e+01 -2.400000000000000000e+01 -1.040000000000000000e+03
1.272191000000000000e+06 2.400000000000000000e+01 -3.200000000000000000e+01 -1.048000000000000000e+03
1.272231000000000000e+06 2.400000000000000000e+01 -2.400000000000000000e+01 -1.040000000000000000e+03
1.275240000000000000e+06 2.400000000000000000e+01 -2.400000000000000000e+01 -1.048000000000000000e+03
1.275280000000000000e+06 1.600000000000000000e+01 -2.400000000000000000e+01 -1.016000000000000000e+03
1.275320000000000000e+06 2.400000000000000000e+01 -2.400000000000000000e+01 -1.040000000000000000e+03
1.275360000000000000e+06 1.600000000000000000e+01 -3.200000000000000000e+01 -1.032000000000000000e+03
1.275400000000000000e+06 2.400000000000000000e+01 -3.200000000000000000e+01 -1.032000000000000000e+03
1.275440000000000000e+06 2.400000000000000000e+01 -2.400000000000000000e+01 -1.024000000000000000e+03
1.275480000000000000e+06 1.600000000000000000e+01 -2.400000000000000000e+01 -1.016000000000000000e+03
1.275520000000000000e+06 1.600000000000000000e+01 -2.400000000000000000e+01 -1.024000000000000000e+03
1.275560000000000000e+06 1.600000000000000000e+01 -2.400000000000000000e+01 -1.016000000000000000e+03
1.275600000000000000e+06 2.400000000000000000e+01 -2.400000000000000000e+01 -1.024000000000000000e+03
1.275640000000000000e+06 1.600000000000000000e+01 -2.400000000000000000e+01 -1.016000000000000000e+03
1.275680000000000000e+06 1.600000000000000000e+01 -2.400000000000000000e+01 -1.016000000000000000e+03
1.275720000000000000e+06 1.600000000000000000e+01 -2.400000000000000000e+01 -1.040000000000000000e+03
1.275760000000000000e+06 1.600000000000000000e+01 -1.600000000000000000e+01 -1.024000000000000000e+03
1.275800000000000000e+06 1.600000000000000000e+01 -1.600000000000000000e+01 -1.032000000000000000e+03
1.275840000000000000e+06 2.400000000000000000e+01 -1.600000000000000000e+01 -1.040000000000000000e+03
1.275880000000000000e+06 2.400000000000000000e+01 -2.400000000000000000e+01 -1.040000000000000000e+03
1.275920000000000000e+06 2.400000000000000000e+01 -2.400000000000000000e+01 -1.024000000000000000e+03
1.275960000000000000e+06 8.000000000000000000e+00 -2.400000000000000000e+01 -1.040000000000000000e+03
1.276000000000000000e+06 1.600000000000000000e+01 -2.400000000000000000e+01 -1.040000000000000000e+03
1.276040000000000000e+06 2.400000000000000000e+01 -3.200000000000000000e+01 -1.040000000000000000e+03
1.276080000000000000e+06 1.600000000000000000e+01 -2.400000000000000000e+01 -1.024000000000000000e+03
1.276120000000000000e+06 1.600000000000000000e+01 -2.400000000000000000e+01 -1.032000000000000000e+03
1.276160000000000000e+06 2.400000000000000000e+01 -2.400000000000000000e+01 -1.056000000000000000e+03
1.276200000000000000e+06 1.600000000000000000e+01 -2.400000000000000000e+01 -1.040000000000000000e+03
1.279209000000000000e+06 1.600000000000000000e+01 -2.400000000000000000e+01 -1.032000000000000000e+03
1.279249000000000000e+06 2.400000000000000000e+01 0.000000000000000000e+00 -1.064000000000000000e+03
1.279289000000000000e+06 2.400000000000000000e+01 -1.600000000000000000e+01 -1.048000000000000000e+03
1.279329000000000000e+06 8.000000000000000000e+00 0.000000000000000000e+00 -1.016000000000000000e+03
1.279369000000000000e+06 1.600000000000000000e+01 -1.600000000000000000e+01 -1.032000000000000000e+03
1.279409000000000000e+06 1.600000000000000000e+01 -2.400000000000000000e+01 -1.040000000000000000e+03
1.279449000000000000e+06 8.000000000000000000e+00 -2.400000000000000000e+01 -1.032000000000000000e+03
1.279489000000000000e+06 2.400000000000000000e+01 -2.400000000000000000e+01 -1.016000000000000000e+03
1.279529000000000000e+06 1.600000000000000000e+01 -1.600000000000000000e+01 -1.016000000000000000e+03
1.279569000000000000e+06 2.400000000000000000e+01 -2.400000000000000000e+01 -1.056000000000000000e+03
1.279609000000000000e+06 1.600000000000000000e+01 -2.400000000000000000e+01 -1.000000000000000000e+03
1.279649000000000000e+06 1.600000000000000000e+01 -1.600000000000000000e+01 -1.032000000000000000e+03
1.279689000000000000e+06 1.600000000000000000e+01 -2.400000000000000000e+01 -1.040000000000000000e+03
1.279729000000000000e+06 0.000000000000000000e+00 -1.600000000000000000e+01 -1.016000000000000000e+03
1.279769000000000000e+06 8.000000000000000000e+00 -1.600000000000000000e+01 -1.040000000000000000e+03
1.279809000000000000e+06 1.600000000000000000e+01 -2.400000000000000000e+01 -1.024000000000000000e+03
1.279849000000000000e+06 1.600000000000000000e+01 -2.400000000000000000e+01 -1.024000000000000000e+03
1.279889000000000000e+06 1.600000000000000000e+01 0.000000000000000000e+00 -1.032000000000000000e+03
1.279929000000000000e+06 2.400000000000000000e+01 -8.000000000000000000e+00 -1.008000000000000000e+03
1.279969000000000000e+06 2.400000000000000000e+01 -2.400000000000000000e+01 -1.040000000000000000e+03
1.280009000000000000e+06 2.400000000000000000e+01 -2.400000000000000000e+01 -1.032000000000000000e+03
1.280049000000000000e+06 2.400000000000000000e+01 -2.400000000000000000e+01 -1.016000000000000000e+03
1.280089000000000000e+06 8.000000000000000000e+00 -3.200000000000000000e+01 -1.040000000000000000e+03
1.280129000000000000e+06 1.600000000000000000e+01 -3.200000000000000000e+01 -1.024000000000000000e+03
1.280169000000000000e+06 1.600000000000000000e+01 -2.400000000000000000e+01 -1.048000000000000000e+03
