7.200000000000000000e+01 1.600000000000000000e+01 5.680000000000000000e+02 -7.760000000000000000e+02
1.120000000000000000e+02 4.000000000000000000e+01 6.320000000000000000e+02 -7.760000000000000000e+02
1.520000000000000000e+02 7.200000000000000000e+01 6.000000000000000000e+02 -8.160000000000000000e+02
1.920000000000000000e+02 8.000000000000000000e+01 6.400000000000000000e+02 -6.880000000000000000e+02
2.320000000000000000e+02 5.600000000000000000e+01 6.080000000000000000e+02 -8.240000000000000000e+02
2.720000000000000000e+02 3.200000000000000000e+01 5.680000000000000000e+02 -9.200000000000000000e+02
3.120000000000000000e+02 1.600000000000000000e+01 5.520000000000000000e+02 -8.640000000000000000e+02
3.520000000000000000e+02 1.040000000000000000e+02 5.680000000000000000e+02 -7.840000000000000000e+02
3.920000000000000000e+02 7.200000000000000000e+01 5.840000000000000000e+02 -7.120000000000000000e+02
4.320000000000000000e+02 8.800000000000000000e+01 5.920000000000000000e+02 -9.040000000000000000e+02
4.720000000000000000e+02 1.360000000000000000e+02 6.240000000000000000e+02 -7.440000000000000000e+02
5.120000000000000000e+02 1.840000000000000000e+02 6.240000000000000000e+02 -7.440000000000000000e+02
5.520000000000000000e+02 1.920000000000000000e+02 6.320000000000000000e+02 -7.840000000000000000e+02
5.920000000000000000e+02 -6.400000000000000000e+01 4.400000000000000000e+02 -9.680000000000000000e+02
6.320000000000000000e+02 -1.840000000000000000e+02 3.360000000000000000e+02 -1.192000000000000000e+03
6.720000000000000000e+02 -1.920000000000000000e+02 3.600000000000000000e+02 -1.176000000000000000e+03
7.120000000000000000e+02 -1.120000000000000000e+02 4.400000000000000000e+02 -7.920000000000000000e+02
7.520000000000000000e+02 -4.000000000000000000e+01 5.680000000000000000e+02 -6.080000000000000000e+02
7.920000000000000000e+02 0.000000000000000000e+00 6.000000000000000000e+02 -6.320000000000000000e+02
8.320000000000000000e+02 4.800000000000000000e+01 4.720000000000000000e+02 -9.680000000000000000e+02
8.720000000000000000e+02 8.800000000000000000e+01 4.080000000000000000e+02 -1.160000000000000000e+03
9.120000000000000000e+02 1.360000000000000000e+02 4.160000000000000000e+02 -1.032000000000000000e+03
9.520000000000000000e+02 1.520000000000000000e+02 4.560000000000000000e+02 -8.800000000000000000e+02
9.920000000000000000e+02 1.040000000000000000e+02 4.400000000000000000e+02 -9.520000000000000000e+02
1.032000000000000000e+03 8.800000000000000000e+01 4.480000000000000000e+02 -8.080000000000000000e+02
1.063000000000000000e+03 1.120000000000000000e+02 5.600000000000000000e+02 -9.120000000000000000e+02
1.103000000000000000e+03 1.440000000000000000e+02 5.360000000000000000e+02 -7.360000000000000000e+02
1.143000000000000000e+03 2.000000000000000000e+02 5.120000000000000000e+02 -7.920000000000000000e+02
1.183000000000000000e+03 3.040000000000000000e+02 5.200000000000000000e+02 -8.960000000000000000e+02
1.223000000000000000e+03 2.320000000000000000e+02 6.160000000000000000e+02 -7.680000000000000000e+02
1.263000000000000000e+03 1.680000000000000000e+02 6.640000000000000000e+02 -8.160000000000000000e+02
1.303000000000000000e+03 1.840000000000000000e+02 5.760000000000000000e+02 -9.040000000000000000e+02
1.343000000000000000e+03 2.080000000000000000e+02 7.280000000000000000e+02 -9.120000000000000000e+02
1.383000000000000000e+03 2.480000000000000000e+02 6.160000000000000000e+02 -1.072000000000000000e+03
1.423000000000000000e+03 2.080000000000000000e+02 5.520000000000000000e+02 -9.040000000000000000e+02
1.463000000000000000e+03 1.520000000000000000e+02 5.040000000000000000e+02 -9.440000000000000000e+02
1.503000000000000000e+03 8.000000000000000000e+01 5.520000000000000000e+02 -6.160000000000000000e+02
1.543000000000000000e+03 -4.000000000000000000e+01 7.360000000000000000e+02 -6.160000000000000000e+02
1.583000000000000000e+03 -1.840000000000000000e+02 6.240000000000000000e+02 -9.040000000000000000e+02
1.623000000000000000e+03 -2.560000000000000000e+02 6.080000000000000000e+02 -6.160000000000000000e+02
1.663000000000000000e+03 -1.680000000000000000e+02 6.320000000000000000e+02 -6.560000000000000000e+02
1.703000000000000000e+03 -1.040000000000000000e+02 6.240000000000000000e+02 -6.160000000000000000e+02
1.743000000000000000e+03 -4.800000000000000000e+01 6.160000000000000000e+02 -6.480000000000000000e+02
1.783000000000000000e+03 -6.400000000000000000e+01 5.840000000000000000e+02 -7.040000000000000000e+02
1.823000000000000000e+03 -9.600000000000000000e+01 5.680000000000000000e+02 -7.440000000000000000e+02
1.863000000000000000e+03 -1.760000000000000000e+02 5.200000000000000000e+02 -8.080000000000000000e+02
1.903000000000000000e+03 -2.080000000000000000e+02 5.360000000000000000e+02 -7.840000000000000000e+02
1.943000000000000000e+03 -2.240000000000000000e+02 5.280000000000000000e+02 -8.240000000000000000e+02
1.983000000000000000e+03 -1.760000000000000000e+02 5.920000000000000000e+02 -7.040000000000000000e+02
2.023000000000000000e+03 -1.120000000000000000e+02 6.560000000000000000e+02 -6.720000000000000000e+02
2.054000000000000000e+03 -1.280000000000000000e+02 7.360000000000000000e+02 -6.560000000000000000e+02
2.094000000000000000e+03 -1.200000000000000000e+02 7.360000000000000000e+02 -7.600000000000000000e+02
2.134000000000000000e+03 -1.040000000000000000e+02 7.680000000000000000e+02 -6.800000000000000000e+02
2.174000000000000000e+03 8.000000000000000000e+00 8.000000000000000000e+02 -6.880000000000000000e+02
2.214000000000000000e+03 9.600000000000000000e+01 7.840000000000000000e+02 -6.960000000000000000e+02
2.254000000000000000e+03 1.280000000000000000e+02 8.240000000000000000e+02 -6.240000000000000000e+02
2.294000000000000000e+03 9.600000000000000000e+01 8.320000000000000000e+02 -7.680000000000000000e+02
2.334000000000000000e+03 4.000000000000000000e+01 8.160000000000000000e+02 -7.840000000000000000e+02
2.374000000000000000e+03 8.000000000000000000e+01 7.440000000000000000e+02 -8.800000000000000000e+02
2.414000000000000000e+03 1.040000000000000000e+02 7.600000000000000000e+02 -8.480000000000000000e+02
2.454000000000000000e+03 1.280000000000000000e+02 7.760000000000000000e+02 -7.280000000000000000e+02
2.494000000000000000e+03 1.280000000000000000e+02 7.920000000000000000e+02 -6.880000000000000000e+02
2.534000000000000000e+03 1.200000000000000000e+02 7.760000000000000000e+02 -6.560000000000000000e+02
2.574000000000000000e+03 1.200000000000000000e+02 7.600000000000000000e+02 -6.400000000000000000e+02
2.614000000000000000e+03 1.360000000000000000e+02 7.200000000000000000e+02 -8.320000000000000000e+02
2.654000000000000000e+03 1.680000000000000000e+02 7.200000000000000000e+02 -9.200000000000000000e+02
2.694000000000000000e+03 1.280000000000000000e+02 7.520000000000000000e+02 -8.560000000000000000e+02
2.734000000000000000e+03 -3.200000000000000000e+01 7.600000000000000000e+02 -8.880000000000000000e+02
2.774000000000000000e+03 -8.800000000000000000e+01 8.400000000000000000e+02 -7.520000000000000000e+02
2.814000000000000000e+03 -4.000000000000000000e+01 9.120000000000000000e+02 -5.520000000000000000e+02
2.854000000000000000e+03 -5.600000000000000000e+01 9.040000000000000000e+02 -4.160000000000000000e+02
2.894000000000000000e+03 -1.040000000000000000e+02 8.720000000000000000e+02 -3.360000000000000000e+02
2.934000000000000000e+03 -1.840000000000000000e+02 8.400000000000000000e+02 -2.880000000000000000e+02
2.974000000000000000e+03 -2.640000000000000000e+02 8.000000000000000000e+02 -1.840000000000000000e+02
3.014000000000000000e+03 -3.440000000000000000e+02 7.360000000000000000e+02 -1.520000000000000000e+02
3.045000000000000000e+03 -4.480000000000000000e+02 6.480000000000000000e+02 -1.520000000000000000e+02
3.085000000000000000e+03 -5.120000000000000000e+02 6.720000000000000000e+02 -1.600000000000000000e+02
3.125000000000000000e+03 -5.440000000000000000e+02 7.440000000000000000e+02 -2.320000000000000000e+02
3.165000000000000000e+03 -5.440000000000000000e+02 7.760000000000000000e+02 -2.800000000000000000e+02
3.205000000000000000e+03 -5.120000000000000000e+02 7.920000000000000000e+02 -3.920000000000000000e+02
3.245000000000000000e+03 -4.800000000000000000e+02 8.000000000000000000e+02 -3.760000000000000000e+02
3.285000000000000000e+03 -4.640000000000000000e+02 7.920000000000000000e+02 -4.160000000000000000e+02
3.325000000000000000e+03 -4.560000000000000000e+02 8.240000000000000000e+02 -4.720000000000000000e+02
3.365000000000000000e+03 -4.160000000000000000e+02 8.320000000000000000e+02 -4.640000000000000000e+02
3.405000000000000000e+03 -4.000000000000000000e+02 8.320000000000000000e+02 -4.320000000000000000e+02
3.445000000000000000e+03 -4.160000000000000000e+02 8.400000000000000000e+02 -4.240000000000000000e+02
3.485000000000000000e+03 -4.080000000000000000e+02 8.400000000000000000e+02 -4.160000000000000000e+02
3.525000000000000000e+03 -3.840000000000000000e+02 8.640000000000000000e+02 -4.480000000000000000e+02
3.565000000000000000e+03 -3.600000000000000000e+02 8.720000000000000000e+02 -4.960000000000000000e+02
3.605000000000000000e+03 -3.440000000000000000e+02 8.720000000000000000e+02 -5.600000000000000000e+02
3.645000000000000000e+03 -3.440000000000000000e+02 8.400000000000000000e+02 -5.360000000000000000e+02
3.685000000000000000e+03 -3.520000000000000000e+02 8.000000000000000000e+02 -5.680000000000000000e+02
3.725000000000000000e+03 -3.520000000000000000e+02 7.840000000000000000e+02 -5.200000000000000000e+02
3.765000000000000000e+03 -3.680000000000000000e+02 8.160000000000000000e+02 -4.960000000000000000e+02
3.805000000000000000e+03 -3.520000000000000000e+02 8.160000000000000000e+02 -5.200000000000000000e+02
3.845000000000000000e+03 -3.600000000000000000e+02 8.240000000000000000e+02 -4.800000000000000000e+02
3.885000000000000000e+03 -3.680000000000000000e+02 8.160000000000000000e+02 -4.960000000000000000e+02
3.925000000000000000e+03 -3.680000000000000000e+02 7.920000000000000000e+02 -4.960000000000000000e+02
3.965000000000000000e+03 -3.840000000000000000e+02 7.920000000000000000e+02 -5.040000000000000000e+02
4.005000000000000000e+03 -4.000000000000000000e+02 7.760000000000000000e+02 -5.200000000000000000e+02
4.037000000000000000e+03 -4.000000000000000000e+02 7.600000000000000000e+02 -5.040000000000000000e+02
4.077000000000000000e+03 -3.840000000000000000e+02 7.520000000000000000e+02 -4.640000000000000000e+02
4.117000000000000000e+03 -4.000000000000000000e+02 7.680000000000000000e+02 -4.640000000000000000e+02
4.157000000000000000e+03 -4.160000000000000000e+02 7.840000000000000000e+02 -5.200000000000000000e+02
4.197000000000000000e+03 -4.160000000000000000e+02 7.840000000000000000e+02 -4.800000000000000000e+02
4.237000000000000000e+03 -3.760000000000000000e+02 7.840000000000000000e+02 -5.360000000000000000e+02
4.277000000000000000e+03 -3.760000000000000000e+02 7.920000000000000000e+02 -5.120000000000000000e+02
4.317000000000000000e+03 -3.680000000000000000e+02 8.080000000000000000e+02 -5.600000000000000000e+02
4.357000000000000000e+03 -3.680000000000000000e+02 8.080000000000000000e+02 -5.200000000000000000e+02
4.397000000000000000e+03 -3.840000000000000000e+02 8.000000000000000000e+02 -5.600000000000000000e+02
4.437000000000000000e+03 -3.760000000000000000e+02 7.840000000000000000e+02 -5.680000000000000000e+02
4.477000000000000000e+03 -3.680000000000000000e+02 7.920000000000000000e+02 -5.280000000000000000e+02
4.517000000000000000e+03 -4.000000000000000000e+02 6.880000000000000000e+02 -6.480000000000000000e+02
4.557000000000000000e+03 -4.160000000000000000e+02 5.280000000000000000e+02 -5.920000000000000000e+02
4.597000000000000000e+03 -4.240000000000000000e+02 4.240000000000000000e+02 -5.040000000000000000e+02
4.637000000000000000e+03 -2.960000000000000000e+02 5.120000000000000000e+02 -3.360000000000000000e+02
4.677000000000000000e+03 -1.200000000000000000e+02 7.040000000000000000e+02 -2.960000000000000000e+02
4.717000000000000000e+03 -8.000000000000000000e+00 8.000000000000000000e+02 -3.120000000000000000e+02
4.757000000000000000e+03 1.680000000000000000e+02 8.640000000000000000e+02 -5.200000000000000000e+02
4.797000000000000000e+03 2.960000000000000000e+02 1.056000000000000000e+03 -5.600000000000000000e+02
4.837000000000000000e+03 3.120000000000000000e+02 8.960000000000000000e+02 -8.080000000000000000e+02
4.877000000000000000e+03 3.760000000000000000e+02 6.480000000000000000e+02 -9.360000000000000000e+02
4.917000000000000000e+03 3.840000000000000000e+02 6.240000000000000000e+02 -8.000000000000000000e+02
4.957000000000000000e+03 3.920000000000000000e+02 4.240000000000000000e+02 -9.520000000000000000e+02
4.997000000000000000e+03 4.640000000000000000e+02 4.720000000000000000e+02 -8.000000000000000000e+02
5.029000000000000000e+03 4.400000000000000000e+02 2.240000000000000000e+02 -9.600000000000000000e+02
5.069000000000000000e+03 4.880000000000000000e+02 3.200000000000000000e+02 -8.880000000000000000e+02
5.109000000000000000e+03 5.360000000000000000e+02 2.400000000000000000e+02 -8.720000000000000000e+02
5.149000000000000000e+03 5.360000000000000000e+02 2.400000000000000000e+02 -9.120000000000000000e+02
5.189000000000000000e+03 5.840000000000000000e+02 9.600000000000000000e+01 -8.480000000000000000e+02
5.229000000000000000e+03 6.400000000000000000e+02 4.000000000000000000e+01 -7.840000000000000000e+02
5.269000000000000000e+03 6.240000000000000000e+02 -3.200000000000000000e+01 -6.400000000000000000e+02
5.309000000000000000e+03 6.720000000000000000e+02 7.200000000000000000e+01 -9.360000000000000000e+02
5.349000000000000000e+03 6.960000000000000000e+02 -8.800000000000000000e+01 -8.640000000000000000e+02
5.389000000000000000e+03 6.720000000000000000e+02 -8.800000000000000000e+01 -7.040000000000000000e+02
5.429000000000000000e+03 7.200000000000000000e+02 -7.200000000000000000e+01 -7.680000000000000000e+02
5.469000000000000000e+03 7.040000000000000000e+02 -6.400000000000000000e+01 -8.480000000000000000e+02
5.509000000000000000e+03 7.520000000000000000e+02 -6.400000000000000000e+01 -9.920000000000000000e+02
5.549000000000000000e+03 7.040000000000000000e+02 -1.200000000000000000e+02 -9.120000000000000000e+02
5.589000000000000000e+03 6.960000000000000000e+02 -1.120000000000000000e+02 -8.480000000000000000e+02
5.629000000000000000e+03 7.520000000000000000e+02 -4.000000000000000000e+01 -6.480000000000000000e+02
5.669000000000000000e+03 7.200000000000000000e+02 -1.600000000000000000e+01 -7.440000000000000000e+02
5.709000000000000000e+03 6.720000000000000000e+02 -1.040000000000000000e+02 -9.840000000000000000e+02
5.749000000000000000e+03 6.720000000000000000e+02 -4.800000000000000000e+01 -8.160000000000000000e+02
5.789000000000000000e+03 6.480000000000000000e+02 3.200000000000000000e+01 -6.320000000000000000e+02
5.829000000000000000e+03 6.880000000000000000e+02 2.400000000000000000e+01 -8.000000000000000000e+02
5.869000000000000000e+03 7.200000000000000000e+02 1.120000000000000000e+02 -8.640000000000000000e+02
5.909000000000000000e+03 6.160000000000000000e+02 1.360000000000000000e+02 -6.960000000000000000e+02
5.949000000000000000e+03 4.240000000000000000e+02 -5.600000000000000000e+01 -7.840000000000000000e+02
5.989000000000000000e+03 3.280000000000000000e+02 -1.280000000000000000e+02 -1.248000000000000000e+03
6.020000000000000000e+03 4.240000000000000000e+02 4.000000000000000000e+01 -8.640000000000000000e+02
6.060000000000000000e+03 6.560000000000000000e+02 -8.000000000000000000e+00 -7.760000000000000000e+02
6.100000000000000000e+03 6.720000000000000000e+02 -1.040000000000000000e+02 -9.520000000000000000e+02
6.140000000000000000e+03 5.600000000000000000e+02 -6.400000000000000000e+01 -6.640000000000000000e+02
6.180000000000000000e+03 4.960000000000000000e+02 -2.400000000000000000e+01 -1.064000000000000000e+03
6.220000000000000000e+03 4.560000000000000000e+02 7.200000000000000000e+01 -1.048000000000000000e+03
6.260000000000000000e+03 5.360000000000000000e+02 3.200000000000000000e+01 -9.840000000000000000e+02
6.300000000000000000e+03 5.280000000000000000e+02 -8.800000000000000000e+01 -1.104000000000000000e+03
6.340000000000000000e+03 6.080000000000000000e+02 -8.000000000000000000e+00 -1.336000000000000000e+03
6.380000000000000000e+03 6.320000000000000000e+02 8.800000000000000000e+01 -1.320000000000000000e+03
6.420000000000000000e+03 6.000000000000000000e+02 1.120000000000000000e+02 -1.224000000000000000e+03
6.460000000000000000e+03 5.120000000000000000e+02 1.120000000000000000e+02 -1.056000000000000000e+03
6.500000000000000000e+03 4.080000000000000000e+02 1.440000000000000000e+02 -8.320000000000000000e+02
6.540000000000000000e+03 2.160000000000000000e+02 1.600000000000000000e+02 -7.840000000000000000e+02
6.580000000000000000e+03 -3.200000000000000000e+01 1.520000000000000000e+02 -5.920000000000000000e+02
6.620000000000000000e+03 -2.400000000000000000e+02 1.520000000000000000e+02 -4.960000000000000000e+02
6.660000000000000000e+03 -2.880000000000000000e+02 9.600000000000000000e+01 -6.080000000000000000e+02
6.700000000000000000e+03 -3.920000000000000000e+02 8.000000000000000000e+01 -6.320000000000000000e+02
6.740000000000000000e+03 -5.360000000000000000e+02 3.200000000000000000e+01 -6.640000000000000000e+02
6.780000000000000000e+03 -7.040000000000000000e+02 7.200000000000000000e+01 -6.880000000000000000e+02
6.820000000000000000e+03 -6.240000000000000000e+02 9.600000000000000000e+01 -8.480000000000000000e+02
6.860000000000000000e+03 -4.960000000000000000e+02 1.920000000000000000e+02 -9.200000000000000000e+02
6.900000000000000000e+03 -4.320000000000000000e+02 2.160000000000000000e+02 -9.680000000000000000e+02
6.940000000000000000e+03 -4.080000000000000000e+02 1.520000000000000000e+02 -8.640000000000000000e+02
6.980000000000000000e+03 -4.240000000000000000e+02 1.840000000000000000e+02 -8.080000000000000000e+02
7.011000000000000000e+03 -3.440000000000000000e+02 2.480000000000000000e+02 -9.440000000000000000e+02
7.051000000000000000e+03 -1.680000000000000000e+02 2.080000000000000000e+02 -1.032000000000000000e+03
7.091000000000000000e+03 -1.760000000000000000e+02 1.440000000000000000e+02 -7.760000000000000000e+02
7.131000000000000000e+03 -2.960000000000000000e+02 2.720000000000000000e+02 -8.160000000000000000e+02
7.171000000000000000e+03 -2.880000000000000000e+02 2.960000000000000000e+02 -8.800000000000000000e+02
7.211000000000000000e+03 -3.120000000000000000e+02 2.880000000000000000e+02 -8.240000000000000000e+02
7.251000000000000000e+03 -2.640000000000000000e+02 3.440000000000000000e+02 -8.240000000000000000e+02
7.291000000000000000e+03 -2.320000000000000000e+02 3.600000000000000000e+02 -7.040000000000000000e+02
7.331000000000000000e+03 -1.360000000000000000e+02 5.120000000000000000e+02 -7.840000000000000000e+02
7.371000000000000000e+03 -7.200000000000000000e+01 4.560000000000000000e+02 -1.096000000000000000e+03
7.411000000000000000e+03 -1.600000000000000000e+01 5.840000000000000000e+02 -9.760000000000000000e+02
7.451000000000000000e+03 2.000000000000000000e+02 6.720000000000000000e+02 -9.040000000000000000e+02
7.491000000000000000e+03 2.400000000000000000e+02 7.600000000000000000e+02 -4.240000000000000000e+02
7.531000000000000000e+03 3.120000000000000000e+02 7.840000000000000000e+02 -3.760000000000000000e+02
7.571000000000000000e+03 4.000000000000000000e+02 7.760000000000000000e+02 -4.320000000000000000e+02
7.611000000000000000e+03 3.840000000000000000e+02 7.520000000000000000e+02 -1.440000000000000000e+02
7.651000000000000000e+03 4.640000000000000000e+02 8.640000000000000000e+02 -4.160000000000000000e+02
7.691000000000000000e+03 5.600000000000000000e+02 1.120000000000000000e+03 -6.960000000000000000e+02
7.731000000000000000e+03 5.360000000000000000e+02 9.440000000000000000e+02 -6.800000000000000000e+02
7.771000000000000000e+03 4.320000000000000000e+02 7.760000000000000000e+02 -4.880000000000000000e+02
7.811000000000000000e+03 4.480000000000000000e+02 8.320000000000000000e+02 -5.040000000000000000e+02
7.851000000000000000e+03 5.760000000000000000e+02 9.440000000000000000e+02 -3.520000000000000000e+02
7.891000000000000000e+03 5.680000000000000000e+02 8.880000000000000000e+02 -4.000000000000000000e+02
7.931000000000000000e+03 4.080000000000000000e+02 8.560000000000000000e+02 -5.600000000000000000e+02
7.971000000000000000e+03 3.600000000000000000e+02 8.880000000000000000e+02 -4.960000000000000000e+02
8.003000000000000000e+03 3.680000000000000000e+02 9.280000000000000000e+02 -4.400000000000000000e+02
8.043000000000000000e+03 4.320000000000000000e+02 8.480000000000000000e+02 -5.440000000000000000e+02
8.083000000000000000e+03 3.920000000000000000e+02 8.240000000000000000e+02 -4.080000000000000000e+02
8.123000000000000000e+03 3.200000000000000000e+02 7.040000000000000000e+02 -3.680000000000000000e+02
8.163000000000000000e+03 4.160000000000000000e+02 9.360000000000000000e+02 -3.520000000000000000e+02
8.203000000000000000e+03 3.040000000000000000e+02 8.000000000000000000e+02 -4.080000000000000000e+02
8.243000000000000000e+03 1.280000000000000000e+02 9.200000000000000000e+02 -3.120000000000000000e+02
8.283000000000000000e+03 6.400000000000000000e+01 7.600000000000000000e+02 -7.600000000000000000e+02
8.323000000000000000e+03 -8.000000000000000000e+00 6.720000000000000000e+02 -7.600000000000000000e+02
8.363000000000000000e+03 -4.000000000000000000e+01 6.480000000000000000e+02 -6.960000000000000000e+02
8.403000000000000000e+03 -5.600000000000000000e+01 7.440000000000000000e+02 -4.800000000000000000e+02
8.443000000000000000e+03 3.200000000000000000e+01 8.880000000000000000e+02 -3.840000000000000000e+02
8.483000000000000000e+03 2.160000000000000000e+02 8.560000000000000000e+02 -5.120000000000000000e+02
8.523000000000000000e+03 2.560000000000000000e+02 8.480000000000000000e+02 -6.400000000000000000e+02
8.563000000000000000e+03 2.560000000000000000e+02 7.600000000000000000e+02 -6.400000000000000000e+02
8.603000000000000000e+03 2.080000000000000000e+02 7.920000000000000000e+02 -5.280000000000000000e+02
8.643000000000000000e+03 1.680000000000000000e+02 8.480000000000000000e+02 -4.480000000000000000e+02
8.683000000000000000e+03 2.320000000000000000e+02 7.920000000000000000e+02 -5.840000000000000000e+02
8.723000000000000000e+03 2.560000000000000000e+02 8.320000000000000000e+02 -5.120000000000000000e+02
8.763000000000000000e+03 2.480000000000000000e+02 8.640000000000000000e+02 -4.720000000000000000e+02
8.803000000000000000e+03 2.480000000000000000e+02 8.800000000000000000e+02 -4.400000000000000000e+02
8.843000000000000000e+03 2.800000000000000000e+02 8.720000000000000000e+02 -4.320000000000000000e+02
8.883000000000000000e+03 2.960000000000000000e+02 8.640000000000000000e+02 -5.440000000000000000e+02
8.923000000000000000e+03 2.720000000000000000e+02 8.480000000000000000e+02 -5.440000000000000000e+02
8.963000000000000000e+03 2.720000000000000000e+02 8.480000000000000000e+02 -4.720000000000000000e+02
8.994000000000000000e+03 3.040000000000000000e+02 8.720000000000000000e+02 -4.320000000000000000e+02
9.034000000000000000e+03 3.040000000000000000e+02 8.560000000000000000e+02 -4.400000000000000000e+02
9.074000000000000000e+03 2.720000000000000000e+02 8.080000000000000000e+02 -5.120000000000000000e+02
9.114000000000000000e+03 2.720000000000000000e+02 8.080000000000000000e+02 -5.280000000000000000e+02
9.154000000000000000e+03 2.400000000000000000e+02 8.160000000000000000e+02 -4.160000000000000000e+02
9.194000000000000000e+03 2.480000000000000000e+02 8.400000000000000000e+02 -5.040000000000000000e+02
9.234000000000000000e+03 2.560000000000000000e+02 8.240000000000000000e+02 -5.040000000000000000e+02
9.274000000000000000e+03 2.720000000000000000e+02 8.400000000000000000e+02 -5.200000000000000000e+02
9.314000000000000000e+03 2.800000000000000000e+02 8.320000000000000000e+02 -4.400000000000000000e+02
9.354000000000000000e+03 2.880000000000000000e+02 8.160000000000000000e+02 -4.800000000000000000e+02
9.394000000000000000e+03 2.880000000000000000e+02 8.320000000000000000e+02 -5.040000000000000000e+02
9.434000000000000000e+03 2.640000000000000000e+02 8.320000000000000000e+02 -4.560000000000000000e+02
9.474000000000000000e+03 2.640000000000000000e+02 8.240000000000000000e+02 -4.960000000000000000e+02
9.514000000000000000e+03 2.480000000000000000e+02 8.160000000000000000e+02 -4.800000000000000000e+02
9.554000000000000000e+03 2.560000000000000000e+02 8.640000000000000000e+02 -5.280000000000000000e+02
9.594000000000000000e+03 2.800000000000000000e+02 8.640000000000000000e+02 -4.800000000000000000e+02
9.634000000000000000e+03 2.960000000000000000e+02 8.560000000000000000e+02 -4.800000000000000000e+02
9.674000000000000000e+03 2.880000000000000000e+02 8.400000000000000000e+02 -4.800000000000000000e+02
9.714000000000000000e+03 2.800000000000000000e+02 8.240000000000000000e+02 -4.720000000000000000e+02
9.754000000000000000e+03 2.560000000000000000e+02 8.400000000000000000e+02 -4.880000000000000000e+02
9.794000000000000000e+03 2.640000000000000000e+02 8.400000000000000000e+02 -5.200000000000000000e+02
9.834000000000000000e+03 2.400000000000000000e+02 8.400000000000000000e+02 -5.360000000000000000e+02
9.874000000000000000e+03 2.400000000000000000e+02 8.160000000000000000e+02 -5.280000000000000000e+02
9.914000000000000000e+03 2.640000000000000000e+02 8.240000000000000000e+02 -5.120000000000000000e+02
9.954000000000000000e+03 2.640000000000000000e+02 8.320000000000000000e+02 -4.880000000000000000e+02
9.987000000000000000e+03 2.720000000000000000e+02 8.240000000000000000e+02 -4.800000000000000000e+02
1.002700000000000000e+04 2.880000000000000000e+02 8.320000000000000000e+02 -5.040000000000000000e+02
1.006700000000000000e+04 2.480000000000000000e+02 8.400000000000000000e+02 -4.720000000000000000e+02
1.010700000000000000e+04 2.560000000000000000e+02 8.320000000000000000e+02 -4.960000000000000000e+02
1.014700000000000000e+04 2.480000000000000000e+02 8.320000000000000000e+02 -5.280000000000000000e+02
1.018700000000000000e+04 2.320000000000000000e+02 8.400000000000000000e+02 -5.120000000000000000e+02
1.022700000000000000e+04 2.320000000000000000e+02 8.400000000000000000e+02 -5.280000000000000000e+02
1.026700000000000000e+04 2.400000000000000000e+02 8.320000000000000000e+02 -4.880000000000000000e+02
1.030700000000000000e+04 2.560000000000000000e+02 8.240000000000000000e+02 -4.560000000000000000e+02
1.034700000000000000e+04 2.880000000000000000e+02 8.480000000000000000e+02 -4.640000000000000000e+02
1.038700000000000000e+04 3.040000000000000000e+02 8.400000000000000000e+02 -4.720000000000000000e+02
1.042700000000000000e+04 2.960000000000000000e+02 8.400000000000000000e+02 -4.640000000000000000e+02
1.046700000000000000e+04 2.720000000000000000e+02 8.240000000000000000e+02 -5.040000000000000000e+02
1.050700000000000000e+04 2.560000000000000000e+02 8.080000000000000000e+02 -5.200000000000000000e+02
1.054700000000000000e+04 2.240000000000000000e+02 8.240000000000000000e+02 -5.280000000000000000e+02
1.058700000000000000e+04 2.160000000000000000e+02 8.240000000000000000e+02 -5.680000000000000000e+02
1.062700000000000000e+04 2.400000000000000000e+02 8.480000000000000000e+02 -5.200000000000000000e+02
1.066700000000000000e+04 2.480000000000000000e+02 8.240000000000000000e+02 -4.800000000000000000e+02
1.070700000000000000e+04 2.800000000000000000e+02 8.320000000000000000e+02 -4.880000000000000000e+02
1.074700000000000000e+04 2.880000000000000000e+02 8.560000000000000000e+02 -4.640000000000000000e+02
1.078700000000000000e+04 2.960000000000000000e+02 8.560000000000000000e+02 -4.640000000000000000e+02
1.082700000000000000e+04 2.880000000000000000e+02 8.480000000000000000e+02 -5.280000000000000000e+02
1.086700000000000000e+04 2.640000000000000000e+02 8.400000000000000000e+02 -4.960000000000000000e+02
1.090700000000000000e+04 2.720000000000000000e+02 8.320000000000000000e+02 -4.880000000000000000e+02
1.094700000000000000e+04 2.400000000000000000e+02 8.080000000000000000e+02 -5.040000000000000000e+02
1.097800000000000000e+04 2.320000000000000000e+02 8.080000000000000000e+02 -5.280000000000000000e+02
1.101800000000000000e+04 2.240000000000000000e+02 8.160000000000000000e+02 -5.200000000000000000e+02
1.105800000000000000e+04 2.400000000000000000e+02 8.320000000000000000e+02 -5.040000000000000000e+02
1.109800000000000000e+04 2.640000000000000000e+02 8.560000000000000000e+02 -4.800000000000000000e+02
1.113800000000000000e+04 2.720000000000000000e+02 8.320000000000000000e+02 -4.800000000000000000e+02
1.117800000000000000e+04 2.800000000000000000e+02 8.480000000000000000e+02 -4.960000000000000000e+02
1.121800000000000000e+04 3.040000000000000000e+02 8.480000000000000000e+02 -4.800000000000000000e+02
1.125800000000000000e+04 2.720000000000000000e+02 8.400000000000000000e+02 -5.040000000000000000e+02
1.129800000000000000e+04 2.640000000000000000e+02 8.160000000000000000e+02 -5.120000000000000000e+02
1.133800000000000000e+04 2.640000000000000000e+02 8.080000000000000000e+02 -5.120000000000000000e+02
1.137800000000000000e+04 2.560000000000000000e+02 8.160000000000000000e+02 -4.960000000000000000e+02
1.141800000000000000e+04 2.480000000000000000e+02 8.240000000000000000e+02 -5.200000000000000000e+02
1.145800000000000000e+04 2.400000000000000000e+02 8.400000000000000000e+02 -5.040000000000000000e+02
1.149800000000000000e+04 2.640000000000000000e+02 8.400000000000000000e+02 -4.800000000000000000e+02
1.153800000000000000e+04 2.720000000000000000e+02 8.400000000000000000e+02 -5.600000000000000000e+02
1.157800000000000000e+04 2.800000000000000000e+02 8.400000000000000000e+02 -4.960000000000000000e+02
1.161800000000000000e+04 2.960000000000000000e+02 8.320000000000000000e+02 -4.800000000000000000e+02
1.165800000000000000e+04 2.960000000000000000e+02 8.480000000000000000e+02 -4.720000000000000000e+02
1.169800000000000000e+04 3.040000000000000000e+02 8.480000000000000000e+02 -4.800000000000000000e+02
1.173800000000000000e+04 2.800000000000000000e+02 8.400000000000000000e+02 -4.800000000000000000e+02
1.177800000000000000e+04 2.640000000000000000e+02 8.400000000000000000e+02 -4.880000000000000000e+02
1.181800000000000000e+04 2.560000000000000000e+02 8.400000000000000000e+02 -5.120000000000000000e+02
1.185800000000000000e+04 2.800000000000000000e+02 8.320000000000000000e+02 -5.040000000000000000e+02
1.189800000000000000e+04 2.720000000000000000e+02 8.320000000000000000e+02 -5.360000000000000000e+02
1.193800000000000000e+04 2.640000000000000000e+02 8.320000000000000000e+02 -5.200000000000000000e+02
1.196900000000000000e+04 2.640000000000000000e+02 8.320000000000000000e+02 -4.640000000000000000e+02
1.200900000000000000e+04 2.800000000000000000e+02 8.480000000000000000e+02 -4.640000000000000000e+02
1.204900000000000000e+04 2.880000000000000000e+02 8.400000000000000000e+02 -4.240000000000000000e+02
1.208900000000000000e+04 2.880000000000000000e+02 8.640000000000000000e+02 -4.640000000000000000e+02
1.212900000000000000e+04 2.960000000000000000e+02 8.480000000000000000e+02 -4.640000000000000000e+02
1.216900000000000000e+04 2.720000000000000000e+02 8.400000000000000000e+02 -4.880000000000000000e+02
1.220900000000000000e+04 2.640000000000000000e+02 8.560000000000000000e+02 -4.720000000000000000e+02
1.224900000000000000e+04 2.640000000000000000e+02 8.480000000000000000e+02 -4.880000000000000000e+02
1.228900000000000000e+04 2.560000000000000000e+02 8.480000000000000000e+02 -5.120000000000000000e+02
1.232900000000000000e+04 2.320000000000000000e+02 8.560000000000000000e+02 -5.040000000000000000e+02
1.236900000000000000e+04 2.400000000000000000e+02 8.560000000000000000e+02 -4.880000000000000000e+02
1.240900000000000000e+04 2.480000000000000000e+02 8.480000000000000000e+02 -4.800000000000000000e+02
1.244900000000000000e+04 2.720000000000000000e+02 8.640000000000000000e+02 -4.720000000000000000e+02
1.248900000000000000e+04 2.800000000000000000e+02 8.640000000000000000e+02 -4.480000000000000000e+02
1.252900000000000000e+04 2.960000000000000000e+02 8.560000000000000000e+02 -4.800000000000000000e+02
1.256900000000000000e+04 3.120000000000000000e+02 8.480000000000000000e+02 -4.720000000000000000e+02
1.260900000000000000e+04 2.960000000000000000e+02 8.400000000000000000e+02 -4.800000000000000000e+02
1.264900000000000000e+04 2.720000000000000000e+02 8.320000000000000000e+02 -4.960000000000000000e+02
1.268900000000000000e+04 2.640000000000000000e+02 8.320000000000000000e+02 -5.200000000000000000e+02
1.272900000000000000e+04 2.640000000000000000e+02 8.240000000000000000e+02 -4.960000000000000000e+02
1.276900000000000000e+04 2.560000000000000000e+02 8.320000000000000000e+02 -5.040000000000000000e+02
1.280900000000000000e+04 2.560000000000000000e+02 8.320000000000000000e+02 -5.120000000000000000e+02
1.284900000000000000e+04 2.560000000000000000e+02 8.320000000000000000e+02 -4.880000000000000000e+02
1.288900000000000000e+04 2.720000000000000000e+02 8.320000000000000000e+02 -4.640000000000000000e+02
1.292900000000000000e+04 2.800000000000000000e+02 8.400000000000000000e+02 -4.560000000000000000e+02
1.296100000000000000e+04 2.880000000000000000e+02 8.400000000000000000e+02 -4.560000000000000000e+02
1.300100000000000000e+04 2.800000000000000000e+02 8.400000000000000000e+02 -4.720000000000000000e+02
1.304100000000000000e+04 2.800000000000000000e+02 8.560000000000000000e+02 -4.800000000000000000e+02
1.308100000000000000e+04 2.640000000000000000e+02 8.400000000000000000e+02 -4.880000000000000000e+02
1.312100000000000000e+04 2.640000000000000000e+02 8.320000000000000000e+02 -4.880000000000000000e+02
1.316100000000000000e+04 2.560000000000000000e+02 8.400000000000000000e+02 -5.040000000000000000e+02
1.320100000000000000e+04 2.480000000000000000e+02 8.320000000000000000e+02 -5.280000000000000000e+02
1.324100000000000000e+04 2.480000000000000000e+02 8.400000000000000000e+02 -4.960000000000000000e+02
1.328100000000000000e+04 2.720000000000000000e+02 8.400000000000000000e+02 -4.800000000000000000e+02
1.332100000000000000e+04 2.880000000000000000e+02 8.480000000000000000e+02 -4.640000000000000000e+02
1.336100000000000000e+04 2.880000000000000000e+02 8.480000000000000000e+02 -4.480000000000000000e+02
1.340100000000000000e+04 2.960000000000000000e+02 8.560000000000000000e+02 -4.640000000000000000e+02
1.344100000000000000e+04 2.960000000000000000e+02 8.480000000000000000e+02 -4.800000000000000000e+02
1.348100000000000000e+04 2.880000000000000000e+02 8.480000000000000000e+02 -4.800000000000000000e+02
1.352100000000000000e+04 2.960000000000000000e+02 8.480000000000000000e+02 -4.800000000000000000e+02
1.356100000000000000e+04 2.800000000000000000e+02 8.400000000000000000e+02 -4.800000000000000000e+02
1.360100000000000000e+04 2.640000000000000000e+02 8.320000000000000000e+02 -5.120000000000000000e+02
1.364100000000000000e+04 2.560000000000000000e+02 8.400000000000000000e+02 -5.040000000000000000e+02
1.368100000000000000e+04 2.720000000000000000e+02 8.320000000000000000e+02 -5.360000000000000000e+02
1.372100000000000000e+04 2.720000000000000000e+02 8.480000000000000000e+02 -4.560000000000000000e+02
1.376100000000000000e+04 2.880000000000000000e+02 8.560000000000000000e+02 -4.880000000000000000e+02
1.380100000000000000e+04 2.960000000000000000e+02 8.560000000000000000e+02 -4.480000000000000000e+02
1.384100000000000000e+04 2.880000000000000000e+02 8.560000000000000000e+02 -4.400000000000000000e+02
1.388100000000000000e+04 2.880000000000000000e+02 8.480000000000000000e+02 -4.720000000000000000e+02
1.392100000000000000e+04 2.800000000000000000e+02 8.320000000000000000e+02 -5.280000000000000000e+02
1.395200000000000000e+04 2.720000000000000000e+02 8.400000000000000000e+02 -4.640000000000000000e+02
1.399200000000000000e+04 2.640000000000000000e+02 8.400000000000000000e+02 -4.880000000000000000e+02
1.403200000000000000e+04 2.560000000000000000e+02 8.640000000000000000e+02 -4.640000000000000000e+02
1.407200000000000000e+04 2.640000000000000000e+02 8.560000000000000000e+02 -4.400000000000000000e+02
1.411200000000000000e+04 2.800000000000000000e+02 8.480000000000000000e+02 -5.120000000000000000e+02
1.415200000000000000e+04 2.800000000000000000e+02 8.480000000000000000e+02 -4.480000000000000000e+02
1.419200000000000000e+04 2.880000000000000000e+02 8.480000000000000000e+02 -4.080000000000000000e+02
1.423200000000000000e+04 2.880000000000000000e+02 8.480000000000000000e+02 -4.240000000000000000e+02
1.427200000000000000e+04 2.800000000000000000e+02 8.640000000000000000e+02 -4.720000000000000000e+02
1.431200000000000000e+04 2.720000000000000000e+02 8.400000000000000000e+02 -4.960000000000000000e+02
1.435200000000000000e+04 2.720000000000000000e+02 8.480000000000000000e+02 -4.880000000000000000e+02
1.439200000000000000e+04 2.720000000000000000e+02 8.560000000000000000e+02 -4.640000000000000000e+02
1.443200000000000000e+04 2.720000000000000000e+02 8.480000000000000000e+02 -4.720000000000000000e+02
1.447200000000000000e+04 2.480000000000000000e+02 8.480000000000000000e+02 -4.960000000000000000e+02
1.451200000000000000e+04 2.720000000000000000e+02 8.320000000000000000e+02 -4.240000000000000000e+02
1.455200000000000000e+04 2.880000000000000000e+02 8.480000000000000000e+02 -4.560000000000000000e+02
1.459200000000000000e+04 2.800000000000000000e+02 8.640000000000000000e+02 -4.480000000000000000e+02
1.463200000000000000e+04 2.640000000000000000e+02 8.560000000000000000e+02 -4.800000000000000000e+02
1.467200000000000000e+04 2.720000000000000000e+02 8.320000000000000000e+02 -4.880000000000000000e+02
1.471200000000000000e+04 2.880000000000000000e+02 8.400000000000000000e+02 -4.720000000000000000e+02
1.475200000000000000e+04 2.880000000000000000e+02 8.720000000000000000e+02 -4.720000000000000000e+02
1.479200000000000000e+04 2.640000000000000000e+02 8.560000000000000000e+02 -4.560000000000000000e+02
1.483200000000000000e+04 2.640000000000000000e+02 8.240000000000000000e+02 -4.640000000000000000e+02
1.487200000000000000e+04 2.880000000000000000e+02 8.320000000000000000e+02 -4.480000000000000000e+02
1.491200000000000000e+04 2.880000000000000000e+02 8.560000000000000000e+02 -4.640000000000000000e+02
1.494400000000000000e+04 2.800000000000000000e+02 8.480000000000000000e+02 -4.560000000000000000e+02
1.498400000000000000e+04 2.560000000000000000e+02 8.400000000000000000e+02 -4.960000000000000000e+02
1.502400000000000000e+04 2.720000000000000000e+02 8.480000000000000000e+02 -4.560000000000000000e+02
1.506400000000000000e+04 2.560000000000000000e+02 8.640000000000000000e+02 -4.640000000000000000e+02
1.510400000000000000e+04 2.720000000000000000e+02 8.640000000000000000e+02 -4.560000000000000000e+02
1.514400000000000000e+04 2.720000000000000000e+02 8.560000000000000000e+02 -4.640000000000000000e+02
1.518400000000000000e+04 2.800000000000000000e+02 8.400000000000000000e+02 -4.640000000000000000e+02
1.522400000000000000e+04 2.720000000000000000e+02 8.640000000000000000e+02 -4.480000000000000000e+02
1.526400000000000000e+04 2.640000000000000000e+02 8.560000000000000000e+02 -4.560000000000000000e+02
1.530400000000000000e+04 2.640000000000000000e+02 8.400000000000000000e+02 -4.720000000000000000e+02
1.534400000000000000e+04 2.640000000000000000e+02 8.400000000000000000e+02 -4.640000000000000000e+02
1.538400000000000000e+04 2.640000000000000000e+02 8.560000000000000000e+02 -4.720000000000000000e+02
1.542400000000000000e+04 2.640000000000000000e+02 8.640000000000000000e+02 -4.400000000000000000e+02
1.546400000000000000e+04 2.640000000000000000e+02 8.480000000000000000e+02 -4.320000000000000000e+02
1.550400000000000000e+04 2.720000000000000000e+02 8.400000000000000000e+02 -4.640000000000000000e+02
1.554400000000000000e+04 2.720000000000000000e+02 8.400000000000000000e+02 -4.560000000000000000e+02
1.558400000000000000e+04 2.640000000000000000e+02 8.400000000000000000e+02 -5.040000000000000000e+02
1.562400000000000000e+04 2.560000000000000000e+02 8.400000000000000000e+02 -4.720000000000000000e+02
1.566400000000000000e+04 2.640000000000000000e+02 8.400000000000000000e+02 -4.800000000000000000e+02
1.570400000000000000e+04 2.880000000000000000e+02 8.560000000000000000e+02 -4.400000000000000000e+02
1.574400000000000000e+04 2.800000000000000000e+02 8.480000000000000000e+02 -4.480000000000000000e+02
1.578400000000000000e+04 2.880000000000000000e+02 8.560000000000000000e+02 -4.640000000000000000e+02
1.582400000000000000e+04 2.720000000000000000e+02 8.480000000000000000e+02 -5.040000000000000000e+02
1.586400000000000000e+04 2.800000000000000000e+02 8.560000000000000000e+02 -4.400000000000000000e+02
1.590400000000000000e+04 2.800000000000000000e+02 8.560000000000000000e+02 -4.480000000000000000e+02
1.593500000000000000e+04 2.880000000000000000e+02 8.320000000000000000e+02 -4.560000000000000000e+02
1.597500000000000000e+04 2.720000000000000000e+02 8.240000000000000000e+02 -4.800000000000000000e+02
1.601500000000000000e+04 2.880000000000000000e+02 8.400000000000000000e+02 -4.560000000000000000e+02
1.605500000000000000e+04 2.800000000000000000e+02 8.320000000000000000e+02 -4.560000000000000000e+02
1.609500000000000000e+04 3.040000000000000000e+02 8.480000000000000000e+02 -4.400000000000000000e+02
1.613500000000000000e+04 2.960000000000000000e+02 8.480000000000000000e+02 -4.560000000000000000e+02
1.617500000000000000e+04 2.800000000000000000e+02 8.560000000000000000e+02 -4.640000000000000000e+02
1.621500000000000000e+04 2.720000000000000000e+02 8.400000000000000000e+02 -4.720000000000000000e+02
1.625500000000000000e+04 2.720000000000000000e+02 8.640000000000000000e+02 -4.160000000000000000e+02
1.629500000000000000e+04 2.880000000000000000e+02 8.640000000000000000e+02 -4.640000000000000000e+02
1.633500000000000000e+04 2.800000000000000000e+02 8.640000000000000000e+02 -4.720000000000000000e+02
1.637500000000000000e+04 2.800000000000000000e+02 8.480000000000000000e+02 -4.720000000000000000e+02
1.641500000000000000e+04 2.720000000000000000e+02 8.400000000000000000e+02 -4.560000000000000000e+02
1.645500000000000000e+04 2.800000000000000000e+02 8.400000000000000000e+02 -4.800000000000000000e+02
1.649500000000000000e+04 2.640000000000000000e+02 8.560000000000000000e+02 -4.480000000000000000e+02
1.653500000000000000e+04 2.560000000000000000e+02 8.640000000000000000e+02 -4.480000000000000000e+02
1.657500000000000000e+04 2.720000000000000000e+02 8.480000000000000000e+02 -4.720000000000000000e+02
1.661500000000000000e+04 2.720000000000000000e+02 8.480000000000000000e+02 -4.320000000000000000e+02
1.665500000000000000e+04 2.720000000000000000e+02 8.320000000000000000e+02 -4.400000000000000000e+02
1.669500000000000000e+04 2.720000000000000000e+02 8.640000000000000000e+02 -4.960000000000000000e+02
1.673500000000000000e+04 2.800000000000000000e+02 8.640000000000000000e+02 -4.560000000000000000e+02
1.677500000000000000e+04 2.960000000000000000e+02 8.560000000000000000e+02 -4.400000000000000000e+02
1.681500000000000000e+04 2.720000000000000000e+02 8.560000000000000000e+02 -4.560000000000000000e+02
1.685500000000000000e+04 2.800000000000000000e+02 8.560000000000000000e+02 -4.640000000000000000e+02
1.689500000000000000e+04 2.800000000000000000e+02 8.560000000000000000e+02 -4.560000000000000000e+02
1.692600000000000000e+04 2.800000000000000000e+02 8.720000000000000000e+02 -4.720000000000000000e+02
1.696600000000000000e+04 2.880000000000000000e+02 8.720000000000000000e+02 -4.240000000000000000e+02
1.700600000000000000e+04 2.720000000000000000e+02 8.720000000000000000e+02 -4.480000000000000000e+02
1.704600000000000000e+04 2.560000000000000000e+02 8.560000000000000000e+02 -4.720000000000000000e+02
1.708600000000000000e+04 2.640000000000000000e+02 8.640000000000000000e+02 -4.720000000000000000e+02
1.712600000000000000e+04 2.720000000000000000e+02 8.640000000000000000e+02 -4.400000000000000000e+02
1.716600000000000000e+04 2.960000000000000000e+02 8.560000000000000000e+02 -4.560000000000000000e+02
1.720600000000000000e+04 3.200000000000000000e+02 8.720000000000000000e+02 -4.240000000000000000e+02
1.724600000000000000e+04 2.960000000000000000e+02 8.720000000000000000e+02 -4.400000000000000000e+02
1.728600000000000000e+04 3.040000000000000000e+02 8.640000000000000000e+02 -4.560000000000000000e+02
1.732600000000000000e+04 2.880000000000000000e+02 8.560000000000000000e+02 -4.720000000000000000e+02
1.736600000000000000e+04 2.800000000000000000e+02 8.480000000000000000e+02 -4.720000000000000000e+02
1.740600000000000000e+04 2.560000000000000000e+02 8.400000000000000000e+02 -4.720000000000000000e+02
1.744600000000000000e+04 2.720000000000000000e+02 8.400000000000000000e+02 -4.720000000000000000e+02
1.748600000000000000e+04 2.720000000000000000e+02 8.480000000000000000e+02 -4.800000000000000000e+02
1.752600000000000000e+04 2.720000000000000000e+02 8.480000000000000000e+02 -4.800000000000000000e+02
1.756600000000000000e+04 2.800000000000000000e+02 8.480000000000000000e+02 -4.960000000000000000e+02
1.760600000000000000e+04 2.800000000000000000e+02 8.400000000000000000e+02 -5.120000000000000000e+02
1.764600000000000000e+04 2.880000000000000000e+02 8.480000000000000000e+02 -4.960000000000000000e+02
1.768600000000000000e+04 2.800000000000000000e+02 8.560000000000000000e+02 -5.120000000000000000e+02
1.772600000000000000e+04 2.640000000000000000e+02 8.480000000000000000e+02 -5.280000000000000000e+02
1.776600000000000000e+04 2.640000000000000000e+02 8.480000000000000000e+02 -4.800000000000000000e+02
1.780600000000000000e+04 2.400000000000000000e+02 8.480000000000000000e+02 -4.720000000000000000e+02
1.784600000000000000e+04 2.560000000000000000e+02 8.560000000000000000e+02 -4.640000000000000000e+02
1.788600000000000000e+04 2.720000000000000000e+02 8.400000000000000000e+02 -4.560000000000000000e+02
1.791800000000000000e+04 2.640000000000000000e+02 8.480000000000000000e+02 -4.560000000000000000e+02
1.795800000000000000e+04 2.720000000000000000e+02 8.320000000000000000e+02 -4.880000000000000000e+02
1.799800000000000000e+04 2.880000000000000000e+02 8.400000000000000000e+02 -4.800000000000000000e+02
1.803800000000000000e+04 2.640000000000000000e+02 8.480000000000000000e+02 -5.040000000000000000e+02
1.807800000000000000e+04 2.640000000000000000e+02 8.480000000000000000e+02 -4.880000000000000000e+02
1.811800000000000000e+04 2.640000000000000000e+02 8.480000000000000000e+02 -4.240000000000000000e+02
1.815800000000000000e+04 3.040000000000000000e+02 8.560000000000000000e+02 -4.720000000000000000e+02
1.819800000000000000e+04 2.800000000000000000e+02 8.480000000000000000e+02 -4.720000000000000000e+02
1.823800000000000000e+04 2.800000000000000000e+02 8.400000000000000000e+02 -4.800000000000000000e+02
1.827800000000000000e+04 2.720000000000000000e+02 8.560000000000000000e+02 -4.800000000000000000e+02
1.831800000000000000e+04 2.880000000000000000e+02 8.480000000000000000e+02 -5.120000000000000000e+02
1.835800000000000000e+04 2.720000000000000000e+02 8.480000000000000000e+02 -4.800000000000000000e+02
1.839800000000000000e+04 2.640000000000000000e+02 8.320000000000000000e+02 -5.120000000000000000e+02
1.843800000000000000e+04 2.560000000000000000e+02 8.480000000000000000e+02 -5.040000000000000000e+02
1.847800000000000000e+04 2.480000000000000000e+02 8.400000000000000000e+02 -5.120000000000000000e+02
1.851800000000000000e+04 2.400000000000000000e+02 8.480000000000000000e+02 -4.720000000000000000e+02
1.855800000000000000e+04 2.640000000000000000e+02 8.320000000000000000e+02 -4.880000000000000000e+02
1.859800000000000000e+04 2.640000000000000000e+02 8.400000000000000000e+02 -5.040000000000000000e+02
1.863800000000000000e+04 2.640000000000000000e+02 8.400000000000000000e+02 -5.120000000000000000e+02
1.867800000000000000e+04 2.640000000000000000e+02 8.400000000000000000e+02 -4.800000000000000000e+02
1.871800000000000000e+04 2.720000000000000000e+02 8.320000000000000000e+02 -4.560000000000000000e+02
1.875800000000000000e+04 2.640000000000000000e+02 8.560000000000000000e+02 -4.560000000000000000e+02
1.879800000000000000e+04 2.640000000000000000e+02 8.480000000000000000e+02 -4.720000000000000000e+02
1.883800000000000000e+04 2.560000000000000000e+02 8.560000000000000000e+02 -4.960000000000000000e+02
1.887800000000000000e+04 2.800000000000000000e+02 8.560000000000000000e+02 -4.800000000000000000e+02
1.890900000000000000e+04 2.960000000000000000e+02 8.080000000000000000e+02 -4.720000000000000000e+02
1.894900000000000000e+04 2.800000000000000000e+02 8.240000000000000000e+02 -4.800000000000000000e+02
1.898900000000000000e+04 2.720000000000000000e+02 8.320000000000000000e+02 -5.040000000000000000e+02
1.902900000000000000e+04 2.320000000000000000e+02 8.400000000000000000e+02 -5.440000000000000000e+02
1.906900000000000000e+04 2.400000000000000000e+02 8.400000000000000000e+02 -4.960000000000000000e+02
1.910900000000000000e+04 2.400000000000000000e+02 8.320000000000000000e+02 -4.960000000000000000e+02
1.914900000000000000e+04 2.480000000000000000e+02 8.400000000000000000e+02 -5.040000000000000000e+02
1.918900000000000000e+04 2.560000000000000000e+02 8.320000000000000000e+02 -4.800000000000000000e+02
1.922900000000000000e+04 2.640000000000000000e+02 8.320000000000000000e+02 -4.880000000000000000e+02
1.926900000000000000e+04 2.800000000000000000e+02 8.320000000000000000e+02 -4.960000000000000000e+02
1.930900000000000000e+04 2.800000000000000000e+02 8.320000000000000000e+02 -4.720000000000000000e+02
1.934900000000000000e+04 2.880000000000000000e+02 8.320000000000000000e+02 -4.720000000000000000e+02
1.938900000000000000e+04 2.800000000000000000e+02 8.400000000000000000e+02 -4.960000000000000000e+02
1.942900000000000000e+04 2.880000000000000000e+02 8.400000000000000000e+02 -5.120000000000000000e+02
1.946900000000000000e+04 2.960000000000000000e+02 8.400000000000000000e+02 -4.560000000000000000e+02
1.950900000000000000e+04 2.960000000000000000e+02 8.480000000000000000e+02 -4.640000000000000000e+02
1.954900000000000000e+04 2.800000000000000000e+02 8.400000000000000000e+02 -4.960000000000000000e+02
1.958900000000000000e+04 2.800000000000000000e+02 8.400000000000000000e+02 -5.280000000000000000e+02
1.962900000000000000e+04 2.800000000000000000e+02 8.240000000000000000e+02 -5.200000000000000000e+02
1.966900000000000000e+04 2.720000000000000000e+02 8.320000000000000000e+02 -4.960000000000000000e+02
1.970900000000000000e+04 2.720000000000000000e+02 8.240000000000000000e+02 -4.880000000000000000e+02
1.974900000000000000e+04 2.640000000000000000e+02 8.320000000000000000e+02 -4.800000000000000000e+02
1.978900000000000000e+04 2.560000000000000000e+02 8.400000000000000000e+02 -4.960000000000000000e+02
1.982900000000000000e+04 2.640000000000000000e+02 8.400000000000000000e+02 -5.280000000000000000e+02
1.986900000000000000e+04 2.640000000000000000e+02 8.320000000000000000e+02 -5.280000000000000000e+02
