2.300000000000000000e+01 1.600000000000000000e+01 -3.200000000000000000e+01 -1.048000000000000000e+03
6.300000000000000000e+01 2.400000000000000000e+01 -3.200000000000000000e+01 -1.024000000000000000e+03
1.030000000000000000e+02 1.600000000000000000e+01 -3.200000000000000000e+01 -1.032000000000000000e+03
1.430000000000000000e+02 0.000000000000000000e+00 -4.000000000000000000e+01 -1.008000000000000000e+03
1.830000000000000000e+02 1.600000000000000000e+01 -3.200000000000000000e+01 -1.032000000000000000e+03
2.230000000000000000e+02 0.000000000000000000e+00 -4.800000000000000000e+01 -1.040000000000000000e+03
2.630000000000000000e+02 1.600000000000000000e+01 -3.200000000000000000e+01 -1.016000000000000000e+03
3.030000000000000000e+02 2.400000000000000000e+01 -3.200000000000000000e+01 -1.032000000000000000e+03
3.430000000000000000e+02 8.000000000000000000e+00 -7.200000000000000000e+01 -1.056000000000000000e+03
3.830000000000000000e+02 8.000000000000000000e+00 -5.600000000000000000e+01 -9.360000000000000000e+02
4.230000000000000000e+02 1.600000000000000000e+01 -4.800000000000000000e+01 -1.040000000000000000e+03
4.630000000000000000e+02 8.000000000000000000e+00 -4.000000000000000000e+01 -1.048000000000000000e+03
5.030000000000000000e+02 -8.000000000000000000e+00 -4.000000000000000000e+01 -1.016000000000000000e+03
5.430000000000000000e+02 1.600000000000000000e+01 -3.200000000000000000e+01 -1.032000000000000000e+03
5.830000000000000000e+02 1.600000000000000000e+01 -2.400000000000000000e+01 -1.056000000000000000e+03
6.230000000000000000e+02 1.600000000000000000e+01 -3.200000000000000000e+01 -1.040000000000000000e+03
6.630000000000000000e+02 1.600000000000000000e+01 -4.800000000000000000e+01 -1.008000000000000000e+03
7.030000000000000000e+02 1.600000000000000000e+01 -4.000000000000000000e+01 -1.024000000000000000e+03
7.430000000000000000e+02 2.400000000000000000e+01 -3.200000000000000000e+01 -1.048000000000000000e+03
7.830000000000000000e+02 1.600000000000000000e+01 -3.200000000000000000e+01 -1.040000000000000000e+03
8.230000000000000000e+02 1.600000000000000000e+01 -4.000000000000000000e+01 -1.040000000000000000e+03
8.630000000000000000e+02 1.600000000000000000e+01 -3.200000000000000000e+01 -1.040000000000000000e+03
9.030000000000000000e+02 8.000000000000000000e+00 -3.200000000000000000e+01 -1.024000000000000000e+03
9.430000000000000000e+02 8.000000000000000000e+00 -3.200000000000000000e+01 -1.024000000000000000e+03
9.830000000000000000e+02 1.600000000000000000e+01 -3.200000000000000000e+01 -1.032000000000000000e+03
1.018000000000000000e+03 1.600000000000000000e+01 -3.200000000000000000e+01 -1.032000000000000000e+03
1.058000000000000000e+03 1.600000000000000000e+01 -3.200000000000000000e+01 -1.040000000000000000e+03
1.098000000000000000e+03 1.600000000000000000e+01 -5.600000000000000000e+01 -1.016000000000000000e+03
1.138000000000000000e+03 2.400000000000000000e+01 -4.000000000000000000e+01 -1.032000000000000000e+03
1.178000000000000000e+03 2.400000000000000000e+01 -3.200000000000000000e+01 -1.072000000000000000e+03
1.218000000000000000e+03 2.400000000000000000e+01 -3.200000000000000000e+01 -1.016000000000000000e+03
1.258000000000000000e+03 2.400000000000000000e+01 -3.200000000000000000e+01 -1.032000000000000000e+03
1.298000000000000000e+03 1.600000000000000000e+01 -3.200000000000000000e+01 -1.032000000000000000e+03
1.338000000000000000e+03 2.400000000000000000e+01 -3.200000000000000000e+01 -1.048000000000000000e+03
1.378000000000000000e+03 2.400000000000000000e+01 -3.200000000000000000e+01 -1.040000000000000000e+03
1.418000000000000000e+03 1.600000000000000000e+01 -3.200000000000000000e+01 -1.040000000000000000e+03
1.458000000000000000e+03 4.000000000000000000e+01 -2.400000000000000000e+01 -1.064000000000000000e+03
1.498000000000000000e+03 3.200000000000000000e+01 -4.000000000000000000e+01 -1.040000000000000000e+03
1.538000000000000000e+03 2.400000000000000000e+01 -3.200000000000000000e+01 -1.016000000000000000e+03
1.578000000000000000e+03 8.000000000000000000e+00 -4.800000000000000000e+01 -1.040000000000000000e+03
1.618000000000000000e+03 1.600000000000000000e+01 -4.000000000000000000e+01 -1.000000000000000000e+03
1.658000000000000000e+03 1.600000000000000000e+01 -4.000000000000000000e+01 -1.032000000000000000e+03
1.698000000000000000e+03 2.400000000000000000e+01 -3.200000000000000000e+01 -1.048000000000000000e+03
1.738000000000000000e+03 1.600000000000000000e+01 -4.000000000000000000e+01 -1.032000000000000000e+03
1.778000000000000000e+03 1.600000000000000000e+01 -5.600000000000000000e+01 -1.016000000000000000e+03
1.818000000000000000e+03 2.400000000000000000e+01 -2.400000000000000000e+01 -1.024000000000000000e+03
1.858000000000000000e+03 8.000000000000000000e+00 -3.200000000000000000e+01 -1.024000000000000000e+03
1.898000000000000000e+03 1.600000000000000000e+01 -4.800000000000000000e+01 -1.024000000000000000e+03
1.938000000000000000e+03 3.200000000000000000e+01 -4.000000000000000000e+01 -1.064000000000000000e+03
1.978000000000000000e+03 2.400000000000000000e+01 -2.400000000000000000e+01 -1.048000000000000000e+03
2.010000000000000000e+03 1.600000000000000000e+01 -3.200000000000000000e+01 -1.024000000000000000e+03
2.050000000000000000e+03 1.600000000000000000e+01 -3.200000000000000000e+01 -1.016000000000000000e+03
2.090000000000000000e+03 1.600000000000000000e+01 -6.400000000000000000e+01 -1.032000000000000000e+03
2.130000000000000000e+03 2.400000000000000000e+01 -4.800000000000000000e+01 -1.024000000000000000e+03
2.170000000000000000e+03 1.600000000000000000e+01 -4.800000000000000000e+01 -1.040000000000000000e+03
2.210000000000000000e+03 1.600000000000000000e+01 -7.200000000000000000e+01 -1.072000000000000000e+03
2.250000000000000000e+03 1.600000000000000000e+01 -4.800000000000000000e+01 -1.024000000000000000e+03
2.290000000000000000e+03 1.600000000000000000e+01 -4.000000000000000000e+01 -1.032000000000000000e+03
2.330000000000000000e+03 1.600000000000000000e+01 -4.000000000000000000e+01 -1.032000000000000000e+03
2.370000000000000000e+03 1.600000000000000000e+01 -4.000000000000000000e+01 -1.032000000000000000e+03
2.410000000000000000e+03 2.400000000000000000e+01 -4.000000000000000000e+01 -1.016000000000000000e+03
2.450000000000000000e+03 2.400000000000000000e+01 -3.200000000000000000e+01 -1.000000000000000000e+03
2.490000000000000000e+03 1.600000000000000000e+01 -3.200000000000000000e+01 -1.040000000000000000e+03
2.530000000000000000e+03 2.400000000000000000e+01 -3.200000000000000000e+01 -1.040000000000000000e+03
2.570000000000000000e+03 2.400000000000000000e+01 -3.200000000000000000e+01 -1.040000000000000000e+03
2.610000000000000000e+03 4.000000000000000000e+01 -3.200000000000000000e+01 -1.048000000000000000e+03
2.650000000000000000e+03 2.400000000000000000e+01 -4.000000000000000000e+01 -1.032000000000000000e+03
2.690000000000000000e+03 2.400000000000000000e+01 -4.000000000000000000e+01 -1.024000000000000000e+03
2.730000000000000000e+03 2.400000000000000000e+01 -3.200000000000000000e+01 -1.008000000000000000e+03
2.770000000000000000e+03 1.600000000000000000e+01 -2.400000000000000000e+01 -9.920000000000000000e+02
2.810000000000000000e+03 8.000000000000000000e+00 -3.200000000000000000e+01 -1.016000000000000000e+03
2.850000000000000000e+03 1.600000000000000000e+01 -2.400000000000000000e+01 -1.024000000000000000e+03
2.890000000000000000e+03 0.000000000000000000e+00 -3.200000000000000000e+01 -1.040000000000000000e+03
2.930000000000000000e+03 1.600000000000000000e+01 -3.200000000000000000e+01 -1.032000000000000000e+03
2.970000000000000000e+03 8.000000000000000000e+00 -3.200000000000000000e+01 -1.032000000000000000e+03
3.003000000000000000e+03 -8.000000000000000000e+00 -3.200000000000000000e+01 -1.040000000000000000e+03
3.043000000000000000e+03 8.000000000000000000e+00 -3.200000000000000000e+01 -1.112000000000000000e+03
3.083000000000000000e+03 1.600000000000000000e+01 -4.000000000000000000e+01 -1.040000000000000000e+03
3.123000000000000000e+03 8.000000000000000000e+00 -2.400000000000000000e+01 -9.760000000000000000e+02
3.163000000000000000e+03 8.000000000000000000e+00 -4.000000000000000000e+01 -1.024000000000000000e+03
3.203000000000000000e+03 1.600000000000000000e+01 -3.200000000000000000e+01 -1.032000000000000000e+03
3.243000000000000000e+03 1.600000000000000000e+01 -1.600000000000000000e+01 -1.072000000000000000e+03
3.283000000000000000e+03 8.000000000000000000e+00 -2.400000000000000000e+01 -1.048000000000000000e+03
3.323000000000000000e+03 1.600000000000000000e+01 -2.400000000000000000e+01 -1.016000000000000000e+03
3.363000000000000000e+03 2.400000000000000000e+01 -1.600000000000000000e+01 -1.048000000000000000e+03
3.403000000000000000e+03 2.400000000000000000e+01 -2.400000000000000000e+01 -1.032000000000000000e+03
3.443000000000000000e+03 1.600000000000000000e+01 -3.200000000000000000e+01 -1.032000000000000000e+03
3.483000000000000000e+03 1.600000000000000000e+01 -3.200000000000000000e+01 -1.016000000000000000e+03
3.523000000000000000e+03 1.600000000000000000e+01 -3.200000000000000000e+01 -1.040000000000000000e+03
3.563000000000000000e+03 1.600000000000000000e+01 -4.000000000000000000e+01 -1.040000000000000000e+03
3.603000000000000000e+03 8.000000000000000000e+00 -4.000000000000000000e+01 -1.024000000000000000e+03
3.643000000000000000e+03 8.000000000000000000e+00 -4.000000000000000000e+01 -1.024000000000000000e+03
3.683000000000000000e+03 1.600000000000000000e+01 -2.400000000000000000e+01 -9.920000000000000000e+02
3.723000000000000000e+03 1.600000000000000000e+01 -4.800000000000000000e+01 -1.048000000000000000e+03
3.763000000000000000e+03 8.000000000000000000e+00 -4.000000000000000000e+01 -1.016000000000000000e+03
3.803000000000000000e+03 1.600000000000000000e+01 -4.000000000000000000e+01 -1.008000000000000000e+03
3.843000000000000000e+03 3.200000000000000000e+01 -4.000000000000000000e+01 -1.024000000000000000e+03
3.883000000000000000e+03 1.600000000000000000e+01 -4.000000000000000000e+01 -9.920000000000000000e+02
3.923000000000000000e+03 2.400000000000000000e+01 -3.200000000000000000e+01 -1.040000000000000000e+03
3.963000000000000000e+03 2.400000000000000000e+01 -1.600000000000000000e+01 -1.024000000000000000e+03
3.996000000000000000e+03 2.400000000000000000e+01 -1.600000000000000000e+01 -1.032000000000000000e+03
4.036000000000000000e+03 2.400000000000000000e+01 -2.400000000000000000e+01 -1.040000000000000000e+03
4.076000000000000000e+03 2.400000000000000000e+01 -2.400000000000000000e+01 -1.056000000000000000e+03
4.116000000000000000e+03 2.400000000000000000e+01 -2.400000000000000000e+01 -1.024000000000000000e+03
4.156000000000000000e+03 3.200000000000000000e+01 -3.200000000000000000e+01 -1.040000000000000000e+03
4.196000000000000000e+03 0.000000000000000000e+00 -4.000000000000000000e+01 -1.048000000000000000e+03
4.236000000000000000e+03 8.000000000000000000e+00 -4.800000000000000000e+01 -1.048000000000000000e+03
4.276000000000000000e+03 1.600000000000000000e+01 -3.200000000000000000e+01 -1.056000000000000000e+03
4.316000000000000000e+03 1.600000000000000000e+01 -3.200000000000000000e+01 -1.048000000000000000e+03
4.356000000000000000e+03 1.600000000000000000e+01 -4.000000000000000000e+01 -1.040000000000000000e+03
4.396000000000000000e+03 8.000000000000000000e+00 -3.200000000000000000e+01 -1.016000000000000000e+03
4.436000000000000000e+03 3.200000000000000000e+01 -3.200000000000000000e+01 -1.048000000000000000e+03
4.476000000000000000e+03 1.600000000000000000e+01 -3.200000000000000000e+01 -1.024000000000000000e+03
4.516000000000000000e+03 2.400000000000000000e+01 -2.400000000000000000e+01 -1.016000000000000000e+03
4.556000000000000000e+03 1.600000000000000000e+01 -3.200000000000000000e+01 -1.048000000000000000e+03
4.596000000000000000e+03 1.600000000000000000e+01 -3.200000000000000000e+01 -1.016000000000000000e+03
4.636000000000000000e+03 8.000000000000000000e+00 -3.200000000000000000e+01 -1.000000000000000000e+03
4.676000000000000000e+03 8.000000000000000000e+00 -3.200000000000000000e+01 -1.040000000000000000e+03
4.716000000000000000e+03 1.600000000000000000e+01 -4.000000000000000000e+01 -1.040000000000000000e+03
4.756000000000000000e+03 1.600000000000000000e+01 -3.200000000000000000e+01 -1.032000000000000000e+03
4.796000000000000000e+03 0.000000000000000000e+00 -4.000000000000000000e+01 -1.064000000000000000e+03
4.836000000000000000e+03 0.000000000000000000e+00 -1.600000000000000000e+01 -1.032000000000000000e+03
4.876000000000000000e+03 8.000000000000000000e+00 -3.200000000000000000e+01 -1.048000000000000000e+03
4.916000000000000000e+03 1.600000000000000000e+01 -3.200000000000000000e+01 -1.032000000000000000e+03
4.956000000000000000e+03 1.600000000000000000e+01 -3.200000000000000000e+01 -1.040000000000000000e+03
4.989000000000000000e+03 0.000000000000000000e+00 -3.200000000000000000e+01 -1.040000000000000000e+03
5.029000000000000000e+03 8.000000000000000000e+00 -3.200000000000000000e+01 -1.048000000000000000e+03
5.069000000000000000e+03 -8.000000000000000000e+00 -3.200000000000000000e+01 -9.920000000000000000e+02
5.109000000000000000e+03 8.000000000000000000e+00 -3.200000000000000000e+01 -9.920000000000000000e+02
5.149000000000000000e+03 2.400000000000000000e+01 -2.400000000000000000e+01 -1.040000000000000000e+03
5.189000000000000000e+03 2.400000000000000000e+01 -4.000000000000000000e+01 -1.008000000000000000e+03
5.229000000000000000e+03 8.000000000000000000e+00 -4.000000000000000000e+01 -1.048000000000000000e+03
5.269000000000000000e+03 1.600000000000000000e+01 -3.200000000000000000e+01 -1.032000000000000000e+03
5.309000000000000000e+03 1.600000000000000000e+01 -2.400000000000000000e+01 -1.096000000000000000e+03
5.349000000000000000e+03 8.000000000000000000e+00 -2.400000000000000000e+01 -1.024000000000000000e+03
5.389000000000000000e+03 8.000000000000000000e+00 -2.400000000000000000e+01 -1.032000000000000000e+03
5.429000000000000000e+03 1.600000000000000000e+01 -3.200000000000000000e+01 -1.040000000000000000e+03
5.469000000000000000e+03 2.400000000000000000e+01 -2.400000000000000000e+01 -1.024000000000000000e+03
5.509000000000000000e+03 4.000000000000000000e+01 -4.000000000000000000e+01 -1.032000000000000000e+03
5.549000000000000000e+03 2.400000000000000000e+01 -1.600000000000000000e+01 -1.016000000000000000e+03
5.589000000000000000e+03 1.600000000000000000e+01 -2.400000000000000000e+01 -1.048000000000000000e+03
5.629000000000000000e+03 8.000000000000000000e+00 -3.200000000000000000e+01 -1.032000000000000000e+03
5.669000000000000000e+03 1.600000000000000000e+01 -3.200000000000000000e+01 -1.032000000000000000e+03
5.709000000000000000e+03 0.000000000000000000e+00 -4.000000000000000000e+01 -1.032000000000000000e+03
5.749000000000000000e+03 1.600000000000000000e+01 -1.600000000000000000e+01 -1.008000000000000000e+03
5.789000000000000000e+03 1.600000000000000000e+01 -2.400000000000000000e+01 -1.032000000000000000e+03
5.829000000000000000e+03 1.600000000000000000e+01 -3.200000000000000000e+01 -1.016000000000000000e+03
5.869000000000000000e+03 1.600000000000000000e+01 -3.200000000000000000e+01 -1.040000000000000000e+03
5.909000000000000000e+03 1.600000000000000000e+01 -2.400000000000000000e+01 -1.032000000000000000e+03
5.949000000000000000e+03 1.600000000000000000e+01 -2.400000000000000000e+01 -1.048000000000000000e+03
5.982000000000000000e+03 1.600000000000000000e+01 -2.400000000000000000e+01 -1.008000000000000000e+03
6.022000000000000000e+03 1.600000000000000000e+01 -2.400000000000000000e+01 -1.016000000000000000e+03
6.062000000000000000e+03 8.000000000000000000e+00 -3.200000000000000000e+01 -1.024000000000000000e+03
6.102000000000000000e+03 2.400000000000000000e+01 -2.400000000000000000e+01 -1.032000000000000000e+03
6.142000000000000000e+03 2.400000000000000000e+01 -4.000000000000000000e+01 -1.064000000000000000e+03
6.182000000000000000e+03 3.200000000000000000e+01 -2.400000000000000000e+01 -9.840000000000000000e+02
6.222000000000000000e+03 3.200000000000000000e+01 -2.400000000000000000e+01 -1.024000000000000000e+03
6.262000000000000000e+03 2.400000000000000000e+01 -2.400000000000000000e+01 -1.032000000000000000e+03
6.302000000000000000e+03 1.600000000000000000e+01 -3.200000000000000000e+01 -1.040000000000000000e+03
6.342000000000000000e+03 8.000000000000000000e+00 -3.200000000000000000e+01 -1.024000000000000000e+03
6.382000000000000000e+03 2.400000000000000000e+01 -3.200000000000000000e+01 -1.000000000000000000e+03
6.422000000000000000e+03 2.400000000000000000e+01 -4.000000000000000000e+01 -1.040000000000000000e+03
6.462000000000000000e+03 2.400000000000000000e+01 -4.000000000000000000e+01 -1.032000000000000000e+03
6.502000000000000000e+03 2.400000000000000000e+01 -4.800000000000000000e+01 -1.008000000000000000e+03
6.542000000000000000e+03 1.600000000000000000e+01 -3.200000000000000000e+01 -1.016000000000000000e+03
6.582000000000000000e+03 4.000000000000000000e+01 -3.200000000000000000e+01 -1.032000000000000000e+03
6.622000000000000000e+03 2.400000000000000000e+01 -2.400000000000000000e+01 -1.032000000000000000e+03
6.662000000000000000e+03 2.400000000000000000e+01 -3.200000000000000000e+01 -1.040000000000000000e+03
6.702000000000000000e+03 1.600000000000000000e+01 -3.200000000000000000e+01 -1.016000000000000000e+03
6.742000000000000000e+03 8.000000000000000000e+00 -2.400000000000000000e+01 -1.032000000000000000e+03
6.782000000000000000e+03 1.600000000000000000e+01 -3.200000000000000000e+01 -1.080000000000000000e+03
6.822000000000000000e+03 1.600000000000000000e+01 -3.200000000000000000e+01 -1.040000000000000000e+03
6.862000000000000000e+03 1.600000000000000000e+01 -2.400000000000000000e+01 -1.040000000000000000e+03
6.902000000000000000e+03 1.600000000000000000e+01 -3.200000000000000000e+01 -1.040000000000000000e+03
6.942000000000000000e+03 1.600000000000000000e+01 -3.200000000000000000e+01 -1.032000000000000000e+03
6.975000000000000000e+03 8.000000000000000000e+00 -2.400000000000000000e+01 -1.032000000000000000e+03
7.015000000000000000e+03 1.600000000000000000e+01 -3.200000000000000000e+01 -1.032000000000000000e+03
7.055000000000000000e+03 2.400000000000000000e+01 -2.400000000000000000e+01 -1.040000000000000000e+03
7.095000000000000000e+03 2.400000000000000000e+01 -3.200000000000000000e+01 -1.024000000000000000e+03
7.135000000000000000e+03 1.600000000000000000e+01 -2.400000000000000000e+01 -1.016000000000000000e+03
7.175000000000000000e+03 1.600000000000000000e+01 -5.600000000000000000e+01 -1.032000000000000000e+03
7.215000000000000000e+03 8.000000000000000000e+00 -4.800000000000000000e+01 -1.040000000000000000e+03
7.255000000000000000e+03 8.000000000000000000e+00 -4.000000000000000000e+01 -1.024000000000000000e+03
7.295000000000000000e+03 1.600000000000000000e+01 -3.200000000000000000e+01 -1.024000000000000000e+03
7.335000000000000000e+03 1.600000000000000000e+01 -4.000000000000000000e+01 -1.024000000000000000e+03
7.375000000000000000e+03 8.000000000000000000e+00 -4.000000000000000000e+01 -1.032000000000000000e+03
7.415000000000000000e+03 2.400000000000000000e+01 -3.200000000000000000e+01 -1.024000000000000000e+03
7.455000000000000000e+03 1.600000000000000000e+01 -3.200000000000000000e+01 -1.048000000000000000e+03
7.495000000000000000e+03 1.600000000000000000e+01 -3.200000000000000000e+01 -1.040000000000000000e+03
7.535000000000000000e+03 2.400000000000000000e+01 -4.800000000000000000e+01 -1.048000000000000000e+03
7.575000000000000000e+03 8.000000000000000000e+00 -4.000000000000000000e+01 -1.016000000000000000e+03
7.615000000000000000e+03 1.600000000000000000e+01 -4.000000000000000000e+01 -1.040000000000000000e+03
7.655000000000000000e+03 1.600000000000000000e+01 -3.200000000000000000e+01 -1.008000000000000000e+03
7.695000000000000000e+03 2.400000000000000000e+01 -4.000000000000000000e+01 -1.032000000000000000e+03
7.735000000000000000e+03 2.400000000000000000e+01 -8.000000000000000000e+00 -1.000000000000000000e+03
7.775000000000000000e+03 0.000000000000000000e+00 -2.400000000000000000e+01 -1.024000000000000000e+03
7.815000000000000000e+03 1.600000000000000000e+01 -4.000000000000000000e+01 -1.008000000000000000e+03
7.855000000000000000e+03 8.000000000000000000e+00 -4.000000000000000000e+01 -1.032000000000000000e+03
7.895000000000000000e+03 1.600000000000000000e+01 -4.000000000000000000e+01 -1.032000000000000000e+03
7.935000000000000000e+03 -8.000000000000000000e+00 -3.200000000000000000e+01 -1.016000000000000000e+03
7.967000000000000000e+03 4.000000000000000000e+01 -4.000000000000000000e+01 -1.048000000000000000e+03
8.007000000000000000e+03 3.200000000000000000e+01 -4.000000000000000000e+01 -1.072000000000000000e+03
8.047000000000000000e+03 2.400000000000000000e+01 -4.000000000000000000e+01 -1.040000000000000000e+03
8.087000000000000000e+03 2.400000000000000000e+01 -1.600000000000000000e+01 -1.032000000000000000e+03
8.127000000000000000e+03 8.000000000000000000e+00 -2.400000000000000000e+01 -1.072000000000000000e+03
8.167000000000000000e+03 0.000000000000000000e+00 -3.200000000000000000e+01 -1.024000000000000000e+03
8.207000000000000000e+03 8.000000000000000000e+00 -3.200000000000000000e+01 -1.048000000000000000e+03
8.247000000000000000e+03 8.000000000000000000e+00 -2.400000000000000000e+01 -1.024000000000000000e+03
8.287000000000000000e+03 -8.000000000000000000e+00 -2.400000000000000000e+01 -1.048000000000000000e+03
8.327000000000000000e+03 8.000000000000000000e+00 -2.400000000000000000e+01 -1.040000000000000000e+03
8.367000000000000000e+03 8.000000000000000000e+00 -3.200000000000000000e+01 -1.032000000000000000e+03
8.407000000000000000e+03 8.000000000000000000e+00 -3.200000000000000000e+01 -1.032000000000000000e+03
8.447000000000000000e+03 1.600000000000000000e+01 -2.400000000000000000e+01 -1.016000000000000000e+03
8.487000000000000000e+03 1.600000000000000000e+01 -4.800000000000000000e+01 -1.032000000000000000e+03
8.527000000000000000e+03 8.000000000000000000e+00 -3.200000000000000000e+01 -1.032000000000000000e+03
8.567000000000000000e+03 8.000000000000000000e+00 -3.200000000000000000e+01 -1.032000000000000000e+03
8.607000000000000000e+03 3.200000000000000000e+01 -3.200000000000000000e+01 -1.064000000000000000e+03
8.647000000000000000e+03 3.200000000000000000e+01 -4.000000000000000000e+01 -1.016000000000000000e+03
8.687000000000000000e+03 2.400000000000000000e+01 -3.200000000000000000e+01 -1.024000000000000000e+03
8.727000000000000000e+03 1.600000000000000000e+01 -3.200000000000000000e+01 -1.016000000000000000e+03
8.767000000000000000e+03 8.000000000000000000e+00 -3.200000000000000000e+01 -9.360000000000000000e+02
8.807000000000000000e+03 2.400000000000000000e+01 -4.000000000000000000e+01 -1.024000000000000000e+03
8.847000000000000000e+03 2.400000000000000000e+01 -4.000000000000000000e+01 -1.032000000000000000e+03
8.887000000000000000e+03 2.400000000000000000e+01 -3.200000000000000000e+01 -1.040000000000000000e+03
8.927000000000000000e+03 1.600000000000000000e+01 -4.000000000000000000e+01 -1.040000000000000000e+03
8.960000000000000000e+03 2.400000000000000000e+01 -4.000000000000000000e+01 -1.024000000000000000e+03
9.000000000000000000e+03 2.400000000000000000e+01 -4.000000000000000000e+01 -1.024000000000000000e+03
9.040000000000000000e+03 2.400000000000000000e+01 -5.600000000000000000e+01 -1.032000000000000000e+03
9.080000000000000000e+03 1.600000000000000000e+01 -4.800000000000000000e+01 -1.032000000000000000e+03
9.120000000000000000e+03 1.600000000000000000e+01 -4.000000000000000000e+01 -1.080000000000000000e+03
9.160000000000000000e+03 8.000000000000000000e+00 -4.000000000000000000e+01 -1.048000000000000000e+03
9.200000000000000000e+03 1.600000000000000000e+01 -3.200000000000000000e+01 -1.008000000000000000e+03
9.240000000000000000e+03 1.600000000000000000e+01 -4.000000000000000000e+01 -1.040000000000000000e+03
9.280000000000000000e+03 8.000000000000000000e+00 -4.800000000000000000e+01 -1.040000000000000000e+03
9.320000000000000000e+03 2.400000000000000000e+01 -4.800000000000000000e+01 -9.920000000000000000e+02
9.360000000000000000e+03 2.400000000000000000e+01 -3.200000000000000000e+01 -1.024000000000000000e+03
9.400000000000000000e+03 2.400000000000000000e+01 -4.000000000000000000e+01 -1.048000000000000000e+03
9.440000000000000000e+03 2.400000000000000000e+01 -3.200000000000000000e+01 -1.024000000000000000e+03
9.480000000000000000e+03 1.600000000000000000e+01 -4.000000000000000000e+01 -1.096000000000000000e+03
9.520000000000000000e+03 1.600000000000000000e+01 -4.000000000000000000e+01 -9.840000000000000000e+02
9.560000000000000000e+03 8.000000000000000000e+00 -3.200000000000000000e+01 -1.024000000000000000e+03
9.600000000000000000e+03 2.400000000000000000e+01 -3.200000000000000000e+01 -1.032000000000000000e+03
9.640000000000000000e+03 1.600000000000000000e+01 -4.000000000000000000e+01 -1.032000000000000000e+03
9.680000000000000000e+03 1.600000000000000000e+01 -3.200000000000000000e+01 -1.008000000000000000e+03
9.720000000000000000e+03 2.400000000000000000e+01 -3.200000000000000000e+01 -1.032000000000000000e+03
9.760000000000000000e+03 1.600000000000000000e+01 -1.600000000000000000e+01 -1.024000000000000000e+03
9.800000000000000000e+03 8.000000000000000000e+00 -2.400000000000000000e+01 -1.048000000000000000e+03
9.840000000000000000e+03 2.400000000000000000e+01 -3.200000000000000000e+01 -1.040000000000000000e+03
9.880000000000000000e+03 4.000000000000000000e+01 -4.000000000000000000e+01 -1.032000000000000000e+03
9.920000000000000000e+03 3.200000000000000000e+01 -4.800000000000000000e+01 -1.032000000000000000e+03
9.953000000000000000e+03 1.600000000000000000e+01 -4.800000000000000000e+01 -1.040000000000000000e+03
9.993000000000000000e+03 2.400000000000000000e+01 -4.800000000000000000e+01 -1.040000000000000000e+03
1.003300000000000000e+04 3.200000000000000000e+01 -3.200000000000000000e+01 -1.008000000000000000e+03
1.007300000000000000e+04 2.400000000000000000e+01 -4.000000000000000000e+01 -1.056000000000000000e+03
1.011300000000000000e+04 3.200000000000000000e+01 -4.000000000000000000e+01 -1.024000000000000000e+03
1.015300000000000000e+04 8.000000000000000000e+00 -4.000000000000000000e+01 -1.040000000000000000e+03
1.019300000000000000e+04 8.000000000000000000e+00 -3.200000000000000000e+01 -1.024000000000000000e+03
1.023300000000000000e+04 8.000000000000000000e+00 -3.200000000000000000e+01 -1.048000000000000000e+03
1.027300000000000000e+04 1.600000000000000000e+01 -3.200000000000000000e+01 -1.040000000000000000e+03
1.031300000000000000e+04 3.200000000000000000e+01 -3.200000000000000000e+01 -1.032000000000000000e+03
1.035300000000000000e+04 3.200000000000000000e+01 -3.200000000000000000e+01 -1.032000000000000000e+03
1.039300000000000000e+04 2.400000000000000000e+01 -1.600000000000000000e+01 -9.920000000000000000e+02
1.043300000000000000e+04 1.600000000000000000e+01 -3.200000000000000000e+01 -1.016000000000000000e+03
1.047300000000000000e+04 1.600000000000000000e+01 -2.400000000000000000e+01 -1.032000000000000000e+03
1.051300000000000000e+04 1.600000000000000000e+01 -1.600000000000000000e+01 -1.016000000000000000e+03
1.055300000000000000e+04 1.600000000000000000e+01 -3.200000000000000000e+01 -1.032000000000000000e+03
1.059300000000000000e+04 1.600000000000000000e+01 -4.800000000000000000e+01 -1.040000000000000000e+03
1.063300000000000000e+04 1.600000000000000000e+01 -1.600000000000000000e+01 -1.024000000000000000e+03
1.067300000000000000e+04 8.000000000000000000e+00 -1.600000000000000000e+01 -1.040000000000000000e+03
1.071300000000000000e+04 1.600000000000000000e+01 -1.600000000000000000e+01 -1.048000000000000000e+03
1.075300000000000000e+04 0.000000000000000000e+00 -3.200000000000000000e+01 -1.016000000000000000e+03
1.079300000000000000e+04 8.000000000000000000e+00 -3.200000000000000000e+01 -1.024000000000000000e+03
1.083300000000000000e+04 1.600000000000000000e+01 -3.200000000000000000e+01 -1.032000000000000000e+03
1.087300000000000000e+04 0.000000000000000000e+00 -3.200000000000000000e+01 -1.056000000000000000e+03
1.091300000000000000e+04 8.000000000000000000e+00 -3.200000000000000000e+01 -1.048000000000000000e+03
1.094600000000000000e+04 8.000000000000000000e+00 -3.200000000000000000e+01 -1.048000000000000000e+03
1.098600000000000000e+04 8.000000000000000000e+00 -4.000000000000000000e+01 -1.048000000000000000e+03
1.102600000000000000e+04 3.200000000000000000e+01 -4.800000000000000000e+01 -1.048000000000000000e+03
1.106600000000000000e+04 3.200000000000000000e+01 -4.000000000000000000e+01 -1.024000000000000000e+03
1.110600000000000000e+04 2.400000000000000000e+01 -3.200000000000000000e+01 -1.040000000000000000e+03
1.114600000000000000e+04 8.000000000000000000e+00 -4.800000000000000000e+01 -1.024000000000000000e+03
1.118600000000000000e+04 0.000000000000000000e+00 -2.400000000000000000e+01 -1.032000000000000000e+03
1.122600000000000000e+04 8.000000000000000000e+00 -3.200000000000000000e+01 -1.032000000000000000e+03
1.126600000000000000e+04 1.600000000000000000e+01 -3.200000000000000000e+01 -1.032000000000000000e+03
1.130600000000000000e+04 -8.000000000000000000e+00 -1.600000000000000000e+01 -1.032000000000000000e+03
1.134600000000000000e+04 1.600000000000000000e+01 -4.000000000000000000e+01 -1.024000000000000000e+03
1.138600000000000000e+04 0.000000000000000000e+00 -4.000000000000000000e+01 -1.032000000000000000e+03
1.142600000000000000e+04 3.200000000000000000e+01 -4.000000000000000000e+01 -1.008000000000000000e+03
1.146600000000000000e+04 3.200000000000000000e+01 -3.200000000000000000e+01 -1.024000000000000000e+03
1.150600000000000000e+04 2.400000000000000000e+01 -3.200000000000000000e+01 -1.056000000000000000e+03
1.154600000000000000e+04 2.400000000000000000e+01 -4.800000000000000000e+01 -1.008000000000000000e+03
1.158600000000000000e+04 1.600000000000000000e+01 -3.200000000000000000e+01 -1.016000000000000000e+03
1.162600000000000000e+04 1.600000000000000000e+01 -3.200000000000000000e+01 -1.040000000000000000e+03
1.166600000000000000e+04 1.600000000000000000e+01 -4.000000000000000000e+01 -1.016000000000000000e+03
1.170600000000000000e+04 1.600000000000000000e+01 -3.200000000000000000e+01 -1.040000000000000000e+03
1.174600000000000000e+04 0.000000000000000000e+00 -3.200000000000000000e+01 -1.032000000000000000e+03
1.178600000000000000e+04 -4.800000000000000000e+01 -4.000000000000000000e+01 -1.024000000000000000e+03
1.182600000000000000e+04 4.000000000000000000e+01 -2.400000000000000000e+01 -1.024000000000000000e+03
1.186600000000000000e+04 3.200000000000000000e+01 -2.400000000000000000e+01 -1.024000000000000000e+03
1.190600000000000000e+04 8.000000000000000000e+00 2.400000000000000000e+01 -1.080000000000000000e+03
1.193900000000000000e+04 4.000000000000000000e+01 8.000000000000000000e+00 -1.048000000000000000e+03
1.197900000000000000e+04 8.000000000000000000e+00 -8.000000000000000000e+00 -1.040000000000000000e+03
1.201900000000000000e+04 2.400000000000000000e+01 -1.600000000000000000e+01 -1.024000000000000000e+03
1.205900000000000000e+04 0.000000000000000000e+00 -2.400000000000000000e+01 -1.032000000000000000e+03
1.209900000000000000e+04 8.000000000000000000e+00 -2.400000000000000000e+01 -1.040000000000000000e+03
1.213900000000000000e+04 2.400000000000000000e+01 -3.200000000000000000e+01 -1.008000000000000000e+03
1.217900000000000000e+04 2.400000000000000000e+01 -2.400000000000000000e+01 -1.040000000000000000e+03
1.221900000000000000e+04 1.600000000000000000e+01 -4.000000000000000000e+01 -1.048000000000000000e+03
1.225900000000000000e+04 3.200000000000000000e+01 -3.200000000000000000e+01 -1.056000000000000000e+03
1.229900000000000000e+04 2.400000000000000000e+01 -3.200000000000000000e+01 -1.032000000000000000e+03
1.233900000000000000e+04 2.400000000000000000e+01 -3.200000000000000000e+01 -1.024000000000000000e+03
1.237900000000000000e+04 1.600000000000000000e+01 -3.200000000000000000e+01 -1.000000000000000000e+03
1.241900000000000000e+04 1.600000000000000000e+01 -3.200000000000000000e+01 -1.032000000000000000e+03
1.245900000000000000e+04 1.600000000000000000e+01 -2.400000000000000000e+01 -1.008000000000000000e+03
1.249900000000000000e+04 1.600000000000000000e+01 -3.200000000000000000e+01 -1.040000000000000000e+03
1.253900000000000000e+04 1.600000000000000000e+01 -4.800000000000000000e+01 -1.024000000000000000e+03
1.257900000000000000e+04 1.600000000000000000e+01 -3.200000000000000000e+01 -1.056000000000000000e+03
1.261900000000000000e+04 2.400000000000000000e+01 -3.200000000000000000e+01 -1.056000000000000000e+03
1.265900000000000000e+04 2.400000000000000000e+01 -1.600000000000000000e+01 -1.040000000000000000e+03
1.269900000000000000e+04 1.600000000000000000e+01 -2.400000000000000000e+01 -1.056000000000000000e+03
1.273900000000000000e+04 0.000000000000000000e+00 -2.400000000000000000e+01 -1.024000000000000000e+03
1.277900000000000000e+04 8.000000000000000000e+00 -2.400000000000000000e+01 -1.024000000000000000e+03
1.281900000000000000e+04 0.000000000000000000e+00 -3.200000000000000000e+01 -1.048000000000000000e+03
1.285900000000000000e+04 8.000000000000000000e+00 -2.400000000000000000e+01 -1.040000000000000000e+03
1.289900000000000000e+04 8.000000000000000000e+00 -3.200000000000000000e+01 -1.032000000000000000e+03
1.293100000000000000e+04 8.000000000000000000e+00 -8.000000000000000000e+00 -1.024000000000000000e+03
1.297100000000000000e+04 8.000000000000000000e+00 -1.600000000000000000e+01 -1.032000000000000000e+03
1.301100000000000000e+04 1.600000000000000000e+01 -8.000000000000000000e+00 -1.032000000000000000e+03
1.305100000000000000e+04 1.600000000000000000e+01 -2.400000000000000000e+01 -1.016000000000000000e+03
1.309100000000000000e+04 0.000000000000000000e+00 -4.000000000000000000e+01 -1.024000000000000000e+03
1.313100000000000000e+04 8.000000000000000000e+00 -3.200000000000000000e+01 -1.048000000000000000e+03
1.317100000000000000e+04 8.000000000000000000e+00 -4.000000000000000000e+01 -1.088000000000000000e+03
1.321100000000000000e+04 1.600000000000000000e+01 -4.800000000000000000e+01 -1.040000000000000000e+03
1.325100000000000000e+04 1.600000000000000000e+01 -4.000000000000000000e+01 -1.040000000000000000e+03
1.329100000000000000e+04 1.600000000000000000e+01 -3.200000000000000000e+01 -1.032000000000000000e+03
1.333100000000000000e+04 1.600000000000000000e+01 -2.400000000000000000e+01 -1.032000000000000000e+03
1.337100000000000000e+04 2.400000000000000000e+01 -3.200000000000000000e+01 -1.040000000000000000e+03
1.341100000000000000e+04 1.600000000000000000e+01 -2.400000000000000000e+01 -1.040000000000000000e+03
1.345100000000000000e+04 8.000000000000000000e+00 -4.000000000000000000e+01 -1.032000000000000000e+03
1.349100000000000000e+04 8.000000000000000000e+00 -8.000000000000000000e+00 -1.000000000000000000e+03
1.353100000000000000e+04 0.000000000000000000e+00 -1.600000000000000000e+01 -1.016000000000000000e+03
1.357100000000000000e+04 8.000000000000000000e+00 -1.600000000000000000e+01 -1.056000000000000000e+03
1.361100000000000000e+04 1.600000000000000000e+01 -2.400000000000000000e+01 -1.016000000000000000e+03
1.365100000000000000e+04 1.600000000000000000e+01 -3.200000000000000000e+01 -1.032000000000000000e+03
1.369100000000000000e+04 1.600000000000000000e+01 -3.200000000000000000e+01 -1.040000000000000000e+03
1.373100000000000000e+04 8.000000000000000000e+00 -3.200000000000000000e+01 -1.072000000000000000e+03
1.377100000000000000e+04 2.400000000000000000e+01 -4.000000000000000000e+01 -1.032000000000000000e+03
1.381100000000000000e+04 2.400000000000000000e+01 -3.200000000000000000e+01 -9.840000000000000000e+02
1.385100000000000000e+04 1.600000000000000000e+01 -3.200000000000000000e+01 -1.048000000000000000e+03
1.389100000000000000e+04 1.600000000000000000e+01 -2.400000000000000000e+01 -1.040000000000000000e+03
1.392400000000000000e+04 1.600000000000000000e+01 -2.400000000000000000e+01 -1.040000000000000000e+03
1.396400000000000000e+04 8.000000000000000000e+00 -4.000000000000000000e+01 -1.040000000000000000e+03
1.400400000000000000e+04 2.400000000000000000e+01 -4.800000000000000000e+01 -1.016000000000000000e+03
1.404400000000000000e+04 2.400000000000000000e+01 -5.600000000000000000e+01 -1.064000000000000000e+03
1.408400000000000000e+04 3.200000000000000000e+01 -8.000000000000000000e+00 -1.024000000000000000e+03
1.412400000000000000e+04 2.400000000000000000e+01 -1.600000000000000000e+01 -1.000000000000000000e+03
1.416400000000000000e+04 1.600000000000000000e+01 -2.400000000000000000e+01 -1.048000000000000000e+03
1.420400000000000000e+04 1.600000000000000000e+01 -2.400000000000000000e+01 -1.040000000000000000e+03
1.424400000000000000e+04 1.600000000000000000e+01 -8.000000000000000000e+00 -1.032000000000000000e+03
1.428400000000000000e+04 8.000000000000000000e+00 -2.400000000000000000e+01 -1.032000000000000000e+03
1.432400000000000000e+04 8.000000000000000000e+00 -2.400000000000000000e+01 -1.048000000000000000e+03
1.436400000000000000e+04 1.600000000000000000e+01 -3.200000000000000000e+01 -1.040000000000000000e+03
1.440400000000000000e+04 2.400000000000000000e+01 -3.200000000000000000e+01 -1.024000000000000000e+03
1.444400000000000000e+04 1.600000000000000000e+01 -3.200000000000000000e+01 -1.000000000000000000e+03
1.448400000000000000e+04 1.600000000000000000e+01 -4.800000000000000000e+01 -1.032000000000000000e+03
1.452400000000000000e+04 0.000000000000000000e+00 -4.000000000000000000e+01 -1.040000000000000000e+03
1.456400000000000000e+04 2.400000000000000000e+01 -4.000000000000000000e+01 -1.032000000000000000e+03
1.460400000000000000e+04 1.600000000000000000e+01 -3.200000000000000000e+01 -1.032000000000000000e+03
1.464400000000000000e+04 1.600000000000000000e+01 -3.200000000000000000e+01 -1.024000000000000000e+03
1.468400000000000000e+04 1.600000000000000000e+01 -3.200000000000000000e+01 -1.032000000000000000e+03
1.472400000000000000e+04 1.600000000000000000e+01 -2.400000000000000000e+01 -1.040000000000000000e+03
1.476400000000000000e+04 1.600000000000000000e+01 -3.200000000000000000e+01 -1.040000000000000000e+03
1.480400000000000000e+04 2.400000000000000000e+01 -3.200000000000000000e+01 -1.032000000000000000e+03
1.484400000000000000e+04 1.600000000000000000e+01 -3.200000000000000000e+01 -1.032000000000000000e+03
1.488400000000000000e+04 1.600000000000000000e+01 -3.200000000000000000e+01 -1.008000000000000000e+03
1.491600000000000000e+04 -8.000000000000000000e+00 -4.000000000000000000e+01 -1.016000000000000000e+03
1.495600000000000000e+04 8.000000000000000000e+00 -3.200000000000000000e+01 -1.056000000000000000e+03
1.499600000000000000e+04 8.000000000000000000e+00 -3.200000000000000000e+01 -1.032000000000000000e+03
1.503600000000000000e+04 1.600000000000000000e+01 -8.000000000000000000e+00 -9.760000000000000000e+02
1.507600000000000000e+04 -8.000000000000000000e+00 -1.600000000000000000e+01 -1.000000000000000000e+03
1.511600000000000000e+04 0.000000000000000000e+00 -3.200000000000000000e+01 -1.032000000000000000e+03
1.515600000000000000e+04 8.000000000000000000e+00 -2.400000000000000000e+01 -1.040000000000000000e+03
1.519600000000000000e+04 1.600000000000000000e+01 -1.600000000000000000e+01 -1.032000000000000000e+03
1.523600000000000000e+04 2.400000000000000000e+01 -2.400000000000000000e+01 -1.024000000000000000e+03
1.527600000000000000e+04 2.400000000000000000e+01 -2.400000000000000000e+01 -1.024000000000000000e+03
1.531600000000000000e+04 1.600000000000000000e+01 -3.200000000000000000e+01 -1.032000000000000000e+03
1.535600000000000000e+04 1.600000000000000000e+01 -4.000000000000000000e+01 -1.032000000000000000e+03
1.539600000000000000e+04 1.600000000000000000e+01 -3.200000000000000000e+01 -1.056000000000000000e+03
1.543600000000000000e+04 1.600000000000000000e+01 -4.000000000000000000e+01 -9.920000000000000000e+02
1.547600000000000000e+04 3.200000000000000000e+01 -3.200000000000000000e+01 -1.040000000000000000e+03
1.551600000000000000e+04 1.600000000000000000e+01 -3.200000000000000000e+01 -1.040000000000000000e+03
1.555600000000000000e+04 1.600000000000000000e+01 -3.200000000000000000e+01 -1.040000000000000000e+03
1.559600000000000000e+04 1.600000000000000000e+01 -3.200000000000000000e+01 -1.016000000000000000e+03
1.563600000000000000e+04 2.400000000000000000e+01 -4.000000000000000000e+01 -1.024000000000000000e+03
1.567600000000000000e+04 2.400000000000000000e+01 -3.200000000000000000e+01 -1.032000000000000000e+03
1.571600000000000000e+04 2.400000000000000000e+01 -2.400000000000000000e+01 -1.040000000000000000e+03
1.575600000000000000e+04 4.000000000000000000e+01 -4.000000000000000000e+01 -1.048000000000000000e+03
1.579600000000000000e+04 2.400000000000000000e+01 -2.400000000000000000e+01 -1.032000000000000000e+03
1.583600000000000000e+04 2.400000000000000000e+01 -3.200000000000000000e+01 -1.032000000000000000e+03
1.587600000000000000e+04 1.600000000000000000e+01 -2.400000000000000000e+01 -1.040000000000000000e+03
1.591000000000000000e+04 1.600000000000000000e+01 -3.200000000000000000e+01 -9.920000000000000000e+02
1.595000000000000000e+04 1.600000000000000000e+01 -2.400000000000000000e+01 -1.064000000000000000e+03
1.599000000000000000e+04 2.400000000000000000e+01 -2.400000000000000000e+01 -1.040000000000000000e+03
1.603000000000000000e+04 1.600000000000000000e+01 -3.200000000000000000e+01 -1.040000000000000000e+03
1.607000000000000000e+04 0.000000000000000000e+00 -3.200000000000000000e+01 -1.008000000000000000e+03
1.611000000000000000e+04 8.000000000000000000e+00 -5.600000000000000000e+01 -1.048000000000000000e+03
1.615000000000000000e+04 1.600000000000000000e+01 -5.600000000000000000e+01 -1.024000000000000000e+03
1.619000000000000000e+04 1.600000000000000000e+01 -4.800000000000000000e+01 -1.048000000000000000e+03
1.623000000000000000e+04 1.600000000000000000e+01 -2.400000000000000000e+01 -1.032000000000000000e+03
1.627000000000000000e+04 1.600000000000000000e+01 -3.200000000000000000e+01 -1.040000000000000000e+03
1.631000000000000000e+04 1.600000000000000000e+01 -1.600000000000000000e+01 -1.040000000000000000e+03
1.635000000000000000e+04 1.600000000000000000e+01 -2.400000000000000000e+01 -1.056000000000000000e+03
1.639000000000000000e+04 1.600000000000000000e+01 -4.000000000000000000e+01 -1.024000000000000000e+03
1.643000000000000000e+04 2.400000000000000000e+01 -4.000000000000000000e+01 -1.032000000000000000e+03
1.647000000000000000e+04 1.600000000000000000e+01 -4.000000000000000000e+01 -1.016000000000000000e+03
1.651000000000000000e+04 1.600000000000000000e+01 -3.200000000000000000e+01 -1.024000000000000000e+03
1.655000000000000000e+04 1.600000000000000000e+01 -3.200000000000000000e+01 -1.064000000000000000e+03
1.659000000000000000e+04 0.000000000000000000e+00 -1.600000000000000000e+01 -1.008000000000000000e+03
1.663000000000000000e+04 2.400000000000000000e+01 -2.400000000000000000e+01 -1.024000000000000000e+03
1.667000000000000000e+04 1.600000000000000000e+01 -3.200000000000000000e+01 -1.024000000000000000e+03
1.671000000000000000e+04 1.600000000000000000e+01 -3.200000000000000000e+01 -1.032000000000000000e+03
1.675000000000000000e+04 2.400000000000000000e+01 -3.200000000000000000e+01 -1.024000000000000000e+03
1.679000000000000000e+04 1.600000000000000000e+01 -3.200000000000000000e+01 -1.040000000000000000e+03
1.683000000000000000e+04 1.600000000000000000e+01 -2.400000000000000000e+01 -1.024000000000000000e+03
1.687000000000000000e+04 1.600000000000000000e+01 -2.400000000000000000e+01 -1.016000000000000000e+03
1.690200000000000000e+04 1.600000000000000000e+01 -4.000000000000000000e+01 -1.040000000000000000e+03
1.694200000000000000e+04 1.600000000000000000e+01 -3.200000000000000000e+01 -1.008000000000000000e+03
1.698200000000000000e+04 8.000000000000000000e+00 -3.200000000000000000e+01 -1.064000000000000000e+03
1.702200000000000000e+04 8.000000000000000000e+00 -4.000000000000000000e+01 -1.048000000000000000e+03
1.706200000000000000e+04 8.000000000000000000e+00 -4.000000000000000000e+01 -9.600000000000000000e+02
1.710200000000000000e+04 8.000000000000000000e+00 -3.200000000000000000e+01 -1.016000000000000000e+03
1.714200000000000000e+04 8.000000000000000000e+00 -3.200000000000000000e+01 -1.032000000000000000e+03
1.718200000000000000e+04 1.600000000000000000e+01 -3.200000000000000000e+01 -1.008000000000000000e+03
1.722200000000000000e+04 1.600000000000000000e+01 -3.200000000000000000e+01 -1.032000000000000000e+03
1.726200000000000000e+04 1.600000000000000000e+01 -4.800000000000000000e+01 -1.032000000000000000e+03
1.730200000000000000e+04 8.000000000000000000e+00 -4.000000000000000000e+01 -1.024000000000000000e+03
1.734200000000000000e+04 1.600000000000000000e+01 -4.000000000000000000e+01 -1.032000000000000000e+03
1.738200000000000000e+04 8.000000000000000000e+00 -3.200000000000000000e+01 -1.032000000000000000e+03
1.742200000000000000e+04 1.600000000000000000e+01 -2.400000000000000000e+01 -1.032000000000000000e+03
1.746200000000000000e+04 2.400000000000000000e+01 -3.200000000000000000e+01 -1.008000000000000000e+03
1.750200000000000000e+04 2.400000000000000000e+01 -3.200000000000000000e+01 -1.024000000000000000e+03
1.754200000000000000e+04 2.400000000000000000e+01 -3.200000000000000000e+01 -1.040000000000000000e+03
1.758200000000000000e+04 2.400000000000000000e+01 -3.200000000000000000e+01 -1.056000000000000000e+03
1.762200000000000000e+04 1.600000000000000000e+01 -3.200000000000000000e+01 -9.520000000000000000e+02
1.766200000000000000e+04 8.000000000000000000e+00 -3.200000000000000000e+01 -1.032000000000000000e+03
1.770200000000000000e+04 8.000000000000000000e+00 -4.000000000000000000e+01 -1.040000000000000000e+03
1.774200000000000000e+04 8.000000000000000000e+00 -4.000000000000000000e+01 -1.024000000000000000e+03
1.778200000000000000e+04 0.000000000000000000e+00 -4.000000000000000000e+01 -1.032000000000000000e+03
1.782200000000000000e+04 8.000000000000000000e+00 -5.600000000000000000e+01 -1.064000000000000000e+03
1.786200000000000000e+04 1.600000000000000000e+01 -4.000000000000000000e+01 -1.056000000000000000e+03
1.789500000000000000e+04 3.200000000000000000e+01 -3.200000000000000000e+01 -1.016000000000000000e+03
1.793500000000000000e+04 3.200000000000000000e+01 -4.000000000000000000e+01 -1.032000000000000000e+03
1.797500000000000000e+04 2.400000000000000000e+01 -4.800000000000000000e+01 -1.064000000000000000e+03
1.801500000000000000e+04 1.600000000000000000e+01 -4.000000000000000000e+01 -1.008000000000000000e+03
1.805500000000000000e+04 3.200000000000000000e+01 -2.400000000000000000e+01 -1.040000000000000000e+03
1.809500000000000000e+04 3.200000000000000000e+01 -2.400000000000000000e+01 -1.024000000000000000e+03
1.813500000000000000e+04 3.200000000000000000e+01 -2.400000000000000000e+01 -1.056000000000000000e+03
1.817500000000000000e+04 2.400000000000000000e+01 -3.200000000000000000e+01 -1.016000000000000000e+03
1.821500000000000000e+04 8.000000000000000000e+00 -3.200000000000000000e+01 -1.016000000000000000e+03
1.825500000000000000e+04 2.400000000000000000e+01 -3.200000000000000000e+01 -1.040000000000000000e+03
1.829500000000000000e+04 3.200000000000000000e+01 -2.400000000000000000e+01 -1.040000000000000000e+03
1.833500000000000000e+04 8.000000000000000000e+00 -4.000000000000000000e+01 -1.032000000000000000e+03
1.837500000000000000e+04 1.600000000000000000e+01 -3.200000000000000000e+01 -1.016000000000000000e+03
1.841500000000000000e+04 8.000000000000000000e+00 -1.600000000000000000e+01 -1.064000000000000000e+03
1.845500000000000000e+04 4.000000000000000000e+01 -4.800000000000000000e+01 -9.920000000000000000e+02
1.849500000000000000e+04 4.800000000000000000e+01 -4.800000000000000000e+01 -1.032000000000000000e+03
1.853500000000000000e+04 3.200000000000000000e+01 -4.000000000000000000e+01 -1.064000000000000000e+03
1.857500000000000000e+04 2.400000000000000000e+01 -4.000000000000000000e+01 -1.024000000000000000e+03
1.861500000000000000e+04 1.600000000000000000e+01 -3.200000000000000000e+01 -1.048000000000000000e+03
1.865500000000000000e+04 1.600000000000000000e+01 -3.200000000000000000e+01 -1.032000000000000000e+03
1.869500000000000000e+04 1.600000000000000000e+01 -4.000000000000000000e+01 -1.024000000000000000e+03
1.873500000000000000e+04 1.600000000000000000e+01 -3.200000000000000000e+01 -1.008000000000000000e+03
1.877500000000000000e+04 1.600000000000000000e+01 -3.200000000000000000e+01 -1.032000000000000000e+03
1.881500000000000000e+04 1.600000000000000000e+01 -3.200000000000000000e+01 -1.048000000000000000e+03
1.885500000000000000e+04 1.600000000000000000e+01 -1.600000000000000000e+01 -1.024000000000000000e+03
1.888700000000000000e+04 8.000000000000000000e+00 -2.400000000000000000e+01 -1.048000000000000000e+03
1.892700000000000000e+04 0.000000000000000000e+00 -4.800000000000000000e+01 -1.024000000000000000e+03
1.896700000000000000e+04 -8.000000000000000000e+00 -4.000000000000000000e+01 -1.040000000000000000e+03
1.900700000000000000e+04 8.000000000000000000e+00 -3.200000000000000000e+01 -1.024000000000000000e+03
1.904700000000000000e+04 8.000000000000000000e+00 -3.200000000000000000e+01 -1.040000000000000000e+03
1.908700000000000000e+04 1.600000000000000000e+01 -2.400000000000000000e+01 -1.024000000000000000e+03
1.912700000000000000e+04 1.600000000000000000e+01 -3.200000000000000000e+01 -1.040000000000000000e+03
1.916700000000000000e+04 2.400000000000000000e+01 -3.200000000000000000e+01 -1.048000000000000000e+03
1.920700000000000000e+04 2.400000000000000000e+01 -3.200000000000000000e+01 -1.024000000000000000e+03
1.924700000000000000e+04 1.600000000000000000e+01 -3.200000000000000000e+01 -1.016000000000000000e+03
1.928700000000000000e+04 2.400000000000000000e+01 -3.200000000000000000e+01 -1.048000000000000000e+03
1.932700000000000000e+04 1.600000000000000000e+01 -3.200000000000000000e+01 -1.032000000000000000e+03
1.936700000000000000e+04 1.600000000000000000e+01 -3.200000000000000000e+01 -1.040000000000000000e+03
1.940700000000000000e+04 8.000000000000000000e+00 -3.200000000000000000e+01 -1.032000000000000000e+03
1.944700000000000000e+04 -8.000000000000000000e+00 -5.600000000000000000e+01 -1.056000000000000000e+03
1.948700000000000000e+04 0.000000000000000000e+00 -4.800000000000000000e+01 -1.040000000000000000e+03
1.952700000000000000e+04 -8.000000000000000000e+00 -4.000000000000000000e+01 -1.040000000000000000e+03
1.956700000000000000e+04 8.000000000000000000e+00 -4.000000000000000000e+01 -1.032000000000000000e+03
1.960700000000000000e+04 8.000000000000000000e+00 -3.200000000000000000e+01 -1.016000000000000000e+03
1.964700000000000000e+04 1.600000000000000000e+01 -1.600000000000000000e+01 -1.032000000000000000e+03
1.968700000000000000e+04 1.600000000000000000e+01 -3.200000000000000000e+01 -1.072000000000000000e+03
1.972700000000000000e+04 1.600000000000000000e+01 -2.400000000000000000e+01 -1.032000000000000000e+03
1.976700000000000000e+04 1.600000000000000000e+01 -3.200000000000000000e+01 -1.040000000000000000e+03
1.980700000000000000e+04 8.000000000000000000e+00 -3.200000000000000000e+01 -1.040000000000000000e+03
1.984700000000000000e+04 1.600000000000000000e+01 -2.400000000000000000e+01 -1.032000000000000000e+03
