4.215190000000000000e+05 2.400000000000000000e+01 -1.600000000000000000e+01 -1.032000000000000000e+03
4.215590000000000000e+05 1.600000000000000000e+01 -1.600000000000000000e+01 -1.032000000000000000e+03
4.215990000000000000e+05 1.600000000000000000e+01 -2.400000000000000000e+01 -1.024000000000000000e+03
4.216390000000000000e+05 1.600000000000000000e+01 -2.400000000000000000e+01 -1.032000000000000000e+03
4.216790000000000000e+05 1.600000000000000000e+01 -1.600000000000000000e+01 -1.040000000000000000e+03
4.217190000000000000e+05 1.600000000000000000e+01 -2.400000000000000000e+01 -1.032000000000000000e+03
4.217590000000000000e+05 1.600000000000000000e+01 -3.200000000000000000e+01 -1.040000000000000000e+03
4.217990000000000000e+05 2.400000000000000000e+01 -1.600000000000000000e+01 -1.024000000000000000e+03
4.218390000000000000e+05 1.600000000000000000e+01 -1.600000000000000000e+01 -1.032000000000000000e+03
4.218790000000000000e+05 2.400000000000000000e+01 -2.400000000000000000e+01 -1.040000000000000000e+03
4.219190000000000000e+05 1.600000000000000000e+01 -2.400000000000000000e+01 -1.024000000000000000e+03
4.219590000000000000e+05 1.600000000000000000e+01 -3.200000000000000000e+01 -1.040000000000000000e+03
4.219990000000000000e+05 1.600000000000000000e+01 -2.400000000000000000e+01 -1.032000000000000000e+03
4.220390000000000000e+05 1.600000000000000000e+01 -1.600000000000000000e+01 -1.040000000000000000e+03
4.220790000000000000e+05 1.600000000000000000e+01 -2.400000000000000000e+01 -1.040000000000000000e+03
4.221190000000000000e+05 2.400000000000000000e+01 -2.400000000000000000e+01 -1.032000000000000000e+03
4.221590000000000000e+05 1.600000000000000000e+01 -2.400000000000000000e+01 -1.032000000000000000e+03
4.221990000000000000e+05 1.600000000000000000e+01 -2.400000000000000000e+01 -1.032000000000000000e+03
4.222390000000000000e+05 1.600000000000000000e+01 -1.600000000000000000e+01 -1.016000000000000000e+03
4.222790000000000000e+05 1.600000000000000000e+01 -1.600000000000000000e+01 -1.040000000000000000e+03
4.223190000000000000e+05 1.600000000000000000e+01 -2.400000000000000000e+01 -1.024000000000000000e+03
4.223590000000000000e+05 1.600000000000000000e+01 -1.600000000000000000e+01 -1.040000000000000000e+03
4.223990000000000000e+05 1.600000000000000000e+01 -2.400000000000000000e+01 -1.024000000000000000e+03
4.224390000000000000e+05 2.400000000000000000e+01 -1.600000000000000000e+01 -1.048000000000000000e+03
4.224790000000000000e+05 2.400000000000000000e+01 -2.400000000000000000e+01 -1.048000000000000000e+03
4.254860000000000000e+05 1.600000000000000000e+01 -2.400000000000000000e+01 -1.040000000000000000e+03
4.255260000000000000e+05 8.000000000000000000e+00 -3.200000000000000000e+01 -1.024000000000000000e+03
4.255660000000000000e+05 8.000000000000000000e+00 -2.400000000000000000e+01 -1.008000000000000000e+03
4.256060000000000000e+05 1.600000000000000000e+01 -2.400000000000000000e+01 -1.032000000000000000e+03
4.256460000000000000e+05 1.600000000000000000e+01 -2.400000000000000000e+01 -1.032000000000000000e+03
4.256860000000000000e+05 1.600000000000000000e+01 -2.400000000000000000e+01 -1.024000000000000000e+03
4.257260000000000000e+05 2.400000000000000000e+01 -2.400000000000000000e+01 -1.032000000000000000e+03
4.257660000000000000e+05 2.400000000000000000e+01 -2.400000000000000000e+01 -1.040000000000000000e+03
4.258060000000000000e+05 1.600000000000000000e+01 -1.600000000000000000e+01 -1.040000000000000000e+03
4.258460000000000000e+05 1.600000000000000000e+01 -2.400000000000000000e+01 -1.024000000000000000e+03
4.258860000000000000e+05 1.600000000000000000e+01 -1.600000000000000000e+01 -1.032000000000000000e+03
4.259260000000000000e+05 1.600000000000000000e+01 -1.600000000000000000e+01 -1.032000000000000000e+03
4.259660000000000000e+05 1.600000000000000000e+01 -2.400000000000000000e+01 -1.048000000000000000e+03
4.260060000000000000e+05 2.400000000000000000e+01 -1.600000000000000000e+01 -1.024000000000000000e+03
4.260460000000000000e+05 1.600000000000000000e+01 -2.400000000000000000e+01 -1.016000000000000000e+03
4.260860000000000000e+05 1.600000000000000000e+01 -2.400000000000000000e+01 -1.032000000000000000e+03
4.261260000000000000e+05 1.600000000000000000e+01 -1.600000000000000000e+01 -1.024000000000000000e+03
4.261660000000000000e+05 2.400000000000000000e+01 -1.600000000000000000e+01 -1.024000000000000000e+03
4.262060000000000000e+05 1.600000000000000000e+01 -2.400000000000000000e+01 -1.032000000000000000e+03
4.262460000000000000e+05 1.600000000000000000e+01 -2.400000000000000000e+01 -1.032000000000000000e+03
4.262860000000000000e+05 2.400000000000000000e+01 -3.200000000000000000e+01 -1.040000000000000000e+03
4.263260000000000000e+05 2.400000000000000000e+01 -3.200000000000000000e+01 -1.024000000000000000e+03
4.263660000000000000e+05 1.600000000000000000e+01 -2.400000000000000000e+01 -1.040000000000000000e+03
4.264060000000000000e+05 1.600000000000000000e+01 -1.600000000000000000e+01 -1.032000000000000000e+03
4.264460000000000000e+05 2.400000000000000000e+01 -1.600000000000000000e+01 -1.032000000000000000e+03
4.294520000000000000e+05 1.600000000000000000e+01 -2.400000000000000000e+01 -1.024000000000000000e+03
4.294920000000000000e+05 2.400000000000000000e+01 0.000000000000000000e+00 -1.056000000000000000e+03
4.295320000000000000e+05 2.400000000000000000e+01 -1.600000000000000000e+01 -1.040000000000000000e+03
4.295720000000000000e+05 2.400000000000000000e+01 -3.200000000000000000e+01 -1.032000000000000000e+03
4.296120000000000000e+05 1.600000000000000000e+01 -3.200000000000000000e+01 -1.048000000000000000e+03
4.296520000000000000e+05 4.000000000000000000e+01 -1.600000000000000000e+01 -1.040000000000000000e+03
4.296920000000000000e+05 2.400000000000000000e+01 -2.400000000000000000e+01 -1.056000000000000000e+03
4.297320000000000000e+05 0.000000000000000000e+00 -2.400000000000000000e+01 -1.048000000000000000e+03
4.297720000000000000e+05 0.000000000000000000e+00 -3.200000000000000000e+01 -1.040000000000000000e+03
4.298120000000000000e+05 8.000000000000000000e+00 -3.200000000000000000e+01 -1.024000000000000000e+03
4.298520000000000000e+05 1.600000000000000000e+01 -2.400000000000000000e+01 -1.064000000000000000e+03
4.298920000000000000e+05 1.600000000000000000e+01 -2.400000000000000000e+01 -1.016000000000000000e+03
4.299320000000000000e+05 1.600000000000000000e+01 -2.400000000000000000e+01 -1.048000000000000000e+03
4.299720000000000000e+05 2.400000000000000000e+01 -2.400000000000000000e+01 -1.016000000000000000e+03
4.300120000000000000e+05 1.600000000000000000e+01 -2.400000000000000000e+01 -1.024000000000000000e+03
4.300520000000000000e+05 2.400000000000000000e+01 -2.400000000000000000e+01 -1.040000000000000000e+03
4.300920000000000000e+05 1.600000000000000000e+01 -4.000000000000000000e+01 -1.056000000000000000e+03
4.301320000000000000e+05 1.600000000000000000e+01 -3.200000000000000000e+01 -1.056000000000000000e+03
4.301720000000000000e+05 1.600000000000000000e+01 -2.400000000000000000e+01 -1.032000000000000000e+03
4.302120000000000000e+05 8.000000000000000000e+00 -2.400000000000000000e+01 -1.016000000000000000e+03
4.302520000000000000e+05 1.600000000000000000e+01 -2.400000000000000000e+01 -1.024000000000000000e+03
4.302920000000000000e+05 2.400000000000000000e+01 -3.200000000000000000e+01 -1.024000000000000000e+03
4.303320000000000000e+05 2.400000000000000000e+01 -3.200000000000000000e+01 -1.024000000000000000e+03
4.303720000000000000e+05 2.400000000000000000e+01 -3.200000000000000000e+01 -1.024000000000000000e+03
4.304120000000000000e+05 2.400000000000000000e+01 -2.400000000000000000e+01 -1.032000000000000000e+03
4.334200000000000000e+05 1.600000000000000000e+01 -2.400000000000000000e+01 -1.040000000000000000e+03
4.334600000000000000e+05 8.000000000000000000e+00 -2.400000000000000000e+01 -1.016000000000000000e+03
4.335000000000000000e+05 1.600000000000000000e+01 -2.400000000000000000e+01 -1.032000000000000000e+03
4.335400000000000000e+05 1.600000000000000000e+01 -2.400000000000000000e+01 -1.040000000000000000e+03
4.335800000000000000e+05 1.600000000000000000e+01 -2.400000000000000000e+01 -1.032000000000000000e+03
4.336200000000000000e+05 2.400000000000000000e+01 -3.200000000000000000e+01 -1.024000000000000000e+03
4.336600000000000000e+05 1.600000000000000000e+01 -2.400000000000000000e+01 -1.048000000000000000e+03
4.337000000000000000e+05 1.600000000000000000e+01 -2.400000000000000000e+01 -1.040000000000000000e+03
4.337400000000000000e+05 1.600000000000000000e+01 -1.600000000000000000e+01 -1.024000000000000000e+03
4.337800000000000000e+05 1.600000000000000000e+01 -2.400000000000000000e+01 -1.024000000000000000e+03
4.338200000000000000e+05 1.600000000000000000e+01 -2.400000000000000000e+01 -1.048000000000000000e+03
4.338600000000000000e+05 0.000000000000000000e+00 -2.400000000000000000e+01 -1.024000000000000000e+03
4.339000000000000000e+05 8.000000000000000000e+00 -3.200000000000000000e+01 -1.032000000000000000e+03
4.339400000000000000e+05 1.600000000000000000e+01 -2.400000000000000000e+01 -1.008000000000000000e+03
4.339800000000000000e+05 1.600000000000000000e+01 -2.400000000000000000e+01 -1.008000000000000000e+03
4.340200000000000000e+05 1.600000000000000000e+01 -2.400000000000000000e+01 -1.048000000000000000e+03
4.340600000000000000e+05 2.400000000000000000e+01 -2.400000000000000000e+01 -1.040000000000000000e+03
4.341000000000000000e+05 1.600000000000000000e+01 -2.400000000000000000e+01 -1.032000000000000000e+03
4.341400000000000000e+05 2.400000000000000000e+01 -2.400000000000000000e+01 -1.032000000000000000e+03
4.341800000000000000e+05 1.600000000000000000e+01 -2.400000000000000000e+01 -1.032000000000000000e+03
4.342200000000000000e+05 1.600000000000000000e+01 -1.600000000000000000e+01 -1.024000000000000000e+03
4.342600000000000000e+05 1.600000000000000000e+01 -2.400000000000000000e+01 -1.024000000000000000e+03
4.343000000000000000e+05 1.600000000000000000e+01 -3.200000000000000000e+01 -1.040000000000000000e+03
4.343400000000000000e+05 1.600000000000000000e+01 -2.400000000000000000e+01 -1.032000000000000000e+03
4.343800000000000000e+05 1.600000000000000000e+01 -2.400000000000000000e+01 -1.032000000000000000e+03
4.373860000000000000e+05 1.600000000000000000e+01 -1.600000000000000000e+01 -1.032000000000000000e+03
4.374260000000000000e+05 3.200000000000000000e+01 -1.600000000000000000e+01 -1.032000000000000000e+03
4.374660000000000000e+05 2.400000000000000000e+01 -1.600000000000000000e+01 -1.032000000000000000e+03
4.375060000000000000e+05 2.400000000000000000e+01 -2.400000000000000000e+01 -1.024000000000000000e+03
4.375460000000000000e+05 1.600000000000000000e+01 -2.400000000000000000e+01 -1.040000000000000000e+03
4.375860000000000000e+05 1.600000000000000000e+01 -2.400000000000000000e+01 -1.024000000000000000e+03
4.376260000000000000e+05 1.600000000000000000e+01 -2.400000000000000000e+01 -1.040000000000000000e+03
4.376660000000000000e+05 1.600000000000000000e+01 -2.400000000000000000e+01 -1.024000000000000000e+03
4.377060000000000000e+05 1.600000000000000000e+01 -2.400000000000000000e+01 -1.032000000000000000e+03
4.377460000000000000e+05 2.400000000000000000e+01 -2.400000000000000000e+01 -1.016000000000000000e+03
4.377860000000000000e+05 2.400000000000000000e+01 -2.400000000000000000e+01 -1.024000000000000000e+03
4.378260000000000000e+05 1.600000000000000000e+01 -2.400000000000000000e+01 -1.032000000000000000e+03
4.378660000000000000e+05 1.600000000000000000e+01 -2.400000000000000000e+01 -1.024000000000000000e+03
4.379060000000000000e+05 1.600000000000000000e+01 -2.400000000000000000e+01 -1.024000000000000000e+03
4.379460000000000000e+05 1.600000000000000000e+01 -2.400000000000000000e+01 -1.024000000000000000e+03
4.379860000000000000e+05 1.600000000000000000e+01 -1.600000000000000000e+01 -1.024000000000000000e+03
4.380260000000000000e+05 1.600000000000000000e+01 -1.600000000000000000e+01 -1.024000000000000000e+03
4.380660000000000000e+05 1.600000000000000000e+01 -2.400000000000000000e+01 -1.024000000000000000e+03
4.381060000000000000e+05 2.400000000000000000e+01 -2.400000000000000000e+01 -1.024000000000000000e+03
4.381460000000000000e+05 1.600000000000000000e+01 -2.400000000000000000e+01 -1.024000000000000000e+03
4.381860000000000000e+05 8.000000000000000000e+00 -2.400000000000000000e+01 -1.024000000000000000e+03
4.382260000000000000e+05 1.600000000000000000e+01 -2.400000000000000000e+01 -1.024000000000000000e+03
4.382660000000000000e+05 1.600000000000000000e+01 -2.400000000000000000e+01 -1.032000000000000000e+03
4.383060000000000000e+05 1.600000000000000000e+01 -2.400000000000000000e+01 -1.032000000000000000e+03
4.383460000000000000e+05 2.400000000000000000e+01 -1.600000000000000000e+01 -1.056000000000000000e+03
4.413530000000000000e+05 1.600000000000000000e+01 -2.400000000000000000e+01 -1.024000000000000000e+03
4.413930000000000000e+05 1.600000000000000000e+01 -3.200000000000000000e+01 -1.024000000000000000e+03
4.414330000000000000e+05 1.600000000000000000e+01 -2.400000000000000000e+01 -1.024000000000000000e+03
4.414730000000000000e+05 1.600000000000000000e+01 -2.400000000000000000e+01 -1.016000000000000000e+03
4.415130000000000000e+05 1.600000000000000000e+01 -2.400000000000000000e+01 -1.040000000000000000e+03
4.415530000000000000e+05 2.400000000000000000e+01 -2.400000000000000000e+01 -1.040000000000000000e+03
4.415930000000000000e+05 1.600000000000000000e+01 -2.400000000000000000e+01 -1.024000000000000000e+03
4.416330000000000000e+05 8.000000000000000000e+00 -2.400000000000000000e+01 -1.024000000000000000e+03
4.416730000000000000e+05 1.600000000000000000e+01 -2.400000000000000000e+01 -1.048000000000000000e+03
4.417130000000000000e+05 1.600000000000000000e+01 -3.200000000000000000e+01 -1.040000000000000000e+03
4.417530000000000000e+05 1.600000000000000000e+01 -2.400000000000000000e+01 -1.032000000000000000e+03
4.417930000000000000e+05 1.600000000000000000e+01 -2.400000000000000000e+01 -1.024000000000000000e+03
4.418330000000000000e+05 1.600000000000000000e+01 -2.400000000000000000e+01 -1.024000000000000000e+03
4.418730000000000000e+05 2.400000000000000000e+01 -2.400000000000000000e+01 -1.024000000000000000e+03
4.419130000000000000e+05 1.600000000000000000e+01 -2.400000000000000000e+01 -1.016000000000000000e+03
4.419530000000000000e+05 1.600000000000000000e+01 -2.400000000000000000e+01 -1.024000000000000000e+03
4.419930000000000000e+05 1.600000000000000000e+01 -1.600000000000000000e+01 -1.024000000000000000e+03
4.420330000000000000e+05 1.600000000000000000e+01 -1.600000000000000000e+01 -1.032000000000000000e+03
4.420730000000000000e+05 1.600000000000000000e+01 -2.400000000000000000e+01 -1.040000000000000000e+03
4.421130000000000000e+05 8.000000000000000000e+00 -2.400000000000000000e+01 -1.040000000000000000e+03
4.421530000000000000e+05 1.600000000000000000e+01 -2.400000000000000000e+01 -1.032000000000000000e+03
4.421930000000000000e+05 1.600000000000000000e+01 -2.400000000000000000e+01 -1.048000000000000000e+03
4.422330000000000000e+05 2.400000000000000000e+01 -1.600000000000000000e+01 -1.024000000000000000e+03
4.422730000000000000e+05 2.400000000000000000e+01 -2.400000000000000000e+01 -1.040000000000000000e+03
4.423130000000000000e+05 1.600000000000000000e+01 -2.400000000000000000e+01 -1.032000000000000000e+03
