5.000000000000000000e+01 -6.560000000000000000e+02 4.000000000000000000e+02 6.400000000000000000e+02
9.000000000000000000e+01 3.040000000000000000e+02 4.800000000000000000e+02 7.600000000000000000e+02
1.300000000000000000e+02 1.840000000000000000e+02 4.880000000000000000e+02 6.400000000000000000e+02
1.700000000000000000e+02 4.000000000000000000e+01 4.240000000000000000e+02 5.760000000000000000e+02
2.100000000000000000e+02 -6.400000000000000000e+01 3.200000000000000000e+02 4.720000000000000000e+02
2.500000000000000000e+02 -1.200000000000000000e+02 2.720000000000000000e+02 6.640000000000000000e+02
2.900000000000000000e+02 -1.680000000000000000e+02 3.200000000000000000e+02 7.520000000000000000e+02
3.300000000000000000e+02 -2.160000000000000000e+02 4.240000000000000000e+02 9.600000000000000000e+02
3.700000000000000000e+02 -2.880000000000000000e+02 5.040000000000000000e+02 1.160000000000000000e+03
4.100000000000000000e+02 -2.720000000000000000e+02 5.760000000000000000e+02 1.328000000000000000e+03
4.500000000000000000e+02 -2.560000000000000000e+02 6.240000000000000000e+02 1.328000000000000000e+03
4.900000000000000000e+02 -1.600000000000000000e+02 5.680000000000000000e+02 1.216000000000000000e+03
5.300000000000000000e+02 -2.400000000000000000e+01 5.120000000000000000e+02 9.760000000000000000e+02
5.700000000000000000e+02 9.600000000000000000e+01 4.320000000000000000e+02 9.200000000000000000e+02
6.100000000000000000e+02 1.200000000000000000e+02 3.680000000000000000e+02 8.800000000000000000e+02
6.500000000000000000e+02 7.200000000000000000e+01 3.680000000000000000e+02 7.280000000000000000e+02
6.900000000000000000e+02 3.200000000000000000e+01 3.520000000000000000e+02 5.600000000000000000e+02
7.300000000000000000e+02 -8.000000000000000000e+00 3.440000000000000000e+02 5.680000000000000000e+02
7.700000000000000000e+02 -3.200000000000000000e+01 3.040000000000000000e+02 6.080000000000000000e+02
8.100000000000000000e+02 -4.000000000000000000e+01 3.360000000000000000e+02 8.000000000000000000e+02
8.500000000000000000e+02 -3.200000000000000000e+01 4.000000000000000000e+02 1.208000000000000000e+03
8.900000000000000000e+02 -8.000000000000000000e+00 5.040000000000000000e+02 1.336000000000000000e+03
9.300000000000000000e+02 8.000000000000000000e+00 5.760000000000000000e+02 1.416000000000000000e+03
9.700000000000000000e+02 -9.600000000000000000e+01 6.080000000000000000e+02 1.456000000000000000e+03
1.010000000000000000e+03 4.000000000000000000e+01 5.360000000000000000e+02 1.064000000000000000e+03
1.043000000000000000e+03 2.720000000000000000e+02 4.720000000000000000e+02 9.840000000000000000e+02
1.083000000000000000e+03 3.680000000000000000e+02 5.040000000000000000e+02 7.760000000000000000e+02
1.123000000000000000e+03 2.720000000000000000e+02 5.360000000000000000e+02 6.720000000000000000e+02
1.163000000000000000e+03 1.040000000000000000e+02 4.560000000000000000e+02 5.360000000000000000e+02
1.203000000000000000e+03 1.600000000000000000e+01 3.120000000000000000e+02 4.160000000000000000e+02
1.243000000000000000e+03 -4.800000000000000000e+01 2.160000000000000000e+02 5.360000000000000000e+02
1.283000000000000000e+03 -1.280000000000000000e+02 2.480000000000000000e+02 7.920000000000000000e+02
1.323000000000000000e+03 -1.920000000000000000e+02 3.600000000000000000e+02 9.760000000000000000e+02
1.363000000000000000e+03 -2.320000000000000000e+02 4.720000000000000000e+02 1.184000000000000000e+03
1.403000000000000000e+03 -1.920000000000000000e+02 5.120000000000000000e+02 1.376000000000000000e+03
1.443000000000000000e+03 -2.320000000000000000e+02 5.680000000000000000e+02 1.408000000000000000e+03
1.483000000000000000e+03 -1.360000000000000000e+02 5.280000000000000000e+02 1.344000000000000000e+03
1.523000000000000000e+03 1.600000000000000000e+01 4.960000000000000000e+02 1.040000000000000000e+03
1.563000000000000000e+03 1.680000000000000000e+02 3.760000000000000000e+02 1.056000000000000000e+03
1.603000000000000000e+03 2.160000000000000000e+02 3.200000000000000000e+02 9.840000000000000000e+02
1.643000000000000000e+03 1.360000000000000000e+02 3.520000000000000000e+02 7.520000000000000000e+02
1.683000000000000000e+03 4.000000000000000000e+01 3.520000000000000000e+02 4.720000000000000000e+02
1.723000000000000000e+03 0.000000000000000000e+00 2.880000000000000000e+02 4.800000000000000000e+02
1.763000000000000000e+03 -1.600000000000000000e+01 2.480000000000000000e+02 6.080000000000000000e+02
1.803000000000000000e+03 -8.000000000000000000e+00 2.560000000000000000e+02 7.040000000000000000e+02
1.843000000000000000e+03 1.600000000000000000e+01 3.360000000000000000e+02 1.160000000000000000e+03
1.883000000000000000e+03 -8.000000000000000000e+00 4.560000000000000000e+02 1.336000000000000000e+03
1.923000000000000000e+03 -4.800000000000000000e+01 5.920000000000000000e+02 1.360000000000000000e+03
1.963000000000000000e+03 -1.280000000000000000e+02 6.320000000000000000e+02 1.488000000000000000e+03
2.003000000000000000e+03 0.000000000000000000e+00 5.840000000000000000e+02 1.232000000000000000e+03
2.035000000000000000e+03 3.200000000000000000e+02 5.520000000000000000e+02 9.840000000000000000e+02
2.075000000000000000e+03 5.120000000000000000e+02 5.120000000000000000e+02 8.560000000000000000e+02
2.115000000000000000e+03 4.320000000000000000e+02 4.240000000000000000e+02 7.760000000000000000e+02
2.155000000000000000e+03 1.840000000000000000e+02 3.440000000000000000e+02 6.400000000000000000e+02
2.195000000000000000e+03 8.000000000000000000e+00 2.560000000000000000e+02 4.880000000000000000e+02
2.235000000000000000e+03 -4.000000000000000000e+01 2.160000000000000000e+02 5.600000000000000000e+02
2.275000000000000000e+03 -7.200000000000000000e+01 2.000000000000000000e+02 6.800000000000000000e+02
2.315000000000000000e+03 -1.200000000000000000e+02 2.560000000000000000e+02 7.840000000000000000e+02
2.355000000000000000e+03 -2.000000000000000000e+02 3.440000000000000000e+02 1.048000000000000000e+03
2.395000000000000000e+03 -2.320000000000000000e+02 4.240000000000000000e+02 1.208000000000000000e+03
2.435000000000000000e+03 -2.000000000000000000e+02 4.320000000000000000e+02 1.416000000000000000e+03
2.475000000000000000e+03 -2.160000000000000000e+02 4.640000000000000000e+02 1.552000000000000000e+03
2.515000000000000000e+03 -8.800000000000000000e+01 4.480000000000000000e+02 1.296000000000000000e+03
2.555000000000000000e+03 2.400000000000000000e+01 3.840000000000000000e+02 1.040000000000000000e+03
2.595000000000000000e+03 8.000000000000000000e+01 2.720000000000000000e+02 9.040000000000000000e+02
2.635000000000000000e+03 1.280000000000000000e+02 1.920000000000000000e+02 8.480000000000000000e+02
2.675000000000000000e+03 1.280000000000000000e+02 1.920000000000000000e+02 6.240000000000000000e+02
2.715000000000000000e+03 1.120000000000000000e+02 2.320000000000000000e+02 4.640000000000000000e+02
2.755000000000000000e+03 8.000000000000000000e+01 2.480000000000000000e+02 5.840000000000000000e+02
2.795000000000000000e+03 2.400000000000000000e+01 2.720000000000000000e+02 6.720000000000000000e+02
2.835000000000000000e+03 -3.200000000000000000e+01 2.960000000000000000e+02 8.560000000000000000e+02
2.875000000000000000e+03 -4.000000000000000000e+01 3.520000000000000000e+02 1.160000000000000000e+03
2.915000000000000000e+03 -5.600000000000000000e+01 4.800000000000000000e+02 1.368000000000000000e+03
2.955000000000000000e+03 -8.000000000000000000e+01 5.120000000000000000e+02 1.504000000000000000e+03
2.995000000000000000e+03 -1.280000000000000000e+02 5.760000000000000000e+02 1.488000000000000000e+03
3.027000000000000000e+03 6.400000000000000000e+01 5.920000000000000000e+02 1.064000000000000000e+03
3.067000000000000000e+03 3.360000000000000000e+02 4.960000000000000000e+02 9.200000000000000000e+02
3.107000000000000000e+03 4.400000000000000000e+02 4.400000000000000000e+02 7.360000000000000000e+02
3.147000000000000000e+03 2.880000000000000000e+02 4.880000000000000000e+02 6.000000000000000000e+02
3.187000000000000000e+03 1.040000000000000000e+02 5.040000000000000000e+02 5.760000000000000000e+02
3.227000000000000000e+03 -3.200000000000000000e+01 4.240000000000000000e+02 5.600000000000000000e+02
3.267000000000000000e+03 -6.400000000000000000e+01 3.360000000000000000e+02 5.840000000000000000e+02
3.307000000000000000e+03 -8.000000000000000000e+01 2.880000000000000000e+02 6.240000000000000000e+02
3.347000000000000000e+03 -1.520000000000000000e+02 3.520000000000000000e+02 7.360000000000000000e+02
3.387000000000000000e+03 -2.400000000000000000e+02 4.560000000000000000e+02 9.920000000000000000e+02
3.427000000000000000e+03 -2.880000000000000000e+02 5.920000000000000000e+02 1.240000000000000000e+03
3.467000000000000000e+03 -2.400000000000000000e+02 6.320000000000000000e+02 1.304000000000000000e+03
3.507000000000000000e+03 -2.400000000000000000e+02 6.880000000000000000e+02 1.336000000000000000e+03
3.547000000000000000e+03 -1.760000000000000000e+02 6.800000000000000000e+02 1.040000000000000000e+03
3.587000000000000000e+03 -8.000000000000000000e+01 6.240000000000000000e+02 1.008000000000000000e+03
3.627000000000000000e+03 1.040000000000000000e+02 5.120000000000000000e+02 1.048000000000000000e+03
3.667000000000000000e+03 1.760000000000000000e+02 3.840000000000000000e+02 9.280000000000000000e+02
3.707000000000000000e+03 1.520000000000000000e+02 3.520000000000000000e+02 5.600000000000000000e+02
3.747000000000000000e+03 6.400000000000000000e+01 3.520000000000000000e+02 4.720000000000000000e+02
3.787000000000000000e+03 0.000000000000000000e+00 3.520000000000000000e+02 5.040000000000000000e+02
3.827000000000000000e+03 -4.800000000000000000e+01 3.440000000000000000e+02 4.880000000000000000e+02
3.867000000000000000e+03 -5.600000000000000000e+01 3.600000000000000000e+02 7.120000000000000000e+02
3.907000000000000000e+03 -4.800000000000000000e+01 4.320000000000000000e+02 1.040000000000000000e+03
3.947000000000000000e+03 -5.600000000000000000e+01 5.520000000000000000e+02 1.200000000000000000e+03
3.987000000000000000e+03 -1.040000000000000000e+02 6.720000000000000000e+02 1.384000000000000000e+03
4.018000000000000000e+03 -2.000000000000000000e+02 7.840000000000000000e+02 1.368000000000000000e+03
4.058000000000000000e+03 -4.800000000000000000e+01 7.920000000000000000e+02 1.104000000000000000e+03
4.098000000000000000e+03 2.720000000000000000e+02 6.960000000000000000e+02 1.080000000000000000e+03
4.138000000000000000e+03 3.840000000000000000e+02 6.000000000000000000e+02 7.680000000000000000e+02
4.178000000000000000e+03 2.640000000000000000e+02 5.520000000000000000e+02 6.640000000000000000e+02
4.218000000000000000e+03 1.280000000000000000e+02 4.800000000000000000e+02 5.520000000000000000e+02
4.258000000000000000e+03 4.000000000000000000e+01 3.520000000000000000e+02 5.040000000000000000e+02
4.298000000000000000e+03 -4.000000000000000000e+01 2.320000000000000000e+02 5.680000000000000000e+02
4.338000000000000000e+03 -1.360000000000000000e+02 2.320000000000000000e+02 6.800000000000000000e+02
4.378000000000000000e+03 -2.240000000000000000e+02 3.200000000000000000e+02 7.760000000000000000e+02
4.418000000000000000e+03 -2.000000000000000000e+02 4.640000000000000000e+02 1.016000000000000000e+03
4.458000000000000000e+03 -2.080000000000000000e+02 5.360000000000000000e+02 1.264000000000000000e+03
4.498000000000000000e+03 -2.560000000000000000e+02 6.000000000000000000e+02 1.304000000000000000e+03
4.538000000000000000e+03 -2.960000000000000000e+02 7.040000000000000000e+02 1.456000000000000000e+03
4.578000000000000000e+03 -2.160000000000000000e+02 6.800000000000000000e+02 1.008000000000000000e+03
4.618000000000000000e+03 -1.360000000000000000e+02 5.600000000000000000e+02 8.720000000000000000e+02
4.658000000000000000e+03 0.000000000000000000e+00 3.760000000000000000e+02 1.032000000000000000e+03
4.698000000000000000e+03 7.200000000000000000e+01 2.800000000000000000e+02 9.280000000000000000e+02
4.738000000000000000e+03 4.800000000000000000e+01 2.400000000000000000e+02 6.640000000000000000e+02
4.778000000000000000e+03 8.000000000000000000e+00 2.160000000000000000e+02 6.000000000000000000e+02
4.818000000000000000e+03 -8.000000000000000000e+00 2.080000000000000000e+02 6.160000000000000000e+02
4.858000000000000000e+03 -2.400000000000000000e+01 2.480000000000000000e+02 6.160000000000000000e+02
4.898000000000000000e+03 -1.600000000000000000e+01 3.120000000000000000e+02 7.280000000000000000e+02
4.938000000000000000e+03 -1.600000000000000000e+01 4.640000000000000000e+02 1.136000000000000000e+03
4.978000000000000000e+03 -3.200000000000000000e+01 5.920000000000000000e+02 1.312000000000000000e+03
5.010000000000000000e+03 -8.000000000000000000e+01 6.800000000000000000e+02 1.336000000000000000e+03
5.050000000000000000e+03 -1.120000000000000000e+02 7.200000000000000000e+02 1.336000000000000000e+03
5.090000000000000000e+03 -8.000000000000000000e+00 6.720000000000000000e+02 1.152000000000000000e+03
5.130000000000000000e+03 2.320000000000000000e+02 5.760000000000000000e+02 1.024000000000000000e+03
5.170000000000000000e+03 3.840000000000000000e+02 5.200000000000000000e+02 8.160000000000000000e+02
5.210000000000000000e+03 2.800000000000000000e+02 4.560000000000000000e+02 7.360000000000000000e+02
5.250000000000000000e+03 1.280000000000000000e+02 3.760000000000000000e+02 6.480000000000000000e+02
5.290000000000000000e+03 -1.600000000000000000e+01 2.720000000000000000e+02 4.480000000000000000e+02
5.330000000000000000e+03 -1.040000000000000000e+02 2.080000000000000000e+02 5.440000000000000000e+02
5.370000000000000000e+03 -1.520000000000000000e+02 2.160000000000000000e+02 6.400000000000000000e+02
5.410000000000000000e+03 -2.160000000000000000e+02 2.800000000000000000e+02 8.320000000000000000e+02
5.450000000000000000e+03 -2.800000000000000000e+02 3.280000000000000000e+02 1.032000000000000000e+03
5.490000000000000000e+03 -3.120000000000000000e+02 2.640000000000000000e+02 1.232000000000000000e+03
5.530000000000000000e+03 -2.720000000000000000e+02 1.840000000000000000e+02 1.424000000000000000e+03
5.570000000000000000e+03 -2.240000000000000000e+02 1.280000000000000000e+02 1.600000000000000000e+03
5.610000000000000000e+03 4.000000000000000000e+01 1.600000000000000000e+02 1.392000000000000000e+03
5.650000000000000000e+03 1.600000000000000000e+02 8.000000000000000000e+01 1.144000000000000000e+03
5.690000000000000000e+03 1.760000000000000000e+02 -4.800000000000000000e+01 1.096000000000000000e+03
5.730000000000000000e+03 1.600000000000000000e+02 -9.600000000000000000e+01 9.440000000000000000e+02
5.770000000000000000e+03 1.360000000000000000e+02 0.000000000000000000e+00 7.040000000000000000e+02
5.810000000000000000e+03 6.400000000000000000e+01 2.400000000000000000e+01 5.120000000000000000e+02
5.850000000000000000e+03 6.400000000000000000e+01 4.800000000000000000e+01 6.000000000000000000e+02
5.890000000000000000e+03 2.400000000000000000e+01 4.000000000000000000e+01 6.080000000000000000e+02
5.930000000000000000e+03 0.000000000000000000e+00 3.200000000000000000e+01 8.880000000000000000e+02
5.970000000000000000e+03 -3.200000000000000000e+01 -6.400000000000000000e+01 1.232000000000000000e+03
6.003000000000000000e+03 -1.280000000000000000e+02 -4.800000000000000000e+01 1.384000000000000000e+03
6.043000000000000000e+03 -1.280000000000000000e+02 -8.000000000000000000e+00 1.480000000000000000e+03
6.083000000000000000e+03 -4.800000000000000000e+01 -8.000000000000000000e+00 1.624000000000000000e+03
6.123000000000000000e+03 2.320000000000000000e+02 -2.400000000000000000e+01 1.352000000000000000e+03
6.163000000000000000e+03 3.760000000000000000e+02 0.000000000000000000e+00 1.208000000000000000e+03
6.203000000000000000e+03 4.080000000000000000e+02 -2.400000000000000000e+01 1.064000000000000000e+03
6.243000000000000000e+03 2.720000000000000000e+02 -1.600000000000000000e+01 8.480000000000000000e+02
6.283000000000000000e+03 1.360000000000000000e+02 3.200000000000000000e+01 6.320000000000000000e+02
6.323000000000000000e+03 4.800000000000000000e+01 0.000000000000000000e+00 4.880000000000000000e+02
6.363000000000000000e+03 1.600000000000000000e+01 3.200000000000000000e+01 5.200000000000000000e+02
6.403000000000000000e+03 -7.200000000000000000e+01 8.000000000000000000e+01 6.720000000000000000e+02
6.443000000000000000e+03 -1.440000000000000000e+02 1.520000000000000000e+02 8.960000000000000000e+02
6.483000000000000000e+03 -1.920000000000000000e+02 2.080000000000000000e+02 1.000000000000000000e+03
6.523000000000000000e+03 -1.680000000000000000e+02 2.160000000000000000e+02 1.304000000000000000e+03
6.563000000000000000e+03 -2.080000000000000000e+02 2.480000000000000000e+02 1.576000000000000000e+03
6.603000000000000000e+03 -1.840000000000000000e+02 2.160000000000000000e+02 1.608000000000000000e+03
6.643000000000000000e+03 -2.400000000000000000e+01 2.400000000000000000e+02 1.232000000000000000e+03
6.683000000000000000e+03 8.800000000000000000e+01 1.520000000000000000e+02 1.080000000000000000e+03
6.723000000000000000e+03 1.920000000000000000e+02 2.400000000000000000e+01 1.072000000000000000e+03
6.763000000000000000e+03 2.400000000000000000e+02 -2.400000000000000000e+01 9.840000000000000000e+02
6.803000000000000000e+03 2.080000000000000000e+02 8.000000000000000000e+01 7.280000000000000000e+02
6.843000000000000000e+03 1.360000000000000000e+02 1.280000000000000000e+02 5.520000000000000000e+02
6.883000000000000000e+03 1.200000000000000000e+02 1.440000000000000000e+02 6.240000000000000000e+02
6.923000000000000000e+03 3.200000000000000000e+01 2.240000000000000000e+02 7.280000000000000000e+02
6.963000000000000000e+03 -7.200000000000000000e+01 2.080000000000000000e+02 9.600000000000000000e+02
6.995000000000000000e+03 -4.000000000000000000e+01 2.960000000000000000e+02 1.144000000000000000e+03
7.035000000000000000e+03 -1.200000000000000000e+02 3.920000000000000000e+02 1.304000000000000000e+03
7.075000000000000000e+03 -1.600000000000000000e+02 5.760000000000000000e+02 1.304000000000000000e+03
7.115000000000000000e+03 -1.360000000000000000e+02 6.640000000000000000e+02 1.472000000000000000e+03
7.155000000000000000e+03 1.760000000000000000e+02 4.800000000000000000e+02 1.120000000000000000e+03
7.195000000000000000e+03 3.760000000000000000e+02 3.120000000000000000e+02 9.920000000000000000e+02
7.235000000000000000e+03 3.920000000000000000e+02 3.360000000000000000e+02 9.280000000000000000e+02
7.275000000000000000e+03 2.880000000000000000e+02 4.160000000000000000e+02 8.080000000000000000e+02
7.315000000000000000e+03 2.240000000000000000e+02 4.000000000000000000e+02 7.520000000000000000e+02
7.355000000000000000e+03 1.200000000000000000e+02 2.800000000000000000e+02 5.600000000000000000e+02
7.395000000000000000e+03 7.200000000000000000e+01 2.480000000000000000e+02 5.840000000000000000e+02
7.435000000000000000e+03 -1.280000000000000000e+02 2.640000000000000000e+02 6.000000000000000000e+02
7.475000000000000000e+03 -2.000000000000000000e+02 3.680000000000000000e+02 6.800000000000000000e+02
7.515000000000000000e+03 -1.600000000000000000e+02 4.400000000000000000e+02 9.120000000000000000e+02
7.555000000000000000e+03 -1.360000000000000000e+02 5.280000000000000000e+02 1.152000000000000000e+03
7.595000000000000000e+03 -6.400000000000000000e+01 6.720000000000000000e+02 1.264000000000000000e+03
7.635000000000000000e+03 -6.400000000000000000e+01 7.840000000000000000e+02 1.392000000000000000e+03
7.675000000000000000e+03 -8.000000000000000000e+00 6.000000000000000000e+02 1.096000000000000000e+03
7.715000000000000000e+03 7.200000000000000000e+01 4.160000000000000000e+02 1.144000000000000000e+03
7.755000000000000000e+03 1.040000000000000000e+02 2.160000000000000000e+02 8.720000000000000000e+02
7.795000000000000000e+03 9.600000000000000000e+01 2.000000000000000000e+02 8.560000000000000000e+02
7.835000000000000000e+03 1.280000000000000000e+02 3.360000000000000000e+02 8.160000000000000000e+02
7.875000000000000000e+03 8.800000000000000000e+01 4.000000000000000000e+02 5.760000000000000000e+02
7.915000000000000000e+03 1.040000000000000000e+02 4.160000000000000000e+02 4.000000000000000000e+02
7.955000000000000000e+03 1.280000000000000000e+02 5.040000000000000000e+02 7.040000000000000000e+02
8.978000000000000000e+03 4.000000000000000000e+01 8.000000000000000000e+00 5.680000000000000000e+02
9.018000000000000000e+03 4.800000000000000000e+01 6.400000000000000000e+01 7.840000000000000000e+02
9.058000000000000000e+03 1.600000000000000000e+01 4.800000000000000000e+01 8.880000000000000000e+02
9.098000000000000000e+03 -1.600000000000000000e+01 8.000000000000000000e+01 1.296000000000000000e+03
9.138000000000000000e+03 -4.000000000000000000e+01 1.120000000000000000e+02 1.488000000000000000e+03
9.178000000000000000e+03 -2.400000000000000000e+01 1.360000000000000000e+02 1.496000000000000000e+03
9.218000000000000000e+03 7.200000000000000000e+01 1.920000000000000000e+02 1.400000000000000000e+03
9.258000000000000000e+03 2.000000000000000000e+02 2.080000000000000000e+02 1.296000000000000000e+03
9.298000000000000000e+03 3.600000000000000000e+02 1.120000000000000000e+02 1.056000000000000000e+03
9.338000000000000000e+03 4.080000000000000000e+02 1.200000000000000000e+02 9.920000000000000000e+02
9.378000000000000000e+03 3.120000000000000000e+02 1.760000000000000000e+02 8.000000000000000000e+02
9.418000000000000000e+03 1.920000000000000000e+02 9.600000000000000000e+01 6.000000000000000000e+02
9.458000000000000000e+03 6.400000000000000000e+01 8.000000000000000000e+01 6.160000000000000000e+02
9.498000000000000000e+03 -4.800000000000000000e+01 1.360000000000000000e+02 6.400000000000000000e+02
9.538000000000000000e+03 -1.360000000000000000e+02 1.280000000000000000e+02 7.680000000000000000e+02
9.578000000000000000e+03 -2.000000000000000000e+02 2.160000000000000000e+02 8.720000000000000000e+02
9.618000000000000000e+03 -2.800000000000000000e+02 3.360000000000000000e+02 1.160000000000000000e+03
9.658000000000000000e+03 -2.800000000000000000e+02 4.000000000000000000e+02 1.360000000000000000e+03
9.698000000000000000e+03 -2.320000000000000000e+02 4.480000000000000000e+02 1.400000000000000000e+03
9.738000000000000000e+03 -1.520000000000000000e+02 5.040000000000000000e+02 1.544000000000000000e+03
9.778000000000000000e+03 -5.600000000000000000e+01 4.320000000000000000e+02 1.120000000000000000e+03
9.818000000000000000e+03 -8.000000000000000000e+00 3.120000000000000000e+02 1.024000000000000000e+03
9.858000000000000000e+03 -1.600000000000000000e+01 2.880000000000000000e+02 1.008000000000000000e+03
9.898000000000000000e+03 1.600000000000000000e+01 1.760000000000000000e+02 9.680000000000000000e+02
9.938000000000000000e+03 3.200000000000000000e+01 1.840000000000000000e+02 8.240000000000000000e+02
9.970000000000000000e+03 1.600000000000000000e+01 2.240000000000000000e+02 6.400000000000000000e+02
1.001000000000000000e+04 -4.800000000000000000e+01 2.560000000000000000e+02 5.280000000000000000e+02
1.005000000000000000e+04 -1.840000000000000000e+02 2.960000000000000000e+02 5.360000000000000000e+02
1.009000000000000000e+04 -2.800000000000000000e+02 3.360000000000000000e+02 6.800000000000000000e+02
1.013000000000000000e+04 -3.360000000000000000e+02 4.160000000000000000e+02 9.200000000000000000e+02
1.017000000000000000e+04 -3.760000000000000000e+02 5.840000000000000000e+02 1.088000000000000000e+03
1.021000000000000000e+04 -3.760000000000000000e+02 6.480000000000000000e+02 1.184000000000000000e+03
1.025000000000000000e+04 -3.920000000000000000e+02 6.880000000000000000e+02 1.256000000000000000e+03
1.029000000000000000e+04 -3.040000000000000000e+02 7.200000000000000000e+02 1.104000000000000000e+03
1.033000000000000000e+04 -2.080000000000000000e+02 7.520000000000000000e+02 9.840000000000000000e+02
1.037000000000000000e+04 -1.040000000000000000e+02 7.040000000000000000e+02 7.680000000000000000e+02
1.041000000000000000e+04 -8.000000000000000000e+01 6.000000000000000000e+02 6.640000000000000000e+02
1.045000000000000000e+04 -8.000000000000000000e+01 5.440000000000000000e+02 5.680000000000000000e+02
1.049000000000000000e+04 -8.800000000000000000e+01 4.400000000000000000e+02 4.720000000000000000e+02
1.053000000000000000e+04 -1.840000000000000000e+02 3.920000000000000000e+02 4.800000000000000000e+02
1.057000000000000000e+04 -2.800000000000000000e+02 3.760000000000000000e+02 4.720000000000000000e+02
1.061000000000000000e+04 -3.600000000000000000e+02 4.320000000000000000e+02 5.920000000000000000e+02
1.065000000000000000e+04 -4.480000000000000000e+02 5.200000000000000000e+02 5.920000000000000000e+02
1.069000000000000000e+04 -5.520000000000000000e+02 6.400000000000000000e+02 8.160000000000000000e+02
1.073000000000000000e+04 -6.160000000000000000e+02 7.920000000000000000e+02 8.720000000000000000e+02
1.077000000000000000e+04 -6.480000000000000000e+02 8.240000000000000000e+02 9.200000000000000000e+02
1.081000000000000000e+04 -5.920000000000000000e+02 8.480000000000000000e+02 9.840000000000000000e+02
1.085000000000000000e+04 -4.640000000000000000e+02 7.280000000000000000e+02 7.760000000000000000e+02
1.089000000000000000e+04 -3.440000000000000000e+02 6.800000000000000000e+02 8.560000000000000000e+02
1.093000000000000000e+04 -3.120000000000000000e+02 5.840000000000000000e+02 7.920000000000000000e+02
1.096300000000000000e+04 -2.960000000000000000e+02 4.880000000000000000e+02 6.880000000000000000e+02
1.100300000000000000e+04 -2.400000000000000000e+02 4.480000000000000000e+02 5.200000000000000000e+02
1.104300000000000000e+04 -2.240000000000000000e+02 3.840000000000000000e+02 4.000000000000000000e+02
1.108300000000000000e+04 -2.720000000000000000e+02 4.080000000000000000e+02 6.240000000000000000e+02
1.112300000000000000e+04 -2.960000000000000000e+02 4.560000000000000000e+02 6.320000000000000000e+02
1.116300000000000000e+04 -3.360000000000000000e+02 4.960000000000000000e+02 7.120000000000000000e+02
1.120300000000000000e+04 -4.000000000000000000e+02 5.680000000000000000e+02 9.680000000000000000e+02
1.124300000000000000e+04 -4.720000000000000000e+02 6.560000000000000000e+02 1.136000000000000000e+03
1.128300000000000000e+04 -5.040000000000000000e+02 7.520000000000000000e+02 1.128000000000000000e+03
1.132300000000000000e+04 -4.640000000000000000e+02 7.440000000000000000e+02 1.032000000000000000e+03
1.136300000000000000e+04 -3.280000000000000000e+02 8.000000000000000000e+02 9.200000000000000000e+02
1.140300000000000000e+04 -2.160000000000000000e+02 7.440000000000000000e+02 7.520000000000000000e+02
1.144300000000000000e+04 -8.800000000000000000e+01 6.080000000000000000e+02 7.360000000000000000e+02
1.148300000000000000e+04 -8.000000000000000000e+01 5.600000000000000000e+02 7.040000000000000000e+02
1.152300000000000000e+04 -1.440000000000000000e+02 5.200000000000000000e+02 6.000000000000000000e+02
1.156300000000000000e+04 -1.760000000000000000e+02 4.560000000000000000e+02 5.200000000000000000e+02
1.160300000000000000e+04 -2.160000000000000000e+02 4.160000000000000000e+02 6.000000000000000000e+02
1.164300000000000000e+04 -2.880000000000000000e+02 4.240000000000000000e+02 4.880000000000000000e+02
1.168300000000000000e+04 -3.440000000000000000e+02 4.320000000000000000e+02 5.680000000000000000e+02
1.172300000000000000e+04 -4.080000000000000000e+02 5.280000000000000000e+02 7.360000000000000000e+02
1.176300000000000000e+04 -4.320000000000000000e+02 6.240000000000000000e+02 7.760000000000000000e+02
1.180300000000000000e+04 -4.560000000000000000e+02 7.040000000000000000e+02 9.760000000000000000e+02
1.184300000000000000e+04 -4.880000000000000000e+02 7.600000000000000000e+02 1.256000000000000000e+03
1.188300000000000000e+04 -3.760000000000000000e+02 7.600000000000000000e+02 1.040000000000000000e+03
1.192300000000000000e+04 -2.640000000000000000e+02 6.320000000000000000e+02 8.960000000000000000e+02
1.195500000000000000e+04 -2.000000000000000000e+02 5.440000000000000000e+02 9.120000000000000000e+02
1.199500000000000000e+04 -1.680000000000000000e+02 4.720000000000000000e+02 8.560000000000000000e+02
1.203500000000000000e+04 -1.520000000000000000e+02 4.000000000000000000e+02 7.920000000000000000e+02
1.207500000000000000e+04 -8.800000000000000000e+01 3.760000000000000000e+02 5.520000000000000000e+02
1.211500000000000000e+04 -8.800000000000000000e+01 3.280000000000000000e+02 5.600000000000000000e+02
1.215500000000000000e+04 -1.120000000000000000e+02 3.200000000000000000e+02 6.080000000000000000e+02
1.219500000000000000e+04 -1.600000000000000000e+02 3.600000000000000000e+02 7.840000000000000000e+02
1.223500000000000000e+04 -2.000000000000000000e+02 3.680000000000000000e+02 7.440000000000000000e+02
1.227500000000000000e+04 -1.920000000000000000e+02 4.800000000000000000e+02 8.560000000000000000e+02
1.231500000000000000e+04 -2.400000000000000000e+02 5.520000000000000000e+02 1.184000000000000000e+03
1.235500000000000000e+04 -2.160000000000000000e+02 6.240000000000000000e+02 1.248000000000000000e+03
1.239500000000000000e+04 -2.080000000000000000e+02 7.040000000000000000e+02 1.392000000000000000e+03
1.243500000000000000e+04 -8.800000000000000000e+01 6.960000000000000000e+02 1.176000000000000000e+03
1.247500000000000000e+04 2.400000000000000000e+01 6.480000000000000000e+02 1.104000000000000000e+03
1.251500000000000000e+04 1.440000000000000000e+02 5.680000000000000000e+02 1.008000000000000000e+03
1.255500000000000000e+04 1.920000000000000000e+02 5.440000000000000000e+02 8.320000000000000000e+02
1.259500000000000000e+04 1.360000000000000000e+02 5.600000000000000000e+02 7.840000000000000000e+02
1.263500000000000000e+04 8.800000000000000000e+01 4.560000000000000000e+02 7.200000000000000000e+02
1.267500000000000000e+04 4.800000000000000000e+01 3.680000000000000000e+02 6.080000000000000000e+02
1.271500000000000000e+04 -1.600000000000000000e+01 3.440000000000000000e+02 5.040000000000000000e+02
1.275500000000000000e+04 -1.200000000000000000e+02 4.400000000000000000e+02 6.400000000000000000e+02
1.279500000000000000e+04 -2.800000000000000000e+02 4.720000000000000000e+02 6.080000000000000000e+02
1.283500000000000000e+04 -3.520000000000000000e+02 6.800000000000000000e+02 7.440000000000000000e+02
1.287500000000000000e+04 -3.920000000000000000e+02 7.600000000000000000e+02 8.320000000000000000e+02
1.291500000000000000e+04 -4.480000000000000000e+02 8.080000000000000000e+02 9.600000000000000000e+02
1.294700000000000000e+04 -3.920000000000000000e+02 8.480000000000000000e+02 9.120000000000000000e+02
1.298700000000000000e+04 -2.640000000000000000e+02 7.600000000000000000e+02 1.000000000000000000e+03
1.302700000000000000e+04 -1.760000000000000000e+02 6.320000000000000000e+02 8.480000000000000000e+02
1.306700000000000000e+04 -1.680000000000000000e+02 5.600000000000000000e+02 7.760000000000000000e+02
1.310700000000000000e+04 -1.760000000000000000e+02 5.360000000000000000e+02 7.920000000000000000e+02
1.314700000000000000e+04 -1.600000000000000000e+02 4.880000000000000000e+02 5.760000000000000000e+02
1.318700000000000000e+04 -1.760000000000000000e+02 4.800000000000000000e+02 5.040000000000000000e+02
1.322700000000000000e+04 -2.080000000000000000e+02 4.720000000000000000e+02 4.800000000000000000e+02
1.326700000000000000e+04 -2.800000000000000000e+02 5.200000000000000000e+02 6.000000000000000000e+02
1.330700000000000000e+04 -3.280000000000000000e+02 5.280000000000000000e+02 7.040000000000000000e+02
1.334700000000000000e+04 -3.680000000000000000e+02 6.000000000000000000e+02 8.320000000000000000e+02
1.338700000000000000e+04 -4.000000000000000000e+02 6.800000000000000000e+02 1.032000000000000000e+03
1.342700000000000000e+04 -4.080000000000000000e+02 7.520000000000000000e+02 1.128000000000000000e+03
1.346700000000000000e+04 -3.200000000000000000e+02 8.240000000000000000e+02 1.008000000000000000e+03
1.350700000000000000e+04 -1.680000000000000000e+02 8.320000000000000000e+02 8.480000000000000000e+02
1.354700000000000000e+04 -5.600000000000000000e+01 8.320000000000000000e+02 6.880000000000000000e+02
1.358700000000000000e+04 6.400000000000000000e+01 7.920000000000000000e+02 5.680000000000000000e+02
1.362700000000000000e+04 1.600000000000000000e+01 7.520000000000000000e+02 5.680000000000000000e+02
1.366700000000000000e+04 -4.800000000000000000e+01 6.480000000000000000e+02 4.160000000000000000e+02
1.370700000000000000e+04 -1.680000000000000000e+02 4.960000000000000000e+02 4.320000000000000000e+02
1.374700000000000000e+04 -2.320000000000000000e+02 4.400000000000000000e+02 4.560000000000000000e+02
1.378700000000000000e+04 -2.720000000000000000e+02 5.040000000000000000e+02 5.520000000000000000e+02
1.382700000000000000e+04 -3.280000000000000000e+02 5.760000000000000000e+02 6.880000000000000000e+02
1.386700000000000000e+04 -4.000000000000000000e+02 6.480000000000000000e+02 9.040000000000000000e+02
1.390700000000000000e+04 -4.320000000000000000e+02 7.840000000000000000e+02 1.056000000000000000e+03
1.393900000000000000e+04 -4.160000000000000000e+02 7.840000000000000000e+02 9.920000000000000000e+02
1.397900000000000000e+04 -3.680000000000000000e+02 7.760000000000000000e+02 1.136000000000000000e+03
1.401900000000000000e+04 -2.480000000000000000e+02 6.960000000000000000e+02 9.760000000000000000e+02
1.405900000000000000e+04 -1.680000000000000000e+02 6.240000000000000000e+02 9.360000000000000000e+02
1.409900000000000000e+04 -1.040000000000000000e+02 5.520000000000000000e+02 9.440000000000000000e+02
1.413900000000000000e+04 -1.040000000000000000e+02 4.560000000000000000e+02 8.240000000000000000e+02
1.417900000000000000e+04 -1.120000000000000000e+02 4.320000000000000000e+02 6.080000000000000000e+02
1.421900000000000000e+04 -1.440000000000000000e+02 4.320000000000000000e+02 5.280000000000000000e+02
1.425900000000000000e+04 -2.080000000000000000e+02 4.240000000000000000e+02 5.600000000000000000e+02
1.429900000000000000e+04 -2.160000000000000000e+02 4.560000000000000000e+02 5.600000000000000000e+02
1.433900000000000000e+04 -2.560000000000000000e+02 4.880000000000000000e+02 6.880000000000000000e+02
1.437900000000000000e+04 -3.040000000000000000e+02 5.520000000000000000e+02 8.640000000000000000e+02
1.441900000000000000e+04 -3.520000000000000000e+02 6.320000000000000000e+02 1.000000000000000000e+03
1.445900000000000000e+04 -4.160000000000000000e+02 6.800000000000000000e+02 1.144000000000000000e+03
1.449900000000000000e+04 -3.760000000000000000e+02 7.440000000000000000e+02 1.208000000000000000e+03
1.453900000000000000e+04 -2.240000000000000000e+02 7.760000000000000000e+02 9.840000000000000000e+02
1.457900000000000000e+04 -1.040000000000000000e+02 7.440000000000000000e+02 9.280000000000000000e+02
1.461900000000000000e+04 -4.800000000000000000e+01 6.400000000000000000e+02 7.760000000000000000e+02
1.465900000000000000e+04 -7.200000000000000000e+01 5.600000000000000000e+02 6.640000000000000000e+02
1.469900000000000000e+04 -9.600000000000000000e+01 5.120000000000000000e+02 6.160000000000000000e+02
1.473900000000000000e+04 -1.440000000000000000e+02 4.320000000000000000e+02 5.280000000000000000e+02
1.477900000000000000e+04 -2.160000000000000000e+02 3.760000000000000000e+02 5.760000000000000000e+02
1.481900000000000000e+04 -2.560000000000000000e+02 4.080000000000000000e+02 5.760000000000000000e+02
1.485900000000000000e+04 -3.200000000000000000e+02 4.560000000000000000e+02 5.520000000000000000e+02
1.489900000000000000e+04 -4.080000000000000000e+02 5.360000000000000000e+02 7.680000000000000000e+02
1.493100000000000000e+04 -4.560000000000000000e+02 6.560000000000000000e+02 9.440000000000000000e+02
1.497100000000000000e+04 -4.720000000000000000e+02 7.280000000000000000e+02 1.112000000000000000e+03
1.501100000000000000e+04 -4.160000000000000000e+02 8.000000000000000000e+02 1.256000000000000000e+03
1.505100000000000000e+04 -2.880000000000000000e+02 7.280000000000000000e+02 9.200000000000000000e+02
1.509100000000000000e+04 -2.400000000000000000e+02 6.400000000000000000e+02 9.360000000000000000e+02
1.513100000000000000e+04 -2.240000000000000000e+02 5.360000000000000000e+02 8.480000000000000000e+02
1.517100000000000000e+04 -2.160000000000000000e+02 4.720000000000000000e+02 7.760000000000000000e+02
1.521100000000000000e+04 -1.920000000000000000e+02 4.480000000000000000e+02 7.440000000000000000e+02
1.525100000000000000e+04 -1.440000000000000000e+02 4.320000000000000000e+02 5.760000000000000000e+02
1.529100000000000000e+04 -1.760000000000000000e+02 3.760000000000000000e+02 5.360000000000000000e+02
1.533100000000000000e+04 -1.840000000000000000e+02 3.840000000000000000e+02 5.280000000000000000e+02
1.537100000000000000e+04 -2.320000000000000000e+02 4.000000000000000000e+02 6.560000000000000000e+02
1.541100000000000000e+04 -2.320000000000000000e+02 4.480000000000000000e+02 8.240000000000000000e+02
1.545100000000000000e+04 -2.320000000000000000e+02 5.360000000000000000e+02 1.064000000000000000e+03
1.549100000000000000e+04 -2.400000000000000000e+02 6.400000000000000000e+02 1.312000000000000000e+03
1.553100000000000000e+04 -2.480000000000000000e+02 7.040000000000000000e+02 1.336000000000000000e+03
1.557100000000000000e+04 -2.080000000000000000e+02 7.520000000000000000e+02 1.144000000000000000e+03
1.561100000000000000e+04 -1.360000000000000000e+02 7.920000000000000000e+02 1.056000000000000000e+03
1.565100000000000000e+04 -1.600000000000000000e+01 7.280000000000000000e+02 8.800000000000000000e+02
1.569100000000000000e+04 4.000000000000000000e+01 6.640000000000000000e+02 7.680000000000000000e+02
1.573100000000000000e+04 4.000000000000000000e+01 5.120000000000000000e+02 6.560000000000000000e+02
1.577100000000000000e+04 -8.000000000000000000e+00 4.080000000000000000e+02 5.120000000000000000e+02
1.581100000000000000e+04 -7.200000000000000000e+01 3.200000000000000000e+02 5.440000000000000000e+02
1.585100000000000000e+04 -1.520000000000000000e+02 3.200000000000000000e+02 6.080000000000000000e+02
1.589100000000000000e+04 -2.880000000000000000e+02 3.920000000000000000e+02 5.920000000000000000e+02
1.592200000000000000e+04 -4.080000000000000000e+02 4.960000000000000000e+02 6.800000000000000000e+02
1.596200000000000000e+04 -5.200000000000000000e+02 6.480000000000000000e+02 1.000000000000000000e+03
1.600200000000000000e+04 -5.120000000000000000e+02 7.760000000000000000e+02 1.080000000000000000e+03
1.604200000000000000e+04 -5.120000000000000000e+02 8.160000000000000000e+02 1.040000000000000000e+03
1.608200000000000000e+04 -4.800000000000000000e+02 7.440000000000000000e+02 1.152000000000000000e+03
1.612200000000000000e+04 -3.520000000000000000e+02 6.240000000000000000e+02 8.800000000000000000e+02
1.616200000000000000e+04 -2.320000000000000000e+02 5.680000000000000000e+02 9.920000000000000000e+02
1.620200000000000000e+04 -1.520000000000000000e+02 4.880000000000000000e+02 8.960000000000000000e+02
1.624200000000000000e+04 -1.760000000000000000e+02 4.480000000000000000e+02 6.560000000000000000e+02
1.628200000000000000e+04 -1.760000000000000000e+02 4.480000000000000000e+02 4.160000000000000000e+02
1.632200000000000000e+04 -2.080000000000000000e+02 4.240000000000000000e+02 4.000000000000000000e+02
1.636200000000000000e+04 -2.640000000000000000e+02 4.160000000000000000e+02 4.560000000000000000e+02
1.640200000000000000e+04 -3.200000000000000000e+02 5.120000000000000000e+02 5.840000000000000000e+02
1.644200000000000000e+04 -3.840000000000000000e+02 5.920000000000000000e+02 7.920000000000000000e+02
1.648200000000000000e+04 -4.320000000000000000e+02 6.720000000000000000e+02 9.040000000000000000e+02
1.652200000000000000e+04 -4.800000000000000000e+02 7.520000000000000000e+02 1.040000000000000000e+03
1.656200000000000000e+04 -4.960000000000000000e+02 7.920000000000000000e+02 1.072000000000000000e+03
1.660200000000000000e+04 -4.000000000000000000e+02 7.920000000000000000e+02 8.800000000000000000e+02
1.664200000000000000e+04 -2.720000000000000000e+02 7.680000000000000000e+02 8.480000000000000000e+02
1.668200000000000000e+04 -2.160000000000000000e+02 7.280000000000000000e+02 7.680000000000000000e+02
1.672200000000000000e+04 -2.000000000000000000e+02 6.880000000000000000e+02 7.040000000000000000e+02
1.676200000000000000e+04 -2.160000000000000000e+02 6.000000000000000000e+02 5.920000000000000000e+02
1.680200000000000000e+04 -2.160000000000000000e+02 4.880000000000000000e+02 5.200000000000000000e+02
1.684200000000000000e+04 -2.800000000000000000e+02 3.840000000000000000e+02 4.560000000000000000e+02
1.688200000000000000e+04 -3.040000000000000000e+02 4.160000000000000000e+02 4.560000000000000000e+02
1.691500000000000000e+04 -3.840000000000000000e+02 4.480000000000000000e+02 6.000000000000000000e+02
1.695500000000000000e+04 -4.640000000000000000e+02 4.960000000000000000e+02 6.320000000000000000e+02
1.699500000000000000e+04 -5.520000000000000000e+02 6.160000000000000000e+02 8.000000000000000000e+02
1.703500000000000000e+04 -6.240000000000000000e+02 7.200000000000000000e+02 9.040000000000000000e+02
1.707500000000000000e+04 -6.080000000000000000e+02 7.280000000000000000e+02 9.040000000000000000e+02
1.711500000000000000e+04 -5.520000000000000000e+02 7.440000000000000000e+02 9.760000000000000000e+02
1.715500000000000000e+04 -4.320000000000000000e+02 6.240000000000000000e+02 8.800000000000000000e+02
1.719500000000000000e+04 -3.520000000000000000e+02 6.160000000000000000e+02 1.048000000000000000e+03
1.723500000000000000e+04 -2.880000000000000000e+02 5.760000000000000000e+02 9.200000000000000000e+02
1.727500000000000000e+04 -2.880000000000000000e+02 4.480000000000000000e+02 7.280000000000000000e+02
1.731500000000000000e+04 -2.400000000000000000e+02 4.640000000000000000e+02 5.440000000000000000e+02
1.735500000000000000e+04 -2.480000000000000000e+02 4.080000000000000000e+02 4.080000000000000000e+02
1.739500000000000000e+04 -2.800000000000000000e+02 4.080000000000000000e+02 4.720000000000000000e+02
1.743500000000000000e+04 -2.960000000000000000e+02 4.720000000000000000e+02 5.760000000000000000e+02
1.747500000000000000e+04 -3.520000000000000000e+02 4.800000000000000000e+02 7.680000000000000000e+02
1.751500000000000000e+04 -4.240000000000000000e+02 5.840000000000000000e+02 9.680000000000000000e+02
1.755500000000000000e+04 -4.240000000000000000e+02 6.560000000000000000e+02 1.080000000000000000e+03
1.759500000000000000e+04 -4.720000000000000000e+02 7.600000000000000000e+02 1.136000000000000000e+03
1.763500000000000000e+04 -4.320000000000000000e+02 7.920000000000000000e+02 1.056000000000000000e+03
1.767500000000000000e+04 -3.120000000000000000e+02 7.840000000000000000e+02 8.960000000000000000e+02
1.771500000000000000e+04 -2.240000000000000000e+02 7.440000000000000000e+02 7.280000000000000000e+02
1.775500000000000000e+04 -1.520000000000000000e+02 6.720000000000000000e+02 6.480000000000000000e+02
1.779500000000000000e+04 -1.760000000000000000e+02 6.160000000000000000e+02 6.960000000000000000e+02
1.783500000000000000e+04 -1.520000000000000000e+02 5.840000000000000000e+02 6.080000000000000000e+02
1.787500000000000000e+04 -1.840000000000000000e+02 4.720000000000000000e+02 5.520000000000000000e+02
1.790700000000000000e+04 -2.560000000000000000e+02 4.240000000000000000e+02 5.920000000000000000e+02
1.794700000000000000e+04 -2.880000000000000000e+02 4.160000000000000000e+02 5.120000000000000000e+02
1.798700000000000000e+04 -3.360000000000000000e+02 4.400000000000000000e+02 5.360000000000000000e+02
1.802700000000000000e+04 -4.240000000000000000e+02 5.520000000000000000e+02 6.400000000000000000e+02
1.806700000000000000e+04 -5.200000000000000000e+02 6.240000000000000000e+02 9.440000000000000000e+02
1.810700000000000000e+04 -4.880000000000000000e+02 7.360000000000000000e+02 9.120000000000000000e+02
1.814700000000000000e+04 -5.200000000000000000e+02 8.000000000000000000e+02 1.160000000000000000e+03
1.818700000000000000e+04 -4.640000000000000000e+02 7.600000000000000000e+02 9.360000000000000000e+02
1.822700000000000000e+04 -3.680000000000000000e+02 6.720000000000000000e+02 8.160000000000000000e+02
1.826700000000000000e+04 -2.800000000000000000e+02 6.080000000000000000e+02 9.120000000000000000e+02
1.830700000000000000e+04 -2.720000000000000000e+02 4.800000000000000000e+02 9.200000000000000000e+02
1.834700000000000000e+04 -2.080000000000000000e+02 4.160000000000000000e+02 7.120000000000000000e+02
1.838700000000000000e+04 -1.680000000000000000e+02 4.400000000000000000e+02 6.000000000000000000e+02
1.842700000000000000e+04 -2.000000000000000000e+02 4.000000000000000000e+02 5.520000000000000000e+02
1.846700000000000000e+04 -2.720000000000000000e+02 3.920000000000000000e+02 5.200000000000000000e+02
1.850700000000000000e+04 -3.120000000000000000e+02 4.400000000000000000e+02 6.240000000000000000e+02
1.854700000000000000e+04 -3.360000000000000000e+02 4.640000000000000000e+02 8.080000000000000000e+02
1.858700000000000000e+04 -3.840000000000000000e+02 5.600000000000000000e+02 1.104000000000000000e+03
1.862700000000000000e+04 -3.760000000000000000e+02 6.480000000000000000e+02 1.232000000000000000e+03
1.866700000000000000e+04 -2.960000000000000000e+02 7.040000000000000000e+02 1.184000000000000000e+03
1.870700000000000000e+04 -2.080000000000000000e+02 7.120000000000000000e+02 1.168000000000000000e+03
1.874700000000000000e+04 -1.600000000000000000e+02 7.040000000000000000e+02 8.960000000000000000e+02
1.878700000000000000e+04 -1.600000000000000000e+01 6.000000000000000000e+02 5.440000000000000000e+02
1.882700000000000000e+04 0.000000000000000000e+00 5.040000000000000000e+02 8.160000000000000000e+02
1.886700000000000000e+04 -3.200000000000000000e+01 3.760000000000000000e+02 7.200000000000000000e+02
1.889900000000000000e+04 -1.600000000000000000e+01 2.720000000000000000e+02 6.000000000000000000e+02
1.893900000000000000e+04 -4.800000000000000000e+01 2.160000000000000000e+02 6.960000000000000000e+02
1.897900000000000000e+04 -8.800000000000000000e+01 1.600000000000000000e+02 7.280000000000000000e+02
1.901900000000000000e+04 -1.040000000000000000e+02 2.640000000000000000e+02 9.360000000000000000e+02
1.905900000000000000e+04 -1.440000000000000000e+02 3.360000000000000000e+02 9.600000000000000000e+02
1.909900000000000000e+04 -2.000000000000000000e+02 4.240000000000000000e+02 1.216000000000000000e+03
1.913900000000000000e+04 -2.080000000000000000e+02 4.400000000000000000e+02 1.328000000000000000e+03
1.917900000000000000e+04 -1.440000000000000000e+02 4.000000000000000000e+02 1.304000000000000000e+03
1.921900000000000000e+04 -1.200000000000000000e+02 4.240000000000000000e+02 1.488000000000000000e+03
1.925900000000000000e+04 0.000000000000000000e+00 3.200000000000000000e+02 1.120000000000000000e+03
1.929900000000000000e+04 9.600000000000000000e+01 2.560000000000000000e+02 1.112000000000000000e+03
1.933900000000000000e+04 1.600000000000000000e+02 2.160000000000000000e+02 9.920000000000000000e+02
1.937900000000000000e+04 1.680000000000000000e+02 1.760000000000000000e+02 8.800000000000000000e+02
1.941900000000000000e+04 1.520000000000000000e+02 2.080000000000000000e+02 6.640000000000000000e+02
1.945900000000000000e+04 6.400000000000000000e+01 2.560000000000000000e+02 6.400000000000000000e+02
1.949900000000000000e+04 -1.600000000000000000e+01 3.280000000000000000e+02 5.680000000000000000e+02
1.953900000000000000e+04 -9.600000000000000000e+01 3.920000000000000000e+02 7.440000000000000000e+02
1.957900000000000000e+04 -1.680000000000000000e+02 4.480000000000000000e+02 9.600000000000000000e+02
1.961900000000000000e+04 -1.600000000000000000e+02 4.800000000000000000e+02 1.168000000000000000e+03
1.965900000000000000e+04 -1.760000000000000000e+02 5.280000000000000000e+02 1.392000000000000000e+03
1.969900000000000000e+04 -1.360000000000000000e+02 5.600000000000000000e+02 1.448000000000000000e+03
1.973900000000000000e+04 -6.400000000000000000e+01 5.600000000000000000e+02 1.216000000000000000e+03
1.977900000000000000e+04 4.000000000000000000e+01 5.280000000000000000e+02 1.000000000000000000e+03
1.981900000000000000e+04 4.000000000000000000e+01 4.800000000000000000e+02 1.040000000000000000e+03
1.985900000000000000e+04 7.200000000000000000e+01 4.800000000000000000e+02 7.680000000000000000e+02
1.989100000000000000e+04 8.000000000000000000e+00 4.400000000000000000e+02 6.560000000000000000e+02
1.993100000000000000e+04 -5.600000000000000000e+01 4.160000000000000000e+02 5.920000000000000000e+02
1.997100000000000000e+04 -1.280000000000000000e+02 3.600000000000000000e+02 4.880000000000000000e+02
2.001100000000000000e+04 -2.000000000000000000e+02 3.280000000000000000e+02 5.600000000000000000e+02
2.005100000000000000e+04 -2.560000000000000000e+02 3.360000000000000000e+02 6.480000000000000000e+02
2.009100000000000000e+04 -3.120000000000000000e+02 4.000000000000000000e+02 6.160000000000000000e+02
2.013100000000000000e+04 -3.920000000000000000e+02 4.800000000000000000e+02 7.920000000000000000e+02
2.017100000000000000e+04 -4.960000000000000000e+02 5.360000000000000000e+02 1.024000000000000000e+03
2.021100000000000000e+04 -5.520000000000000000e+02 5.680000000000000000e+02 1.024000000000000000e+03
2.025100000000000000e+04 -5.840000000000000000e+02 5.920000000000000000e+02 1.392000000000000000e+03
2.029100000000000000e+04 -4.320000000000000000e+02 5.760000000000000000e+02 1.048000000000000000e+03
2.033100000000000000e+04 -3.440000000000000000e+02 4.560000000000000000e+02 9.920000000000000000e+02
2.037100000000000000e+04 -2.960000000000000000e+02 3.680000000000000000e+02 9.600000000000000000e+02
2.041100000000000000e+04 -2.800000000000000000e+02 2.960000000000000000e+02 8.480000000000000000e+02
2.045100000000000000e+04 -2.640000000000000000e+02 2.800000000000000000e+02 7.440000000000000000e+02
2.049100000000000000e+04 -2.560000000000000000e+02 3.120000000000000000e+02 5.440000000000000000e+02
2.053100000000000000e+04 -2.960000000000000000e+02 3.600000000000000000e+02 5.040000000000000000e+02
2.057100000000000000e+04 -3.600000000000000000e+02 3.600000000000000000e+02 5.200000000000000000e+02
2.061100000000000000e+04 -4.000000000000000000e+02 3.760000000000000000e+02 6.160000000000000000e+02
2.065100000000000000e+04 -4.560000000000000000e+02 4.240000000000000000e+02 9.200000000000000000e+02
2.069100000000000000e+04 -4.880000000000000000e+02 5.120000000000000000e+02 1.192000000000000000e+03
2.073100000000000000e+04 -4.720000000000000000e+02 5.600000000000000000e+02 1.160000000000000000e+03
2.077100000000000000e+04 -5.120000000000000000e+02 5.600000000000000000e+02 1.160000000000000000e+03
2.081100000000000000e+04 -4.400000000000000000e+02 5.920000000000000000e+02 1.032000000000000000e+03
2.085100000000000000e+04 -3.200000000000000000e+02 5.920000000000000000e+02 8.800000000000000000e+02
