2.300000000000000000e+01 -1.040000000000000000e+02 6.480000000000000000e+02 -7.680000000000000000e+02
6.300000000000000000e+01 -1.120000000000000000e+02 6.800000000000000000e+02 -7.280000000000000000e+02
1.030000000000000000e+02 -1.120000000000000000e+02 6.720000000000000000e+02 -7.680000000000000000e+02
1.430000000000000000e+02 -1.200000000000000000e+02 6.640000000000000000e+02 -7.600000000000000000e+02
1.830000000000000000e+02 -9.600000000000000000e+01 6.640000000000000000e+02 -7.280000000000000000e+02
2.230000000000000000e+02 -8.000000000000000000e+01 6.560000000000000000e+02 -7.680000000000000000e+02
2.630000000000000000e+02 -1.040000000000000000e+02 6.640000000000000000e+02 -7.440000000000000000e+02
3.030000000000000000e+02 -1.360000000000000000e+02 6.560000000000000000e+02 -7.520000000000000000e+02
3.430000000000000000e+02 -1.440000000000000000e+02 6.560000000000000000e+02 -7.520000000000000000e+02
3.830000000000000000e+02 -1.200000000000000000e+02 6.400000000000000000e+02 -7.520000000000000000e+02
4.230000000000000000e+02 -1.200000000000000000e+02 6.640000000000000000e+02 -7.600000000000000000e+02
4.630000000000000000e+02 -1.200000000000000000e+02 6.640000000000000000e+02 -7.680000000000000000e+02
5.030000000000000000e+02 1.120000000000000000e+02 7.920000000000000000e+02 -7.520000000000000000e+02
5.430000000000000000e+02 -8.400000000000000000e+02 1.176000000000000000e+03 -9.120000000000000000e+02
5.830000000000000000e+02 -1.720000000000000000e+03 3.360000000000000000e+02 -8.720000000000000000e+02
6.230000000000000000e+02 -2.528000000000000000e+03 -3.200000000000000000e+01 -8.640000000000000000e+02
6.630000000000000000e+02 6.240000000000000000e+02 -3.280000000000000000e+02 -1.600000000000000000e+02
7.030000000000000000e+02 2.216000000000000000e+03 4.480000000000000000e+02 -5.840000000000000000e+02
7.430000000000000000e+02 1.600000000000000000e+02 1.744000000000000000e+03 -1.304000000000000000e+03
7.830000000000000000e+02 6.480000000000000000e+02 1.344000000000000000e+03 -7.360000000000000000e+02
8.230000000000000000e+02 4.000000000000000000e+02 8.080000000000000000e+02 -6.960000000000000000e+02
8.630000000000000000e+02 2.400000000000000000e+02 7.760000000000000000e+02 -7.680000000000000000e+02
9.030000000000000000e+02 4.800000000000000000e+01 7.040000000000000000e+02 -6.800000000000000000e+02
9.430000000000000000e+02 -2.400000000000000000e+01 6.960000000000000000e+02 -7.680000000000000000e+02
9.830000000000000000e+02 -5.600000000000000000e+01 6.720000000000000000e+02 -7.440000000000000000e+02
1.016000000000000000e+03 -8.000000000000000000e+01 6.640000000000000000e+02 -7.520000000000000000e+02
1.056000000000000000e+03 -1.040000000000000000e+02 6.480000000000000000e+02 -7.680000000000000000e+02
1.096000000000000000e+03 -8.800000000000000000e+01 6.640000000000000000e+02 -7.600000000000000000e+02
1.136000000000000000e+03 -8.800000000000000000e+01 6.480000000000000000e+02 -7.840000000000000000e+02
1.176000000000000000e+03 -8.000000000000000000e+01 6.480000000000000000e+02 -7.440000000000000000e+02
1.216000000000000000e+03 -8.000000000000000000e+01 6.560000000000000000e+02 -7.760000000000000000e+02
1.256000000000000000e+03 -9.600000000000000000e+01 6.480000000000000000e+02 -7.920000000000000000e+02
1.296000000000000000e+03 -8.800000000000000000e+01 6.480000000000000000e+02 -7.680000000000000000e+02
1.336000000000000000e+03 -1.040000000000000000e+02 6.480000000000000000e+02 -7.520000000000000000e+02
1.376000000000000000e+03 -1.120000000000000000e+02 6.480000000000000000e+02 -7.760000000000000000e+02
1.416000000000000000e+03 -7.200000000000000000e+01 6.720000000000000000e+02 -7.680000000000000000e+02
1.456000000000000000e+03 -8.800000000000000000e+01 6.640000000000000000e+02 -8.240000000000000000e+02
1.496000000000000000e+03 -8.000000000000000000e+01 6.720000000000000000e+02 -8.160000000000000000e+02
1.536000000000000000e+03 -1.120000000000000000e+02 6.720000000000000000e+02 -7.600000000000000000e+02
1.576000000000000000e+03 -1.440000000000000000e+02 6.400000000000000000e+02 -7.120000000000000000e+02
1.616000000000000000e+03 -1.680000000000000000e+02 7.440000000000000000e+02 -7.600000000000000000e+02
1.656000000000000000e+03 -1.520000000000000000e+02 6.240000000000000000e+02 -8.720000000000000000e+02
1.696000000000000000e+03 -1.360000000000000000e+02 4.480000000000000000e+02 -1.008000000000000000e+03
1.736000000000000000e+03 -8.800000000000000000e+01 2.080000000000000000e+02 -1.040000000000000000e+03
1.776000000000000000e+03 -4.000000000000000000e+01 2.640000000000000000e+02 -9.520000000000000000e+02
1.816000000000000000e+03 -2.080000000000000000e+02 3.760000000000000000e+02 -8.320000000000000000e+02
1.856000000000000000e+03 -4.000000000000000000e+01 3.680000000000000000e+02 -8.720000000000000000e+02
1.896000000000000000e+03 -6.400000000000000000e+01 2.480000000000000000e+02 -9.680000000000000000e+02
1.936000000000000000e+03 -1.280000000000000000e+02 3.920000000000000000e+02 -9.280000000000000000e+02
1.976000000000000000e+03 -1.120000000000000000e+02 3.040000000000000000e+02 -1.192000000000000000e+03
2.007000000000000000e+03 -1.520000000000000000e+02 3.040000000000000000e+02 -1.136000000000000000e+03
2.047000000000000000e+03 4.800000000000000000e+01 1.840000000000000000e+02 -1.152000000000000000e+03
2.087000000000000000e+03 1.840000000000000000e+02 1.360000000000000000e+02 -1.048000000000000000e+03
2.127000000000000000e+03 1.920000000000000000e+02 1.280000000000000000e+02 -1.040000000000000000e+03
2.167000000000000000e+03 4.800000000000000000e+01 4.000000000000000000e+01 -1.064000000000000000e+03
2.207000000000000000e+03 2.400000000000000000e+01 4.000000000000000000e+01 -1.024000000000000000e+03
2.247000000000000000e+03 -3.200000000000000000e+01 -4.800000000000000000e+01 -8.640000000000000000e+02
2.287000000000000000e+03 -8.800000000000000000e+01 -1.360000000000000000e+02 -8.880000000000000000e+02
2.327000000000000000e+03 -1.360000000000000000e+02 -2.160000000000000000e+02 -8.880000000000000000e+02
2.367000000000000000e+03 -1.600000000000000000e+02 -3.200000000000000000e+02 -8.480000000000000000e+02
2.407000000000000000e+03 -7.200000000000000000e+01 -3.680000000000000000e+02 -9.200000000000000000e+02
2.447000000000000000e+03 -2.160000000000000000e+02 -3.760000000000000000e+02 -9.120000000000000000e+02
2.487000000000000000e+03 -1.920000000000000000e+02 -3.440000000000000000e+02 -8.720000000000000000e+02
2.527000000000000000e+03 -1.680000000000000000e+02 -3.280000000000000000e+02 -9.040000000000000000e+02
2.567000000000000000e+03 -1.040000000000000000e+02 -3.040000000000000000e+02 -9.920000000000000000e+02
2.607000000000000000e+03 -1.440000000000000000e+02 -2.800000000000000000e+02 -9.120000000000000000e+02
2.647000000000000000e+03 -1.840000000000000000e+02 -2.080000000000000000e+02 -9.360000000000000000e+02
2.687000000000000000e+03 -1.920000000000000000e+02 -2.400000000000000000e+02 -9.440000000000000000e+02
2.727000000000000000e+03 -1.760000000000000000e+02 -2.080000000000000000e+02 -9.600000000000000000e+02
2.767000000000000000e+03 -1.920000000000000000e+02 -1.760000000000000000e+02 -9.680000000000000000e+02
2.807000000000000000e+03 -1.360000000000000000e+02 -1.840000000000000000e+02 -9.680000000000000000e+02
2.847000000000000000e+03 -1.280000000000000000e+02 -1.760000000000000000e+02 -1.008000000000000000e+03
2.887000000000000000e+03 -1.280000000000000000e+02 -2.240000000000000000e+02 -1.032000000000000000e+03
2.927000000000000000e+03 -1.200000000000000000e+02 -1.840000000000000000e+02 -1.008000000000000000e+03
2.967000000000000000e+03 -1.440000000000000000e+02 -2.000000000000000000e+02 -1.016000000000000000e+03
2.998000000000000000e+03 -1.600000000000000000e+02 -1.920000000000000000e+02 -1.032000000000000000e+03
3.038000000000000000e+03 -1.200000000000000000e+02 -2.080000000000000000e+02 -1.008000000000000000e+03
3.078000000000000000e+03 -9.600000000000000000e+01 -1.600000000000000000e+02 -1.056000000000000000e+03
3.118000000000000000e+03 -8.800000000000000000e+01 -1.280000000000000000e+02 -1.016000000000000000e+03
3.158000000000000000e+03 -9.600000000000000000e+01 -1.040000000000000000e+02 -9.360000000000000000e+02
3.198000000000000000e+03 -1.600000000000000000e+01 -6.400000000000000000e+01 -1.024000000000000000e+03
3.238000000000000000e+03 -8.000000000000000000e+00 -7.200000000000000000e+01 -1.016000000000000000e+03
3.278000000000000000e+03 -7.200000000000000000e+01 -1.040000000000000000e+02 -1.024000000000000000e+03
3.318000000000000000e+03 -9.600000000000000000e+01 -7.200000000000000000e+01 -1.040000000000000000e+03
3.358000000000000000e+03 -1.360000000000000000e+02 -9.600000000000000000e+01 -1.072000000000000000e+03
3.398000000000000000e+03 -1.440000000000000000e+02 -9.600000000000000000e+01 -1.032000000000000000e+03
3.438000000000000000e+03 -1.520000000000000000e+02 -1.200000000000000000e+02 -1.008000000000000000e+03
3.478000000000000000e+03 -1.520000000000000000e+02 -1.280000000000000000e+02 -1.032000000000000000e+03
3.518000000000000000e+03 -1.120000000000000000e+02 -1.280000000000000000e+02 -9.680000000000000000e+02
3.558000000000000000e+03 -7.200000000000000000e+01 -9.600000000000000000e+01 -9.840000000000000000e+02
3.598000000000000000e+03 -4.800000000000000000e+01 -1.200000000000000000e+02 -1.032000000000000000e+03
3.638000000000000000e+03 -4.000000000000000000e+01 -1.440000000000000000e+02 -1.008000000000000000e+03
3.678000000000000000e+03 -6.400000000000000000e+01 -1.520000000000000000e+02 -9.680000000000000000e+02
3.718000000000000000e+03 -6.400000000000000000e+01 -1.600000000000000000e+02 -9.840000000000000000e+02
3.758000000000000000e+03 -7.200000000000000000e+01 -1.600000000000000000e+02 -1.040000000000000000e+03
3.798000000000000000e+03 -8.000000000000000000e+01 -1.920000000000000000e+02 -1.008000000000000000e+03
3.838000000000000000e+03 -7.200000000000000000e+01 -1.760000000000000000e+02 -1.048000000000000000e+03
3.878000000000000000e+03 -7.200000000000000000e+01 -9.600000000000000000e+01 -1.024000000000000000e+03
3.918000000000000000e+03 -5.600000000000000000e+01 -1.440000000000000000e+02 -1.000000000000000000e+03
3.958000000000000000e+03 -4.000000000000000000e+01 -1.600000000000000000e+02 -9.840000000000000000e+02
3.990000000000000000e+03 -8.000000000000000000e+00 -1.760000000000000000e+02 -9.760000000000000000e+02
4.030000000000000000e+03 7.200000000000000000e+01 -1.680000000000000000e+02 -8.720000000000000000e+02
4.070000000000000000e+03 8.000000000000000000e+01 -9.600000000000000000e+01 -9.040000000000000000e+02
4.110000000000000000e+03 6.400000000000000000e+01 -4.000000000000000000e+01 -9.360000000000000000e+02
4.150000000000000000e+03 1.600000000000000000e+01 4.000000000000000000e+01 -8.400000000000000000e+02
4.190000000000000000e+03 -9.600000000000000000e+01 2.000000000000000000e+02 -8.640000000000000000e+02
4.230000000000000000e+03 -1.360000000000000000e+02 3.120000000000000000e+02 -9.360000000000000000e+02
4.270000000000000000e+03 -1.680000000000000000e+02 4.080000000000000000e+02 -9.200000000000000000e+02
4.310000000000000000e+03 -1.520000000000000000e+02 4.720000000000000000e+02 -1.056000000000000000e+03
4.350000000000000000e+03 -1.520000000000000000e+02 4.960000000000000000e+02 -1.024000000000000000e+03
4.390000000000000000e+03 -1.360000000000000000e+02 5.360000000000000000e+02 -9.520000000000000000e+02
4.430000000000000000e+03 -1.040000000000000000e+02 5.520000000000000000e+02 -9.120000000000000000e+02
4.470000000000000000e+03 -1.120000000000000000e+02 5.440000000000000000e+02 -8.480000000000000000e+02
4.510000000000000000e+03 -1.040000000000000000e+02 5.200000000000000000e+02 -8.880000000000000000e+02
4.550000000000000000e+03 -1.120000000000000000e+02 5.440000000000000000e+02 -9.120000000000000000e+02
4.590000000000000000e+03 -1.200000000000000000e+02 6.080000000000000000e+02 -8.960000000000000000e+02
4.630000000000000000e+03 -1.200000000000000000e+02 6.000000000000000000e+02 -7.840000000000000000e+02
4.670000000000000000e+03 -8.800000000000000000e+01 5.760000000000000000e+02 -8.000000000000000000e+02
4.710000000000000000e+03 -6.400000000000000000e+01 5.760000000000000000e+02 -8.160000000000000000e+02
4.750000000000000000e+03 -5.600000000000000000e+01 5.760000000000000000e+02 -9.040000000000000000e+02
4.790000000000000000e+03 -6.400000000000000000e+01 5.200000000000000000e+02 -9.040000000000000000e+02
4.830000000000000000e+03 -4.000000000000000000e+01 5.120000000000000000e+02 -8.720000000000000000e+02
4.870000000000000000e+03 -5.600000000000000000e+01 5.200000000000000000e+02 -9.040000000000000000e+02
4.910000000000000000e+03 -6.400000000000000000e+01 5.360000000000000000e+02 -8.880000000000000000e+02
4.950000000000000000e+03 -3.200000000000000000e+01 5.200000000000000000e+02 -8.480000000000000000e+02
4.982000000000000000e+03 -4.000000000000000000e+01 5.200000000000000000e+02 -8.480000000000000000e+02
5.022000000000000000e+03 -4.800000000000000000e+01 5.520000000000000000e+02 -8.800000000000000000e+02
5.062000000000000000e+03 -4.000000000000000000e+01 5.520000000000000000e+02 -8.480000000000000000e+02
5.102000000000000000e+03 -5.600000000000000000e+01 5.440000000000000000e+02 -8.320000000000000000e+02
5.142000000000000000e+03 -5.600000000000000000e+01 5.520000000000000000e+02 -8.480000000000000000e+02
5.182000000000000000e+03 -4.800000000000000000e+01 5.520000000000000000e+02 -8.400000000000000000e+02
5.222000000000000000e+03 -3.200000000000000000e+01 5.280000000000000000e+02 -8.480000000000000000e+02
5.262000000000000000e+03 -4.800000000000000000e+01 5.680000000000000000e+02 -8.240000000000000000e+02
5.302000000000000000e+03 -6.400000000000000000e+01 5.600000000000000000e+02 -8.400000000000000000e+02
5.342000000000000000e+03 -6.400000000000000000e+01 5.440000000000000000e+02 -8.480000000000000000e+02
5.382000000000000000e+03 -6.400000000000000000e+01 5.840000000000000000e+02 -8.480000000000000000e+02
5.422000000000000000e+03 -8.000000000000000000e+01 5.680000000000000000e+02 -8.560000000000000000e+02
5.462000000000000000e+03 -7.200000000000000000e+01 5.840000000000000000e+02 -8.320000000000000000e+02
5.502000000000000000e+03 -7.200000000000000000e+01 5.680000000000000000e+02 -8.480000000000000000e+02
5.542000000000000000e+03 -6.400000000000000000e+01 5.520000000000000000e+02 -8.480000000000000000e+02
5.582000000000000000e+03 -5.600000000000000000e+01 5.600000000000000000e+02 -8.400000000000000000e+02
5.622000000000000000e+03 -6.400000000000000000e+01 5.600000000000000000e+02 -8.160000000000000000e+02
5.662000000000000000e+03 -6.400000000000000000e+01 5.760000000000000000e+02 -8.240000000000000000e+02
5.702000000000000000e+03 -5.600000000000000000e+01 5.680000000000000000e+02 -8.240000000000000000e+02
5.742000000000000000e+03 -5.600000000000000000e+01 5.760000000000000000e+02 -8.480000000000000000e+02
5.782000000000000000e+03 -4.800000000000000000e+01 5.920000000000000000e+02 -8.480000000000000000e+02
5.822000000000000000e+03 -4.000000000000000000e+01 5.920000000000000000e+02 -8.320000000000000000e+02
5.862000000000000000e+03 -5.600000000000000000e+01 5.760000000000000000e+02 -8.400000000000000000e+02
5.902000000000000000e+03 -5.600000000000000000e+01 5.840000000000000000e+02 -8.320000000000000000e+02
5.942000000000000000e+03 -5.600000000000000000e+01 5.760000000000000000e+02 -8.480000000000000000e+02
5.974000000000000000e+03 -5.600000000000000000e+01 5.600000000000000000e+02 -8.560000000000000000e+02
6.014000000000000000e+03 -5.600000000000000000e+01 5.680000000000000000e+02 -8.400000000000000000e+02
6.054000000000000000e+03 -7.200000000000000000e+01 5.520000000000000000e+02 -8.160000000000000000e+02
6.094000000000000000e+03 -4.800000000000000000e+01 5.600000000000000000e+02 -8.480000000000000000e+02
6.134000000000000000e+03 -5.600000000000000000e+01 5.680000000000000000e+02 -8.480000000000000000e+02
6.174000000000000000e+03 -5.600000000000000000e+01 5.840000000000000000e+02 -8.560000000000000000e+02
6.214000000000000000e+03 -5.600000000000000000e+01 5.840000000000000000e+02 -8.480000000000000000e+02
6.254000000000000000e+03 -7.200000000000000000e+01 5.840000000000000000e+02 -8.480000000000000000e+02
6.294000000000000000e+03 -6.400000000000000000e+01 5.760000000000000000e+02 -8.240000000000000000e+02
6.334000000000000000e+03 -5.600000000000000000e+01 5.680000000000000000e+02 -8.400000000000000000e+02
6.374000000000000000e+03 -6.400000000000000000e+01 5.520000000000000000e+02 -8.320000000000000000e+02
6.414000000000000000e+03 -6.400000000000000000e+01 5.280000000000000000e+02 -8.560000000000000000e+02
6.454000000000000000e+03 -4.800000000000000000e+01 5.280000000000000000e+02 -8.400000000000000000e+02
6.494000000000000000e+03 -4.800000000000000000e+01 5.440000000000000000e+02 -8.080000000000000000e+02
6.534000000000000000e+03 -5.600000000000000000e+01 5.600000000000000000e+02 -8.240000000000000000e+02
6.574000000000000000e+03 -5.600000000000000000e+01 5.600000000000000000e+02 -8.320000000000000000e+02
6.614000000000000000e+03 -6.400000000000000000e+01 5.920000000000000000e+02 -8.400000000000000000e+02
6.654000000000000000e+03 -8.000000000000000000e+01 6.000000000000000000e+02 -8.560000000000000000e+02
6.694000000000000000e+03 -4.800000000000000000e+01 5.760000000000000000e+02 -8.320000000000000000e+02
6.734000000000000000e+03 -4.800000000000000000e+01 5.760000000000000000e+02 -8.720000000000000000e+02
6.774000000000000000e+03 -4.800000000000000000e+01 5.680000000000000000e+02 -8.640000000000000000e+02
6.814000000000000000e+03 -5.600000000000000000e+01 5.600000000000000000e+02 -8.480000000000000000e+02
6.854000000000000000e+03 -4.000000000000000000e+01 5.600000000000000000e+02 -8.320000000000000000e+02
6.894000000000000000e+03 -6.400000000000000000e+01 5.600000000000000000e+02 -8.880000000000000000e+02
6.934000000000000000e+03 -6.400000000000000000e+01 5.600000000000000000e+02 -8.480000000000000000e+02
6.966000000000000000e+03 -5.600000000000000000e+01 5.600000000000000000e+02 -8.320000000000000000e+02
7.006000000000000000e+03 -5.600000000000000000e+01 5.680000000000000000e+02 -8.640000000000000000e+02
7.046000000000000000e+03 -5.600000000000000000e+01 5.520000000000000000e+02 -8.560000000000000000e+02
7.086000000000000000e+03 -5.600000000000000000e+01 5.440000000000000000e+02 -8.080000000000000000e+02
7.126000000000000000e+03 -7.200000000000000000e+01 5.600000000000000000e+02 -8.320000000000000000e+02
7.166000000000000000e+03 -7.200000000000000000e+01 5.680000000000000000e+02 -8.800000000000000000e+02
7.206000000000000000e+03 -7.200000000000000000e+01 5.520000000000000000e+02 -8.880000000000000000e+02
7.246000000000000000e+03 -7.200000000000000000e+01 5.760000000000000000e+02 -8.480000000000000000e+02
7.286000000000000000e+03 -7.200000000000000000e+01 5.680000000000000000e+02 -8.560000000000000000e+02
7.326000000000000000e+03 -7.200000000000000000e+01 5.600000000000000000e+02 -8.480000000000000000e+02
7.366000000000000000e+03 -7.200000000000000000e+01 5.440000000000000000e+02 -8.480000000000000000e+02
7.406000000000000000e+03 -7.200000000000000000e+01 5.520000000000000000e+02 -8.400000000000000000e+02
7.446000000000000000e+03 -5.600000000000000000e+01 5.440000000000000000e+02 -8.640000000000000000e+02
7.486000000000000000e+03 -7.200000000000000000e+01 5.520000000000000000e+02 -7.920000000000000000e+02
7.526000000000000000e+03 -6.400000000000000000e+01 5.520000000000000000e+02 -8.320000000000000000e+02
7.566000000000000000e+03 -6.400000000000000000e+01 5.520000000000000000e+02 -8.560000000000000000e+02
7.606000000000000000e+03 -6.400000000000000000e+01 5.600000000000000000e+02 -8.400000000000000000e+02
7.646000000000000000e+03 -8.000000000000000000e+01 5.600000000000000000e+02 -8.320000000000000000e+02
7.686000000000000000e+03 -7.200000000000000000e+01 5.600000000000000000e+02 -8.400000000000000000e+02
7.726000000000000000e+03 -6.400000000000000000e+01 5.600000000000000000e+02 -8.400000000000000000e+02
7.766000000000000000e+03 -6.400000000000000000e+01 5.280000000000000000e+02 -9.040000000000000000e+02
7.806000000000000000e+03 -6.400000000000000000e+01 5.520000000000000000e+02 -8.640000000000000000e+02
7.846000000000000000e+03 -6.400000000000000000e+01 5.520000000000000000e+02 -8.400000000000000000e+02
7.886000000000000000e+03 -6.400000000000000000e+01 5.600000000000000000e+02 -8.560000000000000000e+02
7.926000000000000000e+03 -4.800000000000000000e+01 5.600000000000000000e+02 -8.480000000000000000e+02
7.957000000000000000e+03 -5.600000000000000000e+01 5.520000000000000000e+02 -8.160000000000000000e+02
7.997000000000000000e+03 -6.400000000000000000e+01 5.600000000000000000e+02 -8.320000000000000000e+02
8.037000000000000000e+03 -8.000000000000000000e+01 5.600000000000000000e+02 -8.240000000000000000e+02
8.077000000000000000e+03 -6.400000000000000000e+01 5.680000000000000000e+02 -8.320000000000000000e+02
8.117000000000000000e+03 -6.400000000000000000e+01 5.680000000000000000e+02 -8.400000000000000000e+02
8.157000000000000000e+03 -6.400000000000000000e+01 5.680000000000000000e+02 -7.520000000000000000e+02
8.197000000000000000e+03 -6.400000000000000000e+01 5.680000000000000000e+02 -8.320000000000000000e+02
8.237000000000000000e+03 -6.400000000000000000e+01 5.760000000000000000e+02 -8.000000000000000000e+02
8.277000000000000000e+03 -6.400000000000000000e+01 5.760000000000000000e+02 -8.400000000000000000e+02
8.317000000000000000e+03 -7.200000000000000000e+01 5.840000000000000000e+02 -8.400000000000000000e+02
8.357000000000000000e+03 -6.400000000000000000e+01 5.840000000000000000e+02 -8.080000000000000000e+02
8.397000000000000000e+03 -6.400000000000000000e+01 5.840000000000000000e+02 -8.320000000000000000e+02
8.437000000000000000e+03 -7.200000000000000000e+01 5.760000000000000000e+02 -8.320000000000000000e+02
8.477000000000000000e+03 -5.600000000000000000e+01 5.760000000000000000e+02 -8.560000000000000000e+02
8.517000000000000000e+03 -7.200000000000000000e+01 5.840000000000000000e+02 -8.080000000000000000e+02
8.557000000000000000e+03 -7.200000000000000000e+01 5.760000000000000000e+02 -8.480000000000000000e+02
8.597000000000000000e+03 -6.400000000000000000e+01 5.760000000000000000e+02 -8.400000000000000000e+02
8.637000000000000000e+03 -8.000000000000000000e+01 5.760000000000000000e+02 -8.240000000000000000e+02
8.677000000000000000e+03 -8.800000000000000000e+01 5.760000000000000000e+02 -8.000000000000000000e+02
8.717000000000000000e+03 -8.800000000000000000e+01 5.840000000000000000e+02 -8.400000000000000000e+02
8.757000000000000000e+03 -8.000000000000000000e+01 5.680000000000000000e+02 -8.240000000000000000e+02
8.797000000000000000e+03 -8.800000000000000000e+01 5.680000000000000000e+02 -8.560000000000000000e+02
8.837000000000000000e+03 -7.200000000000000000e+01 5.680000000000000000e+02 -8.320000000000000000e+02
8.877000000000000000e+03 -7.200000000000000000e+01 5.600000000000000000e+02 -8.240000000000000000e+02
8.917000000000000000e+03 -6.400000000000000000e+01 5.760000000000000000e+02 -8.320000000000000000e+02
8.948000000000000000e+03 -5.600000000000000000e+01 5.600000000000000000e+02 -8.080000000000000000e+02
8.988000000000000000e+03 -5.600000000000000000e+01 5.680000000000000000e+02 -8.320000000000000000e+02
9.028000000000000000e+03 -6.400000000000000000e+01 5.920000000000000000e+02 -8.400000000000000000e+02
9.068000000000000000e+03 -7.200000000000000000e+01 6.000000000000000000e+02 -7.920000000000000000e+02
9.108000000000000000e+03 -8.800000000000000000e+01 5.680000000000000000e+02 -8.080000000000000000e+02
9.148000000000000000e+03 -8.800000000000000000e+01 5.680000000000000000e+02 -8.160000000000000000e+02
9.188000000000000000e+03 -7.200000000000000000e+01 5.760000000000000000e+02 -7.840000000000000000e+02
9.228000000000000000e+03 -7.200000000000000000e+01 5.840000000000000000e+02 -8.160000000000000000e+02
9.268000000000000000e+03 -5.600000000000000000e+01 5.840000000000000000e+02 -8.480000000000000000e+02
9.308000000000000000e+03 -6.400000000000000000e+01 6.000000000000000000e+02 -8.240000000000000000e+02
9.348000000000000000e+03 -4.000000000000000000e+01 5.920000000000000000e+02 -8.320000000000000000e+02
9.388000000000000000e+03 -5.600000000000000000e+01 6.000000000000000000e+02 -8.240000000000000000e+02
9.428000000000000000e+03 -5.600000000000000000e+01 5.840000000000000000e+02 -8.240000000000000000e+02
9.468000000000000000e+03 -7.200000000000000000e+01 5.760000000000000000e+02 -8.000000000000000000e+02
9.508000000000000000e+03 -7.200000000000000000e+01 5.760000000000000000e+02 -8.320000000000000000e+02
9.548000000000000000e+03 -7.200000000000000000e+01 5.760000000000000000e+02 -8.240000000000000000e+02
9.588000000000000000e+03 -8.000000000000000000e+01 5.760000000000000000e+02 -8.240000000000000000e+02
9.628000000000000000e+03 -5.600000000000000000e+01 5.680000000000000000e+02 -8.160000000000000000e+02
9.668000000000000000e+03 -6.400000000000000000e+01 5.840000000000000000e+02 -8.640000000000000000e+02
9.708000000000000000e+03 -6.400000000000000000e+01 5.840000000000000000e+02 -8.240000000000000000e+02
9.748000000000000000e+03 -6.400000000000000000e+01 5.920000000000000000e+02 -8.160000000000000000e+02
9.788000000000000000e+03 -7.200000000000000000e+01 5.760000000000000000e+02 -7.360000000000000000e+02
9.828000000000000000e+03 -6.400000000000000000e+01 5.840000000000000000e+02 -8.320000000000000000e+02
9.868000000000000000e+03 -6.400000000000000000e+01 5.760000000000000000e+02 -8.160000000000000000e+02
9.908000000000000000e+03 -6.400000000000000000e+01 5.760000000000000000e+02 -8.080000000000000000e+02
9.940000000000000000e+03 -7.200000000000000000e+01 5.840000000000000000e+02 -8.240000000000000000e+02
9.980000000000000000e+03 -7.200000000000000000e+01 5.840000000000000000e+02 -8.240000000000000000e+02
1.002000000000000000e+04 -6.400000000000000000e+01 5.760000000000000000e+02 -8.480000000000000000e+02
1.006000000000000000e+04 -7.200000000000000000e+01 6.000000000000000000e+02 -7.920000000000000000e+02
1.010000000000000000e+04 -8.800000000000000000e+01 6.160000000000000000e+02 -8.320000000000000000e+02
1.014000000000000000e+04 -8.000000000000000000e+01 6.080000000000000000e+02 -7.920000000000000000e+02
1.018000000000000000e+04 -8.800000000000000000e+01 6.160000000000000000e+02 -8.400000000000000000e+02
1.022000000000000000e+04 -9.600000000000000000e+01 6.000000000000000000e+02 -8.160000000000000000e+02
1.026000000000000000e+04 -8.000000000000000000e+01 6.080000000000000000e+02 -8.000000000000000000e+02
1.030000000000000000e+04 -7.200000000000000000e+01 6.000000000000000000e+02 -8.160000000000000000e+02
1.034000000000000000e+04 -8.800000000000000000e+01 6.080000000000000000e+02 -8.080000000000000000e+02
1.038000000000000000e+04 -8.000000000000000000e+01 6.080000000000000000e+02 -8.160000000000000000e+02
1.042000000000000000e+04 -8.000000000000000000e+01 6.240000000000000000e+02 -8.160000000000000000e+02
1.046000000000000000e+04 -8.000000000000000000e+01 6.160000000000000000e+02 -7.920000000000000000e+02
1.050000000000000000e+04 -8.800000000000000000e+01 6.080000000000000000e+02 -8.240000000000000000e+02
1.054000000000000000e+04 -8.000000000000000000e+01 6.080000000000000000e+02 -7.520000000000000000e+02
1.058000000000000000e+04 -8.000000000000000000e+01 6.160000000000000000e+02 -8.320000000000000000e+02
1.062000000000000000e+04 -7.200000000000000000e+01 6.160000000000000000e+02 -8.000000000000000000e+02
1.066000000000000000e+04 -7.200000000000000000e+01 6.160000000000000000e+02 -7.520000000000000000e+02
1.070000000000000000e+04 -7.200000000000000000e+01 6.320000000000000000e+02 -7.920000000000000000e+02
1.074000000000000000e+04 -5.600000000000000000e+01 6.160000000000000000e+02 -7.920000000000000000e+02
1.078000000000000000e+04 -6.400000000000000000e+01 6.160000000000000000e+02 -8.480000000000000000e+02
1.082000000000000000e+04 -8.800000000000000000e+01 6.160000000000000000e+02 -7.760000000000000000e+02
1.086000000000000000e+04 -9.600000000000000000e+01 6.080000000000000000e+02 -7.840000000000000000e+02
1.090000000000000000e+04 -7.200000000000000000e+01 6.080000000000000000e+02 -8.000000000000000000e+02
1.093200000000000000e+04 -7.200000000000000000e+01 6.160000000000000000e+02 -8.160000000000000000e+02
1.097200000000000000e+04 -7.200000000000000000e+01 6.400000000000000000e+02 -8.240000000000000000e+02
1.101200000000000000e+04 -7.200000000000000000e+01 6.320000000000000000e+02 -7.840000000000000000e+02
1.105200000000000000e+04 -6.400000000000000000e+01 6.160000000000000000e+02 -7.920000000000000000e+02
1.109200000000000000e+04 -7.200000000000000000e+01 6.160000000000000000e+02 -7.920000000000000000e+02
1.113200000000000000e+04 -7.200000000000000000e+01 6.160000000000000000e+02 -8.080000000000000000e+02
1.117200000000000000e+04 -7.200000000000000000e+01 6.160000000000000000e+02 -7.920000000000000000e+02
1.121200000000000000e+04 -5.600000000000000000e+01 6.080000000000000000e+02 -8.000000000000000000e+02
1.125200000000000000e+04 -6.400000000000000000e+01 6.080000000000000000e+02 -8.160000000000000000e+02
1.129200000000000000e+04 -8.800000000000000000e+01 6.160000000000000000e+02 -7.680000000000000000e+02
1.133200000000000000e+04 -8.800000000000000000e+01 6.080000000000000000e+02 -8.160000000000000000e+02
1.137200000000000000e+04 -9.600000000000000000e+01 6.000000000000000000e+02 -7.920000000000000000e+02
1.141200000000000000e+04 -8.000000000000000000e+01 6.080000000000000000e+02 -8.000000000000000000e+02
1.145200000000000000e+04 -5.600000000000000000e+01 6.160000000000000000e+02 -8.000000000000000000e+02
1.149200000000000000e+04 -5.600000000000000000e+01 6.080000000000000000e+02 -7.760000000000000000e+02
1.153200000000000000e+04 -5.600000000000000000e+01 6.160000000000000000e+02 -8.080000000000000000e+02
1.157200000000000000e+04 -4.000000000000000000e+01 6.080000000000000000e+02 -8.000000000000000000e+02
1.161200000000000000e+04 -4.800000000000000000e+01 6.000000000000000000e+02 -8.240000000000000000e+02
1.165200000000000000e+04 -5.600000000000000000e+01 6.000000000000000000e+02 -8.160000000000000000e+02
1.169200000000000000e+04 -6.400000000000000000e+01 6.080000000000000000e+02 -8.560000000000000000e+02
1.173200000000000000e+04 -6.400000000000000000e+01 6.000000000000000000e+02 -7.680000000000000000e+02
1.177200000000000000e+04 -5.600000000000000000e+01 5.920000000000000000e+02 -8.080000000000000000e+02
1.181200000000000000e+04 -5.600000000000000000e+01 5.920000000000000000e+02 -8.240000000000000000e+02
1.185200000000000000e+04 -4.800000000000000000e+01 5.920000000000000000e+02 -8.160000000000000000e+02
1.189200000000000000e+04 -4.800000000000000000e+01 5.840000000000000000e+02 -8.240000000000000000e+02
1.192300000000000000e+04 -4.800000000000000000e+01 5.760000000000000000e+02 -8.240000000000000000e+02
1.196300000000000000e+04 -5.600000000000000000e+01 5.760000000000000000e+02 -8.240000000000000000e+02
1.200300000000000000e+04 -5.600000000000000000e+01 5.840000000000000000e+02 -8.320000000000000000e+02
1.204300000000000000e+04 -5.600000000000000000e+01 5.680000000000000000e+02 -8.320000000000000000e+02
1.208300000000000000e+04 -5.600000000000000000e+01 5.760000000000000000e+02 -8.320000000000000000e+02
1.212300000000000000e+04 -4.000000000000000000e+01 5.760000000000000000e+02 -8.320000000000000000e+02
1.216300000000000000e+04 -4.000000000000000000e+01 5.680000000000000000e+02 -8.400000000000000000e+02
1.220300000000000000e+04 -4.000000000000000000e+01 5.680000000000000000e+02 -8.800000000000000000e+02
1.224300000000000000e+04 -4.000000000000000000e+01 5.680000000000000000e+02 -8.640000000000000000e+02
1.228300000000000000e+04 -3.200000000000000000e+01 5.680000000000000000e+02 -8.480000000000000000e+02
1.232300000000000000e+04 -4.000000000000000000e+01 5.680000000000000000e+02 -8.400000000000000000e+02
1.236300000000000000e+04 -3.200000000000000000e+01 5.520000000000000000e+02 -8.480000000000000000e+02
1.240300000000000000e+04 -3.200000000000000000e+01 5.600000000000000000e+02 -8.400000000000000000e+02
1.244300000000000000e+04 -4.800000000000000000e+01 5.680000000000000000e+02 -8.400000000000000000e+02
1.248300000000000000e+04 -4.000000000000000000e+01 5.600000000000000000e+02 -8.720000000000000000e+02
1.252300000000000000e+04 -3.200000000000000000e+01 5.600000000000000000e+02 -8.400000000000000000e+02
1.256300000000000000e+04 -4.000000000000000000e+01 5.600000000000000000e+02 -8.480000000000000000e+02
1.260300000000000000e+04 -4.000000000000000000e+01 5.680000000000000000e+02 -8.240000000000000000e+02
1.264300000000000000e+04 -3.200000000000000000e+01 5.680000000000000000e+02 -8.640000000000000000e+02
1.268300000000000000e+04 -4.000000000000000000e+01 5.680000000000000000e+02 -8.560000000000000000e+02
1.272300000000000000e+04 -4.800000000000000000e+01 5.680000000000000000e+02 -8.320000000000000000e+02
1.276300000000000000e+04 -5.600000000000000000e+01 5.680000000000000000e+02 -8.640000000000000000e+02
1.280300000000000000e+04 -5.600000000000000000e+01 5.600000000000000000e+02 -8.480000000000000000e+02
1.284300000000000000e+04 -4.800000000000000000e+01 5.680000000000000000e+02 -8.320000000000000000e+02
1.288300000000000000e+04 -4.000000000000000000e+01 5.680000000000000000e+02 -8.080000000000000000e+02
1.291500000000000000e+04 -1.600000000000000000e+01 5.680000000000000000e+02 -8.480000000000000000e+02
1.295500000000000000e+04 -2.400000000000000000e+01 5.680000000000000000e+02 -8.320000000000000000e+02
1.299500000000000000e+04 -1.600000000000000000e+01 6.160000000000000000e+02 -8.560000000000000000e+02
1.303500000000000000e+04 -2.400000000000000000e+01 5.760000000000000000e+02 -8.320000000000000000e+02
1.307500000000000000e+04 -4.800000000000000000e+01 5.600000000000000000e+02 -8.480000000000000000e+02
1.311500000000000000e+04 -4.000000000000000000e+01 5.680000000000000000e+02 -8.640000000000000000e+02
1.315500000000000000e+04 -4.000000000000000000e+01 5.760000000000000000e+02 -8.480000000000000000e+02
1.319500000000000000e+04 -3.200000000000000000e+01 5.520000000000000000e+02 -8.560000000000000000e+02
1.323500000000000000e+04 -3.200000000000000000e+01 5.520000000000000000e+02 -8.800000000000000000e+02
1.327500000000000000e+04 -3.200000000000000000e+01 5.600000000000000000e+02 -8.320000000000000000e+02
1.331500000000000000e+04 -4.800000000000000000e+01 5.440000000000000000e+02 -8.240000000000000000e+02
1.335500000000000000e+04 -4.800000000000000000e+01 5.680000000000000000e+02 -8.560000000000000000e+02
1.339500000000000000e+04 -4.000000000000000000e+01 5.760000000000000000e+02 -8.320000000000000000e+02
1.343500000000000000e+04 -4.800000000000000000e+01 5.680000000000000000e+02 -8.400000000000000000e+02
1.347500000000000000e+04 -4.800000000000000000e+01 5.600000000000000000e+02 -8.560000000000000000e+02
1.351500000000000000e+04 -4.000000000000000000e+01 5.680000000000000000e+02 -8.320000000000000000e+02
1.355500000000000000e+04 -1.600000000000000000e+01 5.760000000000000000e+02 -8.400000000000000000e+02
1.359500000000000000e+04 -3.200000000000000000e+01 5.760000000000000000e+02 -8.560000000000000000e+02
1.363500000000000000e+04 -3.200000000000000000e+01 5.760000000000000000e+02 -8.720000000000000000e+02
1.367500000000000000e+04 -3.200000000000000000e+01 5.680000000000000000e+02 -8.640000000000000000e+02
1.371500000000000000e+04 -4.000000000000000000e+01 5.760000000000000000e+02 -8.480000000000000000e+02
1.375500000000000000e+04 -3.200000000000000000e+01 5.920000000000000000e+02 -8.320000000000000000e+02
1.379500000000000000e+04 -5.600000000000000000e+01 6.000000000000000000e+02 -8.400000000000000000e+02
1.383500000000000000e+04 -4.800000000000000000e+01 5.840000000000000000e+02 -8.400000000000000000e+02
1.387500000000000000e+04 -4.000000000000000000e+01 5.760000000000000000e+02 -8.480000000000000000e+02
1.390600000000000000e+04 -5.600000000000000000e+01 5.760000000000000000e+02 -8.320000000000000000e+02
1.394600000000000000e+04 -4.000000000000000000e+01 5.760000000000000000e+02 -8.400000000000000000e+02
1.398600000000000000e+04 -4.000000000000000000e+01 5.680000000000000000e+02 -8.240000000000000000e+02
1.402600000000000000e+04 -4.000000000000000000e+01 5.680000000000000000e+02 -8.560000000000000000e+02
1.406600000000000000e+04 -3.200000000000000000e+01 5.760000000000000000e+02 -8.560000000000000000e+02
1.410600000000000000e+04 -3.200000000000000000e+01 5.600000000000000000e+02 -8.320000000000000000e+02
1.414600000000000000e+04 -3.200000000000000000e+01 5.680000000000000000e+02 -8.560000000000000000e+02
1.418600000000000000e+04 -5.600000000000000000e+01 5.600000000000000000e+02 -8.320000000000000000e+02
1.422600000000000000e+04 -4.000000000000000000e+01 5.520000000000000000e+02 -8.320000000000000000e+02
1.426600000000000000e+04 -4.000000000000000000e+01 5.600000000000000000e+02 -8.480000000000000000e+02
1.430600000000000000e+04 -4.000000000000000000e+01 5.680000000000000000e+02 -8.480000000000000000e+02
1.434600000000000000e+04 -4.000000000000000000e+01 5.680000000000000000e+02 -8.000000000000000000e+02
1.438600000000000000e+04 -1.600000000000000000e+01 5.680000000000000000e+02 -8.480000000000000000e+02
1.442600000000000000e+04 -4.000000000000000000e+01 5.680000000000000000e+02 -8.400000000000000000e+02
1.446600000000000000e+04 -4.800000000000000000e+01 5.600000000000000000e+02 -8.320000000000000000e+02
1.450600000000000000e+04 -6.400000000000000000e+01 5.680000000000000000e+02 -8.400000000000000000e+02
1.454600000000000000e+04 -4.800000000000000000e+01 5.600000000000000000e+02 -8.240000000000000000e+02
1.458600000000000000e+04 -4.000000000000000000e+01 5.680000000000000000e+02 -8.400000000000000000e+02
1.462600000000000000e+04 -5.600000000000000000e+01 5.840000000000000000e+02 -8.320000000000000000e+02
1.466600000000000000e+04 -4.800000000000000000e+01 5.680000000000000000e+02 -8.240000000000000000e+02
1.470600000000000000e+04 -3.200000000000000000e+01 5.680000000000000000e+02 -8.240000000000000000e+02
1.474600000000000000e+04 -3.200000000000000000e+01 5.680000000000000000e+02 -8.320000000000000000e+02
1.478600000000000000e+04 -2.400000000000000000e+01 5.440000000000000000e+02 -8.320000000000000000e+02
1.482600000000000000e+04 -8.000000000000000000e+00 5.600000000000000000e+02 -8.160000000000000000e+02
1.486600000000000000e+04 -2.400000000000000000e+01 5.440000000000000000e+02 -8.480000000000000000e+02
1.489800000000000000e+04 -2.400000000000000000e+01 5.600000000000000000e+02 -8.240000000000000000e+02
1.493800000000000000e+04 -4.000000000000000000e+01 5.600000000000000000e+02 -8.320000000000000000e+02
1.497800000000000000e+04 -3.200000000000000000e+01 5.520000000000000000e+02 -8.720000000000000000e+02
1.501800000000000000e+04 -3.200000000000000000e+01 5.680000000000000000e+02 -7.680000000000000000e+02
1.505800000000000000e+04 -4.000000000000000000e+01 5.760000000000000000e+02 -8.320000000000000000e+02
1.509800000000000000e+04 -3.200000000000000000e+01 5.680000000000000000e+02 -8.560000000000000000e+02
1.513800000000000000e+04 -2.400000000000000000e+01 5.680000000000000000e+02 -8.240000000000000000e+02
1.517800000000000000e+04 -3.200000000000000000e+01 5.920000000000000000e+02 -8.320000000000000000e+02
1.521800000000000000e+04 -4.000000000000000000e+01 5.760000000000000000e+02 -8.560000000000000000e+02
1.525800000000000000e+04 -4.000000000000000000e+01 5.680000000000000000e+02 -8.800000000000000000e+02
1.529800000000000000e+04 -4.000000000000000000e+01 5.600000000000000000e+02 -8.400000000000000000e+02
1.533800000000000000e+04 -4.000000000000000000e+01 5.840000000000000000e+02 -8.400000000000000000e+02
1.537800000000000000e+04 -4.000000000000000000e+01 5.840000000000000000e+02 -8.480000000000000000e+02
1.541800000000000000e+04 -4.000000000000000000e+01 5.760000000000000000e+02 -8.480000000000000000e+02
1.545800000000000000e+04 -4.000000000000000000e+01 5.680000000000000000e+02 -8.640000000000000000e+02
1.549800000000000000e+04 -4.000000000000000000e+01 5.680000000000000000e+02 -8.400000000000000000e+02
1.553800000000000000e+04 -5.600000000000000000e+01 5.760000000000000000e+02 -7.840000000000000000e+02
1.557800000000000000e+04 -4.000000000000000000e+01 5.760000000000000000e+02 -8.880000000000000000e+02
1.561800000000000000e+04 -4.000000000000000000e+01 5.680000000000000000e+02 -8.320000000000000000e+02
1.565800000000000000e+04 -3.200000000000000000e+01 5.760000000000000000e+02 -8.240000000000000000e+02
1.569800000000000000e+04 -4.000000000000000000e+01 5.760000000000000000e+02 -8.480000000000000000e+02
1.573800000000000000e+04 -3.200000000000000000e+01 5.760000000000000000e+02 -8.400000000000000000e+02
1.577800000000000000e+04 -3.200000000000000000e+01 5.680000000000000000e+02 -8.400000000000000000e+02
1.581800000000000000e+04 -3.200000000000000000e+01 5.600000000000000000e+02 -8.480000000000000000e+02
1.585800000000000000e+04 -2.400000000000000000e+01 5.600000000000000000e+02 -8.640000000000000000e+02
1.589000000000000000e+04 -3.200000000000000000e+01 5.600000000000000000e+02 -8.480000000000000000e+02
1.593000000000000000e+04 -3.200000000000000000e+01 5.600000000000000000e+02 -8.160000000000000000e+02
1.597000000000000000e+04 -3.200000000000000000e+01 5.440000000000000000e+02 -8.960000000000000000e+02
1.601000000000000000e+04 -3.200000000000000000e+01 5.520000000000000000e+02 -8.320000000000000000e+02
1.605000000000000000e+04 -3.200000000000000000e+01 5.360000000000000000e+02 -8.240000000000000000e+02
1.609000000000000000e+04 -5.600000000000000000e+01 5.520000000000000000e+02 -8.400000000000000000e+02
1.613000000000000000e+04 -4.000000000000000000e+01 5.680000000000000000e+02 -8.000000000000000000e+02
1.617000000000000000e+04 -4.000000000000000000e+01 5.680000000000000000e+02 -8.400000000000000000e+02
1.621000000000000000e+04 -4.000000000000000000e+01 5.680000000000000000e+02 -8.320000000000000000e+02
1.625000000000000000e+04 -3.200000000000000000e+01 5.680000000000000000e+02 -9.200000000000000000e+02
1.629000000000000000e+04 -3.200000000000000000e+01 5.840000000000000000e+02 -8.320000000000000000e+02
1.633000000000000000e+04 -3.200000000000000000e+01 5.680000000000000000e+02 -8.320000000000000000e+02
1.637000000000000000e+04 -4.000000000000000000e+01 5.680000000000000000e+02 -8.320000000000000000e+02
1.641000000000000000e+04 -4.000000000000000000e+01 5.680000000000000000e+02 -8.240000000000000000e+02
1.645000000000000000e+04 -3.200000000000000000e+01 5.840000000000000000e+02 -8.400000000000000000e+02
1.649000000000000000e+04 -4.000000000000000000e+01 5.520000000000000000e+02 -8.480000000000000000e+02
1.653000000000000000e+04 -3.200000000000000000e+01 5.600000000000000000e+02 -8.320000000000000000e+02
1.657000000000000000e+04 -3.200000000000000000e+01 5.600000000000000000e+02 -8.480000000000000000e+02
1.661000000000000000e+04 -2.400000000000000000e+01 5.760000000000000000e+02 -8.400000000000000000e+02
1.665000000000000000e+04 -4.800000000000000000e+01 5.840000000000000000e+02 -8.240000000000000000e+02
1.669000000000000000e+04 -4.800000000000000000e+01 5.920000000000000000e+02 -7.680000000000000000e+02
1.673000000000000000e+04 -4.000000000000000000e+01 5.920000000000000000e+02 -8.320000000000000000e+02
1.677000000000000000e+04 -3.200000000000000000e+01 5.760000000000000000e+02 -8.480000000000000000e+02
1.681000000000000000e+04 -4.000000000000000000e+01 5.600000000000000000e+02 -8.400000000000000000e+02
1.685000000000000000e+04 -4.000000000000000000e+01 5.840000000000000000e+02 -8.480000000000000000e+02
1.688100000000000000e+04 -4.000000000000000000e+01 5.760000000000000000e+02 -8.480000000000000000e+02
1.692100000000000000e+04 -4.000000000000000000e+01 5.920000000000000000e+02 -8.320000000000000000e+02
1.696100000000000000e+04 -2.400000000000000000e+01 5.920000000000000000e+02 -8.320000000000000000e+02
1.700100000000000000e+04 -3.200000000000000000e+01 5.760000000000000000e+02 -8.800000000000000000e+02
1.704100000000000000e+04 -3.200000000000000000e+01 5.680000000000000000e+02 -8.160000000000000000e+02
1.708100000000000000e+04 -3.200000000000000000e+01 5.680000000000000000e+02 -8.080000000000000000e+02
1.712100000000000000e+04 -3.200000000000000000e+01 5.760000000000000000e+02 -8.240000000000000000e+02
1.716100000000000000e+04 -4.000000000000000000e+01 5.440000000000000000e+02 -8.320000000000000000e+02
1.720100000000000000e+04 -4.000000000000000000e+01 5.600000000000000000e+02 -8.400000000000000000e+02
1.724100000000000000e+04 -4.000000000000000000e+01 5.680000000000000000e+02 -8.480000000000000000e+02
1.728100000000000000e+04 -4.000000000000000000e+01 5.680000000000000000e+02 -8.240000000000000000e+02
1.732100000000000000e+04 -4.000000000000000000e+01 5.600000000000000000e+02 -8.320000000000000000e+02
1.736100000000000000e+04 -4.000000000000000000e+01 5.600000000000000000e+02 -8.480000000000000000e+02
1.740100000000000000e+04 -3.200000000000000000e+01 5.520000000000000000e+02 -7.920000000000000000e+02
1.744100000000000000e+04 -4.000000000000000000e+01 5.840000000000000000e+02 -8.640000000000000000e+02
1.748100000000000000e+04 -3.200000000000000000e+01 5.760000000000000000e+02 -8.480000000000000000e+02
1.752100000000000000e+04 -3.200000000000000000e+01 5.760000000000000000e+02 -8.240000000000000000e+02
1.756100000000000000e+04 -4.000000000000000000e+01 5.680000000000000000e+02 -8.480000000000000000e+02
1.760100000000000000e+04 -3.200000000000000000e+01 5.680000000000000000e+02 -8.320000000000000000e+02
1.764100000000000000e+04 -3.200000000000000000e+01 5.680000000000000000e+02 -8.480000000000000000e+02
1.768100000000000000e+04 -4.000000000000000000e+01 5.680000000000000000e+02 -8.480000000000000000e+02
1.772100000000000000e+04 -4.000000000000000000e+01 5.680000000000000000e+02 -8.480000000000000000e+02
1.776100000000000000e+04 -4.000000000000000000e+01 5.680000000000000000e+02 -8.320000000000000000e+02
1.780100000000000000e+04 -3.200000000000000000e+01 5.600000000000000000e+02 -8.560000000000000000e+02
1.784100000000000000e+04 -4.000000000000000000e+01 5.680000000000000000e+02 -8.320000000000000000e+02
1.787300000000000000e+04 -3.200000000000000000e+01 5.680000000000000000e+02 -8.400000000000000000e+02
1.791300000000000000e+04 -4.000000000000000000e+01 5.680000000000000000e+02 -8.240000000000000000e+02
1.795300000000000000e+04 -4.000000000000000000e+01 5.840000000000000000e+02 -8.400000000000000000e+02
1.799300000000000000e+04 -3.200000000000000000e+01 5.760000000000000000e+02 -8.000000000000000000e+02
1.803300000000000000e+04 -3.200000000000000000e+01 5.680000000000000000e+02 -8.560000000000000000e+02
1.807300000000000000e+04 -3.200000000000000000e+01 5.680000000000000000e+02 -8.560000000000000000e+02
1.811300000000000000e+04 -3.200000000000000000e+01 5.680000000000000000e+02 -8.240000000000000000e+02
1.815300000000000000e+04 -3.200000000000000000e+01 5.760000000000000000e+02 -8.560000000000000000e+02
1.819300000000000000e+04 -4.000000000000000000e+01 5.680000000000000000e+02 -8.400000000000000000e+02
1.823300000000000000e+04 -4.000000000000000000e+01 5.600000000000000000e+02 -8.160000000000000000e+02
1.827300000000000000e+04 -4.000000000000000000e+01 5.760000000000000000e+02 -8.240000000000000000e+02
1.831300000000000000e+04 -4.000000000000000000e+01 5.680000000000000000e+02 -8.320000000000000000e+02
1.835300000000000000e+04 -4.000000000000000000e+01 5.680000000000000000e+02 -8.400000000000000000e+02
1.839300000000000000e+04 -4.000000000000000000e+01 5.680000000000000000e+02 -8.320000000000000000e+02
1.843300000000000000e+04 -3.200000000000000000e+01 5.680000000000000000e+02 -8.000000000000000000e+02
1.847300000000000000e+04 -3.200000000000000000e+01 5.600000000000000000e+02 -8.240000000000000000e+02
1.851300000000000000e+04 -3.200000000000000000e+01 5.600000000000000000e+02 -8.240000000000000000e+02
1.855300000000000000e+04 -4.000000000000000000e+01 5.520000000000000000e+02 -8.480000000000000000e+02
1.859300000000000000e+04 -4.000000000000000000e+01 5.520000000000000000e+02 -8.720000000000000000e+02
1.863300000000000000e+04 -4.800000000000000000e+01 5.600000000000000000e+02 -8.320000000000000000e+02
1.867300000000000000e+04 -4.000000000000000000e+01 5.680000000000000000e+02 -8.400000000000000000e+02
1.871300000000000000e+04 -5.600000000000000000e+01 5.600000000000000000e+02 -8.400000000000000000e+02
1.875300000000000000e+04 -4.000000000000000000e+01 5.760000000000000000e+02 -8.320000000000000000e+02
1.879300000000000000e+04 -4.000000000000000000e+01 5.680000000000000000e+02 -8.480000000000000000e+02
1.883300000000000000e+04 -4.000000000000000000e+01 5.680000000000000000e+02 -8.240000000000000000e+02
1.886400000000000000e+04 -3.200000000000000000e+01 5.600000000000000000e+02 -8.000000000000000000e+02
1.890400000000000000e+04 -3.200000000000000000e+01 5.600000000000000000e+02 -8.160000000000000000e+02
1.894400000000000000e+04 -2.400000000000000000e+01 5.840000000000000000e+02 -8.080000000000000000e+02
1.898400000000000000e+04 -3.200000000000000000e+01 5.760000000000000000e+02 -8.160000000000000000e+02
1.902400000000000000e+04 -4.000000000000000000e+01 5.760000000000000000e+02 -8.640000000000000000e+02
1.906400000000000000e+04 -4.800000000000000000e+01 5.600000000000000000e+02 -8.320000000000000000e+02
1.910400000000000000e+04 -4.000000000000000000e+01 5.680000000000000000e+02 -8.400000000000000000e+02
1.914400000000000000e+04 -4.000000000000000000e+01 5.760000000000000000e+02 -8.320000000000000000e+02
1.918400000000000000e+04 -4.800000000000000000e+01 5.760000000000000000e+02 -8.400000000000000000e+02
1.922400000000000000e+04 -4.800000000000000000e+01 5.600000000000000000e+02 -8.400000000000000000e+02
1.926400000000000000e+04 -4.800000000000000000e+01 5.600000000000000000e+02 -8.400000000000000000e+02
1.930400000000000000e+04 -4.000000000000000000e+01 5.680000000000000000e+02 -8.640000000000000000e+02
1.934400000000000000e+04 -3.200000000000000000e+01 5.680000000000000000e+02 -8.000000000000000000e+02
1.938400000000000000e+04 -3.200000000000000000e+01 5.680000000000000000e+02 -8.400000000000000000e+02
1.942400000000000000e+04 -3.200000000000000000e+01 5.600000000000000000e+02 -8.480000000000000000e+02
1.946400000000000000e+04 -2.400000000000000000e+01 5.600000000000000000e+02 -8.640000000000000000e+02
1.950400000000000000e+04 -1.600000000000000000e+01 5.600000000000000000e+02 -8.320000000000000000e+02
1.954400000000000000e+04 -2.400000000000000000e+01 5.680000000000000000e+02 -8.400000000000000000e+02
1.958400000000000000e+04 -5.600000000000000000e+01 5.760000000000000000e+02 -8.400000000000000000e+02
1.962400000000000000e+04 -4.800000000000000000e+01 5.760000000000000000e+02 -8.320000000000000000e+02
1.966400000000000000e+04 -4.800000000000000000e+01 5.760000000000000000e+02 -8.240000000000000000e+02
1.970400000000000000e+04 -4.000000000000000000e+01 5.760000000000000000e+02 -8.480000000000000000e+02
1.974400000000000000e+04 -4.000000000000000000e+01 5.760000000000000000e+02 -8.240000000000000000e+02
1.978400000000000000e+04 -5.600000000000000000e+01 5.600000000000000000e+02 -8.400000000000000000e+02
1.982400000000000000e+04 -4.800000000000000000e+01 5.760000000000000000e+02 -8.400000000000000000e+02
