2.700000000000000000e+01 -2.400000000000000000e+01 5.280000000000000000e+02 -8.880000000000000000e+02
6.700000000000000000e+01 -4.000000000000000000e+01 5.360000000000000000e+02 -8.480000000000000000e+02
1.070000000000000000e+02 -4.000000000000000000e+01 5.280000000000000000e+02 -8.400000000000000000e+02
1.470000000000000000e+02 -4.000000000000000000e+01 5.280000000000000000e+02 -8.720000000000000000e+02
1.870000000000000000e+02 -4.800000000000000000e+01 5.280000000000000000e+02 -8.560000000000000000e+02
2.270000000000000000e+02 -4.800000000000000000e+01 5.440000000000000000e+02 -8.800000000000000000e+02
2.670000000000000000e+02 -4.800000000000000000e+01 5.360000000000000000e+02 -8.560000000000000000e+02
3.070000000000000000e+02 -4.800000000000000000e+01 5.280000000000000000e+02 -8.800000000000000000e+02
3.470000000000000000e+02 -3.200000000000000000e+01 5.280000000000000000e+02 -8.560000000000000000e+02
3.870000000000000000e+02 -3.200000000000000000e+01 5.360000000000000000e+02 -8.560000000000000000e+02
4.270000000000000000e+02 -4.000000000000000000e+01 5.280000000000000000e+02 -8.560000000000000000e+02
4.670000000000000000e+02 -6.400000000000000000e+01 5.280000000000000000e+02 -8.400000000000000000e+02
5.070000000000000000e+02 -5.600000000000000000e+01 5.280000000000000000e+02 -8.880000000000000000e+02
5.470000000000000000e+02 -4.800000000000000000e+01 5.360000000000000000e+02 -8.640000000000000000e+02
5.870000000000000000e+02 -4.000000000000000000e+01 5.200000000000000000e+02 -8.720000000000000000e+02
6.270000000000000000e+02 -6.400000000000000000e+01 5.360000000000000000e+02 -9.200000000000000000e+02
6.670000000000000000e+02 -5.600000000000000000e+01 5.360000000000000000e+02 -8.640000000000000000e+02
7.070000000000000000e+02 -4.800000000000000000e+01 5.280000000000000000e+02 -8.640000000000000000e+02
7.470000000000000000e+02 -4.800000000000000000e+01 5.280000000000000000e+02 -8.640000000000000000e+02
7.870000000000000000e+02 -4.800000000000000000e+01 5.360000000000000000e+02 -8.720000000000000000e+02
8.270000000000000000e+02 -4.800000000000000000e+01 5.440000000000000000e+02 -8.960000000000000000e+02
8.670000000000000000e+02 -5.600000000000000000e+01 5.280000000000000000e+02 -8.640000000000000000e+02
9.070000000000000000e+02 -6.400000000000000000e+01 5.200000000000000000e+02 -8.480000000000000000e+02
9.470000000000000000e+02 -5.600000000000000000e+01 5.120000000000000000e+02 -8.560000000000000000e+02
9.870000000000000000e+02 -5.600000000000000000e+01 5.280000000000000000e+02 -8.560000000000000000e+02
1.021000000000000000e+03 -4.800000000000000000e+01 5.360000000000000000e+02 -8.640000000000000000e+02
1.061000000000000000e+03 -4.800000000000000000e+01 5.280000000000000000e+02 -8.720000000000000000e+02
1.101000000000000000e+03 -5.600000000000000000e+01 5.440000000000000000e+02 -8.560000000000000000e+02
1.141000000000000000e+03 -5.600000000000000000e+01 5.360000000000000000e+02 -8.720000000000000000e+02
1.181000000000000000e+03 -4.800000000000000000e+01 5.280000000000000000e+02 -8.640000000000000000e+02
1.221000000000000000e+03 -4.800000000000000000e+01 5.120000000000000000e+02 -8.800000000000000000e+02
1.261000000000000000e+03 -8.000000000000000000e+00 5.280000000000000000e+02 -8.640000000000000000e+02
1.301000000000000000e+03 -2.400000000000000000e+01 5.360000000000000000e+02 -8.640000000000000000e+02
1.341000000000000000e+03 -3.200000000000000000e+01 5.360000000000000000e+02 -8.560000000000000000e+02
1.381000000000000000e+03 -4.000000000000000000e+01 5.360000000000000000e+02 -8.720000000000000000e+02
1.421000000000000000e+03 -4.000000000000000000e+01 5.280000000000000000e+02 -8.480000000000000000e+02
1.461000000000000000e+03 -4.000000000000000000e+01 5.360000000000000000e+02 -8.240000000000000000e+02
1.501000000000000000e+03 -4.800000000000000000e+01 5.360000000000000000e+02 -8.640000000000000000e+02
1.541000000000000000e+03 -4.000000000000000000e+01 5.360000000000000000e+02 -8.480000000000000000e+02
1.581000000000000000e+03 -4.800000000000000000e+01 5.520000000000000000e+02 -8.480000000000000000e+02
1.621000000000000000e+03 -4.000000000000000000e+01 5.360000000000000000e+02 -8.560000000000000000e+02
1.661000000000000000e+03 -4.800000000000000000e+01 5.360000000000000000e+02 -8.480000000000000000e+02
1.701000000000000000e+03 -6.400000000000000000e+01 5.360000000000000000e+02 -8.800000000000000000e+02
1.741000000000000000e+03 -4.800000000000000000e+01 5.360000000000000000e+02 -8.400000000000000000e+02
1.781000000000000000e+03 -4.800000000000000000e+01 5.280000000000000000e+02 -8.640000000000000000e+02
1.821000000000000000e+03 -4.800000000000000000e+01 5.360000000000000000e+02 -8.720000000000000000e+02
1.861000000000000000e+03 -4.800000000000000000e+01 5.200000000000000000e+02 -8.560000000000000000e+02
1.901000000000000000e+03 -5.600000000000000000e+01 5.280000000000000000e+02 -8.640000000000000000e+02
1.941000000000000000e+03 -4.800000000000000000e+01 5.280000000000000000e+02 -8.640000000000000000e+02
1.981000000000000000e+03 -4.000000000000000000e+01 5.280000000000000000e+02 -8.640000000000000000e+02
2.013000000000000000e+03 -4.000000000000000000e+01 5.360000000000000000e+02 -8.720000000000000000e+02
2.053000000000000000e+03 -4.800000000000000000e+01 5.280000000000000000e+02 -8.240000000000000000e+02
2.093000000000000000e+03 -5.600000000000000000e+01 5.360000000000000000e+02 -8.800000000000000000e+02
2.133000000000000000e+03 -3.200000000000000000e+01 5.280000000000000000e+02 -8.640000000000000000e+02
2.173000000000000000e+03 -3.200000000000000000e+01 5.360000000000000000e+02 -8.640000000000000000e+02
2.213000000000000000e+03 -4.000000000000000000e+01 5.520000000000000000e+02 -8.480000000000000000e+02
2.253000000000000000e+03 -4.000000000000000000e+01 5.360000000000000000e+02 -9.040000000000000000e+02
2.293000000000000000e+03 -4.800000000000000000e+01 5.360000000000000000e+02 -8.560000000000000000e+02
2.333000000000000000e+03 -4.800000000000000000e+01 5.600000000000000000e+02 -8.640000000000000000e+02
2.373000000000000000e+03 -4.000000000000000000e+01 5.440000000000000000e+02 -8.720000000000000000e+02
2.413000000000000000e+03 -4.800000000000000000e+01 5.280000000000000000e+02 -8.720000000000000000e+02
2.453000000000000000e+03 -4.000000000000000000e+01 5.440000000000000000e+02 -8.800000000000000000e+02
2.493000000000000000e+03 -4.000000000000000000e+01 5.360000000000000000e+02 -8.560000000000000000e+02
2.533000000000000000e+03 -4.800000000000000000e+01 5.440000000000000000e+02 -8.400000000000000000e+02
2.573000000000000000e+03 -8.000000000000000000e+01 5.440000000000000000e+02 -8.720000000000000000e+02
2.613000000000000000e+03 -6.400000000000000000e+01 5.360000000000000000e+02 -8.720000000000000000e+02
2.653000000000000000e+03 -5.600000000000000000e+01 5.520000000000000000e+02 -8.560000000000000000e+02
2.693000000000000000e+03 -5.600000000000000000e+01 5.440000000000000000e+02 -8.640000000000000000e+02
2.733000000000000000e+03 -4.800000000000000000e+01 5.280000000000000000e+02 -8.720000000000000000e+02
2.773000000000000000e+03 -5.600000000000000000e+01 5.360000000000000000e+02 -8.480000000000000000e+02
2.813000000000000000e+03 -5.600000000000000000e+01 5.280000000000000000e+02 -8.640000000000000000e+02
2.853000000000000000e+03 -5.600000000000000000e+01 5.280000000000000000e+02 -8.880000000000000000e+02
2.893000000000000000e+03 -4.800000000000000000e+01 5.040000000000000000e+02 -8.800000000000000000e+02
2.933000000000000000e+03 -4.000000000000000000e+01 5.120000000000000000e+02 -9.040000000000000000e+02
2.973000000000000000e+03 -4.000000000000000000e+01 5.280000000000000000e+02 -8.720000000000000000e+02
3.006000000000000000e+03 -4.800000000000000000e+01 5.360000000000000000e+02 -8.560000000000000000e+02
3.046000000000000000e+03 -4.800000000000000000e+01 5.360000000000000000e+02 -8.800000000000000000e+02
3.086000000000000000e+03 -4.800000000000000000e+01 5.360000000000000000e+02 -9.040000000000000000e+02
3.126000000000000000e+03 -4.800000000000000000e+01 5.600000000000000000e+02 -8.720000000000000000e+02
3.166000000000000000e+03 -4.800000000000000000e+01 5.520000000000000000e+02 -8.080000000000000000e+02
3.206000000000000000e+03 -4.000000000000000000e+01 5.360000000000000000e+02 -8.240000000000000000e+02
3.246000000000000000e+03 -4.000000000000000000e+01 5.360000000000000000e+02 -8.800000000000000000e+02
3.286000000000000000e+03 -4.800000000000000000e+01 5.280000000000000000e+02 -9.280000000000000000e+02
3.326000000000000000e+03 -5.600000000000000000e+01 5.360000000000000000e+02 -8.320000000000000000e+02
3.366000000000000000e+03 -4.800000000000000000e+01 5.360000000000000000e+02 -8.880000000000000000e+02
3.406000000000000000e+03 -4.800000000000000000e+01 5.040000000000000000e+02 -8.720000000000000000e+02
3.446000000000000000e+03 -4.000000000000000000e+01 5.120000000000000000e+02 -8.560000000000000000e+02
3.486000000000000000e+03 -4.000000000000000000e+01 5.040000000000000000e+02 -8.560000000000000000e+02
3.526000000000000000e+03 -2.400000000000000000e+01 5.200000000000000000e+02 -9.200000000000000000e+02
3.566000000000000000e+03 -4.000000000000000000e+01 5.200000000000000000e+02 -8.480000000000000000e+02
3.606000000000000000e+03 -4.000000000000000000e+01 5.360000000000000000e+02 -8.720000000000000000e+02
3.646000000000000000e+03 -4.000000000000000000e+01 5.440000000000000000e+02 -8.480000000000000000e+02
3.686000000000000000e+03 -2.400000000000000000e+01 5.440000000000000000e+02 -8.880000000000000000e+02
3.726000000000000000e+03 -3.200000000000000000e+01 5.440000000000000000e+02 -8.480000000000000000e+02
3.766000000000000000e+03 -2.400000000000000000e+01 5.360000000000000000e+02 -8.080000000000000000e+02
3.806000000000000000e+03 -4.000000000000000000e+01 5.280000000000000000e+02 -8.560000000000000000e+02
3.846000000000000000e+03 -4.000000000000000000e+01 5.200000000000000000e+02 -8.720000000000000000e+02
3.886000000000000000e+03 -4.000000000000000000e+01 5.360000000000000000e+02 -8.400000000000000000e+02
3.926000000000000000e+03 -4.800000000000000000e+01 5.360000000000000000e+02 -8.560000000000000000e+02
3.966000000000000000e+03 -4.800000000000000000e+01 5.360000000000000000e+02 -8.720000000000000000e+02
3.998000000000000000e+03 -4.000000000000000000e+01 5.360000000000000000e+02 -8.320000000000000000e+02
4.038000000000000000e+03 -4.800000000000000000e+01 5.520000000000000000e+02 -8.640000000000000000e+02
4.078000000000000000e+03 -6.400000000000000000e+01 5.760000000000000000e+02 -8.320000000000000000e+02
4.118000000000000000e+03 -4.800000000000000000e+01 5.760000000000000000e+02 -8.400000000000000000e+02
4.158000000000000000e+03 -5.600000000000000000e+01 5.360000000000000000e+02 -8.400000000000000000e+02
4.198000000000000000e+03 -7.200000000000000000e+01 5.520000000000000000e+02 -8.720000000000000000e+02
4.238000000000000000e+03 -5.600000000000000000e+01 5.680000000000000000e+02 -8.480000000000000000e+02
4.278000000000000000e+03 -4.800000000000000000e+01 5.520000000000000000e+02 -8.640000000000000000e+02
4.318000000000000000e+03 -4.000000000000000000e+01 5.440000000000000000e+02 -9.040000000000000000e+02
4.358000000000000000e+03 -5.600000000000000000e+01 5.440000000000000000e+02 -8.720000000000000000e+02
4.398000000000000000e+03 -4.800000000000000000e+01 5.440000000000000000e+02 -8.640000000000000000e+02
4.438000000000000000e+03 -4.800000000000000000e+01 5.360000000000000000e+02 -8.560000000000000000e+02
4.478000000000000000e+03 -5.600000000000000000e+01 5.200000000000000000e+02 -8.720000000000000000e+02
4.518000000000000000e+03 -4.000000000000000000e+01 5.360000000000000000e+02 -8.480000000000000000e+02
4.558000000000000000e+03 -4.800000000000000000e+01 5.280000000000000000e+02 -8.720000000000000000e+02
4.598000000000000000e+03 -4.800000000000000000e+01 5.360000000000000000e+02 -8.400000000000000000e+02
4.638000000000000000e+03 -5.600000000000000000e+01 5.280000000000000000e+02 -8.480000000000000000e+02
4.678000000000000000e+03 -4.000000000000000000e+01 5.520000000000000000e+02 -8.720000000000000000e+02
4.718000000000000000e+03 -3.200000000000000000e+01 5.520000000000000000e+02 -8.400000000000000000e+02
4.758000000000000000e+03 -3.200000000000000000e+01 5.360000000000000000e+02 -8.480000000000000000e+02
4.798000000000000000e+03 -4.800000000000000000e+01 5.120000000000000000e+02 -8.720000000000000000e+02
4.838000000000000000e+03 -4.800000000000000000e+01 5.280000000000000000e+02 -8.800000000000000000e+02
4.878000000000000000e+03 -5.600000000000000000e+01 5.360000000000000000e+02 -7.920000000000000000e+02
4.918000000000000000e+03 -4.000000000000000000e+01 5.360000000000000000e+02 -8.640000000000000000e+02
4.958000000000000000e+03 -4.000000000000000000e+01 5.360000000000000000e+02 -8.560000000000000000e+02
4.990000000000000000e+03 -4.800000000000000000e+01 5.360000000000000000e+02 -8.560000000000000000e+02
5.030000000000000000e+03 -4.800000000000000000e+01 5.440000000000000000e+02 -8.720000000000000000e+02
5.070000000000000000e+03 -4.000000000000000000e+01 5.440000000000000000e+02 -8.640000000000000000e+02
5.110000000000000000e+03 -4.000000000000000000e+01 5.360000000000000000e+02 -9.040000000000000000e+02
5.150000000000000000e+03 -2.400000000000000000e+01 5.520000000000000000e+02 -8.480000000000000000e+02
5.190000000000000000e+03 -2.400000000000000000e+01 5.440000000000000000e+02 -9.040000000000000000e+02
5.230000000000000000e+03 -3.200000000000000000e+01 5.360000000000000000e+02 -8.480000000000000000e+02
5.270000000000000000e+03 -3.200000000000000000e+01 5.200000000000000000e+02 -8.800000000000000000e+02
5.310000000000000000e+03 -3.200000000000000000e+01 5.280000000000000000e+02 -9.040000000000000000e+02
5.350000000000000000e+03 -4.000000000000000000e+01 5.360000000000000000e+02 -9.520000000000000000e+02
5.390000000000000000e+03 -4.800000000000000000e+01 5.200000000000000000e+02 -8.720000000000000000e+02
5.430000000000000000e+03 -4.800000000000000000e+01 5.280000000000000000e+02 -8.560000000000000000e+02
5.470000000000000000e+03 -4.800000000000000000e+01 5.200000000000000000e+02 -8.480000000000000000e+02
5.510000000000000000e+03 -4.800000000000000000e+01 5.200000000000000000e+02 -8.240000000000000000e+02
5.550000000000000000e+03 -4.800000000000000000e+01 5.200000000000000000e+02 -8.640000000000000000e+02
5.590000000000000000e+03 -3.200000000000000000e+01 5.360000000000000000e+02 -8.560000000000000000e+02
5.630000000000000000e+03 -4.800000000000000000e+01 5.360000000000000000e+02 -8.480000000000000000e+02
5.670000000000000000e+03 -4.000000000000000000e+01 5.280000000000000000e+02 -8.560000000000000000e+02
5.710000000000000000e+03 -4.800000000000000000e+01 5.360000000000000000e+02 -8.720000000000000000e+02
5.750000000000000000e+03 -4.800000000000000000e+01 5.440000000000000000e+02 -8.560000000000000000e+02
5.790000000000000000e+03 -4.800000000000000000e+01 5.360000000000000000e+02 -8.560000000000000000e+02
5.830000000000000000e+03 -4.800000000000000000e+01 5.360000000000000000e+02 -8.560000000000000000e+02
5.870000000000000000e+03 -4.800000000000000000e+01 5.360000000000000000e+02 -8.640000000000000000e+02
5.910000000000000000e+03 -4.000000000000000000e+01 5.360000000000000000e+02 -8.560000000000000000e+02
5.950000000000000000e+03 -3.200000000000000000e+01 5.360000000000000000e+02 -8.560000000000000000e+02
5.982000000000000000e+03 -4.000000000000000000e+01 5.360000000000000000e+02 -8.640000000000000000e+02
6.022000000000000000e+03 -4.000000000000000000e+01 5.440000000000000000e+02 -8.640000000000000000e+02
6.062000000000000000e+03 -4.000000000000000000e+01 5.440000000000000000e+02 -8.400000000000000000e+02
6.102000000000000000e+03 -4.000000000000000000e+01 5.440000000000000000e+02 -8.560000000000000000e+02
6.142000000000000000e+03 -4.000000000000000000e+01 5.440000000000000000e+02 -8.560000000000000000e+02
6.182000000000000000e+03 -4.000000000000000000e+01 5.360000000000000000e+02 -8.640000000000000000e+02
6.222000000000000000e+03 -4.800000000000000000e+01 5.280000000000000000e+02 -8.560000000000000000e+02
6.262000000000000000e+03 -5.600000000000000000e+01 5.360000000000000000e+02 -8.560000000000000000e+02
6.302000000000000000e+03 -6.400000000000000000e+01 5.440000000000000000e+02 -8.160000000000000000e+02
6.342000000000000000e+03 -4.800000000000000000e+01 5.360000000000000000e+02 -8.480000000000000000e+02
6.382000000000000000e+03 -4.800000000000000000e+01 5.360000000000000000e+02 -8.560000000000000000e+02
6.422000000000000000e+03 -4.000000000000000000e+01 5.360000000000000000e+02 -8.640000000000000000e+02
6.462000000000000000e+03 -4.000000000000000000e+01 5.440000000000000000e+02 -8.000000000000000000e+02
6.502000000000000000e+03 -3.200000000000000000e+01 5.440000000000000000e+02 -8.880000000000000000e+02
6.542000000000000000e+03 -3.200000000000000000e+01 5.440000000000000000e+02 -8.560000000000000000e+02
6.582000000000000000e+03 -1.600000000000000000e+01 5.440000000000000000e+02 -8.880000000000000000e+02
6.622000000000000000e+03 -3.200000000000000000e+01 5.360000000000000000e+02 -8.640000000000000000e+02
6.662000000000000000e+03 -4.000000000000000000e+01 5.280000000000000000e+02 -8.800000000000000000e+02
6.702000000000000000e+03 -4.000000000000000000e+01 5.280000000000000000e+02 -8.720000000000000000e+02
6.742000000000000000e+03 -4.000000000000000000e+01 5.360000000000000000e+02 -8.800000000000000000e+02
6.782000000000000000e+03 -4.800000000000000000e+01 5.360000000000000000e+02 -8.480000000000000000e+02
6.822000000000000000e+03 -4.800000000000000000e+01 5.360000000000000000e+02 -8.800000000000000000e+02
6.862000000000000000e+03 -4.000000000000000000e+01 5.440000000000000000e+02 -8.480000000000000000e+02
6.902000000000000000e+03 -2.400000000000000000e+01 5.440000000000000000e+02 -8.640000000000000000e+02
6.942000000000000000e+03 -4.000000000000000000e+01 5.440000000000000000e+02 -8.640000000000000000e+02
6.975000000000000000e+03 -4.000000000000000000e+01 5.360000000000000000e+02 -8.560000000000000000e+02
7.015000000000000000e+03 -4.000000000000000000e+01 5.360000000000000000e+02 -8.800000000000000000e+02
7.055000000000000000e+03 -3.200000000000000000e+01 5.360000000000000000e+02 -8.240000000000000000e+02
7.095000000000000000e+03 -1.600000000000000000e+01 5.280000000000000000e+02 -8.320000000000000000e+02
7.135000000000000000e+03 -6.400000000000000000e+01 5.360000000000000000e+02 -8.480000000000000000e+02
7.175000000000000000e+03 -4.800000000000000000e+01 5.440000000000000000e+02 -8.480000000000000000e+02
7.215000000000000000e+03 -3.200000000000000000e+01 5.600000000000000000e+02 -8.560000000000000000e+02
7.255000000000000000e+03 -4.000000000000000000e+01 5.440000000000000000e+02 -8.560000000000000000e+02
7.295000000000000000e+03 -3.200000000000000000e+01 5.440000000000000000e+02 -8.400000000000000000e+02
7.335000000000000000e+03 -4.000000000000000000e+01 5.360000000000000000e+02 -8.560000000000000000e+02
7.375000000000000000e+03 -4.000000000000000000e+01 5.360000000000000000e+02 -8.560000000000000000e+02
7.415000000000000000e+03 -3.200000000000000000e+01 5.280000000000000000e+02 -8.640000000000000000e+02
7.455000000000000000e+03 -3.200000000000000000e+01 5.360000000000000000e+02 -8.560000000000000000e+02
7.495000000000000000e+03 -3.200000000000000000e+01 5.280000000000000000e+02 -8.800000000000000000e+02
7.535000000000000000e+03 -4.000000000000000000e+01 5.280000000000000000e+02 -8.640000000000000000e+02
7.575000000000000000e+03 -3.200000000000000000e+01 5.280000000000000000e+02 -8.640000000000000000e+02
7.615000000000000000e+03 -4.000000000000000000e+01 5.360000000000000000e+02 -8.400000000000000000e+02
7.655000000000000000e+03 -4.000000000000000000e+01 5.440000000000000000e+02 -8.400000000000000000e+02
7.695000000000000000e+03 -4.000000000000000000e+01 5.360000000000000000e+02 -9.040000000000000000e+02
7.735000000000000000e+03 -4.000000000000000000e+01 5.360000000000000000e+02 -8.640000000000000000e+02
7.775000000000000000e+03 -2.400000000000000000e+01 5.520000000000000000e+02 -8.480000000000000000e+02
7.815000000000000000e+03 -3.200000000000000000e+01 5.440000000000000000e+02 -8.560000000000000000e+02
7.855000000000000000e+03 -4.000000000000000000e+01 5.440000000000000000e+02 -8.720000000000000000e+02
7.895000000000000000e+03 -4.000000000000000000e+01 5.360000000000000000e+02 -8.720000000000000000e+02
7.935000000000000000e+03 -4.000000000000000000e+01 5.360000000000000000e+02 -8.640000000000000000e+02
7.967000000000000000e+03 -4.000000000000000000e+01 5.360000000000000000e+02 -8.480000000000000000e+02
8.007000000000000000e+03 -4.800000000000000000e+01 5.280000000000000000e+02 -8.240000000000000000e+02
8.047000000000000000e+03 -4.000000000000000000e+01 5.600000000000000000e+02 -8.400000000000000000e+02
8.087000000000000000e+03 -6.400000000000000000e+01 5.520000000000000000e+02 -8.320000000000000000e+02
8.127000000000000000e+03 -5.600000000000000000e+01 5.600000000000000000e+02 -8.640000000000000000e+02
8.167000000000000000e+03 -4.800000000000000000e+01 5.440000000000000000e+02 -8.640000000000000000e+02
8.207000000000000000e+03 -3.200000000000000000e+01 5.360000000000000000e+02 -8.720000000000000000e+02
8.247000000000000000e+03 -3.200000000000000000e+01 5.360000000000000000e+02 -8.720000000000000000e+02
8.287000000000000000e+03 -4.000000000000000000e+01 5.440000000000000000e+02 -8.640000000000000000e+02
8.327000000000000000e+03 -4.800000000000000000e+01 5.360000000000000000e+02 -8.640000000000000000e+02
8.367000000000000000e+03 -3.200000000000000000e+01 5.440000000000000000e+02 -8.240000000000000000e+02
8.407000000000000000e+03 -4.000000000000000000e+01 5.440000000000000000e+02 -8.640000000000000000e+02
8.447000000000000000e+03 -4.000000000000000000e+01 5.440000000000000000e+02 -8.640000000000000000e+02
8.487000000000000000e+03 -4.000000000000000000e+01 5.360000000000000000e+02 -8.560000000000000000e+02
8.527000000000000000e+03 -4.800000000000000000e+01 5.280000000000000000e+02 -8.880000000000000000e+02
8.567000000000000000e+03 -4.800000000000000000e+01 5.440000000000000000e+02 -8.720000000000000000e+02
8.607000000000000000e+03 -4.800000000000000000e+01 5.440000000000000000e+02 -8.640000000000000000e+02
8.647000000000000000e+03 -4.800000000000000000e+01 5.440000000000000000e+02 -8.720000000000000000e+02
8.687000000000000000e+03 -4.000000000000000000e+01 5.440000000000000000e+02 -8.640000000000000000e+02
8.727000000000000000e+03 -4.800000000000000000e+01 5.440000000000000000e+02 -8.800000000000000000e+02
8.767000000000000000e+03 -4.000000000000000000e+01 5.360000000000000000e+02 -8.560000000000000000e+02
8.807000000000000000e+03 -4.000000000000000000e+01 5.360000000000000000e+02 -8.480000000000000000e+02
8.847000000000000000e+03 -4.000000000000000000e+01 5.200000000000000000e+02 -8.480000000000000000e+02
8.887000000000000000e+03 -3.200000000000000000e+01 5.360000000000000000e+02 -8.640000000000000000e+02
8.927000000000000000e+03 -3.200000000000000000e+01 5.360000000000000000e+02 -9.040000000000000000e+02
8.959000000000000000e+03 -4.000000000000000000e+01 5.360000000000000000e+02 -8.720000000000000000e+02
8.999000000000000000e+03 -3.200000000000000000e+01 5.120000000000000000e+02 -8.640000000000000000e+02
9.039000000000000000e+03 -2.400000000000000000e+01 5.280000000000000000e+02 -8.720000000000000000e+02
9.079000000000000000e+03 -4.000000000000000000e+01 5.280000000000000000e+02 -8.880000000000000000e+02
9.119000000000000000e+03 -4.000000000000000000e+01 5.280000000000000000e+02 -8.160000000000000000e+02
9.159000000000000000e+03 -4.000000000000000000e+01 5.360000000000000000e+02 -8.560000000000000000e+02
9.199000000000000000e+03 -8.000000000000000000e+00 5.440000000000000000e+02 -8.560000000000000000e+02
9.239000000000000000e+03 -2.400000000000000000e+01 5.360000000000000000e+02 -8.320000000000000000e+02
9.279000000000000000e+03 -3.200000000000000000e+01 5.360000000000000000e+02 -8.720000000000000000e+02
9.319000000000000000e+03 -4.000000000000000000e+01 5.360000000000000000e+02 -8.640000000000000000e+02
9.359000000000000000e+03 -4.000000000000000000e+01 5.280000000000000000e+02 -8.880000000000000000e+02
9.399000000000000000e+03 -3.200000000000000000e+01 5.280000000000000000e+02 -8.560000000000000000e+02
9.439000000000000000e+03 -3.200000000000000000e+01 5.200000000000000000e+02 -8.640000000000000000e+02
9.479000000000000000e+03 -1.600000000000000000e+01 5.440000000000000000e+02 -8.640000000000000000e+02
9.519000000000000000e+03 -3.200000000000000000e+01 5.280000000000000000e+02 -8.720000000000000000e+02
9.559000000000000000e+03 -3.200000000000000000e+01 5.520000000000000000e+02 -8.800000000000000000e+02
9.599000000000000000e+03 -3.200000000000000000e+01 5.440000000000000000e+02 -8.640000000000000000e+02
9.639000000000000000e+03 -2.400000000000000000e+01 5.360000000000000000e+02 -8.720000000000000000e+02
9.679000000000000000e+03 -4.000000000000000000e+01 5.440000000000000000e+02 -8.880000000000000000e+02
9.719000000000000000e+03 -3.200000000000000000e+01 5.360000000000000000e+02 -8.400000000000000000e+02
9.759000000000000000e+03 -4.000000000000000000e+01 5.360000000000000000e+02 -8.560000000000000000e+02
9.799000000000000000e+03 -3.200000000000000000e+01 5.440000000000000000e+02 -8.400000000000000000e+02
9.839000000000000000e+03 -4.000000000000000000e+01 5.600000000000000000e+02 -8.240000000000000000e+02
9.879000000000000000e+03 -4.000000000000000000e+01 5.520000000000000000e+02 -8.640000000000000000e+02
9.919000000000000000e+03 -4.000000000000000000e+01 5.440000000000000000e+02 -8.720000000000000000e+02
9.952000000000000000e+03 -4.000000000000000000e+01 5.520000000000000000e+02 -8.640000000000000000e+02
9.992000000000000000e+03 -4.000000000000000000e+01 5.280000000000000000e+02 -8.960000000000000000e+02
1.003200000000000000e+04 -1.600000000000000000e+01 5.520000000000000000e+02 -8.880000000000000000e+02
1.007200000000000000e+04 -1.600000000000000000e+01 5.440000000000000000e+02 -8.240000000000000000e+02
1.011200000000000000e+04 -4.000000000000000000e+01 5.520000000000000000e+02 -8.400000000000000000e+02
1.015200000000000000e+04 -2.400000000000000000e+01 5.040000000000000000e+02 -8.480000000000000000e+02
1.019200000000000000e+04 -1.600000000000000000e+01 5.200000000000000000e+02 -8.480000000000000000e+02
1.023200000000000000e+04 -4.000000000000000000e+01 5.280000000000000000e+02 -8.480000000000000000e+02
1.027200000000000000e+04 -4.000000000000000000e+01 5.280000000000000000e+02 -8.560000000000000000e+02
1.031200000000000000e+04 -3.200000000000000000e+01 5.280000000000000000e+02 -8.640000000000000000e+02
1.035200000000000000e+04 -4.000000000000000000e+01 5.360000000000000000e+02 -8.640000000000000000e+02
1.039200000000000000e+04 -4.000000000000000000e+01 5.280000000000000000e+02 -8.560000000000000000e+02
1.043200000000000000e+04 -6.400000000000000000e+01 5.680000000000000000e+02 -8.640000000000000000e+02
1.047200000000000000e+04 -4.800000000000000000e+01 5.600000000000000000e+02 -8.560000000000000000e+02
1.051200000000000000e+04 -4.000000000000000000e+01 5.440000000000000000e+02 -8.640000000000000000e+02
1.055200000000000000e+04 -4.000000000000000000e+01 5.440000000000000000e+02 -8.560000000000000000e+02
1.059200000000000000e+04 -4.000000000000000000e+01 5.440000000000000000e+02 -8.560000000000000000e+02
1.063200000000000000e+04 -4.000000000000000000e+01 5.440000000000000000e+02 -8.560000000000000000e+02
1.067200000000000000e+04 -4.000000000000000000e+01 5.360000000000000000e+02 -8.640000000000000000e+02
1.071200000000000000e+04 -2.400000000000000000e+01 5.360000000000000000e+02 -8.560000000000000000e+02
1.075200000000000000e+04 -4.800000000000000000e+01 5.360000000000000000e+02 -8.640000000000000000e+02
1.079200000000000000e+04 -4.800000000000000000e+01 5.440000000000000000e+02 -8.560000000000000000e+02
1.083200000000000000e+04 -4.800000000000000000e+01 5.440000000000000000e+02 -8.880000000000000000e+02
1.087200000000000000e+04 -6.400000000000000000e+01 5.440000000000000000e+02 -8.560000000000000000e+02
1.091200000000000000e+04 -4.800000000000000000e+01 5.280000000000000000e+02 -8.640000000000000000e+02
1.094300000000000000e+04 -5.600000000000000000e+01 5.360000000000000000e+02 -8.320000000000000000e+02
1.098300000000000000e+04 -4.800000000000000000e+01 5.520000000000000000e+02 -8.400000000000000000e+02
1.102300000000000000e+04 -8.000000000000000000e+01 5.520000000000000000e+02 -8.960000000000000000e+02
1.106300000000000000e+04 -8.000000000000000000e+01 5.520000000000000000e+02 -8.640000000000000000e+02
1.110300000000000000e+04 -5.600000000000000000e+01 5.440000000000000000e+02 -8.800000000000000000e+02
1.114300000000000000e+04 -4.800000000000000000e+01 5.360000000000000000e+02 -8.560000000000000000e+02
1.118300000000000000e+04 -3.200000000000000000e+01 5.520000000000000000e+02 -8.240000000000000000e+02
1.122300000000000000e+04 -3.200000000000000000e+01 5.360000000000000000e+02 -8.400000000000000000e+02
1.126300000000000000e+04 -2.400000000000000000e+01 5.200000000000000000e+02 -8.720000000000000000e+02
1.130300000000000000e+04 -3.200000000000000000e+01 5.440000000000000000e+02 -8.640000000000000000e+02
1.134300000000000000e+04 -2.400000000000000000e+01 5.600000000000000000e+02 -8.640000000000000000e+02
1.138300000000000000e+04 -7.200000000000000000e+01 5.600000000000000000e+02 -8.480000000000000000e+02
1.142300000000000000e+04 -3.200000000000000000e+01 5.440000000000000000e+02 -9.040000000000000000e+02
1.146300000000000000e+04 -4.000000000000000000e+01 5.600000000000000000e+02 -8.560000000000000000e+02
1.150300000000000000e+04 -3.200000000000000000e+01 5.520000000000000000e+02 -8.400000000000000000e+02
1.154300000000000000e+04 -3.200000000000000000e+01 5.440000000000000000e+02 -8.720000000000000000e+02
1.158300000000000000e+04 -2.400000000000000000e+01 5.360000000000000000e+02 -8.640000000000000000e+02
1.162300000000000000e+04 -3.200000000000000000e+01 5.360000000000000000e+02 -8.560000000000000000e+02
1.166300000000000000e+04 -6.400000000000000000e+01 5.360000000000000000e+02 -8.320000000000000000e+02
1.170300000000000000e+04 -5.600000000000000000e+01 5.280000000000000000e+02 -8.640000000000000000e+02
1.174300000000000000e+04 -5.600000000000000000e+01 5.360000000000000000e+02 -8.640000000000000000e+02
1.178300000000000000e+04 -4.800000000000000000e+01 5.280000000000000000e+02 -8.640000000000000000e+02
1.182300000000000000e+04 -4.800000000000000000e+01 5.360000000000000000e+02 -8.640000000000000000e+02
1.186300000000000000e+04 -4.000000000000000000e+01 5.360000000000000000e+02 -8.560000000000000000e+02
1.190300000000000000e+04 -4.000000000000000000e+01 5.360000000000000000e+02 -8.640000000000000000e+02
1.193600000000000000e+04 -4.000000000000000000e+01 5.440000000000000000e+02 -8.560000000000000000e+02
1.197600000000000000e+04 -4.000000000000000000e+01 5.360000000000000000e+02 -8.640000000000000000e+02
1.201600000000000000e+04 -4.000000000000000000e+01 5.440000000000000000e+02 -8.640000000000000000e+02
1.205600000000000000e+04 -2.400000000000000000e+01 5.360000000000000000e+02 -8.640000000000000000e+02
1.209600000000000000e+04 -3.200000000000000000e+01 5.520000000000000000e+02 -8.880000000000000000e+02
1.213600000000000000e+04 -4.800000000000000000e+01 5.440000000000000000e+02 -8.640000000000000000e+02
1.217600000000000000e+04 -4.000000000000000000e+01 5.440000000000000000e+02 -8.720000000000000000e+02
1.221600000000000000e+04 -4.000000000000000000e+01 5.360000000000000000e+02 -8.720000000000000000e+02
1.225600000000000000e+04 -5.600000000000000000e+01 5.520000000000000000e+02 -8.480000000000000000e+02
1.229600000000000000e+04 -4.000000000000000000e+01 5.360000000000000000e+02 -8.640000000000000000e+02
1.233600000000000000e+04 -4.800000000000000000e+01 5.440000000000000000e+02 -8.720000000000000000e+02
1.237600000000000000e+04 -4.800000000000000000e+01 5.360000000000000000e+02 -8.480000000000000000e+02
1.241600000000000000e+04 -4.800000000000000000e+01 5.520000000000000000e+02 -8.720000000000000000e+02
1.245600000000000000e+04 -1.600000000000000000e+01 5.440000000000000000e+02 -8.320000000000000000e+02
1.249600000000000000e+04 -2.400000000000000000e+01 5.440000000000000000e+02 -8.240000000000000000e+02
1.253600000000000000e+04 -4.000000000000000000e+01 5.520000000000000000e+02 -8.720000000000000000e+02
1.257600000000000000e+04 -2.400000000000000000e+01 5.360000000000000000e+02 -8.640000000000000000e+02
1.261600000000000000e+04 -3.200000000000000000e+01 5.280000000000000000e+02 -8.480000000000000000e+02
1.265600000000000000e+04 -1.600000000000000000e+01 5.280000000000000000e+02 -8.640000000000000000e+02
1.269600000000000000e+04 -3.200000000000000000e+01 5.280000000000000000e+02 -8.720000000000000000e+02
1.273600000000000000e+04 -2.400000000000000000e+01 5.280000000000000000e+02 -8.720000000000000000e+02
1.277600000000000000e+04 -3.200000000000000000e+01 5.440000000000000000e+02 -8.800000000000000000e+02
1.281600000000000000e+04 -4.800000000000000000e+01 5.360000000000000000e+02 -8.480000000000000000e+02
1.285600000000000000e+04 -4.800000000000000000e+01 5.360000000000000000e+02 -8.560000000000000000e+02
1.289600000000000000e+04 -4.000000000000000000e+01 5.360000000000000000e+02 -8.800000000000000000e+02
1.292800000000000000e+04 -4.000000000000000000e+01 5.360000000000000000e+02 -8.720000000000000000e+02
1.296800000000000000e+04 -4.000000000000000000e+01 5.600000000000000000e+02 -8.640000000000000000e+02
1.300800000000000000e+04 -2.400000000000000000e+01 5.600000000000000000e+02 -8.480000000000000000e+02
1.304800000000000000e+04 -3.200000000000000000e+01 5.520000000000000000e+02 -9.040000000000000000e+02
1.308800000000000000e+04 -3.200000000000000000e+01 5.280000000000000000e+02 -8.160000000000000000e+02
1.312800000000000000e+04 -4.000000000000000000e+01 5.280000000000000000e+02 -9.040000000000000000e+02
1.316800000000000000e+04 -4.000000000000000000e+01 5.360000000000000000e+02 -8.640000000000000000e+02
1.320800000000000000e+04 -4.000000000000000000e+01 5.360000000000000000e+02 -8.880000000000000000e+02
1.324800000000000000e+04 -4.000000000000000000e+01 5.360000000000000000e+02 -8.240000000000000000e+02
1.328800000000000000e+04 -4.000000000000000000e+01 5.360000000000000000e+02 -8.640000000000000000e+02
1.332800000000000000e+04 -3.200000000000000000e+01 5.440000000000000000e+02 -8.400000000000000000e+02
1.336800000000000000e+04 -3.200000000000000000e+01 5.360000000000000000e+02 -8.800000000000000000e+02
1.340800000000000000e+04 -3.200000000000000000e+01 5.280000000000000000e+02 -8.400000000000000000e+02
1.344800000000000000e+04 -4.000000000000000000e+01 5.360000000000000000e+02 -8.480000000000000000e+02
1.348800000000000000e+04 -4.000000000000000000e+01 5.440000000000000000e+02 -8.560000000000000000e+02
1.352800000000000000e+04 -4.000000000000000000e+01 5.200000000000000000e+02 -8.560000000000000000e+02
1.356800000000000000e+04 -4.800000000000000000e+01 5.280000000000000000e+02 -8.640000000000000000e+02
1.360800000000000000e+04 -4.000000000000000000e+01 5.360000000000000000e+02 -8.400000000000000000e+02
1.364800000000000000e+04 -4.000000000000000000e+01 5.360000000000000000e+02 -8.640000000000000000e+02
1.368800000000000000e+04 -6.400000000000000000e+01 5.360000000000000000e+02 -8.640000000000000000e+02
1.372800000000000000e+04 -7.200000000000000000e+01 5.360000000000000000e+02 -8.560000000000000000e+02
1.376800000000000000e+04 -5.600000000000000000e+01 5.200000000000000000e+02 -8.800000000000000000e+02
1.380800000000000000e+04 -4.800000000000000000e+01 5.200000000000000000e+02 -8.560000000000000000e+02
1.384800000000000000e+04 -4.800000000000000000e+01 5.200000000000000000e+02 -8.480000000000000000e+02
1.388800000000000000e+04 -3.200000000000000000e+01 5.280000000000000000e+02 -8.560000000000000000e+02
1.392000000000000000e+04 -3.200000000000000000e+01 5.360000000000000000e+02 -9.040000000000000000e+02
1.396000000000000000e+04 -4.800000000000000000e+01 5.520000000000000000e+02 -8.720000000000000000e+02
1.400000000000000000e+04 -4.800000000000000000e+01 5.600000000000000000e+02 -8.480000000000000000e+02
1.404000000000000000e+04 -2.400000000000000000e+01 5.440000000000000000e+02 -8.560000000000000000e+02
1.408000000000000000e+04 -4.800000000000000000e+01 5.440000000000000000e+02 -8.720000000000000000e+02
1.412000000000000000e+04 -4.800000000000000000e+01 5.440000000000000000e+02 -8.560000000000000000e+02
1.416000000000000000e+04 -5.600000000000000000e+01 5.440000000000000000e+02 -8.720000000000000000e+02
1.420000000000000000e+04 -4.800000000000000000e+01 5.440000000000000000e+02 -8.400000000000000000e+02
1.424000000000000000e+04 -4.800000000000000000e+01 5.360000000000000000e+02 -8.720000000000000000e+02
1.428000000000000000e+04 -5.600000000000000000e+01 5.360000000000000000e+02 -8.560000000000000000e+02
1.432000000000000000e+04 -6.400000000000000000e+01 5.280000000000000000e+02 -8.560000000000000000e+02
1.436000000000000000e+04 -4.000000000000000000e+01 5.280000000000000000e+02 -8.800000000000000000e+02
1.440000000000000000e+04 -4.000000000000000000e+01 5.440000000000000000e+02 -8.560000000000000000e+02
1.444000000000000000e+04 -4.000000000000000000e+01 5.360000000000000000e+02 -9.040000000000000000e+02
1.448000000000000000e+04 -4.800000000000000000e+01 5.280000000000000000e+02 -8.720000000000000000e+02
1.452000000000000000e+04 -4.000000000000000000e+01 5.280000000000000000e+02 -8.800000000000000000e+02
1.456000000000000000e+04 -4.800000000000000000e+01 5.360000000000000000e+02 -8.480000000000000000e+02
1.460000000000000000e+04 -7.200000000000000000e+01 5.520000000000000000e+02 -8.640000000000000000e+02
1.464000000000000000e+04 -5.600000000000000000e+01 5.360000000000000000e+02 -8.640000000000000000e+02
1.468000000000000000e+04 -5.600000000000000000e+01 5.440000000000000000e+02 -8.560000000000000000e+02
1.472000000000000000e+04 -4.800000000000000000e+01 5.440000000000000000e+02 -8.720000000000000000e+02
1.476000000000000000e+04 -5.600000000000000000e+01 5.440000000000000000e+02 -8.480000000000000000e+02
1.480000000000000000e+04 -5.600000000000000000e+01 5.440000000000000000e+02 -8.800000000000000000e+02
1.484000000000000000e+04 -4.800000000000000000e+01 5.360000000000000000e+02 -8.720000000000000000e+02
1.488000000000000000e+04 -4.000000000000000000e+01 5.360000000000000000e+02 -8.640000000000000000e+02
1.491200000000000000e+04 -4.000000000000000000e+01 5.280000000000000000e+02 -8.560000000000000000e+02
1.495200000000000000e+04 -4.800000000000000000e+01 5.360000000000000000e+02 -8.400000000000000000e+02
1.499200000000000000e+04 -5.600000000000000000e+01 5.360000000000000000e+02 -9.440000000000000000e+02
1.503200000000000000e+04 -4.800000000000000000e+01 5.360000000000000000e+02 -8.560000000000000000e+02
1.507200000000000000e+04 -4.800000000000000000e+01 5.280000000000000000e+02 -8.480000000000000000e+02
1.511200000000000000e+04 -3.200000000000000000e+01 5.280000000000000000e+02 -8.640000000000000000e+02
1.515200000000000000e+04 -3.200000000000000000e+01 5.280000000000000000e+02 -8.800000000000000000e+02
1.519200000000000000e+04 -4.800000000000000000e+01 5.360000000000000000e+02 -8.480000000000000000e+02
1.523200000000000000e+04 -4.000000000000000000e+01 5.360000000000000000e+02 -8.560000000000000000e+02
1.527200000000000000e+04 -4.000000000000000000e+01 5.360000000000000000e+02 -8.480000000000000000e+02
1.531200000000000000e+04 -4.800000000000000000e+01 5.360000000000000000e+02 -8.480000000000000000e+02
1.535200000000000000e+04 -4.800000000000000000e+01 5.280000000000000000e+02 -8.640000000000000000e+02
1.539200000000000000e+04 -4.800000000000000000e+01 5.360000000000000000e+02 -8.560000000000000000e+02
1.543200000000000000e+04 -4.800000000000000000e+01 5.600000000000000000e+02 -8.400000000000000000e+02
1.547200000000000000e+04 -4.800000000000000000e+01 5.440000000000000000e+02 -8.720000000000000000e+02
1.551200000000000000e+04 -4.800000000000000000e+01 5.360000000000000000e+02 -8.560000000000000000e+02
1.555200000000000000e+04 -4.800000000000000000e+01 5.280000000000000000e+02 -8.720000000000000000e+02
1.559200000000000000e+04 -2.400000000000000000e+01 5.280000000000000000e+02 -8.960000000000000000e+02
1.563200000000000000e+04 -3.200000000000000000e+01 5.200000000000000000e+02 -8.640000000000000000e+02
1.567200000000000000e+04 -4.000000000000000000e+01 5.200000000000000000e+02 -8.800000000000000000e+02
1.571200000000000000e+04 -1.600000000000000000e+01 5.200000000000000000e+02 -8.720000000000000000e+02
1.575200000000000000e+04 -1.600000000000000000e+01 5.040000000000000000e+02 -9.440000000000000000e+02
1.579200000000000000e+04 -3.200000000000000000e+01 5.120000000000000000e+02 -8.720000000000000000e+02
1.583200000000000000e+04 -4.000000000000000000e+01 5.280000000000000000e+02 -8.640000000000000000e+02
1.587200000000000000e+04 -5.600000000000000000e+01 4.880000000000000000e+02 -8.560000000000000000e+02
1.590400000000000000e+04 -4.800000000000000000e+01 5.200000000000000000e+02 -8.720000000000000000e+02
1.594400000000000000e+04 -4.800000000000000000e+01 5.200000000000000000e+02 -8.720000000000000000e+02
1.598400000000000000e+04 -4.000000000000000000e+01 5.440000000000000000e+02 -8.480000000000000000e+02
1.602400000000000000e+04 -4.000000000000000000e+01 5.360000000000000000e+02 -8.720000000000000000e+02
1.606400000000000000e+04 -4.000000000000000000e+01 5.280000000000000000e+02 -9.040000000000000000e+02
1.610400000000000000e+04 -4.800000000000000000e+01 5.200000000000000000e+02 -8.960000000000000000e+02
1.614400000000000000e+04 -4.800000000000000000e+01 5.280000000000000000e+02 -8.720000000000000000e+02
1.618400000000000000e+04 -4.000000000000000000e+01 5.200000000000000000e+02 -9.120000000000000000e+02
1.622400000000000000e+04 -2.400000000000000000e+01 5.280000000000000000e+02 -8.160000000000000000e+02
1.626400000000000000e+04 -1.600000000000000000e+01 5.200000000000000000e+02 -8.480000000000000000e+02
1.630400000000000000e+04 -3.200000000000000000e+01 5.280000000000000000e+02 -8.800000000000000000e+02
1.634400000000000000e+04 -3.200000000000000000e+01 5.280000000000000000e+02 -8.800000000000000000e+02
1.638400000000000000e+04 -3.200000000000000000e+01 5.360000000000000000e+02 -8.640000000000000000e+02
1.642400000000000000e+04 -4.000000000000000000e+01 5.360000000000000000e+02 -8.560000000000000000e+02
1.646400000000000000e+04 -4.000000000000000000e+01 5.360000000000000000e+02 -8.720000000000000000e+02
1.650400000000000000e+04 -4.800000000000000000e+01 5.280000000000000000e+02 -9.040000000000000000e+02
1.654400000000000000e+04 -4.800000000000000000e+01 5.280000000000000000e+02 -8.560000000000000000e+02
1.658400000000000000e+04 -4.000000000000000000e+01 5.120000000000000000e+02 -8.720000000000000000e+02
1.662400000000000000e+04 -2.400000000000000000e+01 5.120000000000000000e+02 -8.880000000000000000e+02
1.666400000000000000e+04 -2.400000000000000000e+01 5.280000000000000000e+02 -8.720000000000000000e+02
1.670400000000000000e+04 -4.000000000000000000e+01 5.360000000000000000e+02 -8.720000000000000000e+02
1.674400000000000000e+04 -4.000000000000000000e+01 5.280000000000000000e+02 -8.960000000000000000e+02
1.678400000000000000e+04 -4.800000000000000000e+01 5.360000000000000000e+02 -1.056000000000000000e+03
1.682400000000000000e+04 -8.800000000000000000e+01 5.520000000000000000e+02 -1.384000000000000000e+03
1.686400000000000000e+04 -5.600000000000000000e+01 5.360000000000000000e+02 -1.096000000000000000e+03
1.689700000000000000e+04 -8.000000000000000000e+01 5.200000000000000000e+02 -8.800000000000000000e+02
1.693700000000000000e+04 -1.840000000000000000e+02 4.880000000000000000e+02 -8.800000000000000000e+02
1.697700000000000000e+04 -2.000000000000000000e+02 4.160000000000000000e+02 -8.160000000000000000e+02
1.701700000000000000e+04 -1.680000000000000000e+02 3.840000000000000000e+02 -8.080000000000000000e+02
1.705700000000000000e+04 -1.760000000000000000e+02 3.680000000000000000e+02 -8.880000000000000000e+02
1.709700000000000000e+04 -1.920000000000000000e+02 3.520000000000000000e+02 -8.320000000000000000e+02
1.713700000000000000e+04 -2.560000000000000000e+02 4.240000000000000000e+02 -7.760000000000000000e+02
1.717700000000000000e+04 -3.040000000000000000e+02 3.520000000000000000e+02 -8.480000000000000000e+02
1.721700000000000000e+04 -3.520000000000000000e+02 3.200000000000000000e+02 -8.880000000000000000e+02
1.725700000000000000e+04 -3.680000000000000000e+02 2.800000000000000000e+02 -8.880000000000000000e+02
1.729700000000000000e+04 -3.600000000000000000e+02 2.400000000000000000e+02 -8.560000000000000000e+02
1.733700000000000000e+04 -3.600000000000000000e+02 2.320000000000000000e+02 -7.520000000000000000e+02
1.737700000000000000e+04 -3.600000000000000000e+02 3.040000000000000000e+02 -8.720000000000000000e+02
1.741700000000000000e+04 -3.680000000000000000e+02 2.880000000000000000e+02 -9.520000000000000000e+02
1.745700000000000000e+04 -3.600000000000000000e+02 2.720000000000000000e+02 -9.840000000000000000e+02
1.749700000000000000e+04 -3.600000000000000000e+02 2.960000000000000000e+02 -9.920000000000000000e+02
1.753700000000000000e+04 -4.000000000000000000e+02 3.040000000000000000e+02 -9.280000000000000000e+02
1.757700000000000000e+04 -4.560000000000000000e+02 2.800000000000000000e+02 -8.400000000000000000e+02
1.761700000000000000e+04 -5.200000000000000000e+02 2.000000000000000000e+02 -8.240000000000000000e+02
1.765700000000000000e+04 -5.520000000000000000e+02 2.080000000000000000e+02 -7.760000000000000000e+02
1.769700000000000000e+04 -5.360000000000000000e+02 3.600000000000000000e+02 -7.040000000000000000e+02
1.773700000000000000e+04 -5.200000000000000000e+02 3.920000000000000000e+02 -6.400000000000000000e+02
1.777700000000000000e+04 -4.720000000000000000e+02 4.640000000000000000e+02 -6.640000000000000000e+02
1.781700000000000000e+04 -4.240000000000000000e+02 6.480000000000000000e+02 -6.960000000000000000e+02
1.785700000000000000e+04 -4.080000000000000000e+02 5.840000000000000000e+02 -7.840000000000000000e+02
1.788800000000000000e+04 -3.920000000000000000e+02 5.200000000000000000e+02 -8.640000000000000000e+02
1.792800000000000000e+04 -2.720000000000000000e+02 6.400000000000000000e+02 -7.680000000000000000e+02
1.796800000000000000e+04 -2.400000000000000000e+02 6.880000000000000000e+02 -4.960000000000000000e+02
1.800800000000000000e+04 -1.280000000000000000e+02 5.600000000000000000e+02 -8.320000000000000000e+02
1.804800000000000000e+04 -1.840000000000000000e+02 6.080000000000000000e+02 -7.760000000000000000e+02
1.808800000000000000e+04 -2.240000000000000000e+02 6.080000000000000000e+02 -7.600000000000000000e+02
1.812800000000000000e+04 -2.560000000000000000e+02 5.600000000000000000e+02 -7.440000000000000000e+02
1.816800000000000000e+04 -2.720000000000000000e+02 5.840000000000000000e+02 -7.280000000000000000e+02
1.820800000000000000e+04 -3.280000000000000000e+02 7.120000000000000000e+02 -7.120000000000000000e+02
1.824800000000000000e+04 -2.800000000000000000e+02 8.160000000000000000e+02 -6.480000000000000000e+02
1.828800000000000000e+04 -3.520000000000000000e+02 6.560000000000000000e+02 -7.280000000000000000e+02
1.832800000000000000e+04 -2.720000000000000000e+02 7.680000000000000000e+02 -5.920000000000000000e+02
1.836800000000000000e+04 -3.920000000000000000e+02 7.520000000000000000e+02 -5.600000000000000000e+02
1.840800000000000000e+04 -3.440000000000000000e+02 7.600000000000000000e+02 -5.120000000000000000e+02
1.844800000000000000e+04 -3.280000000000000000e+02 6.880000000000000000e+02 -6.320000000000000000e+02
1.848800000000000000e+04 -3.120000000000000000e+02 7.440000000000000000e+02 -5.840000000000000000e+02
1.852800000000000000e+04 -3.840000000000000000e+02 7.840000000000000000e+02 -6.720000000000000000e+02
1.856800000000000000e+04 -4.160000000000000000e+02 7.760000000000000000e+02 -6.000000000000000000e+02
1.860800000000000000e+04 -3.280000000000000000e+02 7.760000000000000000e+02 -6.000000000000000000e+02
1.864800000000000000e+04 -2.960000000000000000e+02 8.320000000000000000e+02 -6.080000000000000000e+02
1.868800000000000000e+04 -3.040000000000000000e+02 8.000000000000000000e+02 -6.240000000000000000e+02
1.872800000000000000e+04 -3.120000000000000000e+02 8.080000000000000000e+02 -6.160000000000000000e+02
1.876800000000000000e+04 -3.040000000000000000e+02 7.200000000000000000e+02 -6.880000000000000000e+02
1.880800000000000000e+04 -2.960000000000000000e+02 7.120000000000000000e+02 -7.280000000000000000e+02
1.884800000000000000e+04 -3.040000000000000000e+02 7.520000000000000000e+02 -6.240000000000000000e+02
1.888000000000000000e+04 -2.400000000000000000e+02 7.600000000000000000e+02 -7.040000000000000000e+02
1.892000000000000000e+04 -2.400000000000000000e+02 7.120000000000000000e+02 -7.040000000000000000e+02
1.896000000000000000e+04 -2.400000000000000000e+02 7.120000000000000000e+02 -6.960000000000000000e+02
1.900000000000000000e+04 -2.640000000000000000e+02 6.960000000000000000e+02 -7.280000000000000000e+02
1.904000000000000000e+04 -2.320000000000000000e+02 6.960000000000000000e+02 -6.880000000000000000e+02
1.908000000000000000e+04 -2.720000000000000000e+02 7.600000000000000000e+02 -6.400000000000000000e+02
1.912000000000000000e+04 -3.040000000000000000e+02 7.360000000000000000e+02 -5.200000000000000000e+02
1.916000000000000000e+04 -3.280000000000000000e+02 6.640000000000000000e+02 -6.560000000000000000e+02
1.920000000000000000e+04 -3.040000000000000000e+02 6.160000000000000000e+02 -7.200000000000000000e+02
1.924000000000000000e+04 -2.800000000000000000e+02 5.920000000000000000e+02 -7.600000000000000000e+02
1.928000000000000000e+04 -3.440000000000000000e+02 6.400000000000000000e+02 -7.280000000000000000e+02
1.932000000000000000e+04 -3.360000000000000000e+02 7.680000000000000000e+02 -6.800000000000000000e+02
1.936000000000000000e+04 -4.160000000000000000e+02 8.080000000000000000e+02 -6.160000000000000000e+02
1.940000000000000000e+04 -2.800000000000000000e+02 7.600000000000000000e+02 -5.760000000000000000e+02
1.944000000000000000e+04 -2.880000000000000000e+02 6.880000000000000000e+02 -6.960000000000000000e+02
1.948000000000000000e+04 -2.640000000000000000e+02 5.920000000000000000e+02 -8.080000000000000000e+02
1.952000000000000000e+04 -3.040000000000000000e+02 6.080000000000000000e+02 -7.520000000000000000e+02
1.956000000000000000e+04 -1.680000000000000000e+02 5.600000000000000000e+02 -8.080000000000000000e+02
1.960000000000000000e+04 -1.120000000000000000e+02 6.160000000000000000e+02 -7.840000000000000000e+02
1.964000000000000000e+04 -1.040000000000000000e+02 6.960000000000000000e+02 -4.880000000000000000e+02
1.968000000000000000e+04 -3.200000000000000000e+01 4.800000000000000000e+02 -9.520000000000000000e+02
1.972000000000000000e+04 -4.000000000000000000e+01 5.520000000000000000e+02 -1.032000000000000000e+03
1.976000000000000000e+04 -7.200000000000000000e+01 5.120000000000000000e+02 -9.840000000000000000e+02
1.980000000000000000e+04 -4.800000000000000000e+01 4.880000000000000000e+02 -9.200000000000000000e+02
1.984000000000000000e+04 -4.800000000000000000e+01 5.280000000000000000e+02 -8.320000000000000000e+02
