4.900000000000000000e+01 6.400000000000000000e+02 6.800000000000000000e+02 -4.160000000000000000e+02
8.900000000000000000e+01 2.000000000000000000e+02 6.800000000000000000e+02 -7.440000000000000000e+02
1.290000000000000000e+02 1.920000000000000000e+02 6.800000000000000000e+02 -7.440000000000000000e+02
1.690000000000000000e+02 1.920000000000000000e+02 6.800000000000000000e+02 -7.600000000000000000e+02
2.090000000000000000e+02 2.000000000000000000e+02 6.720000000000000000e+02 -7.440000000000000000e+02
2.490000000000000000e+02 1.840000000000000000e+02 6.720000000000000000e+02 -7.360000000000000000e+02
2.890000000000000000e+02 1.920000000000000000e+02 6.800000000000000000e+02 -7.600000000000000000e+02
3.290000000000000000e+02 1.920000000000000000e+02 6.800000000000000000e+02 -6.960000000000000000e+02
3.690000000000000000e+02 2.000000000000000000e+02 6.720000000000000000e+02 -6.880000000000000000e+02
4.090000000000000000e+02 1.920000000000000000e+02 6.720000000000000000e+02 -7.360000000000000000e+02
4.490000000000000000e+02 2.000000000000000000e+02 6.640000000000000000e+02 -7.840000000000000000e+02
4.890000000000000000e+02 2.080000000000000000e+02 6.800000000000000000e+02 -7.280000000000000000e+02
5.290000000000000000e+02 2.000000000000000000e+02 6.640000000000000000e+02 -7.200000000000000000e+02
5.690000000000000000e+02 1.920000000000000000e+02 6.480000000000000000e+02 -7.200000000000000000e+02
6.090000000000000000e+02 2.080000000000000000e+02 6.560000000000000000e+02 -7.840000000000000000e+02
6.490000000000000000e+02 1.920000000000000000e+02 6.640000000000000000e+02 -7.440000000000000000e+02
6.890000000000000000e+02 1.920000000000000000e+02 6.640000000000000000e+02 -7.120000000000000000e+02
7.290000000000000000e+02 1.840000000000000000e+02 6.800000000000000000e+02 -7.280000000000000000e+02
7.690000000000000000e+02 2.000000000000000000e+02 6.880000000000000000e+02 -7.200000000000000000e+02
8.090000000000000000e+02 1.920000000000000000e+02 6.720000000000000000e+02 -7.280000000000000000e+02
8.490000000000000000e+02 1.920000000000000000e+02 6.720000000000000000e+02 -7.440000000000000000e+02
8.890000000000000000e+02 1.840000000000000000e+02 6.720000000000000000e+02 -7.280000000000000000e+02
9.290000000000000000e+02 1.840000000000000000e+02 6.720000000000000000e+02 -7.440000000000000000e+02
9.690000000000000000e+02 2.160000000000000000e+02 6.880000000000000000e+02 -7.360000000000000000e+02
1.009000000000000000e+03 1.920000000000000000e+02 6.800000000000000000e+02 -7.360000000000000000e+02
1.041000000000000000e+03 2.000000000000000000e+02 6.720000000000000000e+02 -7.280000000000000000e+02
1.081000000000000000e+03 1.920000000000000000e+02 6.640000000000000000e+02 -7.040000000000000000e+02
1.121000000000000000e+03 1.840000000000000000e+02 6.720000000000000000e+02 -7.360000000000000000e+02
1.161000000000000000e+03 1.840000000000000000e+02 6.720000000000000000e+02 -7.200000000000000000e+02
1.201000000000000000e+03 1.920000000000000000e+02 6.720000000000000000e+02 -7.920000000000000000e+02
1.241000000000000000e+03 1.840000000000000000e+02 6.800000000000000000e+02 -7.120000000000000000e+02
1.281000000000000000e+03 1.920000000000000000e+02 6.800000000000000000e+02 -7.360000000000000000e+02
1.321000000000000000e+03 2.000000000000000000e+02 6.800000000000000000e+02 -7.200000000000000000e+02
1.361000000000000000e+03 2.000000000000000000e+02 6.640000000000000000e+02 -7.280000000000000000e+02
1.401000000000000000e+03 1.920000000000000000e+02 6.720000000000000000e+02 -7.120000000000000000e+02
1.441000000000000000e+03 1.840000000000000000e+02 6.720000000000000000e+02 -7.440000000000000000e+02
1.481000000000000000e+03 1.920000000000000000e+02 6.960000000000000000e+02 -7.200000000000000000e+02
1.521000000000000000e+03 1.920000000000000000e+02 6.560000000000000000e+02 -7.520000000000000000e+02
1.561000000000000000e+03 1.840000000000000000e+02 6.720000000000000000e+02 -7.360000000000000000e+02
1.601000000000000000e+03 1.680000000000000000e+02 6.720000000000000000e+02 -7.360000000000000000e+02
1.641000000000000000e+03 1.680000000000000000e+02 6.720000000000000000e+02 -7.120000000000000000e+02
1.681000000000000000e+03 1.680000000000000000e+02 6.880000000000000000e+02 -7.360000000000000000e+02
1.721000000000000000e+03 1.840000000000000000e+02 6.800000000000000000e+02 -7.440000000000000000e+02
1.761000000000000000e+03 1.840000000000000000e+02 6.800000000000000000e+02 -7.440000000000000000e+02
1.801000000000000000e+03 1.760000000000000000e+02 6.720000000000000000e+02 -7.440000000000000000e+02
1.841000000000000000e+03 1.760000000000000000e+02 6.480000000000000000e+02 -7.360000000000000000e+02
1.881000000000000000e+03 1.760000000000000000e+02 6.640000000000000000e+02 -7.200000000000000000e+02
1.921000000000000000e+03 2.000000000000000000e+02 6.720000000000000000e+02 -7.200000000000000000e+02
1.961000000000000000e+03 1.920000000000000000e+02 6.880000000000000000e+02 -7.360000000000000000e+02
2.001000000000000000e+03 1.840000000000000000e+02 6.800000000000000000e+02 -7.280000000000000000e+02
2.032000000000000000e+03 1.840000000000000000e+02 6.800000000000000000e+02 -7.360000000000000000e+02
2.072000000000000000e+03 1.440000000000000000e+02 6.880000000000000000e+02 -7.360000000000000000e+02
2.112000000000000000e+03 1.760000000000000000e+02 6.880000000000000000e+02 -6.720000000000000000e+02
2.152000000000000000e+03 1.760000000000000000e+02 6.880000000000000000e+02 -6.720000000000000000e+02
2.192000000000000000e+03 2.080000000000000000e+02 6.880000000000000000e+02 -7.200000000000000000e+02
2.232000000000000000e+03 2.000000000000000000e+02 6.800000000000000000e+02 -7.280000000000000000e+02
2.272000000000000000e+03 2.000000000000000000e+02 6.800000000000000000e+02 -7.360000000000000000e+02
2.312000000000000000e+03 2.000000000000000000e+02 6.800000000000000000e+02 -7.280000000000000000e+02
2.352000000000000000e+03 2.000000000000000000e+02 6.880000000000000000e+02 -7.200000000000000000e+02
2.392000000000000000e+03 1.920000000000000000e+02 6.880000000000000000e+02 -7.280000000000000000e+02
2.432000000000000000e+03 1.920000000000000000e+02 6.720000000000000000e+02 -7.440000000000000000e+02
2.472000000000000000e+03 1.840000000000000000e+02 6.560000000000000000e+02 -7.200000000000000000e+02
2.512000000000000000e+03 1.840000000000000000e+02 6.720000000000000000e+02 -7.280000000000000000e+02
2.552000000000000000e+03 2.160000000000000000e+02 6.320000000000000000e+02 -7.120000000000000000e+02
2.592000000000000000e+03 2.000000000000000000e+02 6.560000000000000000e+02 -7.440000000000000000e+02
2.632000000000000000e+03 2.000000000000000000e+02 6.560000000000000000e+02 -7.280000000000000000e+02
2.672000000000000000e+03 1.840000000000000000e+02 6.720000000000000000e+02 -7.520000000000000000e+02
2.712000000000000000e+03 1.920000000000000000e+02 6.720000000000000000e+02 -7.440000000000000000e+02
2.752000000000000000e+03 1.920000000000000000e+02 6.720000000000000000e+02 -7.280000000000000000e+02
2.792000000000000000e+03 1.920000000000000000e+02 6.800000000000000000e+02 -7.360000000000000000e+02
2.832000000000000000e+03 2.000000000000000000e+02 6.960000000000000000e+02 -7.440000000000000000e+02
2.872000000000000000e+03 2.080000000000000000e+02 6.800000000000000000e+02 -7.280000000000000000e+02
2.912000000000000000e+03 1.920000000000000000e+02 6.720000000000000000e+02 -7.280000000000000000e+02
2.952000000000000000e+03 2.000000000000000000e+02 6.880000000000000000e+02 -7.200000000000000000e+02
2.992000000000000000e+03 2.000000000000000000e+02 6.800000000000000000e+02 -7.760000000000000000e+02
3.024000000000000000e+03 1.920000000000000000e+02 6.720000000000000000e+02 -7.200000000000000000e+02
3.064000000000000000e+03 1.840000000000000000e+02 6.800000000000000000e+02 -6.960000000000000000e+02
3.104000000000000000e+03 1.760000000000000000e+02 6.880000000000000000e+02 -6.880000000000000000e+02
3.144000000000000000e+03 1.600000000000000000e+02 6.880000000000000000e+02 -7.680000000000000000e+02
3.184000000000000000e+03 1.680000000000000000e+02 6.800000000000000000e+02 -7.280000000000000000e+02
3.224000000000000000e+03 1.600000000000000000e+02 6.800000000000000000e+02 -7.360000000000000000e+02
3.264000000000000000e+03 1.680000000000000000e+02 6.800000000000000000e+02 -7.120000000000000000e+02
3.304000000000000000e+03 1.760000000000000000e+02 6.800000000000000000e+02 -7.200000000000000000e+02
3.344000000000000000e+03 1.920000000000000000e+02 6.800000000000000000e+02 -7.520000000000000000e+02
3.384000000000000000e+03 1.920000000000000000e+02 6.640000000000000000e+02 -6.960000000000000000e+02
3.424000000000000000e+03 1.920000000000000000e+02 6.560000000000000000e+02 -7.120000000000000000e+02
3.464000000000000000e+03 2.160000000000000000e+02 6.640000000000000000e+02 -7.200000000000000000e+02
3.504000000000000000e+03 2.080000000000000000e+02 6.720000000000000000e+02 -7.200000000000000000e+02
3.544000000000000000e+03 1.920000000000000000e+02 6.880000000000000000e+02 -7.360000000000000000e+02
3.584000000000000000e+03 1.920000000000000000e+02 6.880000000000000000e+02 -7.200000000000000000e+02
3.624000000000000000e+03 1.920000000000000000e+02 6.880000000000000000e+02 -7.360000000000000000e+02
3.664000000000000000e+03 1.920000000000000000e+02 6.720000000000000000e+02 -7.120000000000000000e+02
3.704000000000000000e+03 1.760000000000000000e+02 6.640000000000000000e+02 -7.280000000000000000e+02
3.744000000000000000e+03 1.840000000000000000e+02 6.640000000000000000e+02 -7.280000000000000000e+02
3.784000000000000000e+03 1.840000000000000000e+02 6.800000000000000000e+02 -7.360000000000000000e+02
3.824000000000000000e+03 1.920000000000000000e+02 6.800000000000000000e+02 -7.200000000000000000e+02
3.864000000000000000e+03 2.000000000000000000e+02 6.560000000000000000e+02 -6.880000000000000000e+02
3.904000000000000000e+03 1.920000000000000000e+02 6.640000000000000000e+02 -7.520000000000000000e+02
3.944000000000000000e+03 1.920000000000000000e+02 6.720000000000000000e+02 -7.200000000000000000e+02
3.984000000000000000e+03 1.920000000000000000e+02 6.640000000000000000e+02 -7.280000000000000000e+02
4.015000000000000000e+03 1.920000000000000000e+02 6.720000000000000000e+02 -7.600000000000000000e+02
4.055000000000000000e+03 1.840000000000000000e+02 6.720000000000000000e+02 -7.360000000000000000e+02
4.095000000000000000e+03 1.840000000000000000e+02 6.480000000000000000e+02 -7.280000000000000000e+02
4.135000000000000000e+03 1.920000000000000000e+02 6.640000000000000000e+02 -7.680000000000000000e+02
4.175000000000000000e+03 1.920000000000000000e+02 6.400000000000000000e+02 -7.360000000000000000e+02
4.215000000000000000e+03 1.920000000000000000e+02 6.480000000000000000e+02 -7.280000000000000000e+02
4.255000000000000000e+03 1.920000000000000000e+02 6.560000000000000000e+02 -7.280000000000000000e+02
4.295000000000000000e+03 2.000000000000000000e+02 6.560000000000000000e+02 -7.360000000000000000e+02
4.335000000000000000e+03 2.000000000000000000e+02 6.880000000000000000e+02 -7.360000000000000000e+02
4.375000000000000000e+03 1.920000000000000000e+02 6.880000000000000000e+02 -7.200000000000000000e+02
4.415000000000000000e+03 1.920000000000000000e+02 6.880000000000000000e+02 -7.600000000000000000e+02
4.455000000000000000e+03 1.840000000000000000e+02 6.880000000000000000e+02 -7.360000000000000000e+02
4.495000000000000000e+03 1.920000000000000000e+02 6.880000000000000000e+02 -7.440000000000000000e+02
4.535000000000000000e+03 1.920000000000000000e+02 6.800000000000000000e+02 -7.440000000000000000e+02
4.575000000000000000e+03 1.920000000000000000e+02 6.560000000000000000e+02 -7.520000000000000000e+02
4.615000000000000000e+03 2.000000000000000000e+02 6.640000000000000000e+02 -7.120000000000000000e+02
4.655000000000000000e+03 2.000000000000000000e+02 6.720000000000000000e+02 -7.440000000000000000e+02
4.695000000000000000e+03 2.080000000000000000e+02 6.880000000000000000e+02 -7.200000000000000000e+02
4.735000000000000000e+03 2.000000000000000000e+02 6.800000000000000000e+02 -7.440000000000000000e+02
4.775000000000000000e+03 2.080000000000000000e+02 6.800000000000000000e+02 -7.280000000000000000e+02
4.815000000000000000e+03 2.000000000000000000e+02 6.800000000000000000e+02 -7.200000000000000000e+02
4.855000000000000000e+03 1.920000000000000000e+02 6.720000000000000000e+02 -7.200000000000000000e+02
4.895000000000000000e+03 1.760000000000000000e+02 6.800000000000000000e+02 -7.120000000000000000e+02
4.935000000000000000e+03 1.840000000000000000e+02 6.720000000000000000e+02 -7.200000000000000000e+02
4.975000000000000000e+03 1.920000000000000000e+02 6.800000000000000000e+02 -7.680000000000000000e+02
5.007000000000000000e+03 2.000000000000000000e+02 6.800000000000000000e+02 -7.600000000000000000e+02
5.047000000000000000e+03 2.080000000000000000e+02 6.480000000000000000e+02 -7.200000000000000000e+02
5.087000000000000000e+03 2.080000000000000000e+02 6.560000000000000000e+02 -7.360000000000000000e+02
5.127000000000000000e+03 1.920000000000000000e+02 6.640000000000000000e+02 -7.760000000000000000e+02
5.167000000000000000e+03 1.920000000000000000e+02 6.640000000000000000e+02 -7.040000000000000000e+02
5.207000000000000000e+03 2.000000000000000000e+02 6.720000000000000000e+02 -7.200000000000000000e+02
5.247000000000000000e+03 1.920000000000000000e+02 6.960000000000000000e+02 -7.280000000000000000e+02
5.287000000000000000e+03 1.840000000000000000e+02 6.800000000000000000e+02 -7.520000000000000000e+02
5.327000000000000000e+03 2.000000000000000000e+02 6.800000000000000000e+02 -7.440000000000000000e+02
5.367000000000000000e+03 2.000000000000000000e+02 6.640000000000000000e+02 -7.760000000000000000e+02
5.407000000000000000e+03 1.680000000000000000e+02 6.720000000000000000e+02 -7.280000000000000000e+02
5.447000000000000000e+03 1.760000000000000000e+02 6.720000000000000000e+02 -7.360000000000000000e+02
5.487000000000000000e+03 1.840000000000000000e+02 7.040000000000000000e+02 -7.200000000000000000e+02
5.527000000000000000e+03 2.080000000000000000e+02 6.960000000000000000e+02 -7.280000000000000000e+02
5.567000000000000000e+03 1.920000000000000000e+02 6.800000000000000000e+02 -7.280000000000000000e+02
5.607000000000000000e+03 2.000000000000000000e+02 6.800000000000000000e+02 -7.440000000000000000e+02
5.647000000000000000e+03 1.840000000000000000e+02 6.800000000000000000e+02 -7.280000000000000000e+02
5.687000000000000000e+03 1.840000000000000000e+02 6.800000000000000000e+02 -7.200000000000000000e+02
5.727000000000000000e+03 1.840000000000000000e+02 6.720000000000000000e+02 -7.360000000000000000e+02
5.767000000000000000e+03 1.920000000000000000e+02 6.800000000000000000e+02 -7.200000000000000000e+02
5.807000000000000000e+03 1.840000000000000000e+02 6.720000000000000000e+02 -7.280000000000000000e+02
5.847000000000000000e+03 1.840000000000000000e+02 6.800000000000000000e+02 -7.360000000000000000e+02
5.887000000000000000e+03 1.840000000000000000e+02 6.880000000000000000e+02 -7.040000000000000000e+02
5.927000000000000000e+03 1.840000000000000000e+02 6.880000000000000000e+02 -7.360000000000000000e+02
5.967000000000000000e+03 1.840000000000000000e+02 6.880000000000000000e+02 -7.360000000000000000e+02
5.998000000000000000e+03 1.840000000000000000e+02 6.800000000000000000e+02 -7.280000000000000000e+02
6.038000000000000000e+03 1.840000000000000000e+02 6.800000000000000000e+02 -7.360000000000000000e+02
6.078000000000000000e+03 1.840000000000000000e+02 6.800000000000000000e+02 -7.040000000000000000e+02
6.118000000000000000e+03 1.840000000000000000e+02 6.640000000000000000e+02 -7.200000000000000000e+02
6.158000000000000000e+03 1.760000000000000000e+02 6.720000000000000000e+02 -7.280000000000000000e+02
6.198000000000000000e+03 1.840000000000000000e+02 6.800000000000000000e+02 -7.120000000000000000e+02
6.238000000000000000e+03 1.920000000000000000e+02 6.720000000000000000e+02 -7.200000000000000000e+02
6.278000000000000000e+03 1.840000000000000000e+02 6.800000000000000000e+02 -7.360000000000000000e+02
6.318000000000000000e+03 1.920000000000000000e+02 6.880000000000000000e+02 -7.360000000000000000e+02
6.358000000000000000e+03 1.920000000000000000e+02 6.800000000000000000e+02 -7.360000000000000000e+02
6.398000000000000000e+03 1.920000000000000000e+02 6.720000000000000000e+02 -7.360000000000000000e+02
6.438000000000000000e+03 1.840000000000000000e+02 6.720000000000000000e+02 -7.440000000000000000e+02
6.478000000000000000e+03 2.000000000000000000e+02 6.720000000000000000e+02 -7.280000000000000000e+02
6.518000000000000000e+03 1.920000000000000000e+02 6.720000000000000000e+02 -7.360000000000000000e+02
6.558000000000000000e+03 1.920000000000000000e+02 6.720000000000000000e+02 -7.440000000000000000e+02
6.598000000000000000e+03 1.920000000000000000e+02 6.720000000000000000e+02 -7.360000000000000000e+02
6.638000000000000000e+03 1.920000000000000000e+02 6.880000000000000000e+02 -7.360000000000000000e+02
6.678000000000000000e+03 1.920000000000000000e+02 6.800000000000000000e+02 -7.360000000000000000e+02
6.718000000000000000e+03 1.920000000000000000e+02 6.800000000000000000e+02 -7.280000000000000000e+02
6.758000000000000000e+03 1.600000000000000000e+02 6.720000000000000000e+02 -7.200000000000000000e+02
6.798000000000000000e+03 1.840000000000000000e+02 6.800000000000000000e+02 -7.280000000000000000e+02
6.838000000000000000e+03 1.760000000000000000e+02 6.560000000000000000e+02 -7.280000000000000000e+02
6.878000000000000000e+03 1.920000000000000000e+02 6.640000000000000000e+02 -7.200000000000000000e+02
6.918000000000000000e+03 2.000000000000000000e+02 6.720000000000000000e+02 -7.280000000000000000e+02
6.958000000000000000e+03 1.840000000000000000e+02 6.720000000000000000e+02 -6.960000000000000000e+02
6.989000000000000000e+03 1.920000000000000000e+02 6.720000000000000000e+02 -7.360000000000000000e+02
7.029000000000000000e+03 1.840000000000000000e+02 6.720000000000000000e+02 -7.200000000000000000e+02
7.069000000000000000e+03 1.920000000000000000e+02 6.800000000000000000e+02 -7.600000000000000000e+02
7.109000000000000000e+03 2.000000000000000000e+02 6.880000000000000000e+02 -7.280000000000000000e+02
7.149000000000000000e+03 1.920000000000000000e+02 6.720000000000000000e+02 -7.680000000000000000e+02
7.189000000000000000e+03 2.160000000000000000e+02 6.720000000000000000e+02 -7.600000000000000000e+02
7.229000000000000000e+03 2.080000000000000000e+02 6.640000000000000000e+02 -7.120000000000000000e+02
7.269000000000000000e+03 2.080000000000000000e+02 6.720000000000000000e+02 -7.360000000000000000e+02
7.309000000000000000e+03 1.840000000000000000e+02 6.720000000000000000e+02 -7.440000000000000000e+02
7.349000000000000000e+03 1.680000000000000000e+02 6.640000000000000000e+02 -6.800000000000000000e+02
7.389000000000000000e+03 1.680000000000000000e+02 6.720000000000000000e+02 -7.360000000000000000e+02
7.429000000000000000e+03 1.600000000000000000e+02 6.720000000000000000e+02 -7.520000000000000000e+02
7.469000000000000000e+03 1.680000000000000000e+02 6.720000000000000000e+02 -7.440000000000000000e+02
7.509000000000000000e+03 1.600000000000000000e+02 6.640000000000000000e+02 -7.440000000000000000e+02
7.549000000000000000e+03 1.680000000000000000e+02 6.720000000000000000e+02 -7.360000000000000000e+02
7.589000000000000000e+03 1.840000000000000000e+02 6.880000000000000000e+02 -6.960000000000000000e+02
7.629000000000000000e+03 1.920000000000000000e+02 6.640000000000000000e+02 -7.200000000000000000e+02
7.669000000000000000e+03 1.840000000000000000e+02 6.640000000000000000e+02 -7.360000000000000000e+02
7.709000000000000000e+03 1.840000000000000000e+02 6.720000000000000000e+02 -7.280000000000000000e+02
7.749000000000000000e+03 1.920000000000000000e+02 6.800000000000000000e+02 -7.440000000000000000e+02
7.789000000000000000e+03 1.920000000000000000e+02 6.640000000000000000e+02 -7.040000000000000000e+02
7.829000000000000000e+03 1.840000000000000000e+02 6.720000000000000000e+02 -7.440000000000000000e+02
7.869000000000000000e+03 1.840000000000000000e+02 6.720000000000000000e+02 -7.360000000000000000e+02
7.909000000000000000e+03 2.000000000000000000e+02 6.720000000000000000e+02 -7.280000000000000000e+02
7.949000000000000000e+03 1.920000000000000000e+02 6.800000000000000000e+02 -7.440000000000000000e+02
7.982000000000000000e+03 1.840000000000000000e+02 6.800000000000000000e+02 -7.520000000000000000e+02
8.022000000000000000e+03 2.000000000000000000e+02 6.800000000000000000e+02 -7.200000000000000000e+02
8.062000000000000000e+03 1.840000000000000000e+02 6.960000000000000000e+02 -7.280000000000000000e+02
8.102000000000000000e+03 1.840000000000000000e+02 6.960000000000000000e+02 -7.680000000000000000e+02
8.142000000000000000e+03 2.000000000000000000e+02 6.880000000000000000e+02 -7.120000000000000000e+02
8.182000000000000000e+03 1.920000000000000000e+02 6.800000000000000000e+02 -7.280000000000000000e+02
8.222000000000000000e+03 1.760000000000000000e+02 6.800000000000000000e+02 -7.120000000000000000e+02
8.262000000000000000e+03 1.840000000000000000e+02 6.880000000000000000e+02 -7.360000000000000000e+02
8.302000000000000000e+03 1.920000000000000000e+02 6.720000000000000000e+02 -7.120000000000000000e+02
8.342000000000000000e+03 1.760000000000000000e+02 6.800000000000000000e+02 -7.280000000000000000e+02
8.382000000000000000e+03 1.840000000000000000e+02 6.880000000000000000e+02 -7.120000000000000000e+02
8.422000000000000000e+03 1.840000000000000000e+02 6.880000000000000000e+02 -7.360000000000000000e+02
8.462000000000000000e+03 1.840000000000000000e+02 6.800000000000000000e+02 -7.040000000000000000e+02
8.502000000000000000e+03 1.840000000000000000e+02 6.800000000000000000e+02 -7.040000000000000000e+02
8.542000000000000000e+03 1.840000000000000000e+02 6.880000000000000000e+02 -7.360000000000000000e+02
8.582000000000000000e+03 1.920000000000000000e+02 6.800000000000000000e+02 -7.360000000000000000e+02
8.622000000000000000e+03 1.840000000000000000e+02 6.880000000000000000e+02 -7.280000000000000000e+02
8.662000000000000000e+03 1.760000000000000000e+02 6.800000000000000000e+02 -6.800000000000000000e+02
8.702000000000000000e+03 1.920000000000000000e+02 6.800000000000000000e+02 -7.360000000000000000e+02
8.742000000000000000e+03 2.080000000000000000e+02 6.800000000000000000e+02 -7.120000000000000000e+02
8.782000000000000000e+03 1.920000000000000000e+02 6.720000000000000000e+02 -7.120000000000000000e+02
8.822000000000000000e+03 1.680000000000000000e+02 6.640000000000000000e+02 -7.120000000000000000e+02
8.862000000000000000e+03 1.760000000000000000e+02 6.720000000000000000e+02 -7.280000000000000000e+02
8.902000000000000000e+03 1.920000000000000000e+02 6.800000000000000000e+02 -7.360000000000000000e+02
8.942000000000000000e+03 1.680000000000000000e+02 6.800000000000000000e+02 -7.120000000000000000e+02
8.973000000000000000e+03 1.680000000000000000e+02 6.800000000000000000e+02 -6.960000000000000000e+02
9.013000000000000000e+03 1.680000000000000000e+02 6.720000000000000000e+02 -6.960000000000000000e+02
9.053000000000000000e+03 1.760000000000000000e+02 6.720000000000000000e+02 -7.280000000000000000e+02
9.093000000000000000e+03 1.760000000000000000e+02 6.800000000000000000e+02 -6.720000000000000000e+02
9.133000000000000000e+03 1.760000000000000000e+02 6.800000000000000000e+02 -6.800000000000000000e+02
9.173000000000000000e+03 1.840000000000000000e+02 6.720000000000000000e+02 -7.360000000000000000e+02
9.213000000000000000e+03 1.840000000000000000e+02 6.720000000000000000e+02 -7.120000000000000000e+02
9.253000000000000000e+03 1.760000000000000000e+02 6.640000000000000000e+02 -7.280000000000000000e+02
9.293000000000000000e+03 1.760000000000000000e+02 6.720000000000000000e+02 -7.200000000000000000e+02
9.333000000000000000e+03 1.760000000000000000e+02 6.800000000000000000e+02 -7.520000000000000000e+02
9.373000000000000000e+03 1.840000000000000000e+02 6.800000000000000000e+02 -7.120000000000000000e+02
9.413000000000000000e+03 1.840000000000000000e+02 6.720000000000000000e+02 -6.880000000000000000e+02
9.453000000000000000e+03 1.840000000000000000e+02 6.960000000000000000e+02 -7.440000000000000000e+02
9.493000000000000000e+03 1.920000000000000000e+02 6.880000000000000000e+02 -7.120000000000000000e+02
9.533000000000000000e+03 1.840000000000000000e+02 6.960000000000000000e+02 -7.520000000000000000e+02
9.573000000000000000e+03 1.920000000000000000e+02 6.880000000000000000e+02 -7.360000000000000000e+02
9.613000000000000000e+03 1.840000000000000000e+02 6.720000000000000000e+02 -7.520000000000000000e+02
9.653000000000000000e+03 1.920000000000000000e+02 6.800000000000000000e+02 -7.200000000000000000e+02
9.693000000000000000e+03 2.000000000000000000e+02 6.800000000000000000e+02 -7.200000000000000000e+02
9.733000000000000000e+03 1.920000000000000000e+02 6.720000000000000000e+02 -7.440000000000000000e+02
9.773000000000000000e+03 1.840000000000000000e+02 6.880000000000000000e+02 -7.760000000000000000e+02
9.813000000000000000e+03 1.840000000000000000e+02 6.720000000000000000e+02 -7.120000000000000000e+02
9.853000000000000000e+03 1.840000000000000000e+02 6.960000000000000000e+02 -7.040000000000000000e+02
9.893000000000000000e+03 1.760000000000000000e+02 7.040000000000000000e+02 -6.880000000000000000e+02
9.933000000000000000e+03 1.680000000000000000e+02 7.040000000000000000e+02 -7.280000000000000000e+02
9.964000000000000000e+03 1.760000000000000000e+02 7.040000000000000000e+02 -7.120000000000000000e+02
1.000400000000000000e+04 1.840000000000000000e+02 6.880000000000000000e+02 -7.280000000000000000e+02
1.004400000000000000e+04 1.680000000000000000e+02 6.800000000000000000e+02 -7.200000000000000000e+02
1.008400000000000000e+04 1.840000000000000000e+02 6.800000000000000000e+02 -7.280000000000000000e+02
1.012400000000000000e+04 2.080000000000000000e+02 6.800000000000000000e+02 -6.960000000000000000e+02
1.016400000000000000e+04 1.760000000000000000e+02 6.880000000000000000e+02 -7.360000000000000000e+02
1.020400000000000000e+04 1.760000000000000000e+02 6.800000000000000000e+02 -7.520000000000000000e+02
1.024400000000000000e+04 2.080000000000000000e+02 6.880000000000000000e+02 -7.040000000000000000e+02
1.028400000000000000e+04 1.920000000000000000e+02 6.880000000000000000e+02 -7.200000000000000000e+02
1.032400000000000000e+04 2.000000000000000000e+02 6.880000000000000000e+02 -7.600000000000000000e+02
1.036400000000000000e+04 1.840000000000000000e+02 6.800000000000000000e+02 -7.280000000000000000e+02
1.040400000000000000e+04 1.920000000000000000e+02 6.880000000000000000e+02 -7.120000000000000000e+02
1.044400000000000000e+04 1.840000000000000000e+02 6.720000000000000000e+02 -7.120000000000000000e+02
1.048400000000000000e+04 1.760000000000000000e+02 6.800000000000000000e+02 -7.360000000000000000e+02
1.052400000000000000e+04 1.920000000000000000e+02 6.720000000000000000e+02 -7.200000000000000000e+02
1.056400000000000000e+04 2.080000000000000000e+02 6.640000000000000000e+02 -7.200000000000000000e+02
1.060400000000000000e+04 2.320000000000000000e+02 6.960000000000000000e+02 -6.560000000000000000e+02
1.064400000000000000e+04 2.480000000000000000e+02 7.120000000000000000e+02 -6.720000000000000000e+02
1.068400000000000000e+04 2.720000000000000000e+02 7.200000000000000000e+02 -7.280000000000000000e+02
1.072400000000000000e+04 2.880000000000000000e+02 7.200000000000000000e+02 -6.080000000000000000e+02
1.076400000000000000e+04 2.320000000000000000e+02 7.680000000000000000e+02 -6.240000000000000000e+02
1.080400000000000000e+04 1.440000000000000000e+02 9.440000000000000000e+02 -3.680000000000000000e+02
1.084400000000000000e+04 4.000000000000000000e+01 1.320000000000000000e+03 -5.360000000000000000e+02
1.088400000000000000e+04 -7.200000000000000000e+01 1.408000000000000000e+03 -5.760000000000000000e+02
1.092400000000000000e+04 -2.480000000000000000e+02 1.424000000000000000e+03 -3.520000000000000000e+02
1.095500000000000000e+04 -3.360000000000000000e+02 1.200000000000000000e+03 -4.160000000000000000e+02
1.099500000000000000e+04 -3.840000000000000000e+02 8.240000000000000000e+02 -2.800000000000000000e+02
1.103500000000000000e+04 -4.320000000000000000e+02 5.600000000000000000e+02 -1.200000000000000000e+02
1.107500000000000000e+04 -5.200000000000000000e+02 3.680000000000000000e+02 -1.600000000000000000e+01
1.111500000000000000e+04 -6.800000000000000000e+02 1.760000000000000000e+02 -1.600000000000000000e+01
1.115500000000000000e+04 -7.600000000000000000e+02 1.360000000000000000e+02 -6.400000000000000000e+01
1.119500000000000000e+04 -7.200000000000000000e+02 4.640000000000000000e+02 -2.640000000000000000e+02
1.123500000000000000e+04 -7.120000000000000000e+02 8.240000000000000000e+02 -3.200000000000000000e+02
1.127500000000000000e+04 -7.840000000000000000e+02 7.840000000000000000e+02 -1.760000000000000000e+02
1.131500000000000000e+04 -8.640000000000000000e+02 4.960000000000000000e+02 -4.800000000000000000e+01
1.135500000000000000e+04 -9.200000000000000000e+02 1.680000000000000000e+02 4.000000000000000000e+01
1.139500000000000000e+04 -9.120000000000000000e+02 -4.800000000000000000e+01 2.400000000000000000e+01
1.143500000000000000e+04 -8.400000000000000000e+02 -8.000000000000000000e+01 -5.600000000000000000e+01
1.147500000000000000e+04 -7.840000000000000000e+02 -8.800000000000000000e+01 2.400000000000000000e+01
1.151500000000000000e+04 -6.560000000000000000e+02 1.360000000000000000e+02 -2.000000000000000000e+02
1.155500000000000000e+04 -5.040000000000000000e+02 7.600000000000000000e+02 -4.800000000000000000e+02
1.159500000000000000e+04 -5.760000000000000000e+02 1.088000000000000000e+03 -3.920000000000000000e+02
1.163500000000000000e+04 -7.760000000000000000e+02 1.048000000000000000e+03 -3.120000000000000000e+02
1.167500000000000000e+04 -8.080000000000000000e+02 9.360000000000000000e+02 -3.840000000000000000e+02
1.171500000000000000e+04 -7.920000000000000000e+02 8.960000000000000000e+02 -4.480000000000000000e+02
1.175500000000000000e+04 -8.160000000000000000e+02 8.160000000000000000e+02 -3.360000000000000000e+02
1.179500000000000000e+04 -8.240000000000000000e+02 6.960000000000000000e+02 -2.240000000000000000e+02
1.183500000000000000e+04 -8.160000000000000000e+02 5.520000000000000000e+02 -1.760000000000000000e+02
1.187500000000000000e+04 -8.080000000000000000e+02 4.480000000000000000e+02 -1.520000000000000000e+02
1.191500000000000000e+04 -8.160000000000000000e+02 4.160000000000000000e+02 -1.280000000000000000e+02
1.194700000000000000e+04 -8.320000000000000000e+02 4.160000000000000000e+02 -1.280000000000000000e+02
1.198700000000000000e+04 -8.560000000000000000e+02 4.480000000000000000e+02 -1.760000000000000000e+02
1.202700000000000000e+04 -8.720000000000000000e+02 4.480000000000000000e+02 -1.360000000000000000e+02
1.206700000000000000e+04 -8.960000000000000000e+02 4.240000000000000000e+02 -1.120000000000000000e+02
1.210700000000000000e+04 -9.200000000000000000e+02 3.920000000000000000e+02 -1.280000000000000000e+02
1.214700000000000000e+04 -9.200000000000000000e+02 3.440000000000000000e+02 -1.280000000000000000e+02
1.218700000000000000e+04 -9.200000000000000000e+02 2.800000000000000000e+02 -8.000000000000000000e+01
1.222700000000000000e+04 -9.200000000000000000e+02 2.000000000000000000e+02 -2.400000000000000000e+01
1.226700000000000000e+04 -8.080000000000000000e+02 2.080000000000000000e+02 -1.520000000000000000e+02
1.230700000000000000e+04 -6.640000000000000000e+02 5.120000000000000000e+02 -2.800000000000000000e+02
1.234700000000000000e+04 -5.920000000000000000e+02 8.080000000000000000e+02 -4.240000000000000000e+02
1.238700000000000000e+04 -6.320000000000000000e+02 9.280000000000000000e+02 -3.520000000000000000e+02
1.242700000000000000e+04 -6.880000000000000000e+02 8.960000000000000000e+02 -3.120000000000000000e+02
1.246700000000000000e+04 -7.200000000000000000e+02 8.560000000000000000e+02 -3.440000000000000000e+02
1.250700000000000000e+04 -6.800000000000000000e+02 8.560000000000000000e+02 -3.920000000000000000e+02
1.254700000000000000e+04 -6.800000000000000000e+02 8.080000000000000000e+02 -3.600000000000000000e+02
1.258700000000000000e+04 -6.720000000000000000e+02 7.520000000000000000e+02 -3.200000000000000000e+02
1.262700000000000000e+04 -6.400000000000000000e+02 7.040000000000000000e+02 -2.880000000000000000e+02
1.266700000000000000e+04 -6.240000000000000000e+02 6.640000000000000000e+02 -2.640000000000000000e+02
1.270700000000000000e+04 -6.240000000000000000e+02 6.240000000000000000e+02 -2.000000000000000000e+02
1.274700000000000000e+04 -6.560000000000000000e+02 6.000000000000000000e+02 -1.840000000000000000e+02
1.278700000000000000e+04 -6.080000000000000000e+02 7.760000000000000000e+02 -2.080000000000000000e+02
1.282700000000000000e+04 -6.000000000000000000e+02 8.720000000000000000e+02 -2.240000000000000000e+02
1.286700000000000000e+04 -6.160000000000000000e+02 8.480000000000000000e+02 -2.320000000000000000e+02
1.290700000000000000e+04 -6.320000000000000000e+02 7.520000000000000000e+02 -2.800000000000000000e+02
1.293900000000000000e+04 -6.320000000000000000e+02 6.720000000000000000e+02 -3.280000000000000000e+02
1.297900000000000000e+04 -5.120000000000000000e+02 7.440000000000000000e+02 -4.000000000000000000e+02
1.301900000000000000e+04 -4.720000000000000000e+02 8.080000000000000000e+02 -4.320000000000000000e+02
1.305900000000000000e+04 -4.080000000000000000e+02 8.880000000000000000e+02 -4.000000000000000000e+02
1.309900000000000000e+04 -4.320000000000000000e+02 9.200000000000000000e+02 -3.840000000000000000e+02
1.313900000000000000e+04 -3.840000000000000000e+02 9.360000000000000000e+02 -3.120000000000000000e+02
1.317900000000000000e+04 -3.600000000000000000e+02 9.600000000000000000e+02 -3.520000000000000000e+02
1.321900000000000000e+04 -3.920000000000000000e+02 9.280000000000000000e+02 -3.920000000000000000e+02
1.325900000000000000e+04 -3.840000000000000000e+02 9.360000000000000000e+02 -4.560000000000000000e+02
1.329900000000000000e+04 -3.760000000000000000e+02 9.280000000000000000e+02 -4.640000000000000000e+02
1.333900000000000000e+04 -3.920000000000000000e+02 8.800000000000000000e+02 -4.720000000000000000e+02
1.337900000000000000e+04 -4.480000000000000000e+02 8.240000000000000000e+02 -4.560000000000000000e+02
1.341900000000000000e+04 -4.480000000000000000e+02 7.920000000000000000e+02 -4.320000000000000000e+02
1.345900000000000000e+04 -4.480000000000000000e+02 7.840000000000000000e+02 -4.160000000000000000e+02
1.349900000000000000e+04 -4.400000000000000000e+02 7.840000000000000000e+02 -3.600000000000000000e+02
1.353900000000000000e+04 -4.320000000000000000e+02 7.680000000000000000e+02 -3.360000000000000000e+02
1.357900000000000000e+04 -4.240000000000000000e+02 7.920000000000000000e+02 -3.440000000000000000e+02
1.361900000000000000e+04 -4.240000000000000000e+02 7.760000000000000000e+02 -3.840000000000000000e+02
1.365900000000000000e+04 -4.160000000000000000e+02 7.680000000000000000e+02 -4.480000000000000000e+02
1.369900000000000000e+04 -4.000000000000000000e+02 7.600000000000000000e+02 -4.240000000000000000e+02
1.373900000000000000e+04 -4.160000000000000000e+02 8.160000000000000000e+02 -3.840000000000000000e+02
1.377900000000000000e+04 -4.080000000000000000e+02 8.480000000000000000e+02 -3.040000000000000000e+02
1.381900000000000000e+04 -4.080000000000000000e+02 8.880000000000000000e+02 -2.080000000000000000e+02
1.385900000000000000e+04 -4.000000000000000000e+02 8.640000000000000000e+02 -2.080000000000000000e+02
1.389900000000000000e+04 -4.000000000000000000e+02 8.880000000000000000e+02 -2.400000000000000000e+02
1.393000000000000000e+04 -4.160000000000000000e+02 8.960000000000000000e+02 -1.600000000000000000e+02
1.397000000000000000e+04 -4.160000000000000000e+02 9.120000000000000000e+02 -6.400000000000000000e+01
1.401000000000000000e+04 -4.160000000000000000e+02 8.960000000000000000e+02 -5.600000000000000000e+01
1.405000000000000000e+04 -4.160000000000000000e+02 8.480000000000000000e+02 -1.600000000000000000e+01
1.409000000000000000e+04 -3.920000000000000000e+02 8.240000000000000000e+02 -1.040000000000000000e+02
1.413000000000000000e+04 -3.360000000000000000e+02 8.560000000000000000e+02 -2.000000000000000000e+02
1.417000000000000000e+04 -3.040000000000000000e+02 9.040000000000000000e+02 -3.120000000000000000e+02
1.421000000000000000e+04 -2.960000000000000000e+02 9.440000000000000000e+02 -4.240000000000000000e+02
1.425000000000000000e+04 -2.560000000000000000e+02 9.920000000000000000e+02 -5.920000000000000000e+02
1.429000000000000000e+04 -2.640000000000000000e+02 1.000000000000000000e+03 -6.560000000000000000e+02
1.433000000000000000e+04 -2.640000000000000000e+02 9.840000000000000000e+02 -5.680000000000000000e+02
1.437000000000000000e+04 -2.560000000000000000e+02 9.360000000000000000e+02 -5.600000000000000000e+02
1.441000000000000000e+04 -2.560000000000000000e+02 8.960000000000000000e+02 -4.000000000000000000e+02
1.445000000000000000e+04 -2.480000000000000000e+02 8.880000000000000000e+02 -2.800000000000000000e+02
1.449000000000000000e+04 -2.400000000000000000e+02 8.960000000000000000e+02 -2.320000000000000000e+02
1.453000000000000000e+04 -2.400000000000000000e+02 9.120000000000000000e+02 -2.400000000000000000e+02
1.457000000000000000e+04 -2.240000000000000000e+02 9.280000000000000000e+02 -3.280000000000000000e+02
1.461000000000000000e+04 -2.160000000000000000e+02 9.280000000000000000e+02 -3.680000000000000000e+02
1.465000000000000000e+04 -2.080000000000000000e+02 9.280000000000000000e+02 -4.320000000000000000e+02
1.469000000000000000e+04 -2.240000000000000000e+02 9.120000000000000000e+02 -4.240000000000000000e+02
1.473000000000000000e+04 -2.160000000000000000e+02 9.040000000000000000e+02 -5.440000000000000000e+02
1.477000000000000000e+04 -2.320000000000000000e+02 9.200000000000000000e+02 -5.840000000000000000e+02
1.481000000000000000e+04 -2.640000000000000000e+02 9.200000000000000000e+02 -4.800000000000000000e+02
1.485000000000000000e+04 -2.800000000000000000e+02 9.120000000000000000e+02 -3.680000000000000000e+02
1.489000000000000000e+04 -2.640000000000000000e+02 9.120000000000000000e+02 -2.800000000000000000e+02
1.492100000000000000e+04 -2.640000000000000000e+02 9.280000000000000000e+02 -1.520000000000000000e+02
1.496100000000000000e+04 -2.320000000000000000e+02 9.040000000000000000e+02 -8.000000000000000000e+01
1.500100000000000000e+04 -2.560000000000000000e+02 8.880000000000000000e+02 -1.040000000000000000e+02
1.504100000000000000e+04 -2.880000000000000000e+02 8.880000000000000000e+02 -1.360000000000000000e+02
1.508100000000000000e+04 -3.040000000000000000e+02 9.120000000000000000e+02 -1.520000000000000000e+02
1.512100000000000000e+04 -2.960000000000000000e+02 9.360000000000000000e+02 -2.080000000000000000e+02
1.516100000000000000e+04 -2.880000000000000000e+02 9.680000000000000000e+02 -2.800000000000000000e+02
1.520100000000000000e+04 -2.640000000000000000e+02 9.920000000000000000e+02 -3.680000000000000000e+02
1.524100000000000000e+04 -2.640000000000000000e+02 9.920000000000000000e+02 -4.640000000000000000e+02
1.528100000000000000e+04 -2.720000000000000000e+02 9.600000000000000000e+02 -4.960000000000000000e+02
1.532100000000000000e+04 -2.800000000000000000e+02 9.120000000000000000e+02 -5.600000000000000000e+02
1.536100000000000000e+04 -2.880000000000000000e+02 8.880000000000000000e+02 -5.520000000000000000e+02
1.540100000000000000e+04 -2.960000000000000000e+02 8.560000000000000000e+02 -5.920000000000000000e+02
1.544100000000000000e+04 -3.280000000000000000e+02 8.480000000000000000e+02 -4.240000000000000000e+02
1.548100000000000000e+04 -3.280000000000000000e+02 8.560000000000000000e+02 -3.840000000000000000e+02
1.552100000000000000e+04 -3.360000000000000000e+02 8.800000000000000000e+02 -3.360000000000000000e+02
1.556100000000000000e+04 -3.360000000000000000e+02 8.800000000000000000e+02 -3.760000000000000000e+02
1.560100000000000000e+04 -3.440000000000000000e+02 8.720000000000000000e+02 -3.280000000000000000e+02
1.564100000000000000e+04 -3.520000000000000000e+02 8.480000000000000000e+02 -2.320000000000000000e+02
1.568100000000000000e+04 -3.360000000000000000e+02 8.480000000000000000e+02 -1.680000000000000000e+02
1.572100000000000000e+04 -3.200000000000000000e+02 8.320000000000000000e+02 -3.200000000000000000e+01
1.576100000000000000e+04 -3.360000000000000000e+02 7.920000000000000000e+02 4.000000000000000000e+01
1.580100000000000000e+04 -3.200000000000000000e+02 7.600000000000000000e+02 -5.600000000000000000e+01
1.584100000000000000e+04 -2.240000000000000000e+02 8.080000000000000000e+02 -2.240000000000000000e+02
1.588100000000000000e+04 -1.760000000000000000e+02 9.040000000000000000e+02 -4.240000000000000000e+02
1.591300000000000000e+04 -1.920000000000000000e+02 9.920000000000000000e+02 -5.200000000000000000e+02
1.595300000000000000e+04 -2.400000000000000000e+02 1.040000000000000000e+03 -5.680000000000000000e+02
1.599300000000000000e+04 -2.640000000000000000e+02 1.048000000000000000e+03 -5.600000000000000000e+02
1.603300000000000000e+04 -2.640000000000000000e+02 1.040000000000000000e+03 -5.280000000000000000e+02
1.607300000000000000e+04 -2.320000000000000000e+02 1.000000000000000000e+03 -4.080000000000000000e+02
1.611300000000000000e+04 -2.080000000000000000e+02 9.520000000000000000e+02 -3.280000000000000000e+02
1.615300000000000000e+04 -2.000000000000000000e+02 9.120000000000000000e+02 -3.040000000000000000e+02
1.619300000000000000e+04 -1.840000000000000000e+02 8.800000000000000000e+02 -2.800000000000000000e+02
1.623300000000000000e+04 -1.760000000000000000e+02 8.720000000000000000e+02 -2.480000000000000000e+02
1.627300000000000000e+04 -1.680000000000000000e+02 8.720000000000000000e+02 -2.880000000000000000e+02
1.631300000000000000e+04 -1.600000000000000000e+02 8.880000000000000000e+02 -2.880000000000000000e+02
1.635300000000000000e+04 -1.840000000000000000e+02 9.120000000000000000e+02 -3.840000000000000000e+02
1.639300000000000000e+04 -1.920000000000000000e+02 9.360000000000000000e+02 -4.240000000000000000e+02
1.643300000000000000e+04 -1.840000000000000000e+02 9.360000000000000000e+02 -4.160000000000000000e+02
1.647300000000000000e+04 -1.840000000000000000e+02 9.520000000000000000e+02 -4.720000000000000000e+02
1.651300000000000000e+04 -2.160000000000000000e+02 9.440000000000000000e+02 -4.080000000000000000e+02
1.655300000000000000e+04 -2.160000000000000000e+02 9.440000000000000000e+02 -3.760000000000000000e+02
1.659300000000000000e+04 -1.920000000000000000e+02 9.440000000000000000e+02 -3.680000000000000000e+02
1.663300000000000000e+04 -1.760000000000000000e+02 9.280000000000000000e+02 -3.600000000000000000e+02
1.667300000000000000e+04 -1.760000000000000000e+02 9.280000000000000000e+02 -3.840000000000000000e+02
1.671300000000000000e+04 -1.680000000000000000e+02 9.120000000000000000e+02 -3.760000000000000000e+02
1.675300000000000000e+04 -2.000000000000000000e+02 9.200000000000000000e+02 -3.920000000000000000e+02
1.679300000000000000e+04 -2.160000000000000000e+02 9.200000000000000000e+02 -3.520000000000000000e+02
1.683300000000000000e+04 -2.080000000000000000e+02 9.760000000000000000e+02 -3.600000000000000000e+02
1.687300000000000000e+04 -2.000000000000000000e+02 1.104000000000000000e+03 -4.240000000000000000e+02
1.690400000000000000e+04 -1.840000000000000000e+02 1.224000000000000000e+03 -2.400000000000000000e+02
1.694400000000000000e+04 -2.240000000000000000e+02 1.312000000000000000e+03 8.800000000000000000e+01
1.698400000000000000e+04 -2.800000000000000000e+02 1.376000000000000000e+03 2.640000000000000000e+02
1.702400000000000000e+04 -3.520000000000000000e+02 1.144000000000000000e+03 1.840000000000000000e+02
1.706400000000000000e+04 -4.320000000000000000e+02 9.120000000000000000e+02 1.440000000000000000e+02
1.710400000000000000e+04 -5.200000000000000000e+02 5.680000000000000000e+02 1.200000000000000000e+02
1.714400000000000000e+04 -6.560000000000000000e+02 2.000000000000000000e+02 8.800000000000000000e+01
1.718400000000000000e+04 -7.120000000000000000e+02 -1.120000000000000000e+02 3.200000000000000000e+01
1.722400000000000000e+04 -5.920000000000000000e+02 -5.600000000000000000e+01 -1.600000000000000000e+01
1.726400000000000000e+04 8.000000000000000000e+01 1.048000000000000000e+03 -3.680000000000000000e+02
1.730400000000000000e+04 1.520000000000000000e+02 1.584000000000000000e+03 -4.000000000000000000e+01
1.734400000000000000e+04 -2.960000000000000000e+02 1.056000000000000000e+03 1.840000000000000000e+02
1.738400000000000000e+04 -6.720000000000000000e+02 4.400000000000000000e+02 4.000000000000000000e+01
1.742400000000000000e+04 -8.000000000000000000e+02 2.240000000000000000e+02 -1.760000000000000000e+02
1.746400000000000000e+04 -7.040000000000000000e+02 2.320000000000000000e+02 -2.320000000000000000e+02
1.750400000000000000e+04 -1.200000000000000000e+02 1.032000000000000000e+03 -1.840000000000000000e+02
1.754400000000000000e+04 -8.000000000000000000e+01 1.448000000000000000e+03 1.600000000000000000e+01
1.758400000000000000e+04 -4.240000000000000000e+02 1.200000000000000000e+03 -3.200000000000000000e+01
1.762400000000000000e+04 -5.600000000000000000e+02 1.008000000000000000e+03 -4.800000000000000000e+01
1.766400000000000000e+04 -5.680000000000000000e+02 8.320000000000000000e+02 -1.280000000000000000e+02
1.770400000000000000e+04 -3.520000000000000000e+02 1.024000000000000000e+03 -1.200000000000000000e+02
1.774400000000000000e+04 -2.080000000000000000e+02 1.080000000000000000e+03 4.000000000000000000e+01
1.778400000000000000e+04 -2.880000000000000000e+02 1.040000000000000000e+03 8.800000000000000000e+01
1.782400000000000000e+04 -4.000000000000000000e+02 8.880000000000000000e+02 6.400000000000000000e+01
1.786400000000000000e+04 -3.840000000000000000e+02 8.240000000000000000e+02 -8.000000000000000000e+00
1.789700000000000000e+04 -1.680000000000000000e+02 1.072000000000000000e+03 -1.600000000000000000e+01
1.793700000000000000e+04 -6.400000000000000000e+01 1.240000000000000000e+03 6.400000000000000000e+01
1.797700000000000000e+04 -3.520000000000000000e+02 1.016000000000000000e+03 3.200000000000000000e+01
1.801700000000000000e+04 -4.080000000000000000e+02 8.240000000000000000e+02 -1.600000000000000000e+02
1.805700000000000000e+04 -1.520000000000000000e+02 9.520000000000000000e+02 -2.000000000000000000e+02
1.809700000000000000e+04 -6.400000000000000000e+01 1.136000000000000000e+03 -4.800000000000000000e+01
1.813700000000000000e+04 -2.640000000000000000e+02 1.000000000000000000e+03 0.000000000000000000e+00
1.817700000000000000e+04 -3.200000000000000000e+02 9.200000000000000000e+02 -1.600000000000000000e+01
1.821700000000000000e+04 -3.120000000000000000e+02 9.200000000000000000e+02 -1.120000000000000000e+02
1.825700000000000000e+04 -2.960000000000000000e+02 9.520000000000000000e+02 1.600000000000000000e+01
1.829700000000000000e+04 -2.720000000000000000e+02 9.600000000000000000e+02 0.000000000000000000e+00
1.833700000000000000e+04 -2.480000000000000000e+02 9.840000000000000000e+02 8.000000000000000000e+00
1.837700000000000000e+04 -2.800000000000000000e+02 9.760000000000000000e+02 -1.600000000000000000e+01
1.841700000000000000e+04 -2.720000000000000000e+02 9.840000000000000000e+02 8.000000000000000000e+00
1.845700000000000000e+04 -2.640000000000000000e+02 9.920000000000000000e+02 -3.200000000000000000e+01
1.849700000000000000e+04 -2.880000000000000000e+02 9.840000000000000000e+02 -4.800000000000000000e+01
1.853700000000000000e+04 -2.960000000000000000e+02 1.008000000000000000e+03 -2.400000000000000000e+01
1.857700000000000000e+04 -2.880000000000000000e+02 1.000000000000000000e+03 -5.600000000000000000e+01
1.861700000000000000e+04 -2.880000000000000000e+02 9.920000000000000000e+02 -4.800000000000000000e+01
1.865700000000000000e+04 -2.960000000000000000e+02 9.680000000000000000e+02 -4.000000000000000000e+01
1.869700000000000000e+04 -2.880000000000000000e+02 9.760000000000000000e+02 -5.600000000000000000e+01
1.873700000000000000e+04 -2.960000000000000000e+02 9.760000000000000000e+02 -4.000000000000000000e+01
1.877700000000000000e+04 -2.960000000000000000e+02 9.760000000000000000e+02 -6.400000000000000000e+01
1.881700000000000000e+04 -2.800000000000000000e+02 9.840000000000000000e+02 -4.800000000000000000e+01
1.885700000000000000e+04 -2.640000000000000000e+02 9.920000000000000000e+02 -1.200000000000000000e+02
1.888800000000000000e+04 -2.560000000000000000e+02 9.520000000000000000e+02 -1.040000000000000000e+02
1.892800000000000000e+04 -3.120000000000000000e+02 9.360000000000000000e+02 4.000000000000000000e+01
1.896800000000000000e+04 -3.520000000000000000e+02 9.360000000000000000e+02 2.400000000000000000e+01
1.900800000000000000e+04 -3.840000000000000000e+02 9.280000000000000000e+02 1.280000000000000000e+02
1.904800000000000000e+04 -3.840000000000000000e+02 8.880000000000000000e+02 1.840000000000000000e+02
1.908800000000000000e+04 -3.840000000000000000e+02 8.800000000000000000e+02 3.280000000000000000e+02
1.912800000000000000e+04 -3.200000000000000000e+02 9.440000000000000000e+02 4.560000000000000000e+02
1.916800000000000000e+04 -2.720000000000000000e+02 1.000000000000000000e+03 5.840000000000000000e+02
1.920800000000000000e+04 -3.600000000000000000e+02 1.032000000000000000e+03 5.920000000000000000e+02
1.924800000000000000e+04 -4.000000000000000000e+02 9.120000000000000000e+02 3.440000000000000000e+02
1.928800000000000000e+04 -5.360000000000000000e+02 1.040000000000000000e+03 5.040000000000000000e+02
1.932800000000000000e+04 -5.760000000000000000e+02 1.072000000000000000e+03 8.160000000000000000e+02
1.936800000000000000e+04 -5.120000000000000000e+02 9.280000000000000000e+02 5.760000000000000000e+02
1.940800000000000000e+04 -5.040000000000000000e+02 9.040000000000000000e+02 5.040000000000000000e+02
1.944800000000000000e+04 -4.960000000000000000e+02 8.560000000000000000e+02 4.400000000000000000e+02
1.948800000000000000e+04 -4.960000000000000000e+02 8.080000000000000000e+02 2.880000000000000000e+02
1.952800000000000000e+04 -4.800000000000000000e+02 7.680000000000000000e+02 2.960000000000000000e+02
1.956800000000000000e+04 -4.880000000000000000e+02 7.040000000000000000e+02 2.320000000000000000e+02
1.960800000000000000e+04 -4.720000000000000000e+02 6.880000000000000000e+02 1.520000000000000000e+02
1.964800000000000000e+04 -4.560000000000000000e+02 7.280000000000000000e+02 1.280000000000000000e+02
1.968800000000000000e+04 -4.720000000000000000e+02 6.800000000000000000e+02 7.200000000000000000e+01
1.972800000000000000e+04 -4.320000000000000000e+02 6.480000000000000000e+02 8.000000000000000000e+00
1.976800000000000000e+04 -4.320000000000000000e+02 6.560000000000000000e+02 -1.120000000000000000e+02
1.980800000000000000e+04 -3.600000000000000000e+02 6.720000000000000000e+02 -2.480000000000000000e+02
1.984800000000000000e+04 -3.600000000000000000e+02 6.720000000000000000e+02 -2.480000000000000000e+02
