1.210000000000000000e+02 -8.800000000000000000e+01 6.480000000000000000e+02 -7.600000000000000000e+02
1.610000000000000000e+02 -8.800000000000000000e+01 6.480000000000000000e+02 -7.680000000000000000e+02
2.010000000000000000e+02 -8.000000000000000000e+01 6.480000000000000000e+02 -8.160000000000000000e+02
2.410000000000000000e+02 -8.000000000000000000e+01 6.480000000000000000e+02 -7.680000000000000000e+02
2.810000000000000000e+02 -8.000000000000000000e+01 6.480000000000000000e+02 -7.680000000000000000e+02
3.210000000000000000e+02 -8.000000000000000000e+01 6.480000000000000000e+02 -7.680000000000000000e+02
3.610000000000000000e+02 -8.000000000000000000e+01 6.480000000000000000e+02 -7.680000000000000000e+02
4.010000000000000000e+02 -6.400000000000000000e+01 6.480000000000000000e+02 -7.600000000000000000e+02
4.410000000000000000e+02 -1.040000000000000000e+02 6.320000000000000000e+02 -7.680000000000000000e+02
4.810000000000000000e+02 -8.800000000000000000e+01 6.400000000000000000e+02 -8.080000000000000000e+02
5.210000000000000000e+02 -8.000000000000000000e+01 6.480000000000000000e+02 -7.680000000000000000e+02
5.610000000000000000e+02 -9.600000000000000000e+01 6.480000000000000000e+02 -7.680000000000000000e+02
6.010000000000000000e+02 -9.600000000000000000e+01 6.560000000000000000e+02 -7.760000000000000000e+02
6.410000000000000000e+02 -8.800000000000000000e+01 6.480000000000000000e+02 -7.760000000000000000e+02
6.810000000000000000e+02 -8.800000000000000000e+01 6.480000000000000000e+02 -7.760000000000000000e+02
7.210000000000000000e+02 -8.800000000000000000e+01 6.480000000000000000e+02 -7.600000000000000000e+02
7.610000000000000000e+02 -8.800000000000000000e+01 6.480000000000000000e+02 -7.600000000000000000e+02
8.010000000000000000e+02 -8.800000000000000000e+01 6.480000000000000000e+02 -7.760000000000000000e+02
8.410000000000000000e+02 -8.800000000000000000e+01 6.560000000000000000e+02 -7.680000000000000000e+02
8.810000000000000000e+02 -8.000000000000000000e+01 6.560000000000000000e+02 -7.760000000000000000e+02
9.210000000000000000e+02 -8.800000000000000000e+01 6.560000000000000000e+02 -7.760000000000000000e+02
9.610000000000000000e+02 -8.800000000000000000e+01 6.560000000000000000e+02 -7.520000000000000000e+02
1.001000000000000000e+03 -8.800000000000000000e+01 6.560000000000000000e+02 -7.840000000000000000e+02
1.041000000000000000e+03 -8.000000000000000000e+01 6.560000000000000000e+02 -7.840000000000000000e+02
1.081000000000000000e+03 -8.800000000000000000e+01 6.480000000000000000e+02 -7.760000000000000000e+02
1.090000000000000000e+03 -8.800000000000000000e+01 6.480000000000000000e+02 -7.840000000000000000e+02
1.130000000000000000e+03 -8.000000000000000000e+01 6.480000000000000000e+02 -7.600000000000000000e+02
1.170000000000000000e+03 -8.000000000000000000e+01 6.400000000000000000e+02 -7.680000000000000000e+02
1.210000000000000000e+03 -8.000000000000000000e+01 6.400000000000000000e+02 -7.680000000000000000e+02
1.250000000000000000e+03 -8.000000000000000000e+01 6.400000000000000000e+02 -7.840000000000000000e+02
1.290000000000000000e+03 -8.000000000000000000e+01 6.320000000000000000e+02 -8.080000000000000000e+02
1.330000000000000000e+03 -1.040000000000000000e+02 6.400000000000000000e+02 -7.760000000000000000e+02
1.370000000000000000e+03 -9.600000000000000000e+01 6.400000000000000000e+02 -7.840000000000000000e+02
1.410000000000000000e+03 -8.800000000000000000e+01 6.400000000000000000e+02 -7.840000000000000000e+02
1.450000000000000000e+03 -8.800000000000000000e+01 6.400000000000000000e+02 -7.840000000000000000e+02
1.490000000000000000e+03 -8.800000000000000000e+01 6.240000000000000000e+02 -8.080000000000000000e+02
1.530000000000000000e+03 -9.600000000000000000e+01 6.320000000000000000e+02 -7.760000000000000000e+02
1.570000000000000000e+03 -9.600000000000000000e+01 6.480000000000000000e+02 -7.600000000000000000e+02
1.610000000000000000e+03 -8.800000000000000000e+01 6.480000000000000000e+02 -7.840000000000000000e+02
1.650000000000000000e+03 -8.000000000000000000e+01 6.400000000000000000e+02 -7.760000000000000000e+02
1.690000000000000000e+03 -1.120000000000000000e+02 6.480000000000000000e+02 -7.680000000000000000e+02
1.730000000000000000e+03 -1.040000000000000000e+02 6.480000000000000000e+02 -7.680000000000000000e+02
1.770000000000000000e+03 -1.040000000000000000e+02 6.400000000000000000e+02 -7.680000000000000000e+02
1.810000000000000000e+03 -8.000000000000000000e+01 6.560000000000000000e+02 -7.760000000000000000e+02
1.850000000000000000e+03 -1.120000000000000000e+02 6.400000000000000000e+02 -7.680000000000000000e+02
1.890000000000000000e+03 -9.600000000000000000e+01 6.480000000000000000e+02 -7.280000000000000000e+02
1.930000000000000000e+03 -8.800000000000000000e+01 6.400000000000000000e+02 -7.680000000000000000e+02
1.970000000000000000e+03 -8.800000000000000000e+01 6.400000000000000000e+02 -7.760000000000000000e+02
2.010000000000000000e+03 -8.800000000000000000e+01 6.400000000000000000e+02 -8.240000000000000000e+02
2.050000000000000000e+03 -8.800000000000000000e+01 6.560000000000000000e+02 -7.760000000000000000e+02
2.081000000000000000e+03 -9.600000000000000000e+01 6.400000000000000000e+02 -7.520000000000000000e+02
2.121000000000000000e+03 -8.800000000000000000e+01 6.400000000000000000e+02 -7.760000000000000000e+02
2.161000000000000000e+03 -8.800000000000000000e+01 6.400000000000000000e+02 -7.360000000000000000e+02
2.201000000000000000e+03 -8.800000000000000000e+01 6.160000000000000000e+02 -7.920000000000000000e+02
2.241000000000000000e+03 -9.600000000000000000e+01 6.320000000000000000e+02 -7.520000000000000000e+02
2.281000000000000000e+03 -9.600000000000000000e+01 6.400000000000000000e+02 -7.920000000000000000e+02
2.321000000000000000e+03 -9.600000000000000000e+01 6.320000000000000000e+02 -7.840000000000000000e+02
2.361000000000000000e+03 -8.000000000000000000e+01 6.400000000000000000e+02 -7.600000000000000000e+02
2.401000000000000000e+03 -8.000000000000000000e+01 6.400000000000000000e+02 -7.600000000000000000e+02
2.441000000000000000e+03 -8.800000000000000000e+01 6.480000000000000000e+02 -7.600000000000000000e+02
2.481000000000000000e+03 -8.000000000000000000e+01 6.400000000000000000e+02 -7.680000000000000000e+02
2.521000000000000000e+03 -8.000000000000000000e+01 6.480000000000000000e+02 -7.600000000000000000e+02
2.561000000000000000e+03 -8.000000000000000000e+01 6.480000000000000000e+02 -7.840000000000000000e+02
2.601000000000000000e+03 -8.800000000000000000e+01 6.400000000000000000e+02 -7.680000000000000000e+02
2.641000000000000000e+03 -8.000000000000000000e+01 6.240000000000000000e+02 -7.760000000000000000e+02
2.681000000000000000e+03 -8.000000000000000000e+01 6.400000000000000000e+02 -7.680000000000000000e+02
2.721000000000000000e+03 -8.800000000000000000e+01 6.400000000000000000e+02 -7.440000000000000000e+02
2.761000000000000000e+03 -1.040000000000000000e+02 6.400000000000000000e+02 -7.680000000000000000e+02
2.801000000000000000e+03 -9.600000000000000000e+01 6.320000000000000000e+02 -7.760000000000000000e+02
2.841000000000000000e+03 -8.800000000000000000e+01 6.320000000000000000e+02 -7.760000000000000000e+02
2.881000000000000000e+03 -8.000000000000000000e+01 6.400000000000000000e+02 -7.600000000000000000e+02
2.921000000000000000e+03 -8.800000000000000000e+01 6.400000000000000000e+02 -7.360000000000000000e+02
2.961000000000000000e+03 -8.800000000000000000e+01 6.480000000000000000e+02 -7.680000000000000000e+02
3.001000000000000000e+03 -8.800000000000000000e+01 6.480000000000000000e+02 -7.760000000000000000e+02
3.041000000000000000e+03 -9.600000000000000000e+01 6.480000000000000000e+02 -7.840000000000000000e+02
3.072000000000000000e+03 -8.800000000000000000e+01 6.560000000000000000e+02 -7.760000000000000000e+02
3.112000000000000000e+03 -7.200000000000000000e+01 6.480000000000000000e+02 -7.760000000000000000e+02
3.152000000000000000e+03 -7.200000000000000000e+01 6.400000000000000000e+02 -7.280000000000000000e+02
3.192000000000000000e+03 -8.800000000000000000e+01 6.400000000000000000e+02 -7.840000000000000000e+02
3.232000000000000000e+03 -8.800000000000000000e+01 6.400000000000000000e+02 -7.600000000000000000e+02
3.272000000000000000e+03 -9.600000000000000000e+01 6.400000000000000000e+02 -7.680000000000000000e+02
3.312000000000000000e+03 -8.800000000000000000e+01 6.400000000000000000e+02 -7.360000000000000000e+02
3.352000000000000000e+03 -6.400000000000000000e+01 6.480000000000000000e+02 -7.840000000000000000e+02
3.392000000000000000e+03 -7.200000000000000000e+01 6.480000000000000000e+02 -7.840000000000000000e+02
3.432000000000000000e+03 -8.000000000000000000e+01 6.400000000000000000e+02 -7.920000000000000000e+02
3.472000000000000000e+03 -8.000000000000000000e+01 6.480000000000000000e+02 -7.440000000000000000e+02
3.512000000000000000e+03 -8.000000000000000000e+01 6.480000000000000000e+02 -8.160000000000000000e+02
3.552000000000000000e+03 -8.000000000000000000e+01 6.480000000000000000e+02 -7.600000000000000000e+02
3.592000000000000000e+03 -8.800000000000000000e+01 6.560000000000000000e+02 -7.680000000000000000e+02
3.632000000000000000e+03 -8.800000000000000000e+01 6.720000000000000000e+02 -7.840000000000000000e+02
3.672000000000000000e+03 -8.800000000000000000e+01 6.640000000000000000e+02 -7.680000000000000000e+02
3.712000000000000000e+03 -9.600000000000000000e+01 6.560000000000000000e+02 -7.680000000000000000e+02
3.752000000000000000e+03 -8.800000000000000000e+01 6.400000000000000000e+02 -7.600000000000000000e+02
3.792000000000000000e+03 -7.200000000000000000e+01 6.640000000000000000e+02 -7.440000000000000000e+02
3.832000000000000000e+03 -8.000000000000000000e+01 6.560000000000000000e+02 -7.600000000000000000e+02
3.872000000000000000e+03 -8.000000000000000000e+01 6.560000000000000000e+02 -7.680000000000000000e+02
3.912000000000000000e+03 -8.800000000000000000e+01 6.720000000000000000e+02 -8.000000000000000000e+02
3.952000000000000000e+03 -9.600000000000000000e+01 6.560000000000000000e+02 -7.440000000000000000e+02
3.992000000000000000e+03 -8.800000000000000000e+01 6.640000000000000000e+02 -7.440000000000000000e+02
4.032000000000000000e+03 -8.800000000000000000e+01 6.640000000000000000e+02 -7.680000000000000000e+02
4.064000000000000000e+03 -8.800000000000000000e+01 6.560000000000000000e+02 -7.600000000000000000e+02
4.104000000000000000e+03 -8.800000000000000000e+01 6.560000000000000000e+02 -7.760000000000000000e+02
4.144000000000000000e+03 -9.600000000000000000e+01 6.560000000000000000e+02 -7.520000000000000000e+02
4.184000000000000000e+03 -8.800000000000000000e+01 6.480000000000000000e+02 -7.360000000000000000e+02
4.224000000000000000e+03 -8.800000000000000000e+01 6.160000000000000000e+02 -7.760000000000000000e+02
4.264000000000000000e+03 -7.200000000000000000e+01 6.240000000000000000e+02 -7.520000000000000000e+02
4.304000000000000000e+03 -9.600000000000000000e+01 6.400000000000000000e+02 -7.760000000000000000e+02
4.344000000000000000e+03 -9.600000000000000000e+01 6.480000000000000000e+02 -7.120000000000000000e+02
4.384000000000000000e+03 -8.800000000000000000e+01 6.480000000000000000e+02 -7.600000000000000000e+02
4.424000000000000000e+03 -4.800000000000000000e+01 6.560000000000000000e+02 -7.680000000000000000e+02
4.464000000000000000e+03 -6.400000000000000000e+01 6.480000000000000000e+02 -7.760000000000000000e+02
4.504000000000000000e+03 -8.800000000000000000e+01 6.640000000000000000e+02 -7.680000000000000000e+02
4.544000000000000000e+03 -8.800000000000000000e+01 6.480000000000000000e+02 -7.440000000000000000e+02
4.584000000000000000e+03 -8.000000000000000000e+01 6.640000000000000000e+02 -7.360000000000000000e+02
4.624000000000000000e+03 -8.800000000000000000e+01 6.560000000000000000e+02 -7.760000000000000000e+02
4.664000000000000000e+03 -9.600000000000000000e+01 6.560000000000000000e+02 -7.360000000000000000e+02
4.704000000000000000e+03 -9.600000000000000000e+01 6.640000000000000000e+02 -7.680000000000000000e+02
4.744000000000000000e+03 -8.800000000000000000e+01 6.480000000000000000e+02 -7.520000000000000000e+02
4.784000000000000000e+03 -9.600000000000000000e+01 6.480000000000000000e+02 -7.520000000000000000e+02
4.824000000000000000e+03 -8.800000000000000000e+01 6.480000000000000000e+02 -7.520000000000000000e+02
4.864000000000000000e+03 -8.800000000000000000e+01 6.480000000000000000e+02 -7.600000000000000000e+02
4.904000000000000000e+03 -8.000000000000000000e+01 6.480000000000000000e+02 -7.440000000000000000e+02
4.944000000000000000e+03 -8.800000000000000000e+01 6.560000000000000000e+02 -7.840000000000000000e+02
4.984000000000000000e+03 -9.600000000000000000e+01 6.480000000000000000e+02 -7.520000000000000000e+02
5.024000000000000000e+03 -8.800000000000000000e+01 6.560000000000000000e+02 -7.760000000000000000e+02
5.055000000000000000e+03 -8.800000000000000000e+01 6.480000000000000000e+02 -8.160000000000000000e+02
5.095000000000000000e+03 -8.800000000000000000e+01 6.480000000000000000e+02 -7.680000000000000000e+02
5.135000000000000000e+03 -9.600000000000000000e+01 6.400000000000000000e+02 -7.520000000000000000e+02
5.175000000000000000e+03 -1.040000000000000000e+02 6.400000000000000000e+02 -7.440000000000000000e+02
5.215000000000000000e+03 -8.800000000000000000e+01 6.480000000000000000e+02 -7.520000000000000000e+02
5.255000000000000000e+03 -8.800000000000000000e+01 6.720000000000000000e+02 -7.680000000000000000e+02
5.295000000000000000e+03 -8.800000000000000000e+01 6.640000000000000000e+02 -8.080000000000000000e+02
5.335000000000000000e+03 -1.040000000000000000e+02 6.640000000000000000e+02 -8.080000000000000000e+02
5.375000000000000000e+03 -1.040000000000000000e+02 6.480000000000000000e+02 -7.680000000000000000e+02
5.415000000000000000e+03 -1.040000000000000000e+02 6.480000000000000000e+02 -7.600000000000000000e+02
5.455000000000000000e+03 -9.600000000000000000e+01 6.560000000000000000e+02 -8.000000000000000000e+02
5.495000000000000000e+03 -1.120000000000000000e+02 6.480000000000000000e+02 -7.600000000000000000e+02
5.535000000000000000e+03 -1.040000000000000000e+02 6.560000000000000000e+02 -7.680000000000000000e+02
5.575000000000000000e+03 -9.600000000000000000e+01 6.560000000000000000e+02 -8.240000000000000000e+02
5.615000000000000000e+03 -8.800000000000000000e+01 6.480000000000000000e+02 -7.600000000000000000e+02
5.655000000000000000e+03 -1.040000000000000000e+02 6.560000000000000000e+02 -7.600000000000000000e+02
5.695000000000000000e+03 -1.200000000000000000e+02 6.560000000000000000e+02 -7.680000000000000000e+02
5.735000000000000000e+03 -1.040000000000000000e+02 6.560000000000000000e+02 -7.680000000000000000e+02
5.775000000000000000e+03 -9.600000000000000000e+01 6.480000000000000000e+02 -7.360000000000000000e+02
5.815000000000000000e+03 -8.800000000000000000e+01 6.720000000000000000e+02 -8.000000000000000000e+02
5.855000000000000000e+03 -9.600000000000000000e+01 6.480000000000000000e+02 -7.520000000000000000e+02
5.895000000000000000e+03 -9.600000000000000000e+01 6.480000000000000000e+02 -7.360000000000000000e+02
5.935000000000000000e+03 -7.200000000000000000e+01 6.560000000000000000e+02 -7.440000000000000000e+02
5.975000000000000000e+03 -8.000000000000000000e+01 6.480000000000000000e+02 -7.520000000000000000e+02
6.015000000000000000e+03 -8.000000000000000000e+01 6.480000000000000000e+02 -7.920000000000000000e+02
6.047000000000000000e+03 -8.000000000000000000e+01 6.480000000000000000e+02 -8.000000000000000000e+02
6.087000000000000000e+03 -9.600000000000000000e+01 6.480000000000000000e+02 -7.520000000000000000e+02
6.127000000000000000e+03 -9.600000000000000000e+01 6.640000000000000000e+02 -7.760000000000000000e+02
6.167000000000000000e+03 -8.800000000000000000e+01 6.560000000000000000e+02 -8.080000000000000000e+02
6.207000000000000000e+03 -9.600000000000000000e+01 6.560000000000000000e+02 -7.840000000000000000e+02
6.247000000000000000e+03 -1.280000000000000000e+02 6.320000000000000000e+02 -7.440000000000000000e+02
6.287000000000000000e+03 -1.040000000000000000e+02 6.160000000000000000e+02 -7.840000000000000000e+02
6.327000000000000000e+03 -8.000000000000000000e+01 5.840000000000000000e+02 -7.600000000000000000e+02
6.367000000000000000e+03 -8.800000000000000000e+01 6.000000000000000000e+02 -8.000000000000000000e+02
6.407000000000000000e+03 -1.120000000000000000e+02 5.840000000000000000e+02 -8.320000000000000000e+02
6.447000000000000000e+03 -1.040000000000000000e+02 5.680000000000000000e+02 -8.720000000000000000e+02
6.487000000000000000e+03 -9.600000000000000000e+01 5.680000000000000000e+02 -8.800000000000000000e+02
6.527000000000000000e+03 -1.040000000000000000e+02 5.680000000000000000e+02 -8.400000000000000000e+02
6.567000000000000000e+03 -9.600000000000000000e+01 5.600000000000000000e+02 -8.000000000000000000e+02
6.607000000000000000e+03 -8.800000000000000000e+01 5.680000000000000000e+02 -8.240000000000000000e+02
6.647000000000000000e+03 -8.000000000000000000e+01 5.760000000000000000e+02 -8.480000000000000000e+02
6.687000000000000000e+03 -8.800000000000000000e+01 5.760000000000000000e+02 -8.400000000000000000e+02
6.727000000000000000e+03 -1.040000000000000000e+02 5.760000000000000000e+02 -8.240000000000000000e+02
6.767000000000000000e+03 -1.040000000000000000e+02 5.600000000000000000e+02 -8.480000000000000000e+02
6.807000000000000000e+03 -1.040000000000000000e+02 5.520000000000000000e+02 -8.800000000000000000e+02
6.847000000000000000e+03 -9.600000000000000000e+01 5.600000000000000000e+02 -8.480000000000000000e+02
6.887000000000000000e+03 -1.040000000000000000e+02 5.600000000000000000e+02 -8.480000000000000000e+02
6.927000000000000000e+03 -9.600000000000000000e+01 5.600000000000000000e+02 -8.000000000000000000e+02
6.967000000000000000e+03 -9.600000000000000000e+01 5.520000000000000000e+02 -8.400000000000000000e+02
7.007000000000000000e+03 -9.600000000000000000e+01 5.600000000000000000e+02 -8.320000000000000000e+02
7.038000000000000000e+03 -9.600000000000000000e+01 5.600000000000000000e+02 -8.480000000000000000e+02
7.078000000000000000e+03 -9.600000000000000000e+01 5.680000000000000000e+02 -8.400000000000000000e+02
7.118000000000000000e+03 -9.600000000000000000e+01 5.600000000000000000e+02 -8.480000000000000000e+02
7.158000000000000000e+03 -9.600000000000000000e+01 5.600000000000000000e+02 -8.400000000000000000e+02
7.198000000000000000e+03 -9.600000000000000000e+01 5.600000000000000000e+02 -8.320000000000000000e+02
7.238000000000000000e+03 -9.600000000000000000e+01 5.600000000000000000e+02 -8.160000000000000000e+02
7.278000000000000000e+03 -9.600000000000000000e+01 5.600000000000000000e+02 -8.400000000000000000e+02
7.318000000000000000e+03 -9.600000000000000000e+01 5.600000000000000000e+02 -8.320000000000000000e+02
7.358000000000000000e+03 -9.600000000000000000e+01 5.600000000000000000e+02 -8.240000000000000000e+02
7.398000000000000000e+03 -9.600000000000000000e+01 5.600000000000000000e+02 -8.400000000000000000e+02
7.438000000000000000e+03 -1.120000000000000000e+02 5.680000000000000000e+02 -8.320000000000000000e+02
7.478000000000000000e+03 -8.000000000000000000e+01 5.680000000000000000e+02 -8.320000000000000000e+02
7.518000000000000000e+03 -8.800000000000000000e+01 5.680000000000000000e+02 -8.560000000000000000e+02
7.558000000000000000e+03 -9.600000000000000000e+01 5.680000000000000000e+02 -8.240000000000000000e+02
7.598000000000000000e+03 -9.600000000000000000e+01 5.680000000000000000e+02 -8.400000000000000000e+02
7.638000000000000000e+03 -1.040000000000000000e+02 5.680000000000000000e+02 -8.320000000000000000e+02
7.678000000000000000e+03 -9.600000000000000000e+01 5.680000000000000000e+02 -8.240000000000000000e+02
7.718000000000000000e+03 -1.120000000000000000e+02 5.600000000000000000e+02 -8.240000000000000000e+02
7.758000000000000000e+03 -1.200000000000000000e+02 5.840000000000000000e+02 -7.680000000000000000e+02
7.798000000000000000e+03 -1.200000000000000000e+02 5.760000000000000000e+02 -8.080000000000000000e+02
7.838000000000000000e+03 -1.120000000000000000e+02 5.920000000000000000e+02 -8.320000000000000000e+02
7.878000000000000000e+03 -1.120000000000000000e+02 5.760000000000000000e+02 -7.840000000000000000e+02
7.918000000000000000e+03 -9.600000000000000000e+01 5.680000000000000000e+02 -7.920000000000000000e+02
7.958000000000000000e+03 -1.040000000000000000e+02 5.760000000000000000e+02 -8.480000000000000000e+02
7.998000000000000000e+03 -1.040000000000000000e+02 5.680000000000000000e+02 -8.080000000000000000e+02
8.029000000000000000e+03 -8.000000000000000000e+01 5.760000000000000000e+02 -8.320000000000000000e+02
8.069000000000000000e+03 -8.000000000000000000e+01 5.680000000000000000e+02 -8.080000000000000000e+02
8.109000000000000000e+03 -8.800000000000000000e+01 5.680000000000000000e+02 -8.240000000000000000e+02
8.149000000000000000e+03 -8.000000000000000000e+01 5.600000000000000000e+02 -8.320000000000000000e+02
8.189000000000000000e+03 -8.800000000000000000e+01 5.600000000000000000e+02 -8.320000000000000000e+02
8.229000000000000000e+03 -9.600000000000000000e+01 5.600000000000000000e+02 -8.080000000000000000e+02
8.269000000000000000e+03 -1.040000000000000000e+02 5.600000000000000000e+02 -8.640000000000000000e+02
8.309000000000000000e+03 -1.040000000000000000e+02 5.840000000000000000e+02 -8.240000000000000000e+02
8.349000000000000000e+03 -1.120000000000000000e+02 5.760000000000000000e+02 -8.000000000000000000e+02
8.389000000000000000e+03 -1.040000000000000000e+02 5.840000000000000000e+02 -8.240000000000000000e+02
8.429000000000000000e+03 -9.600000000000000000e+01 5.680000000000000000e+02 -8.320000000000000000e+02
8.469000000000000000e+03 -9.600000000000000000e+01 5.840000000000000000e+02 -8.320000000000000000e+02
8.509000000000000000e+03 -1.200000000000000000e+02 5.760000000000000000e+02 -8.400000000000000000e+02
8.549000000000000000e+03 -1.040000000000000000e+02 5.680000000000000000e+02 -8.400000000000000000e+02
8.589000000000000000e+03 -1.040000000000000000e+02 5.680000000000000000e+02 -8.000000000000000000e+02
8.629000000000000000e+03 -9.600000000000000000e+01 5.760000000000000000e+02 -8.320000000000000000e+02
8.669000000000000000e+03 -1.120000000000000000e+02 5.680000000000000000e+02 -8.480000000000000000e+02
8.709000000000000000e+03 -8.000000000000000000e+01 5.520000000000000000e+02 -8.320000000000000000e+02
8.749000000000000000e+03 -8.800000000000000000e+01 5.600000000000000000e+02 -8.320000000000000000e+02
8.789000000000000000e+03 -8.800000000000000000e+01 5.520000000000000000e+02 -7.840000000000000000e+02
8.829000000000000000e+03 -8.000000000000000000e+01 5.520000000000000000e+02 -8.320000000000000000e+02
8.869000000000000000e+03 -8.800000000000000000e+01 5.680000000000000000e+02 -8.320000000000000000e+02
8.909000000000000000e+03 -8.800000000000000000e+01 5.680000000000000000e+02 -8.320000000000000000e+02
8.949000000000000000e+03 -7.200000000000000000e+01 5.680000000000000000e+02 -8.320000000000000000e+02
8.989000000000000000e+03 -8.800000000000000000e+01 5.680000000000000000e+02 -8.560000000000000000e+02
9.021000000000000000e+03 -8.800000000000000000e+01 5.840000000000000000e+02 -8.240000000000000000e+02
9.061000000000000000e+03 -6.400000000000000000e+01 5.840000000000000000e+02 -8.400000000000000000e+02
9.101000000000000000e+03 -8.000000000000000000e+01 5.920000000000000000e+02 -8.320000000000000000e+02
9.141000000000000000e+03 -9.600000000000000000e+01 5.840000000000000000e+02 -8.240000000000000000e+02
9.181000000000000000e+03 -9.600000000000000000e+01 5.760000000000000000e+02 -8.480000000000000000e+02
9.221000000000000000e+03 -9.600000000000000000e+01 5.840000000000000000e+02 -8.320000000000000000e+02
9.261000000000000000e+03 -9.600000000000000000e+01 5.840000000000000000e+02 -8.000000000000000000e+02
9.301000000000000000e+03 -8.800000000000000000e+01 5.920000000000000000e+02 -8.320000000000000000e+02
9.341000000000000000e+03 -8.000000000000000000e+01 6.000000000000000000e+02 -8.240000000000000000e+02
9.381000000000000000e+03 -8.000000000000000000e+01 5.840000000000000000e+02 -8.400000000000000000e+02
9.421000000000000000e+03 -8.800000000000000000e+01 5.680000000000000000e+02 -8.320000000000000000e+02
9.461000000000000000e+03 -9.600000000000000000e+01 5.600000000000000000e+02 -8.240000000000000000e+02
9.501000000000000000e+03 -1.040000000000000000e+02 5.680000000000000000e+02 -8.320000000000000000e+02
9.541000000000000000e+03 -1.120000000000000000e+02 5.680000000000000000e+02 -8.480000000000000000e+02
9.581000000000000000e+03 -1.040000000000000000e+02 5.520000000000000000e+02 -8.240000000000000000e+02
9.621000000000000000e+03 -1.120000000000000000e+02 5.680000000000000000e+02 -8.320000000000000000e+02
9.661000000000000000e+03 -9.600000000000000000e+01 5.600000000000000000e+02 -7.920000000000000000e+02
9.701000000000000000e+03 -1.040000000000000000e+02 5.760000000000000000e+02 -8.400000000000000000e+02
9.741000000000000000e+03 -1.040000000000000000e+02 5.840000000000000000e+02 -8.240000000000000000e+02
9.781000000000000000e+03 -8.800000000000000000e+01 5.760000000000000000e+02 -8.480000000000000000e+02
9.821000000000000000e+03 -1.040000000000000000e+02 5.760000000000000000e+02 -8.240000000000000000e+02
9.861000000000000000e+03 -8.000000000000000000e+01 5.920000000000000000e+02 -8.240000000000000000e+02
9.901000000000000000e+03 -8.000000000000000000e+01 6.080000000000000000e+02 -8.080000000000000000e+02
9.941000000000000000e+03 -8.000000000000000000e+01 6.160000000000000000e+02 -8.000000000000000000e+02
9.981000000000000000e+03 -8.000000000000000000e+01 6.160000000000000000e+02 -7.920000000000000000e+02
1.001200000000000000e+04 -8.000000000000000000e+01 6.080000000000000000e+02 -8.000000000000000000e+02
1.005200000000000000e+04 -8.000000000000000000e+01 6.080000000000000000e+02 -7.920000000000000000e+02
1.009200000000000000e+04 -8.000000000000000000e+01 6.080000000000000000e+02 -7.840000000000000000e+02
1.013200000000000000e+04 -8.800000000000000000e+01 6.160000000000000000e+02 -8.000000000000000000e+02
1.017200000000000000e+04 -8.800000000000000000e+01 6.240000000000000000e+02 -7.840000000000000000e+02
1.021200000000000000e+04 -9.600000000000000000e+01 6.240000000000000000e+02 -7.680000000000000000e+02
1.025200000000000000e+04 -9.600000000000000000e+01 6.160000000000000000e+02 -8.080000000000000000e+02
1.029200000000000000e+04 -8.800000000000000000e+01 6.160000000000000000e+02 -7.920000000000000000e+02
1.033200000000000000e+04 -8.000000000000000000e+01 6.240000000000000000e+02 -7.760000000000000000e+02
1.037200000000000000e+04 -7.200000000000000000e+01 6.240000000000000000e+02 -7.920000000000000000e+02
1.041200000000000000e+04 -8.000000000000000000e+01 6.320000000000000000e+02 -7.840000000000000000e+02
1.045200000000000000e+04 -8.000000000000000000e+01 6.320000000000000000e+02 -7.920000000000000000e+02
1.049200000000000000e+04 -8.800000000000000000e+01 6.560000000000000000e+02 -8.080000000000000000e+02
1.053200000000000000e+04 -8.800000000000000000e+01 6.400000000000000000e+02 -7.920000000000000000e+02
1.057200000000000000e+04 -8.800000000000000000e+01 6.560000000000000000e+02 -7.920000000000000000e+02
1.061200000000000000e+04 -8.800000000000000000e+01 6.320000000000000000e+02 -7.760000000000000000e+02
1.065200000000000000e+04 -8.800000000000000000e+01 6.320000000000000000e+02 -8.240000000000000000e+02
1.069200000000000000e+04 -8.800000000000000000e+01 6.320000000000000000e+02 -7.600000000000000000e+02
1.073200000000000000e+04 -8.800000000000000000e+01 6.320000000000000000e+02 -7.840000000000000000e+02
1.077200000000000000e+04 -8.800000000000000000e+01 6.320000000000000000e+02 -7.840000000000000000e+02
1.081200000000000000e+04 -7.200000000000000000e+01 6.320000000000000000e+02 -7.440000000000000000e+02
1.085200000000000000e+04 -8.000000000000000000e+01 6.320000000000000000e+02 -7.680000000000000000e+02
1.089200000000000000e+04 -8.800000000000000000e+01 6.320000000000000000e+02 -7.760000000000000000e+02
1.093200000000000000e+04 -7.200000000000000000e+01 6.400000000000000000e+02 -7.600000000000000000e+02
1.097200000000000000e+04 -9.600000000000000000e+01 6.400000000000000000e+02 -8.000000000000000000e+02
1.100400000000000000e+04 -8.800000000000000000e+01 6.320000000000000000e+02 -7.760000000000000000e+02
1.104400000000000000e+04 -8.000000000000000000e+01 6.240000000000000000e+02 -7.760000000000000000e+02
1.108400000000000000e+04 -7.200000000000000000e+01 6.400000000000000000e+02 -7.760000000000000000e+02
1.112400000000000000e+04 -8.000000000000000000e+01 6.480000000000000000e+02 -7.760000000000000000e+02
1.116400000000000000e+04 -8.000000000000000000e+01 6.480000000000000000e+02 -7.840000000000000000e+02
1.120400000000000000e+04 -8.800000000000000000e+01 6.240000000000000000e+02 -7.920000000000000000e+02
1.124400000000000000e+04 -8.000000000000000000e+01 6.240000000000000000e+02 -7.600000000000000000e+02
1.128400000000000000e+04 -9.600000000000000000e+01 6.160000000000000000e+02 -7.760000000000000000e+02
1.132400000000000000e+04 -8.800000000000000000e+01 6.240000000000000000e+02 -7.760000000000000000e+02
1.136400000000000000e+04 -8.800000000000000000e+01 6.400000000000000000e+02 -8.240000000000000000e+02
1.140400000000000000e+04 -9.600000000000000000e+01 6.320000000000000000e+02 -7.760000000000000000e+02
1.144400000000000000e+04 -9.600000000000000000e+01 6.320000000000000000e+02 -7.920000000000000000e+02
1.148400000000000000e+04 -8.800000000000000000e+01 6.400000000000000000e+02 -7.840000000000000000e+02
1.152400000000000000e+04 -8.800000000000000000e+01 6.560000000000000000e+02 -8.000000000000000000e+02
1.156400000000000000e+04 -8.800000000000000000e+01 6.400000000000000000e+02 -7.680000000000000000e+02
1.160400000000000000e+04 -8.800000000000000000e+01 6.400000000000000000e+02 -7.680000000000000000e+02
1.164400000000000000e+04 -8.800000000000000000e+01 6.480000000000000000e+02 -7.760000000000000000e+02
1.168400000000000000e+04 -8.800000000000000000e+01 6.480000000000000000e+02 -7.680000000000000000e+02
1.172400000000000000e+04 -8.800000000000000000e+01 6.400000000000000000e+02 -8.000000000000000000e+02
1.176400000000000000e+04 -8.000000000000000000e+01 6.480000000000000000e+02 -7.680000000000000000e+02
1.180400000000000000e+04 -8.000000000000000000e+01 6.400000000000000000e+02 -7.920000000000000000e+02
1.184400000000000000e+04 -7.200000000000000000e+01 6.560000000000000000e+02 -7.840000000000000000e+02
1.188400000000000000e+04 -7.200000000000000000e+01 6.400000000000000000e+02 -7.520000000000000000e+02
1.192400000000000000e+04 -1.040000000000000000e+02 6.480000000000000000e+02 -7.360000000000000000e+02
1.196400000000000000e+04 -1.040000000000000000e+02 6.320000000000000000e+02 -7.840000000000000000e+02
1.199500000000000000e+04 -1.040000000000000000e+02 6.320000000000000000e+02 -7.600000000000000000e+02
1.203500000000000000e+04 -9.600000000000000000e+01 6.320000000000000000e+02 -7.680000000000000000e+02
1.207500000000000000e+04 -9.600000000000000000e+01 6.640000000000000000e+02 -7.600000000000000000e+02
1.211500000000000000e+04 -9.600000000000000000e+01 6.240000000000000000e+02 -7.920000000000000000e+02
1.215500000000000000e+04 -9.600000000000000000e+01 6.240000000000000000e+02 -8.080000000000000000e+02
1.219500000000000000e+04 -9.600000000000000000e+01 5.760000000000000000e+02 -8.160000000000000000e+02
1.223500000000000000e+04 -9.600000000000000000e+01 5.600000000000000000e+02 -8.320000000000000000e+02
1.227500000000000000e+04 -1.120000000000000000e+02 5.680000000000000000e+02 -8.160000000000000000e+02
1.231500000000000000e+04 -1.040000000000000000e+02 5.760000000000000000e+02 -8.160000000000000000e+02
1.235500000000000000e+04 -1.040000000000000000e+02 5.680000000000000000e+02 -8.240000000000000000e+02
1.239500000000000000e+04 -1.200000000000000000e+02 5.840000000000000000e+02 -8.640000000000000000e+02
1.243500000000000000e+04 -1.280000000000000000e+02 5.840000000000000000e+02 -8.080000000000000000e+02
1.247500000000000000e+04 -1.040000000000000000e+02 5.920000000000000000e+02 -8.080000000000000000e+02
1.251500000000000000e+04 -1.200000000000000000e+02 5.680000000000000000e+02 -8.160000000000000000e+02
1.255500000000000000e+04 -8.800000000000000000e+01 5.760000000000000000e+02 -8.400000000000000000e+02
1.259500000000000000e+04 -1.040000000000000000e+02 5.840000000000000000e+02 -8.320000000000000000e+02
1.263500000000000000e+04 -9.600000000000000000e+01 5.760000000000000000e+02 -8.240000000000000000e+02
1.267500000000000000e+04 -1.120000000000000000e+02 5.760000000000000000e+02 -8.160000000000000000e+02
1.271500000000000000e+04 -9.600000000000000000e+01 6.000000000000000000e+02 -8.080000000000000000e+02
1.275500000000000000e+04 -9.600000000000000000e+01 5.920000000000000000e+02 -8.400000000000000000e+02
1.279500000000000000e+04 -8.800000000000000000e+01 5.840000000000000000e+02 -8.160000000000000000e+02
1.283500000000000000e+04 -9.600000000000000000e+01 5.840000000000000000e+02 -8.320000000000000000e+02
1.287500000000000000e+04 -9.600000000000000000e+01 5.920000000000000000e+02 -8.320000000000000000e+02
1.291500000000000000e+04 -9.600000000000000000e+01 5.840000000000000000e+02 -8.240000000000000000e+02
1.295500000000000000e+04 -9.600000000000000000e+01 5.840000000000000000e+02 -8.320000000000000000e+02
1.298600000000000000e+04 -1.040000000000000000e+02 5.840000000000000000e+02 -8.240000000000000000e+02
1.302600000000000000e+04 -9.600000000000000000e+01 5.920000000000000000e+02 -8.240000000000000000e+02
1.306600000000000000e+04 -9.600000000000000000e+01 5.840000000000000000e+02 -8.160000000000000000e+02
1.310600000000000000e+04 -9.600000000000000000e+01 5.920000000000000000e+02 -8.240000000000000000e+02
1.314600000000000000e+04 -9.600000000000000000e+01 5.840000000000000000e+02 -8.320000000000000000e+02
1.318600000000000000e+04 -9.600000000000000000e+01 5.840000000000000000e+02 -8.400000000000000000e+02
1.322600000000000000e+04 -9.600000000000000000e+01 6.000000000000000000e+02 -8.240000000000000000e+02
1.326600000000000000e+04 -9.600000000000000000e+01 5.920000000000000000e+02 -8.320000000000000000e+02
1.330600000000000000e+04 -9.600000000000000000e+01 5.920000000000000000e+02 -8.160000000000000000e+02
1.334600000000000000e+04 -9.600000000000000000e+01 5.840000000000000000e+02 -8.160000000000000000e+02
1.338600000000000000e+04 -9.600000000000000000e+01 5.920000000000000000e+02 -8.160000000000000000e+02
1.342600000000000000e+04 -8.000000000000000000e+01 5.920000000000000000e+02 -8.320000000000000000e+02
1.346600000000000000e+04 -9.600000000000000000e+01 5.920000000000000000e+02 -8.080000000000000000e+02
1.350600000000000000e+04 -1.040000000000000000e+02 5.920000000000000000e+02 -8.400000000000000000e+02
1.354600000000000000e+04 -9.600000000000000000e+01 5.840000000000000000e+02 -8.080000000000000000e+02
1.358600000000000000e+04 -8.800000000000000000e+01 5.920000000000000000e+02 -8.160000000000000000e+02
1.362600000000000000e+04 -9.600000000000000000e+01 5.840000000000000000e+02 -8.160000000000000000e+02
1.366600000000000000e+04 -9.600000000000000000e+01 5.920000000000000000e+02 -8.240000000000000000e+02
1.370600000000000000e+04 -9.600000000000000000e+01 6.000000000000000000e+02 -8.400000000000000000e+02
1.374600000000000000e+04 -8.800000000000000000e+01 6.000000000000000000e+02 -8.320000000000000000e+02
1.378600000000000000e+04 -9.600000000000000000e+01 6.000000000000000000e+02 -7.680000000000000000e+02
1.382600000000000000e+04 -7.200000000000000000e+01 5.760000000000000000e+02 -8.240000000000000000e+02
1.386600000000000000e+04 -8.800000000000000000e+01 5.760000000000000000e+02 -8.080000000000000000e+02
1.390600000000000000e+04 -9.600000000000000000e+01 5.920000000000000000e+02 -8.160000000000000000e+02
1.394600000000000000e+04 -1.040000000000000000e+02 6.080000000000000000e+02 -8.240000000000000000e+02
1.397800000000000000e+04 -6.400000000000000000e+01 6.160000000000000000e+02 -8.800000000000000000e+02
1.401800000000000000e+04 -8.000000000000000000e+01 6.080000000000000000e+02 -8.240000000000000000e+02
1.405800000000000000e+04 -8.000000000000000000e+01 5.760000000000000000e+02 -8.240000000000000000e+02
1.409800000000000000e+04 -8.000000000000000000e+01 6.080000000000000000e+02 -8.000000000000000000e+02
1.413800000000000000e+04 -8.000000000000000000e+01 6.000000000000000000e+02 -8.000000000000000000e+02
1.417800000000000000e+04 -7.200000000000000000e+01 5.840000000000000000e+02 -8.880000000000000000e+02
1.421800000000000000e+04 -6.400000000000000000e+01 5.760000000000000000e+02 -8.640000000000000000e+02
1.425800000000000000e+04 -4.800000000000000000e+01 5.680000000000000000e+02 -8.160000000000000000e+02
1.429800000000000000e+04 -6.400000000000000000e+01 5.920000000000000000e+02 -8.080000000000000000e+02
1.433800000000000000e+04 -8.000000000000000000e+01 5.920000000000000000e+02 -8.080000000000000000e+02
1.437800000000000000e+04 -7.200000000000000000e+01 6.080000000000000000e+02 -7.920000000000000000e+02
1.441800000000000000e+04 -9.600000000000000000e+01 6.080000000000000000e+02 -8.000000000000000000e+02
1.445800000000000000e+04 -8.000000000000000000e+01 6.080000000000000000e+02 -8.080000000000000000e+02
1.449800000000000000e+04 -8.800000000000000000e+01 6.080000000000000000e+02 -8.400000000000000000e+02
1.453800000000000000e+04 -8.800000000000000000e+01 6.080000000000000000e+02 -7.920000000000000000e+02
1.457800000000000000e+04 -9.600000000000000000e+01 6.160000000000000000e+02 -7.840000000000000000e+02
1.461800000000000000e+04 -8.800000000000000000e+01 6.080000000000000000e+02 -7.920000000000000000e+02
1.465800000000000000e+04 -9.600000000000000000e+01 6.160000000000000000e+02 -8.080000000000000000e+02
1.469800000000000000e+04 -1.040000000000000000e+02 6.240000000000000000e+02 -8.000000000000000000e+02
1.473800000000000000e+04 -1.040000000000000000e+02 6.240000000000000000e+02 -7.840000000000000000e+02
1.477800000000000000e+04 -1.040000000000000000e+02 6.080000000000000000e+02 -7.920000000000000000e+02
1.481800000000000000e+04 -1.120000000000000000e+02 6.240000000000000000e+02 -8.000000000000000000e+02
1.485800000000000000e+04 -1.040000000000000000e+02 6.080000000000000000e+02 -7.920000000000000000e+02
1.489800000000000000e+04 -9.600000000000000000e+01 6.240000000000000000e+02 -7.760000000000000000e+02
1.493800000000000000e+04 -9.600000000000000000e+01 6.240000000000000000e+02 -7.840000000000000000e+02
1.496900000000000000e+04 -1.120000000000000000e+02 6.240000000000000000e+02 -8.320000000000000000e+02
1.500900000000000000e+04 -1.040000000000000000e+02 6.480000000000000000e+02 -7.760000000000000000e+02
1.504900000000000000e+04 -1.120000000000000000e+02 6.480000000000000000e+02 -7.680000000000000000e+02
1.508900000000000000e+04 -1.040000000000000000e+02 6.480000000000000000e+02 -7.840000000000000000e+02
1.512900000000000000e+04 -8.800000000000000000e+01 6.400000000000000000e+02 -7.680000000000000000e+02
1.516900000000000000e+04 -9.600000000000000000e+01 6.320000000000000000e+02 -7.680000000000000000e+02
1.520900000000000000e+04 -1.040000000000000000e+02 6.320000000000000000e+02 -7.840000000000000000e+02
1.524900000000000000e+04 -9.600000000000000000e+01 6.400000000000000000e+02 -7.920000000000000000e+02
1.528900000000000000e+04 -1.200000000000000000e+02 6.400000000000000000e+02 -7.520000000000000000e+02
1.532900000000000000e+04 -1.040000000000000000e+02 6.480000000000000000e+02 -7.680000000000000000e+02
1.536900000000000000e+04 -8.000000000000000000e+01 6.560000000000000000e+02 -8.160000000000000000e+02
1.540900000000000000e+04 -9.600000000000000000e+01 6.560000000000000000e+02 -8.080000000000000000e+02
1.544900000000000000e+04 -8.800000000000000000e+01 6.480000000000000000e+02 -7.680000000000000000e+02
1.548900000000000000e+04 -8.800000000000000000e+01 6.320000000000000000e+02 -7.680000000000000000e+02
1.552900000000000000e+04 -9.600000000000000000e+01 6.480000000000000000e+02 -7.520000000000000000e+02
1.556900000000000000e+04 -9.600000000000000000e+01 6.480000000000000000e+02 -7.280000000000000000e+02
1.560900000000000000e+04 -8.800000000000000000e+01 6.560000000000000000e+02 -7.600000000000000000e+02
1.564900000000000000e+04 -9.600000000000000000e+01 6.480000000000000000e+02 -7.520000000000000000e+02
1.568900000000000000e+04 -1.120000000000000000e+02 6.480000000000000000e+02 -7.920000000000000000e+02
1.572900000000000000e+04 -1.040000000000000000e+02 6.480000000000000000e+02 -7.520000000000000000e+02
1.576900000000000000e+04 -1.120000000000000000e+02 6.640000000000000000e+02 -7.840000000000000000e+02
1.580900000000000000e+04 -1.040000000000000000e+02 6.560000000000000000e+02 -8.080000000000000000e+02
1.584900000000000000e+04 -1.040000000000000000e+02 6.560000000000000000e+02 -7.760000000000000000e+02
1.588900000000000000e+04 -1.120000000000000000e+02 6.560000000000000000e+02 -7.600000000000000000e+02
1.592900000000000000e+04 -1.120000000000000000e+02 6.320000000000000000e+02 -7.680000000000000000e+02
1.596100000000000000e+04 -1.280000000000000000e+02 6.400000000000000000e+02 -7.120000000000000000e+02
1.600100000000000000e+04 -1.120000000000000000e+02 6.480000000000000000e+02 -7.520000000000000000e+02
1.604100000000000000e+04 -1.120000000000000000e+02 6.560000000000000000e+02 -7.680000000000000000e+02
1.608100000000000000e+04 -8.000000000000000000e+01 6.480000000000000000e+02 -8.080000000000000000e+02
1.612100000000000000e+04 -9.600000000000000000e+01 6.560000000000000000e+02 -7.520000000000000000e+02
1.616100000000000000e+04 -1.040000000000000000e+02 6.560000000000000000e+02 -7.680000000000000000e+02
1.620100000000000000e+04 -8.800000000000000000e+01 6.640000000000000000e+02 -7.360000000000000000e+02
1.624100000000000000e+04 -1.040000000000000000e+02 6.560000000000000000e+02 -7.280000000000000000e+02
1.628100000000000000e+04 -9.600000000000000000e+01 6.480000000000000000e+02 -7.440000000000000000e+02
1.632100000000000000e+04 -9.600000000000000000e+01 6.480000000000000000e+02 -7.680000000000000000e+02
1.636100000000000000e+04 -1.040000000000000000e+02 6.640000000000000000e+02 -7.520000000000000000e+02
1.640100000000000000e+04 -1.120000000000000000e+02 6.480000000000000000e+02 -8.080000000000000000e+02
1.644100000000000000e+04 -1.040000000000000000e+02 6.400000000000000000e+02 -7.840000000000000000e+02
1.648100000000000000e+04 -1.040000000000000000e+02 6.400000000000000000e+02 -7.600000000000000000e+02
1.652100000000000000e+04 -9.600000000000000000e+01 6.400000000000000000e+02 -7.920000000000000000e+02
1.656100000000000000e+04 -1.040000000000000000e+02 6.400000000000000000e+02 -8.080000000000000000e+02
1.660100000000000000e+04 -9.600000000000000000e+01 6.400000000000000000e+02 -7.840000000000000000e+02
1.664100000000000000e+04 -9.600000000000000000e+01 6.560000000000000000e+02 -7.520000000000000000e+02
1.668100000000000000e+04 -1.040000000000000000e+02 6.320000000000000000e+02 -7.680000000000000000e+02
1.672100000000000000e+04 -9.600000000000000000e+01 6.240000000000000000e+02 -7.840000000000000000e+02
1.676100000000000000e+04 -9.600000000000000000e+01 6.320000000000000000e+02 -7.680000000000000000e+02
1.680100000000000000e+04 -8.000000000000000000e+01 6.240000000000000000e+02 -7.920000000000000000e+02
1.684100000000000000e+04 -1.040000000000000000e+02 6.320000000000000000e+02 -7.600000000000000000e+02
1.688100000000000000e+04 -9.600000000000000000e+01 6.400000000000000000e+02 -7.760000000000000000e+02
1.692100000000000000e+04 -9.600000000000000000e+01 6.320000000000000000e+02 -7.600000000000000000e+02
1.695200000000000000e+04 -1.120000000000000000e+02 6.400000000000000000e+02 -7.360000000000000000e+02
1.699200000000000000e+04 -1.120000000000000000e+02 6.400000000000000000e+02 -7.840000000000000000e+02
1.703200000000000000e+04 -1.200000000000000000e+02 6.400000000000000000e+02 -7.680000000000000000e+02
1.707200000000000000e+04 -1.120000000000000000e+02 6.480000000000000000e+02 -7.680000000000000000e+02
1.711200000000000000e+04 -1.040000000000000000e+02 6.400000000000000000e+02 -7.680000000000000000e+02
1.715200000000000000e+04 -9.600000000000000000e+01 6.400000000000000000e+02 -7.920000000000000000e+02
1.719200000000000000e+04 -9.600000000000000000e+01 6.400000000000000000e+02 -7.760000000000000000e+02
1.723200000000000000e+04 -8.800000000000000000e+01 6.320000000000000000e+02 -7.840000000000000000e+02
1.727200000000000000e+04 -9.600000000000000000e+01 6.400000000000000000e+02 -8.000000000000000000e+02
1.731200000000000000e+04 -9.600000000000000000e+01 6.640000000000000000e+02 -7.840000000000000000e+02
1.735200000000000000e+04 -9.600000000000000000e+01 6.560000000000000000e+02 -7.680000000000000000e+02
1.739200000000000000e+04 -9.600000000000000000e+01 6.480000000000000000e+02 -7.360000000000000000e+02
1.743200000000000000e+04 -1.040000000000000000e+02 6.400000000000000000e+02 -8.000000000000000000e+02
1.747200000000000000e+04 -1.040000000000000000e+02 6.240000000000000000e+02 -7.680000000000000000e+02
1.751200000000000000e+04 -9.600000000000000000e+01 6.160000000000000000e+02 -7.760000000000000000e+02
1.755200000000000000e+04 -8.800000000000000000e+01 6.240000000000000000e+02 -7.680000000000000000e+02
1.759200000000000000e+04 -9.600000000000000000e+01 6.320000000000000000e+02 -7.600000000000000000e+02
1.763200000000000000e+04 -1.040000000000000000e+02 6.320000000000000000e+02 -7.680000000000000000e+02
1.767200000000000000e+04 -1.120000000000000000e+02 6.320000000000000000e+02 -7.840000000000000000e+02
1.771200000000000000e+04 -1.040000000000000000e+02 6.400000000000000000e+02 -7.840000000000000000e+02
1.775200000000000000e+04 -8.800000000000000000e+01 6.480000000000000000e+02 -7.840000000000000000e+02
1.779200000000000000e+04 -1.040000000000000000e+02 6.400000000000000000e+02 -7.840000000000000000e+02
1.783200000000000000e+04 -8.000000000000000000e+01 6.240000000000000000e+02 -7.840000000000000000e+02
1.787200000000000000e+04 -8.800000000000000000e+01 6.240000000000000000e+02 -8.240000000000000000e+02
1.791200000000000000e+04 -8.800000000000000000e+01 6.320000000000000000e+02 -7.760000000000000000e+02
1.794400000000000000e+04 -8.800000000000000000e+01 6.080000000000000000e+02 -8.160000000000000000e+02
1.798400000000000000e+04 -8.800000000000000000e+01 6.240000000000000000e+02 -7.760000000000000000e+02
1.802400000000000000e+04 -1.120000000000000000e+02 6.320000000000000000e+02 -7.440000000000000000e+02
1.806400000000000000e+04 -1.040000000000000000e+02 6.320000000000000000e+02 -7.680000000000000000e+02
1.810400000000000000e+04 -1.040000000000000000e+02 6.320000000000000000e+02 -7.840000000000000000e+02
1.814400000000000000e+04 -1.040000000000000000e+02 6.240000000000000000e+02 -8.240000000000000000e+02
1.818400000000000000e+04 -9.600000000000000000e+01 6.320000000000000000e+02 -7.840000000000000000e+02
1.822400000000000000e+04 -9.600000000000000000e+01 6.320000000000000000e+02 -7.840000000000000000e+02
1.826400000000000000e+04 -1.040000000000000000e+02 6.320000000000000000e+02 -7.760000000000000000e+02
1.830400000000000000e+04 -1.040000000000000000e+02 6.240000000000000000e+02 -7.680000000000000000e+02
1.834400000000000000e+04 -9.600000000000000000e+01 6.160000000000000000e+02 -7.760000000000000000e+02
1.838400000000000000e+04 -9.600000000000000000e+01 6.240000000000000000e+02 -7.600000000000000000e+02
1.842400000000000000e+04 -9.600000000000000000e+01 6.320000000000000000e+02 -7.760000000000000000e+02
1.846400000000000000e+04 -8.800000000000000000e+01 6.320000000000000000e+02 -7.680000000000000000e+02
1.850400000000000000e+04 -9.600000000000000000e+01 6.320000000000000000e+02 -7.920000000000000000e+02
1.854400000000000000e+04 -1.040000000000000000e+02 6.240000000000000000e+02 -7.760000000000000000e+02
1.858400000000000000e+04 -1.040000000000000000e+02 6.320000000000000000e+02 -7.920000000000000000e+02
1.862400000000000000e+04 -1.040000000000000000e+02 6.320000000000000000e+02 -7.920000000000000000e+02
1.866400000000000000e+04 -1.040000000000000000e+02 6.240000000000000000e+02 -7.920000000000000000e+02
1.870400000000000000e+04 -9.600000000000000000e+01 6.160000000000000000e+02 -7.680000000000000000e+02
1.874400000000000000e+04 -9.600000000000000000e+01 6.320000000000000000e+02 -7.520000000000000000e+02
1.878400000000000000e+04 -1.120000000000000000e+02 6.320000000000000000e+02 -7.920000000000000000e+02
1.882400000000000000e+04 -1.040000000000000000e+02 6.160000000000000000e+02 -7.840000000000000000e+02
1.886400000000000000e+04 -9.600000000000000000e+01 6.160000000000000000e+02 -7.920000000000000000e+02
1.890400000000000000e+04 -9.600000000000000000e+01 6.160000000000000000e+02 -7.760000000000000000e+02
1.893600000000000000e+04 -1.040000000000000000e+02 6.240000000000000000e+02 -7.840000000000000000e+02
1.897600000000000000e+04 -9.600000000000000000e+01 6.240000000000000000e+02 -7.680000000000000000e+02
1.901600000000000000e+04 -9.600000000000000000e+01 6.320000000000000000e+02 -7.840000000000000000e+02
1.905600000000000000e+04 -9.600000000000000000e+01 6.320000000000000000e+02 -7.680000000000000000e+02
1.909600000000000000e+04 -9.600000000000000000e+01 6.320000000000000000e+02 -7.920000000000000000e+02
1.913600000000000000e+04 -1.040000000000000000e+02 6.400000000000000000e+02 -7.760000000000000000e+02
1.917600000000000000e+04 -1.040000000000000000e+02 6.160000000000000000e+02 -7.760000000000000000e+02
1.921600000000000000e+04 -1.040000000000000000e+02 6.240000000000000000e+02 -7.760000000000000000e+02
1.925600000000000000e+04 -1.040000000000000000e+02 6.320000000000000000e+02 -7.760000000000000000e+02
1.929600000000000000e+04 -9.600000000000000000e+01 6.320000000000000000e+02 -7.840000000000000000e+02
1.933600000000000000e+04 -9.600000000000000000e+01 6.400000000000000000e+02 -7.760000000000000000e+02
1.937600000000000000e+04 -9.600000000000000000e+01 6.400000000000000000e+02 -7.760000000000000000e+02
1.941600000000000000e+04 -6.400000000000000000e+01 6.400000000000000000e+02 -7.760000000000000000e+02
1.945600000000000000e+04 -8.800000000000000000e+01 6.400000000000000000e+02 -7.760000000000000000e+02
1.949600000000000000e+04 -9.600000000000000000e+01 6.400000000000000000e+02 -7.680000000000000000e+02
1.953600000000000000e+04 -8.800000000000000000e+01 6.400000000000000000e+02 -7.760000000000000000e+02
1.957600000000000000e+04 -9.600000000000000000e+01 6.480000000000000000e+02 -7.920000000000000000e+02
1.961600000000000000e+04 -1.040000000000000000e+02 6.400000000000000000e+02 -7.920000000000000000e+02
1.965600000000000000e+04 -9.600000000000000000e+01 6.400000000000000000e+02 -7.840000000000000000e+02
1.969600000000000000e+04 -1.120000000000000000e+02 6.320000000000000000e+02 -7.920000000000000000e+02
1.973600000000000000e+04 -1.040000000000000000e+02 6.320000000000000000e+02 -7.600000000000000000e+02
1.977600000000000000e+04 -9.600000000000000000e+01 6.480000000000000000e+02 -8.080000000000000000e+02
1.981600000000000000e+04 -1.200000000000000000e+02 6.400000000000000000e+02 -7.600000000000000000e+02
1.985600000000000000e+04 -8.000000000000000000e+01 6.400000000000000000e+02 -7.840000000000000000e+02
1.989600000000000000e+04 -8.800000000000000000e+01 6.400000000000000000e+02 -7.760000000000000000e+02
