7.700000000000000000e+01 2.160000000000000000e+02 6.800000000000000000e+02 -7.440000000000000000e+02
1.170000000000000000e+02 2.160000000000000000e+02 7.040000000000000000e+02 -7.760000000000000000e+02
1.570000000000000000e+02 2.000000000000000000e+02 7.040000000000000000e+02 -7.760000000000000000e+02
1.970000000000000000e+02 1.520000000000000000e+02 6.720000000000000000e+02 -6.000000000000000000e+02
2.370000000000000000e+02 1.760000000000000000e+02 6.880000000000000000e+02 -6.720000000000000000e+02
2.770000000000000000e+02 1.920000000000000000e+02 7.040000000000000000e+02 -6.880000000000000000e+02
3.170000000000000000e+02 1.840000000000000000e+02 7.200000000000000000e+02 -6.640000000000000000e+02
3.570000000000000000e+02 1.920000000000000000e+02 6.880000000000000000e+02 -7.280000000000000000e+02
3.970000000000000000e+02 2.000000000000000000e+02 6.800000000000000000e+02 -6.560000000000000000e+02
4.370000000000000000e+02 2.080000000000000000e+02 7.520000000000000000e+02 -5.760000000000000000e+02
4.770000000000000000e+02 1.840000000000000000e+02 7.600000000000000000e+02 -6.640000000000000000e+02
5.170000000000000000e+02 2.000000000000000000e+02 4.560000000000000000e+02 -6.080000000000000000e+02
5.570000000000000000e+02 2.080000000000000000e+02 7.440000000000000000e+02 -6.720000000000000000e+02
5.970000000000000000e+02 2.000000000000000000e+02 7.120000000000000000e+02 -8.240000000000000000e+02
6.370000000000000000e+02 1.440000000000000000e+02 7.680000000000000000e+02 -7.280000000000000000e+02
6.770000000000000000e+02 1.040000000000000000e+02 7.760000000000000000e+02 -7.440000000000000000e+02
7.170000000000000000e+02 8.800000000000000000e+01 7.520000000000000000e+02 -7.440000000000000000e+02
7.570000000000000000e+02 4.800000000000000000e+01 7.760000000000000000e+02 -6.800000000000000000e+02
7.970000000000000000e+02 2.400000000000000000e+01 7.200000000000000000e+02 -6.960000000000000000e+02
8.370000000000000000e+02 -1.600000000000000000e+01 7.200000000000000000e+02 -7.120000000000000000e+02
8.770000000000000000e+02 -4.800000000000000000e+01 6.960000000000000000e+02 -7.200000000000000000e+02
9.170000000000000000e+02 -1.040000000000000000e+02 6.720000000000000000e+02 -7.120000000000000000e+02
9.570000000000000000e+02 -1.280000000000000000e+02 6.560000000000000000e+02 -7.040000000000000000e+02
9.970000000000000000e+02 -1.520000000000000000e+02 6.400000000000000000e+02 -7.040000000000000000e+02
1.037000000000000000e+03 -1.760000000000000000e+02 6.560000000000000000e+02 -7.040000000000000000e+02
1.069000000000000000e+03 -2.160000000000000000e+02 6.560000000000000000e+02 -6.960000000000000000e+02
1.109000000000000000e+03 -2.480000000000000000e+02 6.400000000000000000e+02 -6.800000000000000000e+02
1.149000000000000000e+03 -2.800000000000000000e+02 6.320000000000000000e+02 -7.200000000000000000e+02
1.189000000000000000e+03 -3.120000000000000000e+02 6.000000000000000000e+02 -6.720000000000000000e+02
1.229000000000000000e+03 -3.600000000000000000e+02 5.840000000000000000e+02 -6.400000000000000000e+02
1.269000000000000000e+03 -3.840000000000000000e+02 5.920000000000000000e+02 -6.480000000000000000e+02
1.309000000000000000e+03 -4.400000000000000000e+02 6.400000000000000000e+02 -6.400000000000000000e+02
1.349000000000000000e+03 -4.720000000000000000e+02 5.680000000000000000e+02 -5.520000000000000000e+02
1.389000000000000000e+03 -4.560000000000000000e+02 6.560000000000000000e+02 -6.800000000000000000e+02
1.429000000000000000e+03 -4.000000000000000000e+02 6.400000000000000000e+02 -7.840000000000000000e+02
1.469000000000000000e+03 -3.520000000000000000e+02 5.120000000000000000e+02 -1.024000000000000000e+03
1.509000000000000000e+03 -3.040000000000000000e+02 4.960000000000000000e+02 -8.240000000000000000e+02
1.549000000000000000e+03 -2.000000000000000000e+02 3.760000000000000000e+02 -1.008000000000000000e+03
1.589000000000000000e+03 -8.000000000000000000e+01 3.040000000000000000e+02 -1.064000000000000000e+03
1.629000000000000000e+03 -8.000000000000000000e+00 2.160000000000000000e+02 -9.360000000000000000e+02
1.669000000000000000e+03 7.200000000000000000e+01 1.120000000000000000e+02 -9.840000000000000000e+02
1.709000000000000000e+03 1.440000000000000000e+02 5.600000000000000000e+01 -1.056000000000000000e+03
1.749000000000000000e+03 2.000000000000000000e+02 -5.600000000000000000e+01 -9.120000000000000000e+02
1.789000000000000000e+03 2.720000000000000000e+02 -8.000000000000000000e+01 -9.760000000000000000e+02
1.829000000000000000e+03 3.200000000000000000e+02 -1.280000000000000000e+02 -1.056000000000000000e+03
1.869000000000000000e+03 3.600000000000000000e+02 -1.760000000000000000e+02 -9.360000000000000000e+02
1.909000000000000000e+03 3.600000000000000000e+02 -1.920000000000000000e+02 -8.960000000000000000e+02
1.949000000000000000e+03 3.520000000000000000e+02 -2.320000000000000000e+02 -9.040000000000000000e+02
1.989000000000000000e+03 3.520000000000000000e+02 -2.640000000000000000e+02 -8.960000000000000000e+02
2.029000000000000000e+03 3.920000000000000000e+02 -2.480000000000000000e+02 -8.320000000000000000e+02
2.060000000000000000e+03 4.080000000000000000e+02 -2.720000000000000000e+02 -8.720000000000000000e+02
2.100000000000000000e+03 4.080000000000000000e+02 -2.960000000000000000e+02 -8.560000000000000000e+02
2.140000000000000000e+03 4.560000000000000000e+02 -2.720000000000000000e+02 -9.280000000000000000e+02
2.180000000000000000e+03 5.040000000000000000e+02 -2.640000000000000000e+02 -8.400000000000000000e+02
2.220000000000000000e+03 5.200000000000000000e+02 -2.640000000000000000e+02 -8.960000000000000000e+02
2.260000000000000000e+03 5.200000000000000000e+02 -2.880000000000000000e+02 -8.880000000000000000e+02
2.300000000000000000e+03 5.200000000000000000e+02 -2.720000000000000000e+02 -8.480000000000000000e+02
2.340000000000000000e+03 5.360000000000000000e+02 -2.720000000000000000e+02 -9.040000000000000000e+02
2.380000000000000000e+03 5.200000000000000000e+02 -2.560000000000000000e+02 -8.800000000000000000e+02
2.420000000000000000e+03 5.200000000000000000e+02 -2.640000000000000000e+02 -9.040000000000000000e+02
2.460000000000000000e+03 5.200000000000000000e+02 -2.640000000000000000e+02 -9.040000000000000000e+02
2.500000000000000000e+03 5.120000000000000000e+02 -2.640000000000000000e+02 -8.640000000000000000e+02
2.540000000000000000e+03 4.880000000000000000e+02 -2.560000000000000000e+02 -8.800000000000000000e+02
2.580000000000000000e+03 4.880000000000000000e+02 -2.400000000000000000e+02 -8.960000000000000000e+02
2.620000000000000000e+03 4.800000000000000000e+02 -2.400000000000000000e+02 -8.880000000000000000e+02
2.660000000000000000e+03 5.040000000000000000e+02 -2.640000000000000000e+02 -8.960000000000000000e+02
2.700000000000000000e+03 4.960000000000000000e+02 -2.320000000000000000e+02 -8.400000000000000000e+02
2.740000000000000000e+03 4.960000000000000000e+02 -2.480000000000000000e+02 -9.120000000000000000e+02
2.780000000000000000e+03 4.800000000000000000e+02 -2.320000000000000000e+02 -8.720000000000000000e+02
2.820000000000000000e+03 4.800000000000000000e+02 -2.240000000000000000e+02 -8.640000000000000000e+02
2.860000000000000000e+03 4.800000000000000000e+02 -2.480000000000000000e+02 -8.960000000000000000e+02
2.900000000000000000e+03 4.720000000000000000e+02 -2.320000000000000000e+02 -8.880000000000000000e+02
2.940000000000000000e+03 4.640000000000000000e+02 -2.400000000000000000e+02 -9.200000000000000000e+02
2.980000000000000000e+03 4.560000000000000000e+02 -2.480000000000000000e+02 -9.120000000000000000e+02
3.020000000000000000e+03 4.640000000000000000e+02 -2.400000000000000000e+02 -8.960000000000000000e+02
3.052000000000000000e+03 4.560000000000000000e+02 -2.160000000000000000e+02 -9.280000000000000000e+02
3.092000000000000000e+03 4.480000000000000000e+02 -2.160000000000000000e+02 -9.040000000000000000e+02
3.132000000000000000e+03 4.320000000000000000e+02 -2.240000000000000000e+02 -8.880000000000000000e+02
3.172000000000000000e+03 4.480000000000000000e+02 -2.240000000000000000e+02 -9.120000000000000000e+02
3.212000000000000000e+03 4.560000000000000000e+02 -2.160000000000000000e+02 -9.120000000000000000e+02
3.252000000000000000e+03 4.480000000000000000e+02 -2.160000000000000000e+02 -9.440000000000000000e+02
3.292000000000000000e+03 4.480000000000000000e+02 -2.160000000000000000e+02 -8.960000000000000000e+02
3.332000000000000000e+03 4.480000000000000000e+02 -2.160000000000000000e+02 -9.520000000000000000e+02
3.372000000000000000e+03 4.400000000000000000e+02 -2.080000000000000000e+02 -9.360000000000000000e+02
3.412000000000000000e+03 4.400000000000000000e+02 -2.080000000000000000e+02 -9.360000000000000000e+02
3.452000000000000000e+03 4.320000000000000000e+02 -2.000000000000000000e+02 -9.120000000000000000e+02
3.492000000000000000e+03 4.320000000000000000e+02 -2.000000000000000000e+02 -9.360000000000000000e+02
3.532000000000000000e+03 4.160000000000000000e+02 -1.920000000000000000e+02 -9.120000000000000000e+02
3.572000000000000000e+03 4.080000000000000000e+02 -1.760000000000000000e+02 -9.440000000000000000e+02
3.612000000000000000e+03 4.080000000000000000e+02 -1.760000000000000000e+02 -9.040000000000000000e+02
3.652000000000000000e+03 3.840000000000000000e+02 -1.520000000000000000e+02 -9.600000000000000000e+02
3.692000000000000000e+03 3.680000000000000000e+02 -1.200000000000000000e+02 -9.520000000000000000e+02
3.732000000000000000e+03 3.600000000000000000e+02 -8.800000000000000000e+01 -9.440000000000000000e+02
3.772000000000000000e+03 3.680000000000000000e+02 -7.200000000000000000e+01 -9.840000000000000000e+02
3.812000000000000000e+03 3.520000000000000000e+02 -8.000000000000000000e+00 -9.120000000000000000e+02
3.852000000000000000e+03 3.120000000000000000e+02 5.600000000000000000e+01 -9.520000000000000000e+02
3.892000000000000000e+03 3.040000000000000000e+02 1.120000000000000000e+02 -1.048000000000000000e+03
3.932000000000000000e+03 2.640000000000000000e+02 1.920000000000000000e+02 -9.920000000000000000e+02
3.972000000000000000e+03 1.840000000000000000e+02 2.400000000000000000e+02 -9.360000000000000000e+02
4.012000000000000000e+03 1.680000000000000000e+02 2.560000000000000000e+02 -1.000000000000000000e+03
4.045000000000000000e+03 1.200000000000000000e+02 2.880000000000000000e+02 -9.760000000000000000e+02
4.085000000000000000e+03 4.000000000000000000e+01 3.760000000000000000e+02 -9.200000000000000000e+02
4.125000000000000000e+03 1.600000000000000000e+01 4.160000000000000000e+02 -9.120000000000000000e+02
4.165000000000000000e+03 -1.600000000000000000e+01 4.880000000000000000e+02 -8.400000000000000000e+02
4.205000000000000000e+03 -4.800000000000000000e+01 5.440000000000000000e+02 -8.560000000000000000e+02
4.245000000000000000e+03 -8.800000000000000000e+01 5.840000000000000000e+02 -7.600000000000000000e+02
4.285000000000000000e+03 -1.600000000000000000e+02 5.920000000000000000e+02 -8.240000000000000000e+02
4.325000000000000000e+03 -1.600000000000000000e+02 6.400000000000000000e+02 -7.440000000000000000e+02
4.365000000000000000e+03 -1.920000000000000000e+02 6.560000000000000000e+02 -7.360000000000000000e+02
4.405000000000000000e+03 -1.920000000000000000e+02 6.880000000000000000e+02 -7.680000000000000000e+02
4.445000000000000000e+03 -2.320000000000000000e+02 6.800000000000000000e+02 -7.280000000000000000e+02
4.485000000000000000e+03 -2.400000000000000000e+02 6.720000000000000000e+02 -6.960000000000000000e+02
4.525000000000000000e+03 -2.400000000000000000e+02 6.880000000000000000e+02 -6.480000000000000000e+02
4.565000000000000000e+03 -2.560000000000000000e+02 6.960000000000000000e+02 -6.640000000000000000e+02
4.605000000000000000e+03 -2.560000000000000000e+02 7.200000000000000000e+02 -6.240000000000000000e+02
4.645000000000000000e+03 -2.720000000000000000e+02 7.360000000000000000e+02 -6.160000000000000000e+02
4.685000000000000000e+03 -2.720000000000000000e+02 6.960000000000000000e+02 -6.160000000000000000e+02
4.725000000000000000e+03 -2.560000000000000000e+02 7.280000000000000000e+02 -6.080000000000000000e+02
4.765000000000000000e+03 -2.640000000000000000e+02 7.120000000000000000e+02 -5.920000000000000000e+02
4.805000000000000000e+03 -2.720000000000000000e+02 7.200000000000000000e+02 -5.760000000000000000e+02
4.845000000000000000e+03 -2.720000000000000000e+02 7.120000000000000000e+02 -6.320000000000000000e+02
4.885000000000000000e+03 -2.720000000000000000e+02 7.280000000000000000e+02 -6.720000000000000000e+02
4.925000000000000000e+03 -2.640000000000000000e+02 7.440000000000000000e+02 -6.560000000000000000e+02
4.965000000000000000e+03 -2.800000000000000000e+02 7.360000000000000000e+02 -6.240000000000000000e+02
5.005000000000000000e+03 -2.880000000000000000e+02 7.440000000000000000e+02 -6.320000000000000000e+02
5.036000000000000000e+03 -2.800000000000000000e+02 7.520000000000000000e+02 -7.120000000000000000e+02
5.076000000000000000e+03 -2.720000000000000000e+02 7.440000000000000000e+02 -6.400000000000000000e+02
5.116000000000000000e+03 -2.400000000000000000e+02 7.520000000000000000e+02 -6.720000000000000000e+02
5.156000000000000000e+03 -2.320000000000000000e+02 7.360000000000000000e+02 -6.640000000000000000e+02
5.196000000000000000e+03 -2.560000000000000000e+02 7.360000000000000000e+02 -6.000000000000000000e+02
5.236000000000000000e+03 -2.720000000000000000e+02 7.360000000000000000e+02 -6.800000000000000000e+02
5.276000000000000000e+03 -2.800000000000000000e+02 7.200000000000000000e+02 -5.920000000000000000e+02
5.316000000000000000e+03 -2.720000000000000000e+02 7.120000000000000000e+02 -6.880000000000000000e+02
5.356000000000000000e+03 -2.800000000000000000e+02 7.440000000000000000e+02 -6.320000000000000000e+02
5.396000000000000000e+03 -2.480000000000000000e+02 7.360000000000000000e+02 -6.560000000000000000e+02
5.436000000000000000e+03 -2.400000000000000000e+02 6.720000000000000000e+02 -7.120000000000000000e+02
5.476000000000000000e+03 -2.560000000000000000e+02 5.920000000000000000e+02 -5.920000000000000000e+02
5.516000000000000000e+03 -2.160000000000000000e+02 5.840000000000000000e+02 -5.760000000000000000e+02
5.556000000000000000e+03 -1.520000000000000000e+02 6.160000000000000000e+02 -5.440000000000000000e+02
5.596000000000000000e+03 -8.000000000000000000e+01 6.880000000000000000e+02 -5.280000000000000000e+02
5.636000000000000000e+03 -5.600000000000000000e+01 8.080000000000000000e+02 -4.400000000000000000e+02
5.676000000000000000e+03 -2.400000000000000000e+01 8.560000000000000000e+02 -3.280000000000000000e+02
5.716000000000000000e+03 2.400000000000000000e+01 9.440000000000000000e+02 -3.440000000000000000e+02
5.756000000000000000e+03 4.800000000000000000e+01 9.600000000000000000e+02 -3.600000000000000000e+02
5.796000000000000000e+03 7.200000000000000000e+01 9.840000000000000000e+02 -4.000000000000000000e+02
5.836000000000000000e+03 8.800000000000000000e+01 1.008000000000000000e+03 -3.600000000000000000e+02
5.876000000000000000e+03 1.040000000000000000e+02 9.920000000000000000e+02 -3.920000000000000000e+02
5.916000000000000000e+03 1.760000000000000000e+02 1.008000000000000000e+03 -4.320000000000000000e+02
5.956000000000000000e+03 1.840000000000000000e+02 1.008000000000000000e+03 -3.920000000000000000e+02
5.996000000000000000e+03 2.080000000000000000e+02 9.680000000000000000e+02 -4.160000000000000000e+02
6.027000000000000000e+03 2.320000000000000000e+02 9.680000000000000000e+02 -4.400000000000000000e+02
6.067000000000000000e+03 2.000000000000000000e+02 9.840000000000000000e+02 -4.320000000000000000e+02
6.107000000000000000e+03 2.160000000000000000e+02 9.760000000000000000e+02 -4.080000000000000000e+02
6.147000000000000000e+03 2.400000000000000000e+02 9.120000000000000000e+02 -5.040000000000000000e+02
6.187000000000000000e+03 2.480000000000000000e+02 8.880000000000000000e+02 -5.120000000000000000e+02
6.227000000000000000e+03 2.400000000000000000e+02 8.640000000000000000e+02 -5.200000000000000000e+02
6.267000000000000000e+03 2.480000000000000000e+02 8.320000000000000000e+02 -4.960000000000000000e+02
6.307000000000000000e+03 2.320000000000000000e+02 8.240000000000000000e+02 -4.880000000000000000e+02
6.347000000000000000e+03 2.240000000000000000e+02 8.320000000000000000e+02 -4.960000000000000000e+02
6.387000000000000000e+03 2.160000000000000000e+02 8.480000000000000000e+02 -4.800000000000000000e+02
6.427000000000000000e+03 2.400000000000000000e+02 8.480000000000000000e+02 -4.960000000000000000e+02
6.467000000000000000e+03 2.320000000000000000e+02 8.320000000000000000e+02 -5.280000000000000000e+02
6.507000000000000000e+03 2.400000000000000000e+02 8.320000000000000000e+02 -5.120000000000000000e+02
6.547000000000000000e+03 2.400000000000000000e+02 8.320000000000000000e+02 -5.440000000000000000e+02
6.587000000000000000e+03 2.480000000000000000e+02 8.240000000000000000e+02 -5.200000000000000000e+02
6.627000000000000000e+03 2.560000000000000000e+02 8.400000000000000000e+02 -5.360000000000000000e+02
6.667000000000000000e+03 2.480000000000000000e+02 8.400000000000000000e+02 -5.200000000000000000e+02
6.707000000000000000e+03 2.480000000000000000e+02 8.560000000000000000e+02 -5.200000000000000000e+02
6.747000000000000000e+03 2.640000000000000000e+02 8.560000000000000000e+02 -4.880000000000000000e+02
6.787000000000000000e+03 2.720000000000000000e+02 8.480000000000000000e+02 -5.360000000000000000e+02
6.827000000000000000e+03 2.560000000000000000e+02 8.160000000000000000e+02 -4.880000000000000000e+02
6.867000000000000000e+03 2.480000000000000000e+02 8.400000000000000000e+02 -5.040000000000000000e+02
6.907000000000000000e+03 2.560000000000000000e+02 8.240000000000000000e+02 -5.440000000000000000e+02
6.947000000000000000e+03 2.560000000000000000e+02 8.240000000000000000e+02 -5.600000000000000000e+02
6.987000000000000000e+03 2.480000000000000000e+02 8.080000000000000000e+02 -5.120000000000000000e+02
8.010000000000000000e+03 -2.720000000000000000e+02 8.160000000000000000e+02 -3.600000000000000000e+02
8.050000000000000000e+03 -2.720000000000000000e+02 8.480000000000000000e+02 -3.360000000000000000e+02
8.090000000000000000e+03 -2.640000000000000000e+02 8.640000000000000000e+02 -3.040000000000000000e+02
8.130000000000000000e+03 -2.320000000000000000e+02 8.960000000000000000e+02 -2.560000000000000000e+02
8.170000000000000000e+03 -2.080000000000000000e+02 8.800000000000000000e+02 -2.160000000000000000e+02
8.210000000000000000e+03 -1.920000000000000000e+02 9.440000000000000000e+02 -2.000000000000000000e+02
8.250000000000000000e+03 -1.520000000000000000e+02 9.920000000000000000e+02 -1.520000000000000000e+02
8.290000000000000000e+03 -2.000000000000000000e+02 1.000000000000000000e+03 -1.760000000000000000e+02
8.330000000000000000e+03 -2.000000000000000000e+02 1.008000000000000000e+03 -1.520000000000000000e+02
8.370000000000000000e+03 -2.080000000000000000e+02 9.920000000000000000e+02 -1.040000000000000000e+02
8.410000000000000000e+03 -2.240000000000000000e+02 9.920000000000000000e+02 -3.200000000000000000e+01
8.450000000000000000e+03 -2.160000000000000000e+02 9.920000000000000000e+02 -4.800000000000000000e+01
8.490000000000000000e+03 -2.160000000000000000e+02 9.920000000000000000e+02 -1.600000000000000000e+01
8.530000000000000000e+03 -2.160000000000000000e+02 1.040000000000000000e+03 -3.200000000000000000e+01
8.570000000000000000e+03 -2.240000000000000000e+02 1.016000000000000000e+03 2.400000000000000000e+01
8.610000000000000000e+03 -2.160000000000000000e+02 1.000000000000000000e+03 8.000000000000000000e+00
8.650000000000000000e+03 -2.080000000000000000e+02 1.000000000000000000e+03 1.600000000000000000e+01
8.690000000000000000e+03 -2.160000000000000000e+02 9.680000000000000000e+02 1.600000000000000000e+01
8.730000000000000000e+03 -2.080000000000000000e+02 9.600000000000000000e+02 4.000000000000000000e+01
8.770000000000000000e+03 -1.840000000000000000e+02 9.360000000000000000e+02 4.000000000000000000e+01
8.810000000000000000e+03 -1.440000000000000000e+02 9.520000000000000000e+02 8.000000000000000000e+01
8.850000000000000000e+03 -1.120000000000000000e+02 9.840000000000000000e+02 1.440000000000000000e+02
8.890000000000000000e+03 -8.000000000000000000e+01 1.008000000000000000e+03 8.800000000000000000e+01
8.930000000000000000e+03 -2.400000000000000000e+01 1.008000000000000000e+03 1.360000000000000000e+02
8.970000000000000000e+03 -1.600000000000000000e+01 1.064000000000000000e+03 2.080000000000000000e+02
9.003000000000000000e+03 8.000000000000000000e+00 1.048000000000000000e+03 1.840000000000000000e+02
9.043000000000000000e+03 1.600000000000000000e+01 1.024000000000000000e+03 1.760000000000000000e+02
9.083000000000000000e+03 8.000000000000000000e+00 1.040000000000000000e+03 1.520000000000000000e+02
9.123000000000000000e+03 8.000000000000000000e+00 1.040000000000000000e+03 1.040000000000000000e+02
9.163000000000000000e+03 8.000000000000000000e+00 1.000000000000000000e+03 4.800000000000000000e+01
9.203000000000000000e+03 -3.200000000000000000e+01 1.088000000000000000e+03 1.760000000000000000e+02
9.243000000000000000e+03 -4.800000000000000000e+01 1.024000000000000000e+03 8.000000000000000000e+01
9.283000000000000000e+03 -6.400000000000000000e+01 9.680000000000000000e+02 4.000000000000000000e+01
9.323000000000000000e+03 -8.000000000000000000e+01 9.520000000000000000e+02 -1.760000000000000000e+02
9.363000000000000000e+03 -7.200000000000000000e+01 9.200000000000000000e+02 -3.680000000000000000e+02
9.403000000000000000e+03 -7.200000000000000000e+01 9.280000000000000000e+02 -2.880000000000000000e+02
9.443000000000000000e+03 -4.000000000000000000e+01 9.920000000000000000e+02 -3.360000000000000000e+02
9.483000000000000000e+03 -5.600000000000000000e+01 9.680000000000000000e+02 -3.600000000000000000e+02
9.523000000000000000e+03 -8.800000000000000000e+01 9.360000000000000000e+02 -3.920000000000000000e+02
9.563000000000000000e+03 -1.280000000000000000e+02 9.280000000000000000e+02 -4.000000000000000000e+02
9.603000000000000000e+03 -8.000000000000000000e+01 9.120000000000000000e+02 -2.640000000000000000e+02
9.643000000000000000e+03 -4.000000000000000000e+01 9.840000000000000000e+02 -1.040000000000000000e+02
9.683000000000000000e+03 -4.800000000000000000e+01 1.040000000000000000e+03 -3.200000000000000000e+01
9.723000000000000000e+03 -7.200000000000000000e+01 1.000000000000000000e+03 1.600000000000000000e+01
9.763000000000000000e+03 -8.800000000000000000e+01 1.016000000000000000e+03 8.800000000000000000e+01
9.803000000000000000e+03 -1.120000000000000000e+02 1.032000000000000000e+03 1.360000000000000000e+02
9.843000000000000000e+03 -1.120000000000000000e+02 9.840000000000000000e+02 1.760000000000000000e+02
9.883000000000000000e+03 -1.200000000000000000e+02 9.760000000000000000e+02 1.840000000000000000e+02
9.923000000000000000e+03 -1.200000000000000000e+02 9.920000000000000000e+02 1.920000000000000000e+02
9.963000000000000000e+03 -1.280000000000000000e+02 9.840000000000000000e+02 2.160000000000000000e+02
9.995000000000000000e+03 -1.520000000000000000e+02 1.000000000000000000e+03 1.840000000000000000e+02
1.003500000000000000e+04 -1.120000000000000000e+02 9.760000000000000000e+02 1.360000000000000000e+02
1.007500000000000000e+04 -1.120000000000000000e+02 9.920000000000000000e+02 1.920000000000000000e+02
1.011500000000000000e+04 -1.200000000000000000e+02 9.920000000000000000e+02 1.920000000000000000e+02
1.015500000000000000e+04 -1.280000000000000000e+02 9.840000000000000000e+02 2.400000000000000000e+02
1.019500000000000000e+04 -1.280000000000000000e+02 9.680000000000000000e+02 2.160000000000000000e+02
1.023500000000000000e+04 -1.120000000000000000e+02 9.680000000000000000e+02 2.640000000000000000e+02
1.027500000000000000e+04 -1.360000000000000000e+02 9.680000000000000000e+02 3.200000000000000000e+02
1.031500000000000000e+04 -1.360000000000000000e+02 9.520000000000000000e+02 2.480000000000000000e+02
1.035500000000000000e+04 -1.440000000000000000e+02 9.600000000000000000e+02 3.280000000000000000e+02
1.039500000000000000e+04 -1.280000000000000000e+02 9.600000000000000000e+02 3.680000000000000000e+02
1.043500000000000000e+04 -1.280000000000000000e+02 9.680000000000000000e+02 3.760000000000000000e+02
1.047500000000000000e+04 -1.200000000000000000e+02 9.520000000000000000e+02 3.520000000000000000e+02
1.051500000000000000e+04 -1.120000000000000000e+02 9.520000000000000000e+02 3.760000000000000000e+02
1.055500000000000000e+04 -1.200000000000000000e+02 9.520000000000000000e+02 3.120000000000000000e+02
1.059500000000000000e+04 -1.280000000000000000e+02 9.440000000000000000e+02 3.280000000000000000e+02
1.063500000000000000e+04 -1.360000000000000000e+02 9.440000000000000000e+02 3.920000000000000000e+02
1.067500000000000000e+04 -1.280000000000000000e+02 9.600000000000000000e+02 3.760000000000000000e+02
1.071500000000000000e+04 -1.280000000000000000e+02 9.520000000000000000e+02 3.360000000000000000e+02
1.075500000000000000e+04 -1.440000000000000000e+02 9.440000000000000000e+02 3.600000000000000000e+02
1.079500000000000000e+04 -1.360000000000000000e+02 9.520000000000000000e+02 3.680000000000000000e+02
1.083500000000000000e+04 -1.440000000000000000e+02 9.280000000000000000e+02 3.360000000000000000e+02
1.087500000000000000e+04 -1.440000000000000000e+02 9.440000000000000000e+02 3.360000000000000000e+02
1.091500000000000000e+04 -1.360000000000000000e+02 9.280000000000000000e+02 3.840000000000000000e+02
1.095500000000000000e+04 -1.440000000000000000e+02 9.520000000000000000e+02 3.760000000000000000e+02
1.098600000000000000e+04 -1.280000000000000000e+02 9.360000000000000000e+02 4.320000000000000000e+02
1.102600000000000000e+04 -1.200000000000000000e+02 9.520000000000000000e+02 4.080000000000000000e+02
1.106600000000000000e+04 -1.440000000000000000e+02 9.360000000000000000e+02 3.760000000000000000e+02
1.110600000000000000e+04 -1.280000000000000000e+02 9.360000000000000000e+02 3.760000000000000000e+02
1.114600000000000000e+04 -1.200000000000000000e+02 9.200000000000000000e+02 4.080000000000000000e+02
1.118600000000000000e+04 -1.200000000000000000e+02 9.440000000000000000e+02 3.840000000000000000e+02
1.122600000000000000e+04 -1.200000000000000000e+02 8.960000000000000000e+02 3.520000000000000000e+02
1.126600000000000000e+04 -1.280000000000000000e+02 9.200000000000000000e+02 3.760000000000000000e+02
1.130600000000000000e+04 -1.360000000000000000e+02 9.440000000000000000e+02 3.680000000000000000e+02
1.134600000000000000e+04 -1.360000000000000000e+02 9.360000000000000000e+02 3.200000000000000000e+02
1.138600000000000000e+04 -1.440000000000000000e+02 9.360000000000000000e+02 3.440000000000000000e+02
1.142600000000000000e+04 -1.440000000000000000e+02 9.440000000000000000e+02 3.600000000000000000e+02
1.146600000000000000e+04 -1.520000000000000000e+02 9.600000000000000000e+02 3.360000000000000000e+02
1.150600000000000000e+04 -1.440000000000000000e+02 9.440000000000000000e+02 3.440000000000000000e+02
1.154600000000000000e+04 -1.280000000000000000e+02 9.440000000000000000e+02 3.680000000000000000e+02
1.158600000000000000e+04 -1.120000000000000000e+02 9.600000000000000000e+02 3.840000000000000000e+02
1.162600000000000000e+04 -1.040000000000000000e+02 9.600000000000000000e+02 3.600000000000000000e+02
1.166600000000000000e+04 -1.120000000000000000e+02 9.520000000000000000e+02 3.600000000000000000e+02
1.170600000000000000e+04 -1.200000000000000000e+02 9.520000000000000000e+02 3.520000000000000000e+02
1.174600000000000000e+04 -1.280000000000000000e+02 9.600000000000000000e+02 3.600000000000000000e+02
1.178600000000000000e+04 -1.360000000000000000e+02 9.280000000000000000e+02 3.520000000000000000e+02
1.182600000000000000e+04 -1.520000000000000000e+02 9.200000000000000000e+02 3.600000000000000000e+02
1.186600000000000000e+04 -1.520000000000000000e+02 9.360000000000000000e+02 3.360000000000000000e+02
1.190600000000000000e+04 -1.520000000000000000e+02 9.520000000000000000e+02 3.520000000000000000e+02
1.194600000000000000e+04 -1.520000000000000000e+02 9.360000000000000000e+02 3.520000000000000000e+02
1.197800000000000000e+04 -1.520000000000000000e+02 9.360000000000000000e+02 3.760000000000000000e+02
1.201800000000000000e+04 -1.200000000000000000e+02 9.360000000000000000e+02 3.040000000000000000e+02
1.205800000000000000e+04 -1.200000000000000000e+02 9.360000000000000000e+02 3.840000000000000000e+02
1.209800000000000000e+04 -1.200000000000000000e+02 9.200000000000000000e+02 3.840000000000000000e+02
1.213800000000000000e+04 -1.200000000000000000e+02 9.120000000000000000e+02 3.200000000000000000e+02
1.217800000000000000e+04 -1.440000000000000000e+02 9.360000000000000000e+02 3.280000000000000000e+02
1.221800000000000000e+04 -1.520000000000000000e+02 9.440000000000000000e+02 3.360000000000000000e+02
1.225800000000000000e+04 -1.440000000000000000e+02 9.680000000000000000e+02 3.520000000000000000e+02
1.229800000000000000e+04 -1.360000000000000000e+02 9.520000000000000000e+02 3.760000000000000000e+02
1.233800000000000000e+04 -1.360000000000000000e+02 9.200000000000000000e+02 3.360000000000000000e+02
1.237800000000000000e+04 -1.200000000000000000e+02 9.440000000000000000e+02 3.120000000000000000e+02
1.241800000000000000e+04 -1.280000000000000000e+02 9.760000000000000000e+02 2.880000000000000000e+02
1.245800000000000000e+04 -1.200000000000000000e+02 9.600000000000000000e+02 3.600000000000000000e+02
1.249800000000000000e+04 -1.200000000000000000e+02 9.600000000000000000e+02 3.120000000000000000e+02
1.253800000000000000e+04 -1.440000000000000000e+02 9.600000000000000000e+02 3.120000000000000000e+02
1.257800000000000000e+04 -1.520000000000000000e+02 9.600000000000000000e+02 2.880000000000000000e+02
1.261800000000000000e+04 -1.440000000000000000e+02 9.680000000000000000e+02 2.800000000000000000e+02
1.265800000000000000e+04 -1.440000000000000000e+02 9.600000000000000000e+02 3.200000000000000000e+02
1.269800000000000000e+04 -1.360000000000000000e+02 9.600000000000000000e+02 3.120000000000000000e+02
1.273800000000000000e+04 -1.200000000000000000e+02 9.520000000000000000e+02 2.800000000000000000e+02
1.277800000000000000e+04 -1.200000000000000000e+02 9.520000000000000000e+02 3.840000000000000000e+02
1.281800000000000000e+04 -1.200000000000000000e+02 9.520000000000000000e+02 3.120000000000000000e+02
1.285800000000000000e+04 -1.200000000000000000e+02 9.600000000000000000e+02 3.360000000000000000e+02
1.289800000000000000e+04 -1.280000000000000000e+02 9.440000000000000000e+02 3.600000000000000000e+02
1.293800000000000000e+04 -1.360000000000000000e+02 9.280000000000000000e+02 3.760000000000000000e+02
1.296900000000000000e+04 -1.280000000000000000e+02 9.360000000000000000e+02 3.920000000000000000e+02
1.300900000000000000e+04 -1.680000000000000000e+02 9.440000000000000000e+02 4.320000000000000000e+02
1.304900000000000000e+04 -1.600000000000000000e+02 9.200000000000000000e+02 4.320000000000000000e+02
1.308900000000000000e+04 -1.680000000000000000e+02 9.040000000000000000e+02 4.480000000000000000e+02
1.312900000000000000e+04 -1.680000000000000000e+02 9.120000000000000000e+02 4.720000000000000000e+02
1.316900000000000000e+04 -1.520000000000000000e+02 8.880000000000000000e+02 4.800000000000000000e+02
1.320900000000000000e+04 -1.200000000000000000e+02 8.480000000000000000e+02 4.800000000000000000e+02
1.324900000000000000e+04 -1.280000000000000000e+02 8.720000000000000000e+02 4.880000000000000000e+02
1.328900000000000000e+04 -1.440000000000000000e+02 8.880000000000000000e+02 4.880000000000000000e+02
1.332900000000000000e+04 -1.280000000000000000e+02 8.640000000000000000e+02 5.040000000000000000e+02
1.336900000000000000e+04 -1.280000000000000000e+02 8.720000000000000000e+02 4.880000000000000000e+02
1.340900000000000000e+04 -1.200000000000000000e+02 8.800000000000000000e+02 4.800000000000000000e+02
1.344900000000000000e+04 -1.280000000000000000e+02 8.880000000000000000e+02 5.120000000000000000e+02
1.348900000000000000e+04 -1.360000000000000000e+02 8.880000000000000000e+02 4.800000000000000000e+02
1.352900000000000000e+04 -1.280000000000000000e+02 8.800000000000000000e+02 4.880000000000000000e+02
1.356900000000000000e+04 -1.280000000000000000e+02 8.880000000000000000e+02 4.880000000000000000e+02
1.360900000000000000e+04 -1.280000000000000000e+02 8.960000000000000000e+02 4.800000000000000000e+02
1.364900000000000000e+04 -1.280000000000000000e+02 8.960000000000000000e+02 4.320000000000000000e+02
1.368900000000000000e+04 -1.360000000000000000e+02 8.960000000000000000e+02 5.040000000000000000e+02
1.372900000000000000e+04 -1.360000000000000000e+02 9.120000000000000000e+02 4.960000000000000000e+02
1.376900000000000000e+04 -1.280000000000000000e+02 8.880000000000000000e+02 4.240000000000000000e+02
1.380900000000000000e+04 -1.360000000000000000e+02 9.040000000000000000e+02 4.720000000000000000e+02
1.384900000000000000e+04 -1.200000000000000000e+02 8.960000000000000000e+02 4.320000000000000000e+02
1.388900000000000000e+04 -1.280000000000000000e+02 8.960000000000000000e+02 4.560000000000000000e+02
1.392900000000000000e+04 -1.200000000000000000e+02 9.120000000000000000e+02 4.320000000000000000e+02
1.396200000000000000e+04 -1.280000000000000000e+02 9.200000000000000000e+02 4.800000000000000000e+02
1.400200000000000000e+04 -1.120000000000000000e+02 9.200000000000000000e+02 3.120000000000000000e+02
1.404200000000000000e+04 -1.280000000000000000e+02 9.360000000000000000e+02 4.400000000000000000e+02
1.408200000000000000e+04 -1.280000000000000000e+02 8.960000000000000000e+02 4.800000000000000000e+02
1.412200000000000000e+04 -1.280000000000000000e+02 8.640000000000000000e+02 4.800000000000000000e+02
1.416200000000000000e+04 -1.360000000000000000e+02 8.960000000000000000e+02 4.720000000000000000e+02
1.420200000000000000e+04 -1.280000000000000000e+02 8.960000000000000000e+02 4.400000000000000000e+02
1.424200000000000000e+04 -1.280000000000000000e+02 9.040000000000000000e+02 4.640000000000000000e+02
1.428200000000000000e+04 -1.280000000000000000e+02 9.360000000000000000e+02 4.640000000000000000e+02
1.432200000000000000e+04 -1.360000000000000000e+02 9.280000000000000000e+02 4.080000000000000000e+02
1.436200000000000000e+04 -1.360000000000000000e+02 9.520000000000000000e+02 4.000000000000000000e+02
1.440200000000000000e+04 -1.280000000000000000e+02 9.280000000000000000e+02 4.000000000000000000e+02
1.444200000000000000e+04 -1.360000000000000000e+02 9.440000000000000000e+02 3.760000000000000000e+02
1.448200000000000000e+04 -1.440000000000000000e+02 9.440000000000000000e+02 3.200000000000000000e+02
1.452200000000000000e+04 -1.440000000000000000e+02 9.680000000000000000e+02 3.440000000000000000e+02
1.456200000000000000e+04 -1.440000000000000000e+02 9.600000000000000000e+02 2.880000000000000000e+02
1.460200000000000000e+04 -1.760000000000000000e+02 9.600000000000000000e+02 2.640000000000000000e+02
1.464200000000000000e+04 -1.680000000000000000e+02 9.760000000000000000e+02 2.640000000000000000e+02
1.468200000000000000e+04 -1.760000000000000000e+02 9.760000000000000000e+02 2.320000000000000000e+02
1.472200000000000000e+04 -1.520000000000000000e+02 9.840000000000000000e+02 2.240000000000000000e+02
1.476200000000000000e+04 -1.520000000000000000e+02 9.920000000000000000e+02 1.840000000000000000e+02
1.480200000000000000e+04 -1.360000000000000000e+02 9.760000000000000000e+02 1.840000000000000000e+02
1.484200000000000000e+04 -1.440000000000000000e+02 1.000000000000000000e+03 2.640000000000000000e+02
1.488200000000000000e+04 -1.440000000000000000e+02 9.920000000000000000e+02 2.320000000000000000e+02
1.492200000000000000e+04 -1.520000000000000000e+02 9.920000000000000000e+02 2.160000000000000000e+02
1.495300000000000000e+04 -1.520000000000000000e+02 9.840000000000000000e+02 1.920000000000000000e+02
1.499300000000000000e+04 -1.600000000000000000e+02 9.920000000000000000e+02 1.920000000000000000e+02
1.503300000000000000e+04 -1.520000000000000000e+02 9.840000000000000000e+02 1.920000000000000000e+02
1.507300000000000000e+04 -1.520000000000000000e+02 9.920000000000000000e+02 1.680000000000000000e+02
1.511300000000000000e+04 -1.520000000000000000e+02 9.920000000000000000e+02 2.000000000000000000e+02
1.515300000000000000e+04 -1.360000000000000000e+02 1.000000000000000000e+03 2.160000000000000000e+02
1.519300000000000000e+04 -1.520000000000000000e+02 9.840000000000000000e+02 1.680000000000000000e+02
1.523300000000000000e+04 -1.440000000000000000e+02 9.760000000000000000e+02 2.000000000000000000e+02
1.527300000000000000e+04 -1.440000000000000000e+02 9.680000000000000000e+02 1.920000000000000000e+02
1.531300000000000000e+04 -1.520000000000000000e+02 9.760000000000000000e+02 1.920000000000000000e+02
1.535300000000000000e+04 -1.520000000000000000e+02 9.760000000000000000e+02 1.920000000000000000e+02
1.539300000000000000e+04 -1.440000000000000000e+02 9.760000000000000000e+02 1.760000000000000000e+02
1.543300000000000000e+04 -1.600000000000000000e+02 9.680000000000000000e+02 2.080000000000000000e+02
1.547300000000000000e+04 -1.520000000000000000e+02 9.760000000000000000e+02 2.320000000000000000e+02
1.551300000000000000e+04 -1.600000000000000000e+02 9.760000000000000000e+02 2.160000000000000000e+02
1.555300000000000000e+04 -1.600000000000000000e+02 9.840000000000000000e+02 2.160000000000000000e+02
1.559300000000000000e+04 -1.520000000000000000e+02 9.920000000000000000e+02 1.920000000000000000e+02
1.563300000000000000e+04 -1.360000000000000000e+02 9.840000000000000000e+02 1.840000000000000000e+02
1.567300000000000000e+04 -1.520000000000000000e+02 9.840000000000000000e+02 1.920000000000000000e+02
1.571300000000000000e+04 -1.600000000000000000e+02 9.840000000000000000e+02 1.840000000000000000e+02
1.575300000000000000e+04 -1.520000000000000000e+02 9.840000000000000000e+02 2.160000000000000000e+02
1.579300000000000000e+04 -1.440000000000000000e+02 9.840000000000000000e+02 2.400000000000000000e+02
1.583300000000000000e+04 -1.440000000000000000e+02 9.840000000000000000e+02 2.240000000000000000e+02
1.587300000000000000e+04 -1.440000000000000000e+02 9.760000000000000000e+02 2.080000000000000000e+02
1.591300000000000000e+04 -1.520000000000000000e+02 9.760000000000000000e+02 2.400000000000000000e+02
1.594500000000000000e+04 -1.520000000000000000e+02 9.760000000000000000e+02 2.160000000000000000e+02
1.598500000000000000e+04 -1.600000000000000000e+02 9.680000000000000000e+02 2.400000000000000000e+02
1.602500000000000000e+04 -1.680000000000000000e+02 9.920000000000000000e+02 2.800000000000000000e+02
1.606500000000000000e+04 -1.520000000000000000e+02 9.840000000000000000e+02 1.920000000000000000e+02
1.610500000000000000e+04 -1.680000000000000000e+02 9.840000000000000000e+02 2.320000000000000000e+02
1.614500000000000000e+04 -1.680000000000000000e+02 9.840000000000000000e+02 2.080000000000000000e+02
1.618500000000000000e+04 -1.680000000000000000e+02 9.840000000000000000e+02 1.920000000000000000e+02
1.622500000000000000e+04 -1.760000000000000000e+02 9.760000000000000000e+02 1.840000000000000000e+02
1.626500000000000000e+04 -1.520000000000000000e+02 9.840000000000000000e+02 2.160000000000000000e+02
1.630500000000000000e+04 -1.600000000000000000e+02 9.760000000000000000e+02 2.160000000000000000e+02
1.634500000000000000e+04 -1.760000000000000000e+02 9.760000000000000000e+02 2.000000000000000000e+02
1.638500000000000000e+04 -1.760000000000000000e+02 9.840000000000000000e+02 2.080000000000000000e+02
1.642500000000000000e+04 -1.680000000000000000e+02 9.760000000000000000e+02 2.080000000000000000e+02
1.646500000000000000e+04 -1.760000000000000000e+02 9.840000000000000000e+02 2.080000000000000000e+02
1.650500000000000000e+04 -1.600000000000000000e+02 9.840000000000000000e+02 2.320000000000000000e+02
1.654500000000000000e+04 -1.600000000000000000e+02 9.760000000000000000e+02 2.160000000000000000e+02
1.658500000000000000e+04 -1.520000000000000000e+02 9.840000000000000000e+02 2.480000000000000000e+02
1.662500000000000000e+04 -1.440000000000000000e+02 9.840000000000000000e+02 2.160000000000000000e+02
1.666500000000000000e+04 -1.280000000000000000e+02 9.760000000000000000e+02 2.320000000000000000e+02
1.670500000000000000e+04 -1.520000000000000000e+02 9.920000000000000000e+02 1.760000000000000000e+02
1.674500000000000000e+04 -1.520000000000000000e+02 9.920000000000000000e+02 2.160000000000000000e+02
1.678500000000000000e+04 -1.520000000000000000e+02 9.840000000000000000e+02 1.760000000000000000e+02
1.682500000000000000e+04 -1.520000000000000000e+02 9.840000000000000000e+02 2.160000000000000000e+02
1.686500000000000000e+04 -1.520000000000000000e+02 9.760000000000000000e+02 2.080000000000000000e+02
1.690500000000000000e+04 -1.520000000000000000e+02 9.760000000000000000e+02 2.080000000000000000e+02
1.693700000000000000e+04 -1.680000000000000000e+02 9.680000000000000000e+02 2.160000000000000000e+02
1.697700000000000000e+04 -1.680000000000000000e+02 9.760000000000000000e+02 1.920000000000000000e+02
1.701700000000000000e+04 -1.600000000000000000e+02 9.840000000000000000e+02 1.920000000000000000e+02
1.705700000000000000e+04 -1.600000000000000000e+02 9.840000000000000000e+02 2.160000000000000000e+02
1.709700000000000000e+04 -1.600000000000000000e+02 9.760000000000000000e+02 2.000000000000000000e+02
1.713700000000000000e+04 -1.680000000000000000e+02 9.760000000000000000e+02 2.080000000000000000e+02
1.717700000000000000e+04 -1.600000000000000000e+02 9.840000000000000000e+02 2.240000000000000000e+02
1.721700000000000000e+04 -1.440000000000000000e+02 9.760000000000000000e+02 2.080000000000000000e+02
1.725700000000000000e+04 -1.440000000000000000e+02 9.600000000000000000e+02 2.080000000000000000e+02
1.729700000000000000e+04 -1.680000000000000000e+02 9.680000000000000000e+02 1.680000000000000000e+02
1.733700000000000000e+04 -1.680000000000000000e+02 9.760000000000000000e+02 2.080000000000000000e+02
1.737700000000000000e+04 -1.600000000000000000e+02 9.760000000000000000e+02 2.480000000000000000e+02
1.741700000000000000e+04 -1.600000000000000000e+02 9.680000000000000000e+02 2.320000000000000000e+02
1.745700000000000000e+04 -1.680000000000000000e+02 9.840000000000000000e+02 2.480000000000000000e+02
1.749700000000000000e+04 -1.600000000000000000e+02 1.000000000000000000e+03 2.320000000000000000e+02
1.753700000000000000e+04 -1.680000000000000000e+02 9.840000000000000000e+02 2.480000000000000000e+02
1.757700000000000000e+04 -1.440000000000000000e+02 9.600000000000000000e+02 2.080000000000000000e+02
1.761700000000000000e+04 -1.440000000000000000e+02 9.760000000000000000e+02 2.400000000000000000e+02
1.765700000000000000e+04 -1.520000000000000000e+02 9.760000000000000000e+02 2.240000000000000000e+02
1.769700000000000000e+04 -1.280000000000000000e+02 9.920000000000000000e+02 2.480000000000000000e+02
1.773700000000000000e+04 -1.360000000000000000e+02 9.760000000000000000e+02 2.320000000000000000e+02
1.777700000000000000e+04 -1.360000000000000000e+02 9.920000000000000000e+02 2.800000000000000000e+02
1.781700000000000000e+04 -1.600000000000000000e+02 9.840000000000000000e+02 2.400000000000000000e+02
1.785700000000000000e+04 -1.520000000000000000e+02 9.840000000000000000e+02 2.240000000000000000e+02
1.789700000000000000e+04 -1.600000000000000000e+02 9.760000000000000000e+02 2.400000000000000000e+02
1.792800000000000000e+04 -1.600000000000000000e+02 9.760000000000000000e+02 2.320000000000000000e+02
1.796800000000000000e+04 -1.440000000000000000e+02 9.760000000000000000e+02 1.760000000000000000e+02
1.800800000000000000e+04 -1.520000000000000000e+02 9.760000000000000000e+02 2.400000000000000000e+02
1.804800000000000000e+04 -1.600000000000000000e+02 9.600000000000000000e+02 2.240000000000000000e+02
1.808800000000000000e+04 -1.600000000000000000e+02 9.600000000000000000e+02 2.800000000000000000e+02
1.812800000000000000e+04 -1.680000000000000000e+02 9.760000000000000000e+02 2.800000000000000000e+02
1.816800000000000000e+04 -1.600000000000000000e+02 9.600000000000000000e+02 2.560000000000000000e+02
1.820800000000000000e+04 -1.600000000000000000e+02 9.680000000000000000e+02 2.320000000000000000e+02
1.824800000000000000e+04 -1.600000000000000000e+02 9.600000000000000000e+02 2.560000000000000000e+02
1.828800000000000000e+04 -1.520000000000000000e+02 9.840000000000000000e+02 2.000000000000000000e+02
1.832800000000000000e+04 -1.360000000000000000e+02 9.920000000000000000e+02 2.160000000000000000e+02
1.836800000000000000e+04 -1.520000000000000000e+02 9.600000000000000000e+02 2.640000000000000000e+02
1.840800000000000000e+04 -1.680000000000000000e+02 9.760000000000000000e+02 2.480000000000000000e+02
1.844800000000000000e+04 -1.600000000000000000e+02 9.760000000000000000e+02 1.920000000000000000e+02
1.848800000000000000e+04 -1.360000000000000000e+02 9.920000000000000000e+02 2.160000000000000000e+02
1.852800000000000000e+04 -1.360000000000000000e+02 9.840000000000000000e+02 1.760000000000000000e+02
1.856800000000000000e+04 -1.440000000000000000e+02 9.840000000000000000e+02 2.080000000000000000e+02
1.860800000000000000e+04 -1.360000000000000000e+02 9.760000000000000000e+02 2.640000000000000000e+02
1.864800000000000000e+04 -1.440000000000000000e+02 9.840000000000000000e+02 2.000000000000000000e+02
1.868800000000000000e+04 -1.440000000000000000e+02 9.920000000000000000e+02 1.760000000000000000e+02
1.872800000000000000e+04 -1.600000000000000000e+02 1.000000000000000000e+03 2.400000000000000000e+02
1.876800000000000000e+04 -1.760000000000000000e+02 1.032000000000000000e+03 2.400000000000000000e+02
1.880800000000000000e+04 -1.840000000000000000e+02 1.048000000000000000e+03 1.520000000000000000e+02
1.884800000000000000e+04 -2.080000000000000000e+02 1.072000000000000000e+03 8.800000000000000000e+01
1.888800000000000000e+04 -2.000000000000000000e+02 9.280000000000000000e+02 -2.000000000000000000e+02
1.892100000000000000e+04 -1.200000000000000000e+02 8.640000000000000000e+02 -4.080000000000000000e+02
1.896100000000000000e+04 -4.800000000000000000e+01 7.680000000000000000e+02 -6.800000000000000000e+02
1.900100000000000000e+04 3.200000000000000000e+01 7.440000000000000000e+02 -7.200000000000000000e+02
1.904100000000000000e+04 8.000000000000000000e+01 6.720000000000000000e+02 -9.200000000000000000e+02
1.908100000000000000e+04 7.200000000000000000e+01 6.000000000000000000e+02 -8.960000000000000000e+02
1.912100000000000000e+04 6.400000000000000000e+01 6.240000000000000000e+02 -8.880000000000000000e+02
1.916100000000000000e+04 8.000000000000000000e+01 5.600000000000000000e+02 -8.640000000000000000e+02
1.920100000000000000e+04 7.200000000000000000e+01 5.040000000000000000e+02 -8.720000000000000000e+02
1.924100000000000000e+04 9.600000000000000000e+01 4.240000000000000000e+02 -9.120000000000000000e+02
1.928100000000000000e+04 1.040000000000000000e+02 3.120000000000000000e+02 -9.680000000000000000e+02
1.932100000000000000e+04 6.400000000000000000e+01 2.080000000000000000e+02 -1.032000000000000000e+03
1.936100000000000000e+04 5.600000000000000000e+01 1.680000000000000000e+02 -1.000000000000000000e+03
1.940100000000000000e+04 6.400000000000000000e+01 1.840000000000000000e+02 -1.064000000000000000e+03
1.944100000000000000e+04 5.600000000000000000e+01 2.080000000000000000e+02 -9.760000000000000000e+02
1.948100000000000000e+04 5.600000000000000000e+01 2.000000000000000000e+02 -1.048000000000000000e+03
1.952100000000000000e+04 4.800000000000000000e+01 2.240000000000000000e+02 -1.016000000000000000e+03
1.956100000000000000e+04 3.200000000000000000e+01 2.000000000000000000e+02 -9.680000000000000000e+02
1.960100000000000000e+04 4.000000000000000000e+01 2.080000000000000000e+02 -1.000000000000000000e+03
1.964100000000000000e+04 4.800000000000000000e+01 1.920000000000000000e+02 -9.840000000000000000e+02
1.968100000000000000e+04 4.000000000000000000e+01 1.920000000000000000e+02 -1.000000000000000000e+03
1.972100000000000000e+04 3.200000000000000000e+01 1.760000000000000000e+02 -1.024000000000000000e+03
1.976100000000000000e+04 4.800000000000000000e+01 1.600000000000000000e+02 -1.016000000000000000e+03
1.980100000000000000e+04 4.800000000000000000e+01 1.520000000000000000e+02 -9.920000000000000000e+02
1.984100000000000000e+04 4.000000000000000000e+01 1.440000000000000000e+02 -9.840000000000000000e+02
1.988100000000000000e+04 3.200000000000000000e+01 1.360000000000000000e+02 -1.008000000000000000e+03
1.991200000000000000e+04 4.800000000000000000e+01 1.360000000000000000e+02 -1.024000000000000000e+03
1.995200000000000000e+04 4.000000000000000000e+01 1.440000000000000000e+02 -1.024000000000000000e+03
1.999200000000000000e+04 4.000000000000000000e+01 1.520000000000000000e+02 -1.016000000000000000e+03
2.003200000000000000e+04 2.400000000000000000e+01 1.280000000000000000e+02 -9.840000000000000000e+02
2.007200000000000000e+04 3.200000000000000000e+01 1.360000000000000000e+02 -1.000000000000000000e+03
2.011200000000000000e+04 4.000000000000000000e+01 1.440000000000000000e+02 -1.008000000000000000e+03
2.015200000000000000e+04 3.200000000000000000e+01 1.520000000000000000e+02 -1.032000000000000000e+03
2.019200000000000000e+04 3.200000000000000000e+01 1.520000000000000000e+02 -1.032000000000000000e+03
2.023200000000000000e+04 4.000000000000000000e+01 1.600000000000000000e+02 -9.600000000000000000e+02
2.027200000000000000e+04 4.000000000000000000e+01 1.440000000000000000e+02 -1.024000000000000000e+03
2.031200000000000000e+04 4.800000000000000000e+01 1.440000000000000000e+02 -1.000000000000000000e+03
2.035200000000000000e+04 4.000000000000000000e+01 1.520000000000000000e+02 -1.000000000000000000e+03
2.039200000000000000e+04 4.000000000000000000e+01 1.520000000000000000e+02 -1.000000000000000000e+03
2.043200000000000000e+04 4.800000000000000000e+01 1.280000000000000000e+02 -1.000000000000000000e+03
2.047200000000000000e+04 5.600000000000000000e+01 1.360000000000000000e+02 -1.016000000000000000e+03
2.051200000000000000e+04 5.600000000000000000e+01 1.440000000000000000e+02 -9.840000000000000000e+02
2.055200000000000000e+04 8.000000000000000000e+01 1.200000000000000000e+02 -1.088000000000000000e+03
2.059200000000000000e+04 5.600000000000000000e+01 1.280000000000000000e+02 -1.016000000000000000e+03
2.063200000000000000e+04 5.600000000000000000e+01 1.280000000000000000e+02 -1.024000000000000000e+03
2.067200000000000000e+04 4.000000000000000000e+01 1.360000000000000000e+02 -1.032000000000000000e+03
2.071200000000000000e+04 4.000000000000000000e+01 1.520000000000000000e+02 -9.920000000000000000e+02
2.075200000000000000e+04 4.000000000000000000e+01 1.520000000000000000e+02 -1.024000000000000000e+03
2.079200000000000000e+04 4.800000000000000000e+01 1.520000000000000000e+02 -1.016000000000000000e+03
2.083200000000000000e+04 5.600000000000000000e+01 1.360000000000000000e+02 -1.008000000000000000e+03
2.087200000000000000e+04 4.800000000000000000e+01 1.360000000000000000e+02 -1.016000000000000000e+03
