1.210000000000000000e+02 -4.000000000000000000e+01 6.000000000000000000e+02 7.760000000000000000e+02
1.610000000000000000e+02 -4.000000000000000000e+01 6.080000000000000000e+02 8.240000000000000000e+02
2.010000000000000000e+02 -2.400000000000000000e+01 6.080000000000000000e+02 8.080000000000000000e+02
2.410000000000000000e+02 -2.400000000000000000e+01 6.000000000000000000e+02 8.480000000000000000e+02
2.810000000000000000e+02 -2.400000000000000000e+01 6.160000000000000000e+02 8.160000000000000000e+02
3.210000000000000000e+02 0.000000000000000000e+00 6.080000000000000000e+02 8.400000000000000000e+02
3.610000000000000000e+02 8.000000000000000000e+00 6.080000000000000000e+02 8.240000000000000000e+02
4.010000000000000000e+02 0.000000000000000000e+00 6.080000000000000000e+02 8.400000000000000000e+02
4.410000000000000000e+02 -8.000000000000000000e+00 6.000000000000000000e+02 8.080000000000000000e+02
4.810000000000000000e+02 -8.000000000000000000e+00 6.080000000000000000e+02 8.240000000000000000e+02
5.210000000000000000e+02 -2.400000000000000000e+01 6.000000000000000000e+02 8.400000000000000000e+02
5.610000000000000000e+02 -4.800000000000000000e+01 5.920000000000000000e+02 8.400000000000000000e+02
6.010000000000000000e+02 -5.600000000000000000e+01 6.000000000000000000e+02 8.480000000000000000e+02
6.410000000000000000e+02 -4.800000000000000000e+01 6.000000000000000000e+02 8.400000000000000000e+02
6.810000000000000000e+02 -1.600000000000000000e+01 6.160000000000000000e+02 8.160000000000000000e+02
7.210000000000000000e+02 8.000000000000000000e+00 6.160000000000000000e+02 8.000000000000000000e+02
7.610000000000000000e+02 1.600000000000000000e+01 6.160000000000000000e+02 8.160000000000000000e+02
8.010000000000000000e+02 0.000000000000000000e+00 6.400000000000000000e+02 8.240000000000000000e+02
8.410000000000000000e+02 -1.600000000000000000e+01 6.240000000000000000e+02 8.560000000000000000e+02
8.810000000000000000e+02 -3.200000000000000000e+01 6.160000000000000000e+02 8.320000000000000000e+02
9.210000000000000000e+02 -3.200000000000000000e+01 6.000000000000000000e+02 8.560000000000000000e+02
9.610000000000000000e+02 -4.000000000000000000e+01 5.920000000000000000e+02 8.400000000000000000e+02
1.001000000000000000e+03 -4.800000000000000000e+01 5.920000000000000000e+02 8.320000000000000000e+02
1.041000000000000000e+03 -4.800000000000000000e+01 6.000000000000000000e+02 8.400000000000000000e+02
1.081000000000000000e+03 -2.400000000000000000e+01 6.080000000000000000e+02 8.240000000000000000e+02
1.090000000000000000e+03 -8.000000000000000000e+00 6.080000000000000000e+02 8.000000000000000000e+02
1.130000000000000000e+03 -8.000000000000000000e+00 6.080000000000000000e+02 8.320000000000000000e+02
1.170000000000000000e+03 1.600000000000000000e+01 6.160000000000000000e+02 8.320000000000000000e+02
1.210000000000000000e+03 0.000000000000000000e+00 6.080000000000000000e+02 8.560000000000000000e+02
1.250000000000000000e+03 -1.600000000000000000e+01 6.080000000000000000e+02 8.240000000000000000e+02
1.290000000000000000e+03 -2.400000000000000000e+01 6.000000000000000000e+02 8.240000000000000000e+02
1.330000000000000000e+03 -3.200000000000000000e+01 5.840000000000000000e+02 8.000000000000000000e+02
1.370000000000000000e+03 -4.000000000000000000e+01 5.920000000000000000e+02 8.080000000000000000e+02
1.410000000000000000e+03 -4.000000000000000000e+01 6.000000000000000000e+02 8.320000000000000000e+02
1.450000000000000000e+03 -4.000000000000000000e+01 6.080000000000000000e+02 8.240000000000000000e+02
1.490000000000000000e+03 -2.400000000000000000e+01 6.000000000000000000e+02 8.240000000000000000e+02
1.530000000000000000e+03 -8.000000000000000000e+00 5.840000000000000000e+02 8.080000000000000000e+02
1.570000000000000000e+03 -8.000000000000000000e+00 5.920000000000000000e+02 8.400000000000000000e+02
1.610000000000000000e+03 -8.000000000000000000e+00 6.000000000000000000e+02 8.320000000000000000e+02
1.650000000000000000e+03 -8.000000000000000000e+00 6.080000000000000000e+02 8.160000000000000000e+02
1.690000000000000000e+03 -2.400000000000000000e+01 6.160000000000000000e+02 8.320000000000000000e+02
1.730000000000000000e+03 -3.200000000000000000e+01 6.000000000000000000e+02 8.240000000000000000e+02
1.770000000000000000e+03 -3.200000000000000000e+01 6.080000000000000000e+02 8.080000000000000000e+02
1.810000000000000000e+03 -1.600000000000000000e+01 6.000000000000000000e+02 8.160000000000000000e+02
1.850000000000000000e+03 -3.200000000000000000e+01 6.000000000000000000e+02 8.400000000000000000e+02
1.890000000000000000e+03 -3.200000000000000000e+01 6.000000000000000000e+02 8.320000000000000000e+02
1.930000000000000000e+03 -2.400000000000000000e+01 6.000000000000000000e+02 8.320000000000000000e+02
1.970000000000000000e+03 -1.600000000000000000e+01 6.080000000000000000e+02 8.640000000000000000e+02
2.010000000000000000e+03 0.000000000000000000e+00 5.840000000000000000e+02 8.000000000000000000e+02
2.050000000000000000e+03 -1.600000000000000000e+01 6.000000000000000000e+02 8.160000000000000000e+02
2.082000000000000000e+03 -3.200000000000000000e+01 6.080000000000000000e+02 8.240000000000000000e+02
2.122000000000000000e+03 -2.400000000000000000e+01 6.000000000000000000e+02 8.080000000000000000e+02
2.162000000000000000e+03 -2.400000000000000000e+01 6.000000000000000000e+02 7.920000000000000000e+02
2.202000000000000000e+03 -3.200000000000000000e+01 6.000000000000000000e+02 8.240000000000000000e+02
2.242000000000000000e+03 -4.000000000000000000e+01 6.080000000000000000e+02 8.080000000000000000e+02
2.282000000000000000e+03 -4.000000000000000000e+01 6.080000000000000000e+02 8.080000000000000000e+02
2.322000000000000000e+03 -4.000000000000000000e+01 6.000000000000000000e+02 8.160000000000000000e+02
2.362000000000000000e+03 -4.800000000000000000e+01 6.240000000000000000e+02 8.080000000000000000e+02
2.402000000000000000e+03 -3.200000000000000000e+01 6.160000000000000000e+02 7.920000000000000000e+02
2.442000000000000000e+03 -3.200000000000000000e+01 5.920000000000000000e+02 8.400000000000000000e+02
2.482000000000000000e+03 -2.400000000000000000e+01 6.240000000000000000e+02 8.320000000000000000e+02
2.522000000000000000e+03 -1.600000000000000000e+01 5.920000000000000000e+02 9.040000000000000000e+02
2.562000000000000000e+03 -8.000000000000000000e+00 5.920000000000000000e+02 8.560000000000000000e+02
2.602000000000000000e+03 0.000000000000000000e+00 5.680000000000000000e+02 8.560000000000000000e+02
2.642000000000000000e+03 0.000000000000000000e+00 5.760000000000000000e+02 8.240000000000000000e+02
2.682000000000000000e+03 -2.400000000000000000e+01 5.920000000000000000e+02 8.560000000000000000e+02
2.722000000000000000e+03 -2.400000000000000000e+01 6.000000000000000000e+02 8.400000000000000000e+02
2.762000000000000000e+03 -4.000000000000000000e+01 6.000000000000000000e+02 7.920000000000000000e+02
2.802000000000000000e+03 -1.600000000000000000e+01 5.920000000000000000e+02 8.320000000000000000e+02
2.842000000000000000e+03 -1.600000000000000000e+01 5.920000000000000000e+02 8.320000000000000000e+02
2.882000000000000000e+03 -1.600000000000000000e+01 5.920000000000000000e+02 8.080000000000000000e+02
2.922000000000000000e+03 -8.000000000000000000e+00 5.840000000000000000e+02 8.480000000000000000e+02
2.962000000000000000e+03 -1.600000000000000000e+01 5.840000000000000000e+02 8.560000000000000000e+02
3.002000000000000000e+03 -1.600000000000000000e+01 5.680000000000000000e+02 8.480000000000000000e+02
3.042000000000000000e+03 -1.600000000000000000e+01 5.600000000000000000e+02 8.640000000000000000e+02
3.074000000000000000e+03 -1.600000000000000000e+01 5.760000000000000000e+02 8.640000000000000000e+02
3.114000000000000000e+03 -1.600000000000000000e+01 5.840000000000000000e+02 8.480000000000000000e+02
3.154000000000000000e+03 -2.400000000000000000e+01 5.920000000000000000e+02 7.680000000000000000e+02
3.194000000000000000e+03 -2.400000000000000000e+01 6.000000000000000000e+02 8.640000000000000000e+02
3.234000000000000000e+03 -1.600000000000000000e+01 6.000000000000000000e+02 8.560000000000000000e+02
3.274000000000000000e+03 -4.000000000000000000e+01 6.320000000000000000e+02 8.160000000000000000e+02
3.314000000000000000e+03 -4.000000000000000000e+01 6.000000000000000000e+02 8.320000000000000000e+02
3.354000000000000000e+03 -3.200000000000000000e+01 6.000000000000000000e+02 7.760000000000000000e+02
3.394000000000000000e+03 -1.600000000000000000e+01 5.760000000000000000e+02 8.640000000000000000e+02
3.434000000000000000e+03 -8.000000000000000000e+00 6.000000000000000000e+02 8.480000000000000000e+02
3.474000000000000000e+03 -1.600000000000000000e+01 6.000000000000000000e+02 8.800000000000000000e+02
3.514000000000000000e+03 0.000000000000000000e+00 5.920000000000000000e+02 8.400000000000000000e+02
3.554000000000000000e+03 0.000000000000000000e+00 5.760000000000000000e+02 8.480000000000000000e+02
3.594000000000000000e+03 -8.000000000000000000e+00 5.760000000000000000e+02 8.400000000000000000e+02
3.634000000000000000e+03 0.000000000000000000e+00 5.680000000000000000e+02 8.400000000000000000e+02
3.674000000000000000e+03 -1.600000000000000000e+01 5.760000000000000000e+02 8.400000000000000000e+02
3.714000000000000000e+03 -1.600000000000000000e+01 5.920000000000000000e+02 8.320000000000000000e+02
3.754000000000000000e+03 -1.600000000000000000e+01 6.000000000000000000e+02 8.320000000000000000e+02
3.794000000000000000e+03 -1.600000000000000000e+01 5.840000000000000000e+02 8.400000000000000000e+02
3.834000000000000000e+03 -8.000000000000000000e+00 6.000000000000000000e+02 8.400000000000000000e+02
3.874000000000000000e+03 -8.000000000000000000e+00 5.760000000000000000e+02 8.320000000000000000e+02
3.914000000000000000e+03 -1.600000000000000000e+01 6.000000000000000000e+02 8.400000000000000000e+02
3.954000000000000000e+03 -1.600000000000000000e+01 6.000000000000000000e+02 8.320000000000000000e+02
3.994000000000000000e+03 -1.600000000000000000e+01 5.840000000000000000e+02 8.480000000000000000e+02
4.034000000000000000e+03 -8.000000000000000000e+00 5.840000000000000000e+02 8.480000000000000000e+02
4.066000000000000000e+03 -1.600000000000000000e+01 5.680000000000000000e+02 8.480000000000000000e+02
4.106000000000000000e+03 -1.600000000000000000e+01 5.760000000000000000e+02 8.640000000000000000e+02
4.146000000000000000e+03 -2.400000000000000000e+01 5.840000000000000000e+02 8.320000000000000000e+02
4.186000000000000000e+03 -1.600000000000000000e+01 6.000000000000000000e+02 8.080000000000000000e+02
4.226000000000000000e+03 -1.600000000000000000e+01 5.920000000000000000e+02 8.400000000000000000e+02
4.266000000000000000e+03 2.400000000000000000e+01 6.080000000000000000e+02 8.560000000000000000e+02
4.306000000000000000e+03 8.000000000000000000e+00 5.920000000000000000e+02 8.240000000000000000e+02
4.346000000000000000e+03 -8.000000000000000000e+00 5.920000000000000000e+02 8.400000000000000000e+02
4.386000000000000000e+03 0.000000000000000000e+00 5.920000000000000000e+02 8.560000000000000000e+02
4.426000000000000000e+03 -8.000000000000000000e+00 5.840000000000000000e+02 8.000000000000000000e+02
4.466000000000000000e+03 -1.600000000000000000e+01 5.760000000000000000e+02 8.720000000000000000e+02
4.506000000000000000e+03 -1.600000000000000000e+01 5.840000000000000000e+02 8.320000000000000000e+02
4.546000000000000000e+03 -1.600000000000000000e+01 6.000000000000000000e+02 8.160000000000000000e+02
4.586000000000000000e+03 -1.600000000000000000e+01 5.920000000000000000e+02 8.320000000000000000e+02
4.626000000000000000e+03 -1.600000000000000000e+01 6.000000000000000000e+02 8.480000000000000000e+02
4.666000000000000000e+03 -8.000000000000000000e+00 6.000000000000000000e+02 8.160000000000000000e+02
4.706000000000000000e+03 3.200000000000000000e+01 6.000000000000000000e+02 8.000000000000000000e+02
4.746000000000000000e+03 8.000000000000000000e+00 5.920000000000000000e+02 8.560000000000000000e+02
4.786000000000000000e+03 1.600000000000000000e+01 5.920000000000000000e+02 8.560000000000000000e+02
4.826000000000000000e+03 0.000000000000000000e+00 5.920000000000000000e+02 8.160000000000000000e+02
4.866000000000000000e+03 0.000000000000000000e+00 5.840000000000000000e+02 7.760000000000000000e+02
4.906000000000000000e+03 8.000000000000000000e+00 5.920000000000000000e+02 8.160000000000000000e+02
4.946000000000000000e+03 0.000000000000000000e+00 5.920000000000000000e+02 8.720000000000000000e+02
4.986000000000000000e+03 -2.400000000000000000e+01 6.000000000000000000e+02 8.320000000000000000e+02
5.026000000000000000e+03 -8.000000000000000000e+00 6.080000000000000000e+02 8.400000000000000000e+02
5.057000000000000000e+03 -2.400000000000000000e+01 5.840000000000000000e+02 8.160000000000000000e+02
5.097000000000000000e+03 0.000000000000000000e+00 5.920000000000000000e+02 8.400000000000000000e+02
5.137000000000000000e+03 -8.000000000000000000e+00 6.000000000000000000e+02 8.320000000000000000e+02
5.177000000000000000e+03 -2.400000000000000000e+01 6.000000000000000000e+02 8.560000000000000000e+02
5.217000000000000000e+03 -1.600000000000000000e+01 6.000000000000000000e+02 8.640000000000000000e+02
5.257000000000000000e+03 -1.600000000000000000e+01 6.080000000000000000e+02 8.560000000000000000e+02
5.297000000000000000e+03 -8.000000000000000000e+00 6.080000000000000000e+02 8.480000000000000000e+02
5.337000000000000000e+03 -1.600000000000000000e+01 6.000000000000000000e+02 8.560000000000000000e+02
5.377000000000000000e+03 -1.600000000000000000e+01 5.840000000000000000e+02 8.480000000000000000e+02
5.417000000000000000e+03 -1.600000000000000000e+01 5.680000000000000000e+02 8.320000000000000000e+02
5.457000000000000000e+03 -8.000000000000000000e+00 5.760000000000000000e+02 8.320000000000000000e+02
5.497000000000000000e+03 -1.600000000000000000e+01 5.840000000000000000e+02 8.320000000000000000e+02
5.537000000000000000e+03 -1.600000000000000000e+01 6.000000000000000000e+02 8.400000000000000000e+02
5.577000000000000000e+03 -1.600000000000000000e+01 5.840000000000000000e+02 8.800000000000000000e+02
5.617000000000000000e+03 -8.000000000000000000e+00 5.840000000000000000e+02 9.200000000000000000e+02
5.657000000000000000e+03 -1.600000000000000000e+01 5.920000000000000000e+02 8.480000000000000000e+02
5.697000000000000000e+03 -1.600000000000000000e+01 6.000000000000000000e+02 8.080000000000000000e+02
5.737000000000000000e+03 -8.000000000000000000e+00 5.920000000000000000e+02 8.240000000000000000e+02
5.777000000000000000e+03 -1.600000000000000000e+01 5.920000000000000000e+02 8.320000000000000000e+02
5.817000000000000000e+03 -1.600000000000000000e+01 5.920000000000000000e+02 8.240000000000000000e+02
5.857000000000000000e+03 -1.600000000000000000e+01 6.160000000000000000e+02 8.320000000000000000e+02
5.897000000000000000e+03 -1.600000000000000000e+01 6.080000000000000000e+02 8.320000000000000000e+02
5.937000000000000000e+03 -2.400000000000000000e+01 6.000000000000000000e+02 8.320000000000000000e+02
5.977000000000000000e+03 -3.200000000000000000e+01 5.920000000000000000e+02 8.160000000000000000e+02
6.017000000000000000e+03 -2.400000000000000000e+01 5.920000000000000000e+02 8.560000000000000000e+02
6.049000000000000000e+03 -2.400000000000000000e+01 5.920000000000000000e+02 8.560000000000000000e+02
6.089000000000000000e+03 -2.400000000000000000e+01 5.840000000000000000e+02 8.480000000000000000e+02
6.129000000000000000e+03 -2.400000000000000000e+01 5.680000000000000000e+02 7.760000000000000000e+02
6.169000000000000000e+03 -2.400000000000000000e+01 5.840000000000000000e+02 8.560000000000000000e+02
6.209000000000000000e+03 -1.600000000000000000e+01 5.920000000000000000e+02 8.240000000000000000e+02
6.249000000000000000e+03 0.000000000000000000e+00 5.840000000000000000e+02 8.480000000000000000e+02
6.289000000000000000e+03 -8.000000000000000000e+00 5.920000000000000000e+02 8.080000000000000000e+02
6.329000000000000000e+03 -1.600000000000000000e+01 6.080000000000000000e+02 8.160000000000000000e+02
6.369000000000000000e+03 -3.200000000000000000e+01 6.240000000000000000e+02 8.480000000000000000e+02
6.409000000000000000e+03 -2.400000000000000000e+01 6.080000000000000000e+02 8.560000000000000000e+02
6.449000000000000000e+03 -1.600000000000000000e+01 5.840000000000000000e+02 8.720000000000000000e+02
6.489000000000000000e+03 -1.600000000000000000e+01 5.920000000000000000e+02 8.240000000000000000e+02
6.529000000000000000e+03 -8.000000000000000000e+00 6.000000000000000000e+02 8.320000000000000000e+02
6.569000000000000000e+03 0.000000000000000000e+00 6.000000000000000000e+02 8.240000000000000000e+02
6.609000000000000000e+03 -8.000000000000000000e+00 5.920000000000000000e+02 8.240000000000000000e+02
6.649000000000000000e+03 0.000000000000000000e+00 6.000000000000000000e+02 8.640000000000000000e+02
6.689000000000000000e+03 -8.000000000000000000e+00 5.840000000000000000e+02 8.320000000000000000e+02
6.729000000000000000e+03 -8.000000000000000000e+00 5.840000000000000000e+02 8.240000000000000000e+02
6.769000000000000000e+03 -8.000000000000000000e+00 5.840000000000000000e+02 8.400000000000000000e+02
6.809000000000000000e+03 -1.600000000000000000e+01 6.000000000000000000e+02 8.400000000000000000e+02
6.849000000000000000e+03 -2.400000000000000000e+01 5.920000000000000000e+02 8.240000000000000000e+02
6.889000000000000000e+03 -8.000000000000000000e+00 5.840000000000000000e+02 8.400000000000000000e+02
6.929000000000000000e+03 -8.000000000000000000e+00 5.760000000000000000e+02 8.480000000000000000e+02
6.969000000000000000e+03 -8.000000000000000000e+00 5.840000000000000000e+02 8.000000000000000000e+02
7.009000000000000000e+03 8.000000000000000000e+00 5.840000000000000000e+02 8.400000000000000000e+02
7.040000000000000000e+03 -8.000000000000000000e+00 5.840000000000000000e+02 8.480000000000000000e+02
7.080000000000000000e+03 -8.000000000000000000e+00 5.840000000000000000e+02 8.480000000000000000e+02
7.120000000000000000e+03 -8.000000000000000000e+00 5.840000000000000000e+02 8.320000000000000000e+02
7.160000000000000000e+03 -8.000000000000000000e+00 5.840000000000000000e+02 8.480000000000000000e+02
7.200000000000000000e+03 -8.000000000000000000e+00 5.920000000000000000e+02 8.560000000000000000e+02
7.240000000000000000e+03 0.000000000000000000e+00 5.840000000000000000e+02 8.720000000000000000e+02
7.280000000000000000e+03 8.000000000000000000e+00 5.840000000000000000e+02 8.480000000000000000e+02
7.320000000000000000e+03 0.000000000000000000e+00 5.920000000000000000e+02 8.640000000000000000e+02
7.360000000000000000e+03 -8.000000000000000000e+00 5.920000000000000000e+02 8.480000000000000000e+02
7.400000000000000000e+03 -1.600000000000000000e+01 5.840000000000000000e+02 8.480000000000000000e+02
7.440000000000000000e+03 -8.000000000000000000e+00 5.920000000000000000e+02 8.240000000000000000e+02
7.480000000000000000e+03 -2.400000000000000000e+01 6.080000000000000000e+02 8.320000000000000000e+02
7.520000000000000000e+03 -1.600000000000000000e+01 6.000000000000000000e+02 8.080000000000000000e+02
7.560000000000000000e+03 -1.600000000000000000e+01 6.000000000000000000e+02 8.400000000000000000e+02
7.600000000000000000e+03 -1.600000000000000000e+01 6.000000000000000000e+02 8.320000000000000000e+02
7.640000000000000000e+03 -1.600000000000000000e+01 6.000000000000000000e+02 8.480000000000000000e+02
7.680000000000000000e+03 -2.400000000000000000e+01 5.920000000000000000e+02 8.160000000000000000e+02
7.720000000000000000e+03 0.000000000000000000e+00 6.000000000000000000e+02 8.400000000000000000e+02
7.760000000000000000e+03 -1.600000000000000000e+01 6.000000000000000000e+02 8.320000000000000000e+02
7.800000000000000000e+03 1.600000000000000000e+01 5.920000000000000000e+02 8.160000000000000000e+02
7.840000000000000000e+03 8.000000000000000000e+00 5.760000000000000000e+02 8.240000000000000000e+02
7.880000000000000000e+03 0.000000000000000000e+00 5.760000000000000000e+02 8.960000000000000000e+02
7.920000000000000000e+03 0.000000000000000000e+00 5.760000000000000000e+02 8.320000000000000000e+02
7.960000000000000000e+03 -1.600000000000000000e+01 5.840000000000000000e+02 8.320000000000000000e+02
8.000000000000000000e+03 -1.600000000000000000e+01 5.520000000000000000e+02 8.480000000000000000e+02
8.033000000000000000e+03 8.000000000000000000e+00 5.520000000000000000e+02 8.560000000000000000e+02
8.073000000000000000e+03 1.600000000000000000e+01 5.680000000000000000e+02 8.400000000000000000e+02
8.113000000000000000e+03 0.000000000000000000e+00 5.680000000000000000e+02 8.400000000000000000e+02
8.153000000000000000e+03 -8.000000000000000000e+00 5.760000000000000000e+02 8.480000000000000000e+02
8.193000000000000000e+03 -1.600000000000000000e+01 6.000000000000000000e+02 8.240000000000000000e+02
8.233000000000000000e+03 -1.600000000000000000e+01 6.000000000000000000e+02 8.160000000000000000e+02
8.273000000000000000e+03 -1.600000000000000000e+01 5.920000000000000000e+02 8.480000000000000000e+02
8.313000000000000000e+03 -2.400000000000000000e+01 5.680000000000000000e+02 8.560000000000000000e+02
8.353000000000000000e+03 -8.000000000000000000e+00 5.840000000000000000e+02 8.400000000000000000e+02
8.393000000000000000e+03 -8.000000000000000000e+00 6.000000000000000000e+02 8.080000000000000000e+02
8.433000000000000000e+03 -2.400000000000000000e+01 5.920000000000000000e+02 7.840000000000000000e+02
8.473000000000000000e+03 -8.000000000000000000e+00 6.000000000000000000e+02 8.320000000000000000e+02
8.513000000000000000e+03 -2.400000000000000000e+01 5.920000000000000000e+02 8.560000000000000000e+02
8.553000000000000000e+03 -1.600000000000000000e+01 5.840000000000000000e+02 8.320000000000000000e+02
8.593000000000000000e+03 0.000000000000000000e+00 5.920000000000000000e+02 8.400000000000000000e+02
8.633000000000000000e+03 -1.600000000000000000e+01 5.840000000000000000e+02 8.480000000000000000e+02
8.673000000000000000e+03 -1.600000000000000000e+01 5.920000000000000000e+02 8.320000000000000000e+02
8.713000000000000000e+03 -2.400000000000000000e+01 5.920000000000000000e+02 8.400000000000000000e+02
8.753000000000000000e+03 -1.600000000000000000e+01 5.920000000000000000e+02 8.480000000000000000e+02
8.793000000000000000e+03 -1.600000000000000000e+01 5.840000000000000000e+02 8.080000000000000000e+02
8.833000000000000000e+03 -1.600000000000000000e+01 5.920000000000000000e+02 8.480000000000000000e+02
8.873000000000000000e+03 -1.600000000000000000e+01 5.840000000000000000e+02 8.240000000000000000e+02
8.913000000000000000e+03 -2.400000000000000000e+01 6.080000000000000000e+02 8.480000000000000000e+02
8.953000000000000000e+03 -2.400000000000000000e+01 5.920000000000000000e+02 8.640000000000000000e+02
8.993000000000000000e+03 -1.600000000000000000e+01 5.920000000000000000e+02 8.400000000000000000e+02
9.025000000000000000e+03 -8.000000000000000000e+00 5.840000000000000000e+02 8.560000000000000000e+02
9.065000000000000000e+03 -8.000000000000000000e+00 6.000000000000000000e+02 8.240000000000000000e+02
9.105000000000000000e+03 -2.400000000000000000e+01 6.000000000000000000e+02 8.320000000000000000e+02
9.145000000000000000e+03 -2.400000000000000000e+01 6.000000000000000000e+02 8.400000000000000000e+02
9.185000000000000000e+03 -8.000000000000000000e+00 6.000000000000000000e+02 8.400000000000000000e+02
9.225000000000000000e+03 -8.000000000000000000e+00 6.000000000000000000e+02 8.080000000000000000e+02
9.265000000000000000e+03 -1.600000000000000000e+01 6.000000000000000000e+02 8.320000000000000000e+02
9.305000000000000000e+03 0.000000000000000000e+00 5.760000000000000000e+02 8.400000000000000000e+02
9.345000000000000000e+03 -8.000000000000000000e+00 5.760000000000000000e+02 8.000000000000000000e+02
9.385000000000000000e+03 -4.000000000000000000e+01 5.680000000000000000e+02 8.240000000000000000e+02
9.425000000000000000e+03 -4.800000000000000000e+01 5.840000000000000000e+02 8.000000000000000000e+02
9.465000000000000000e+03 -3.200000000000000000e+01 5.920000000000000000e+02 8.400000000000000000e+02
9.505000000000000000e+03 -4.800000000000000000e+01 5.840000000000000000e+02 8.400000000000000000e+02
9.545000000000000000e+03 -3.200000000000000000e+01 5.760000000000000000e+02 8.400000000000000000e+02
9.585000000000000000e+03 -2.400000000000000000e+01 5.840000000000000000e+02 8.400000000000000000e+02
9.625000000000000000e+03 -2.400000000000000000e+01 5.840000000000000000e+02 8.400000000000000000e+02
9.665000000000000000e+03 -1.600000000000000000e+01 6.080000000000000000e+02 8.720000000000000000e+02
9.705000000000000000e+03 -8.000000000000000000e+00 5.920000000000000000e+02 8.480000000000000000e+02
9.745000000000000000e+03 -1.600000000000000000e+01 5.840000000000000000e+02 8.320000000000000000e+02
9.785000000000000000e+03 -8.000000000000000000e+00 5.840000000000000000e+02 8.160000000000000000e+02
9.825000000000000000e+03 -2.400000000000000000e+01 5.840000000000000000e+02 8.720000000000000000e+02
9.865000000000000000e+03 -1.600000000000000000e+01 5.840000000000000000e+02 8.480000000000000000e+02
9.905000000000000000e+03 -1.600000000000000000e+01 5.840000000000000000e+02 8.400000000000000000e+02
9.945000000000000000e+03 -1.600000000000000000e+01 6.000000000000000000e+02 8.480000000000000000e+02
9.985000000000000000e+03 0.000000000000000000e+00 5.840000000000000000e+02 8.160000000000000000e+02
1.001600000000000000e+04 -3.200000000000000000e+01 5.840000000000000000e+02 8.480000000000000000e+02
1.005600000000000000e+04 -4.000000000000000000e+01 5.920000000000000000e+02 8.480000000000000000e+02
1.009600000000000000e+04 -3.200000000000000000e+01 5.840000000000000000e+02 8.560000000000000000e+02
1.013600000000000000e+04 -8.000000000000000000e+00 5.760000000000000000e+02 8.320000000000000000e+02
1.017600000000000000e+04 -1.600000000000000000e+01 6.000000000000000000e+02 8.480000000000000000e+02
1.021600000000000000e+04 8.000000000000000000e+00 6.160000000000000000e+02 8.160000000000000000e+02
1.025600000000000000e+04 -1.600000000000000000e+01 6.000000000000000000e+02 8.240000000000000000e+02
1.029600000000000000e+04 -1.600000000000000000e+01 6.000000000000000000e+02 8.320000000000000000e+02
1.033600000000000000e+04 -1.600000000000000000e+01 6.000000000000000000e+02 8.240000000000000000e+02
1.037600000000000000e+04 -2.400000000000000000e+01 6.000000000000000000e+02 8.400000000000000000e+02
1.041600000000000000e+04 -1.600000000000000000e+01 6.080000000000000000e+02 8.640000000000000000e+02
1.045600000000000000e+04 -1.600000000000000000e+01 6.000000000000000000e+02 8.240000000000000000e+02
1.049600000000000000e+04 -2.400000000000000000e+01 6.000000000000000000e+02 8.320000000000000000e+02
1.053600000000000000e+04 -3.200000000000000000e+01 5.920000000000000000e+02 8.000000000000000000e+02
1.057600000000000000e+04 -2.400000000000000000e+01 5.920000000000000000e+02 8.080000000000000000e+02
1.061600000000000000e+04 -2.400000000000000000e+01 5.920000000000000000e+02 8.480000000000000000e+02
1.065600000000000000e+04 -1.600000000000000000e+01 5.840000000000000000e+02 8.400000000000000000e+02
1.069600000000000000e+04 -1.600000000000000000e+01 6.000000000000000000e+02 8.320000000000000000e+02
1.073600000000000000e+04 -1.600000000000000000e+01 6.000000000000000000e+02 8.240000000000000000e+02
1.077600000000000000e+04 -8.000000000000000000e+00 5.920000000000000000e+02 8.480000000000000000e+02
1.081600000000000000e+04 -1.600000000000000000e+01 6.080000000000000000e+02 8.480000000000000000e+02
1.085600000000000000e+04 -3.200000000000000000e+01 6.080000000000000000e+02 8.000000000000000000e+02
1.089600000000000000e+04 -2.400000000000000000e+01 6.000000000000000000e+02 8.240000000000000000e+02
1.093600000000000000e+04 -1.600000000000000000e+01 5.920000000000000000e+02 8.400000000000000000e+02
1.097600000000000000e+04 -1.600000000000000000e+01 6.000000000000000000e+02 8.800000000000000000e+02
1.100800000000000000e+04 -1.600000000000000000e+01 5.920000000000000000e+02 8.480000000000000000e+02
1.104800000000000000e+04 -8.000000000000000000e+00 5.920000000000000000e+02 8.640000000000000000e+02
1.108800000000000000e+04 -2.400000000000000000e+01 6.080000000000000000e+02 8.320000000000000000e+02
1.112800000000000000e+04 -5.600000000000000000e+01 5.920000000000000000e+02 8.240000000000000000e+02
1.116800000000000000e+04 -4.000000000000000000e+01 5.920000000000000000e+02 8.560000000000000000e+02
1.120800000000000000e+04 -2.400000000000000000e+01 5.920000000000000000e+02 8.320000000000000000e+02
1.124800000000000000e+04 -1.600000000000000000e+01 5.920000000000000000e+02 8.080000000000000000e+02
1.128800000000000000e+04 0.000000000000000000e+00 5.760000000000000000e+02 8.160000000000000000e+02
1.132800000000000000e+04 0.000000000000000000e+00 5.840000000000000000e+02 8.240000000000000000e+02
1.136800000000000000e+04 2.400000000000000000e+01 5.840000000000000000e+02 8.880000000000000000e+02
1.140800000000000000e+04 8.000000000000000000e+00 5.920000000000000000e+02 8.480000000000000000e+02
1.144800000000000000e+04 -8.000000000000000000e+00 5.840000000000000000e+02 8.560000000000000000e+02
1.148800000000000000e+04 -8.000000000000000000e+00 5.840000000000000000e+02 8.000000000000000000e+02
1.152800000000000000e+04 -8.000000000000000000e+00 5.920000000000000000e+02 8.160000000000000000e+02
1.156800000000000000e+04 0.000000000000000000e+00 5.920000000000000000e+02 8.480000000000000000e+02
1.160800000000000000e+04 -1.600000000000000000e+01 5.920000000000000000e+02 8.320000000000000000e+02
1.164800000000000000e+04 -1.600000000000000000e+01 5.760000000000000000e+02 8.400000000000000000e+02
1.168800000000000000e+04 -1.600000000000000000e+01 6.000000000000000000e+02 8.240000000000000000e+02
1.172800000000000000e+04 -1.600000000000000000e+01 6.080000000000000000e+02 8.320000000000000000e+02
1.176800000000000000e+04 -1.600000000000000000e+01 5.760000000000000000e+02 8.400000000000000000e+02
1.180800000000000000e+04 -3.200000000000000000e+01 5.840000000000000000e+02 8.480000000000000000e+02
1.184800000000000000e+04 -2.400000000000000000e+01 5.920000000000000000e+02 8.400000000000000000e+02
1.188800000000000000e+04 -1.600000000000000000e+01 6.000000000000000000e+02 8.400000000000000000e+02
1.192800000000000000e+04 -1.600000000000000000e+01 5.920000000000000000e+02 8.560000000000000000e+02
1.196800000000000000e+04 -1.600000000000000000e+01 5.840000000000000000e+02 8.240000000000000000e+02
1.200000000000000000e+04 0.000000000000000000e+00 5.840000000000000000e+02 8.160000000000000000e+02
1.204000000000000000e+04 8.000000000000000000e+00 5.920000000000000000e+02 8.160000000000000000e+02
1.208000000000000000e+04 1.600000000000000000e+01 5.920000000000000000e+02 8.640000000000000000e+02
1.212000000000000000e+04 0.000000000000000000e+00 5.920000000000000000e+02 8.240000000000000000e+02
1.216000000000000000e+04 -8.000000000000000000e+00 5.760000000000000000e+02 8.320000000000000000e+02
1.220000000000000000e+04 1.600000000000000000e+01 5.920000000000000000e+02 8.480000000000000000e+02
1.224000000000000000e+04 -8.000000000000000000e+00 5.840000000000000000e+02 8.880000000000000000e+02
1.228000000000000000e+04 8.000000000000000000e+00 5.840000000000000000e+02 8.000000000000000000e+02
1.232000000000000000e+04 0.000000000000000000e+00 5.920000000000000000e+02 8.640000000000000000e+02
1.236000000000000000e+04 -1.600000000000000000e+01 5.680000000000000000e+02 8.400000000000000000e+02
1.240000000000000000e+04 0.000000000000000000e+00 5.760000000000000000e+02 8.480000000000000000e+02
1.244000000000000000e+04 -1.600000000000000000e+01 5.840000000000000000e+02 8.480000000000000000e+02
1.248000000000000000e+04 -4.000000000000000000e+01 5.920000000000000000e+02 8.320000000000000000e+02
1.252000000000000000e+04 -2.400000000000000000e+01 5.840000000000000000e+02 8.160000000000000000e+02
1.256000000000000000e+04 -2.400000000000000000e+01 5.840000000000000000e+02 8.800000000000000000e+02
1.260000000000000000e+04 -1.600000000000000000e+01 5.920000000000000000e+02 8.240000000000000000e+02
1.264000000000000000e+04 -1.600000000000000000e+01 5.680000000000000000e+02 8.480000000000000000e+02
1.268000000000000000e+04 -1.600000000000000000e+01 6.000000000000000000e+02 8.400000000000000000e+02
1.272000000000000000e+04 -1.600000000000000000e+01 5.840000000000000000e+02 8.560000000000000000e+02
1.276000000000000000e+04 -8.000000000000000000e+00 5.840000000000000000e+02 8.240000000000000000e+02
1.280000000000000000e+04 -1.600000000000000000e+01 5.840000000000000000e+02 8.320000000000000000e+02
1.284000000000000000e+04 -1.600000000000000000e+01 5.920000000000000000e+02 8.720000000000000000e+02
1.288000000000000000e+04 -1.600000000000000000e+01 5.840000000000000000e+02 8.720000000000000000e+02
1.292000000000000000e+04 -8.000000000000000000e+00 5.840000000000000000e+02 8.320000000000000000e+02
1.296000000000000000e+04 -1.600000000000000000e+01 5.840000000000000000e+02 8.640000000000000000e+02
1.299200000000000000e+04 -1.600000000000000000e+01 5.840000000000000000e+02 8.480000000000000000e+02
1.303200000000000000e+04 -2.400000000000000000e+01 5.920000000000000000e+02 8.320000000000000000e+02
1.307200000000000000e+04 -2.400000000000000000e+01 5.920000000000000000e+02 8.240000000000000000e+02
1.311200000000000000e+04 -3.200000000000000000e+01 5.840000000000000000e+02 8.400000000000000000e+02
1.315200000000000000e+04 -3.200000000000000000e+01 5.840000000000000000e+02 8.400000000000000000e+02
1.319200000000000000e+04 -3.200000000000000000e+01 5.920000000000000000e+02 8.400000000000000000e+02
1.323200000000000000e+04 -3.200000000000000000e+01 5.840000000000000000e+02 8.480000000000000000e+02
1.327200000000000000e+04 -3.200000000000000000e+01 5.920000000000000000e+02 8.400000000000000000e+02
1.331200000000000000e+04 -2.400000000000000000e+01 6.000000000000000000e+02 8.480000000000000000e+02
1.335200000000000000e+04 -3.200000000000000000e+01 5.920000000000000000e+02 8.320000000000000000e+02
1.339200000000000000e+04 -2.400000000000000000e+01 5.920000000000000000e+02 8.400000000000000000e+02
1.343200000000000000e+04 -2.400000000000000000e+01 5.920000000000000000e+02 8.640000000000000000e+02
1.347200000000000000e+04 -8.000000000000000000e+00 5.920000000000000000e+02 8.240000000000000000e+02
1.351200000000000000e+04 -2.400000000000000000e+01 5.600000000000000000e+02 8.400000000000000000e+02
1.355200000000000000e+04 -1.600000000000000000e+01 5.680000000000000000e+02 8.480000000000000000e+02
1.359200000000000000e+04 -2.400000000000000000e+01 5.760000000000000000e+02 8.400000000000000000e+02
1.363200000000000000e+04 -2.400000000000000000e+01 5.760000000000000000e+02 8.240000000000000000e+02
1.367200000000000000e+04 -1.600000000000000000e+01 5.920000000000000000e+02 8.320000000000000000e+02
1.371200000000000000e+04 -2.400000000000000000e+01 5.920000000000000000e+02 8.320000000000000000e+02
1.375200000000000000e+04 -2.400000000000000000e+01 6.240000000000000000e+02 8.560000000000000000e+02
1.379200000000000000e+04 -2.400000000000000000e+01 6.080000000000000000e+02 8.560000000000000000e+02
1.383200000000000000e+04 -1.600000000000000000e+01 6.000000000000000000e+02 8.480000000000000000e+02
1.387200000000000000e+04 -8.000000000000000000e+00 5.760000000000000000e+02 8.240000000000000000e+02
1.391200000000000000e+04 -1.600000000000000000e+01 6.000000000000000000e+02 8.560000000000000000e+02
1.395200000000000000e+04 -1.600000000000000000e+01 5.920000000000000000e+02 8.400000000000000000e+02
1.398400000000000000e+04 -8.000000000000000000e+00 5.920000000000000000e+02 8.480000000000000000e+02
1.402400000000000000e+04 -8.000000000000000000e+00 5.920000000000000000e+02 8.480000000000000000e+02
1.406400000000000000e+04 -1.600000000000000000e+01 5.760000000000000000e+02 8.400000000000000000e+02
1.410400000000000000e+04 -1.600000000000000000e+01 5.840000000000000000e+02 8.560000000000000000e+02
1.414400000000000000e+04 0.000000000000000000e+00 5.840000000000000000e+02 8.480000000000000000e+02
1.418400000000000000e+04 0.000000000000000000e+00 5.440000000000000000e+02 7.920000000000000000e+02
1.422400000000000000e+04 -8.000000000000000000e+00 5.680000000000000000e+02 8.560000000000000000e+02
1.426400000000000000e+04 -8.000000000000000000e+00 5.840000000000000000e+02 8.240000000000000000e+02
1.430400000000000000e+04 -8.000000000000000000e+00 5.840000000000000000e+02 8.160000000000000000e+02
1.434400000000000000e+04 -1.600000000000000000e+01 5.920000000000000000e+02 8.160000000000000000e+02
1.438400000000000000e+04 -2.400000000000000000e+01 6.080000000000000000e+02 8.400000000000000000e+02
1.442400000000000000e+04 -2.400000000000000000e+01 6.000000000000000000e+02 8.480000000000000000e+02
1.446400000000000000e+04 -1.600000000000000000e+01 6.160000000000000000e+02 8.880000000000000000e+02
1.450400000000000000e+04 -4.000000000000000000e+01 6.000000000000000000e+02 8.000000000000000000e+02
1.454400000000000000e+04 -3.200000000000000000e+01 5.920000000000000000e+02 8.240000000000000000e+02
1.458400000000000000e+04 -2.400000000000000000e+01 6.000000000000000000e+02 8.480000000000000000e+02
1.462400000000000000e+04 -2.400000000000000000e+01 6.000000000000000000e+02 8.480000000000000000e+02
1.466400000000000000e+04 -2.400000000000000000e+01 5.920000000000000000e+02 7.920000000000000000e+02
1.470400000000000000e+04 -1.600000000000000000e+01 5.920000000000000000e+02 8.320000000000000000e+02
1.474400000000000000e+04 -2.400000000000000000e+01 5.760000000000000000e+02 8.480000000000000000e+02
1.478400000000000000e+04 -2.400000000000000000e+01 5.840000000000000000e+02 7.920000000000000000e+02
1.482400000000000000e+04 -2.400000000000000000e+01 5.920000000000000000e+02 8.720000000000000000e+02
1.486400000000000000e+04 -2.400000000000000000e+01 5.840000000000000000e+02 8.400000000000000000e+02
1.490400000000000000e+04 -5.600000000000000000e+01 6.000000000000000000e+02 8.400000000000000000e+02
1.494400000000000000e+04 -2.400000000000000000e+01 5.920000000000000000e+02 8.480000000000000000e+02
1.497500000000000000e+04 -1.600000000000000000e+01 5.920000000000000000e+02 8.000000000000000000e+02
1.501500000000000000e+04 -1.600000000000000000e+01 5.840000000000000000e+02 8.640000000000000000e+02
1.505500000000000000e+04 -1.600000000000000000e+01 5.840000000000000000e+02 8.240000000000000000e+02
1.509500000000000000e+04 -1.600000000000000000e+01 5.840000000000000000e+02 8.640000000000000000e+02
1.513500000000000000e+04 -1.600000000000000000e+01 5.840000000000000000e+02 8.480000000000000000e+02
1.517500000000000000e+04 -2.400000000000000000e+01 5.920000000000000000e+02 8.080000000000000000e+02
1.521500000000000000e+04 -2.400000000000000000e+01 5.600000000000000000e+02 8.720000000000000000e+02
1.525500000000000000e+04 -4.000000000000000000e+01 5.840000000000000000e+02 8.320000000000000000e+02
1.529500000000000000e+04 -3.200000000000000000e+01 5.760000000000000000e+02 8.560000000000000000e+02
1.533500000000000000e+04 -2.400000000000000000e+01 5.760000000000000000e+02 8.240000000000000000e+02
1.537500000000000000e+04 -2.400000000000000000e+01 5.840000000000000000e+02 8.400000000000000000e+02
1.541500000000000000e+04 -1.600000000000000000e+01 5.760000000000000000e+02 8.160000000000000000e+02
1.545500000000000000e+04 -1.600000000000000000e+01 5.840000000000000000e+02 8.640000000000000000e+02
1.549500000000000000e+04 -1.600000000000000000e+01 5.840000000000000000e+02 8.400000000000000000e+02
1.553500000000000000e+04 8.000000000000000000e+00 5.840000000000000000e+02 9.040000000000000000e+02
1.557500000000000000e+04 1.600000000000000000e+01 5.840000000000000000e+02 8.400000000000000000e+02
1.561500000000000000e+04 -8.000000000000000000e+00 5.840000000000000000e+02 8.400000000000000000e+02
1.565500000000000000e+04 -1.600000000000000000e+01 5.920000000000000000e+02 8.480000000000000000e+02
1.569500000000000000e+04 -8.000000000000000000e+00 5.840000000000000000e+02 8.240000000000000000e+02
1.573500000000000000e+04 -1.600000000000000000e+01 5.840000000000000000e+02 8.400000000000000000e+02
1.577500000000000000e+04 -1.600000000000000000e+01 5.840000000000000000e+02 8.320000000000000000e+02
1.581500000000000000e+04 -8.000000000000000000e+00 5.520000000000000000e+02 8.560000000000000000e+02
1.585500000000000000e+04 -8.000000000000000000e+00 5.760000000000000000e+02 7.600000000000000000e+02
1.589500000000000000e+04 -2.400000000000000000e+01 5.840000000000000000e+02 8.400000000000000000e+02
1.593500000000000000e+04 -1.600000000000000000e+01 5.840000000000000000e+02 8.400000000000000000e+02
1.596700000000000000e+04 -2.400000000000000000e+01 5.760000000000000000e+02 8.640000000000000000e+02
1.600700000000000000e+04 -2.400000000000000000e+01 5.760000000000000000e+02 8.240000000000000000e+02
1.604700000000000000e+04 -2.400000000000000000e+01 5.840000000000000000e+02 8.560000000000000000e+02
1.608700000000000000e+04 -2.400000000000000000e+01 5.600000000000000000e+02 8.720000000000000000e+02
1.612700000000000000e+04 -4.000000000000000000e+01 5.600000000000000000e+02 8.160000000000000000e+02
1.616700000000000000e+04 -4.000000000000000000e+01 5.760000000000000000e+02 8.400000000000000000e+02
1.620700000000000000e+04 -8.000000000000000000e+00 5.760000000000000000e+02 8.400000000000000000e+02
1.624700000000000000e+04 0.000000000000000000e+00 5.840000000000000000e+02 8.240000000000000000e+02
1.628700000000000000e+04 -3.200000000000000000e+01 5.840000000000000000e+02 8.560000000000000000e+02
1.632700000000000000e+04 -3.200000000000000000e+01 5.840000000000000000e+02 8.400000000000000000e+02
1.636700000000000000e+04 -2.400000000000000000e+01 5.920000000000000000e+02 8.640000000000000000e+02
1.640700000000000000e+04 -2.400000000000000000e+01 5.920000000000000000e+02 7.920000000000000000e+02
1.644700000000000000e+04 -3.200000000000000000e+01 5.920000000000000000e+02 8.080000000000000000e+02
1.648700000000000000e+04 -4.800000000000000000e+01 6.080000000000000000e+02 8.240000000000000000e+02
1.652700000000000000e+04 -4.000000000000000000e+01 6.000000000000000000e+02 8.080000000000000000e+02
1.656700000000000000e+04 -6.400000000000000000e+01 6.080000000000000000e+02 8.240000000000000000e+02
1.660700000000000000e+04 -5.600000000000000000e+01 6.080000000000000000e+02 8.240000000000000000e+02
1.664700000000000000e+04 -4.000000000000000000e+01 6.000000000000000000e+02 8.320000000000000000e+02
1.668700000000000000e+04 -2.400000000000000000e+01 6.000000000000000000e+02 8.400000000000000000e+02
1.672700000000000000e+04 -8.000000000000000000e+00 5.680000000000000000e+02 8.560000000000000000e+02
1.676700000000000000e+04 1.600000000000000000e+01 5.840000000000000000e+02 8.560000000000000000e+02
1.680700000000000000e+04 8.000000000000000000e+00 5.840000000000000000e+02 8.480000000000000000e+02
1.684700000000000000e+04 -4.000000000000000000e+01 5.920000000000000000e+02 8.320000000000000000e+02
1.688700000000000000e+04 -4.000000000000000000e+01 5.920000000000000000e+02 8.320000000000000000e+02
1.692700000000000000e+04 -4.800000000000000000e+01 5.840000000000000000e+02 8.320000000000000000e+02
1.695800000000000000e+04 -4.000000000000000000e+01 5.920000000000000000e+02 8.000000000000000000e+02
1.699800000000000000e+04 -1.600000000000000000e+01 6.000000000000000000e+02 8.160000000000000000e+02
1.703800000000000000e+04 -2.400000000000000000e+01 6.160000000000000000e+02 8.400000000000000000e+02
1.707800000000000000e+04 -1.600000000000000000e+01 6.080000000000000000e+02 8.240000000000000000e+02
1.711800000000000000e+04 -3.200000000000000000e+01 6.160000000000000000e+02 8.560000000000000000e+02
1.715800000000000000e+04 -8.000000000000000000e+00 6.320000000000000000e+02 8.640000000000000000e+02
1.719800000000000000e+04 0.000000000000000000e+00 6.160000000000000000e+02 8.640000000000000000e+02
1.723800000000000000e+04 4.000000000000000000e+01 6.080000000000000000e+02 8.320000000000000000e+02
1.727800000000000000e+04 1.600000000000000000e+01 5.840000000000000000e+02 8.480000000000000000e+02
1.731800000000000000e+04 -6.400000000000000000e+01 6.080000000000000000e+02 8.080000000000000000e+02
1.735800000000000000e+04 -4.800000000000000000e+01 6.080000000000000000e+02 8.160000000000000000e+02
1.739800000000000000e+04 -4.800000000000000000e+01 6.080000000000000000e+02 8.000000000000000000e+02
1.743800000000000000e+04 -4.000000000000000000e+01 6.240000000000000000e+02 7.680000000000000000e+02
1.747800000000000000e+04 -4.800000000000000000e+01 6.080000000000000000e+02 8.160000000000000000e+02
1.751800000000000000e+04 -4.800000000000000000e+01 6.080000000000000000e+02 8.080000000000000000e+02
1.755800000000000000e+04 -4.800000000000000000e+01 6.160000000000000000e+02 8.400000000000000000e+02
1.759800000000000000e+04 -2.400000000000000000e+01 6.080000000000000000e+02 8.400000000000000000e+02
1.763800000000000000e+04 0.000000000000000000e+00 6.000000000000000000e+02 8.240000000000000000e+02
1.767800000000000000e+04 8.000000000000000000e+00 5.920000000000000000e+02 8.480000000000000000e+02
1.771800000000000000e+04 0.000000000000000000e+00 5.840000000000000000e+02 8.480000000000000000e+02
1.775800000000000000e+04 0.000000000000000000e+00 5.840000000000000000e+02 8.640000000000000000e+02
1.779800000000000000e+04 -8.000000000000000000e+00 5.840000000000000000e+02 8.400000000000000000e+02
1.783800000000000000e+04 -2.400000000000000000e+01 5.840000000000000000e+02 8.320000000000000000e+02
1.787800000000000000e+04 -2.400000000000000000e+01 5.760000000000000000e+02 8.160000000000000000e+02
1.791800000000000000e+04 -2.400000000000000000e+01 5.920000000000000000e+02 8.400000000000000000e+02
1.795100000000000000e+04 -2.400000000000000000e+01 6.000000000000000000e+02 8.400000000000000000e+02
1.799100000000000000e+04 -1.600000000000000000e+01 5.840000000000000000e+02 8.400000000000000000e+02
1.803100000000000000e+04 -4.000000000000000000e+01 5.920000000000000000e+02 8.640000000000000000e+02
1.807100000000000000e+04 -8.000000000000000000e+00 5.840000000000000000e+02 8.400000000000000000e+02
1.811100000000000000e+04 0.000000000000000000e+00 5.840000000000000000e+02 8.400000000000000000e+02
1.815100000000000000e+04 0.000000000000000000e+00 6.000000000000000000e+02 8.560000000000000000e+02
1.819100000000000000e+04 -2.400000000000000000e+01 5.920000000000000000e+02 8.560000000000000000e+02
1.823100000000000000e+04 -8.000000000000000000e+00 5.760000000000000000e+02 8.480000000000000000e+02
1.827100000000000000e+04 -1.600000000000000000e+01 5.760000000000000000e+02 8.240000000000000000e+02
1.831100000000000000e+04 -2.400000000000000000e+01 5.840000000000000000e+02 8.320000000000000000e+02
1.835100000000000000e+04 -2.400000000000000000e+01 5.840000000000000000e+02 8.400000000000000000e+02
1.839100000000000000e+04 -2.400000000000000000e+01 5.760000000000000000e+02 8.240000000000000000e+02
1.843100000000000000e+04 -2.400000000000000000e+01 5.760000000000000000e+02 8.320000000000000000e+02
1.847100000000000000e+04 -2.400000000000000000e+01 5.840000000000000000e+02 8.320000000000000000e+02
1.851100000000000000e+04 -8.000000000000000000e+00 5.840000000000000000e+02 8.560000000000000000e+02
1.855100000000000000e+04 -8.000000000000000000e+00 5.840000000000000000e+02 8.240000000000000000e+02
1.859100000000000000e+04 -8.000000000000000000e+00 5.840000000000000000e+02 8.000000000000000000e+02
1.863100000000000000e+04 -8.000000000000000000e+00 5.840000000000000000e+02 8.320000000000000000e+02
1.867100000000000000e+04 -2.400000000000000000e+01 5.920000000000000000e+02 8.560000000000000000e+02
1.871100000000000000e+04 -2.400000000000000000e+01 6.000000000000000000e+02 8.240000000000000000e+02
1.875100000000000000e+04 -2.400000000000000000e+01 6.000000000000000000e+02 8.400000000000000000e+02
1.879100000000000000e+04 -2.400000000000000000e+01 5.920000000000000000e+02 8.560000000000000000e+02
1.883100000000000000e+04 -3.200000000000000000e+01 5.760000000000000000e+02 8.320000000000000000e+02
1.887100000000000000e+04 -3.200000000000000000e+01 5.760000000000000000e+02 8.400000000000000000e+02
1.891100000000000000e+04 -3.200000000000000000e+01 5.920000000000000000e+02 8.320000000000000000e+02
1.894300000000000000e+04 -2.400000000000000000e+01 6.000000000000000000e+02 8.240000000000000000e+02
1.898300000000000000e+04 -3.200000000000000000e+01 5.840000000000000000e+02 8.400000000000000000e+02
1.902300000000000000e+04 -2.400000000000000000e+01 5.920000000000000000e+02 8.480000000000000000e+02
1.906300000000000000e+04 -1.600000000000000000e+01 5.840000000000000000e+02 8.400000000000000000e+02
1.910300000000000000e+04 -8.000000000000000000e+00 5.920000000000000000e+02 8.400000000000000000e+02
1.914300000000000000e+04 -8.000000000000000000e+00 5.920000000000000000e+02 8.320000000000000000e+02
1.918300000000000000e+04 8.000000000000000000e+00 6.000000000000000000e+02 8.240000000000000000e+02
1.922300000000000000e+04 -8.000000000000000000e+00 6.000000000000000000e+02 8.320000000000000000e+02
1.926300000000000000e+04 -1.600000000000000000e+01 6.000000000000000000e+02 8.240000000000000000e+02
1.930300000000000000e+04 -2.400000000000000000e+01 6.000000000000000000e+02 8.240000000000000000e+02
1.934300000000000000e+04 -2.400000000000000000e+01 6.000000000000000000e+02 8.480000000000000000e+02
1.938300000000000000e+04 -2.400000000000000000e+01 6.000000000000000000e+02 8.160000000000000000e+02
1.942300000000000000e+04 -3.200000000000000000e+01 5.920000000000000000e+02 8.400000000000000000e+02
1.946300000000000000e+04 -4.000000000000000000e+01 5.840000000000000000e+02 8.720000000000000000e+02
1.950300000000000000e+04 -3.200000000000000000e+01 5.920000000000000000e+02 8.320000000000000000e+02
1.954300000000000000e+04 -2.400000000000000000e+01 5.920000000000000000e+02 8.080000000000000000e+02
1.958300000000000000e+04 -8.000000000000000000e+00 5.760000000000000000e+02 8.560000000000000000e+02
1.962300000000000000e+04 -1.600000000000000000e+01 5.920000000000000000e+02 8.480000000000000000e+02
1.966300000000000000e+04 -8.000000000000000000e+00 5.840000000000000000e+02 8.080000000000000000e+02
1.970300000000000000e+04 -1.600000000000000000e+01 5.920000000000000000e+02 8.320000000000000000e+02
1.974300000000000000e+04 -3.200000000000000000e+01 5.920000000000000000e+02 8.320000000000000000e+02
1.978300000000000000e+04 -3.200000000000000000e+01 5.760000000000000000e+02 8.160000000000000000e+02
1.982300000000000000e+04 -6.400000000000000000e+01 5.840000000000000000e+02 8.160000000000000000e+02
1.986300000000000000e+04 -5.600000000000000000e+01 5.680000000000000000e+02 8.720000000000000000e+02
1.990300000000000000e+04 -4.000000000000000000e+01 5.840000000000000000e+02 8.320000000000000000e+02
